All_Command_lines_OK
Using single precision for computations.
=============================================================================
The composite transform comprises the following transforms (in order): 
  1. Center of mass alignment using fixed image: /home/mpib/nemecz/Projects/miniTRK/Results/01_MRI/GroupTempl/T1w/T_template0.nii.gz and moving image: /home/mpib/nemecz/Projects/miniTRK/Analysis/01_MRI/Preproc/GroupTempl/T1w/sub-698741_T1w.nii.gz (type = Euler3DTransform)
=============================================================================
  number of levels = 4
  fixed image: /home/mpib/nemecz/Projects/miniTRK/Results/01_MRI/GroupTempl/T1w/T_template0.nii.gz
  moving image: /home/mpib/nemecz/Projects/miniTRK/Analysis/01_MRI/Preproc/GroupTempl/T1w/sub-698741_T1w.nii.gz
Dimension = 3
Number of stages = 1
Use Histogram Matching true
Winsorize image intensities true
Lower quantile = 0.01
Upper quantile = 0.99
Stage 1 State
   Image metric = Mattes
     Fixed image = Image (0x55e35b64efe0)
  RTTI typeinfo:   itk::Image<float, 3u>
  Reference Count: 2
  Modified Time: 1667
  Debug: Off
  Object Name: 
  Observers: 
    none
  Source: (none)
  Source output name: (none)
  Release Data: Off
  Data Released: False
  Global Release Data: Off
  PipelineMTime: 0
  UpdateMTime: 1452
  RealTimeStamp: 0 seconds 
  LargestPossibleRegion: 
    Dimension: 3
    Index: [0, 0, 0]
    Size: [192, 256, 256]
  BufferedRegion: 
    Dimension: 3
    Index: [0, 0, 0]
    Size: [192, 256, 256]
  RequestedRegion: 
    Dimension: 3
    Index: [0, 0, 0]
    Size: [192, 256, 256]
  Spacing: [1, 1, 1]
  Origin: [95.0313, 100.538, -154.123]
  Direction: 
-0.999853 -0.014134 -0.00966312
0.014129 -0.9999 0.000586045
-0.00967044 0.000449429 0.999953

  IndexToPointMatrix: 
-0.999853 -0.014134 -0.00966312
0.014129 -0.9999 0.000586045
-0.00967044 0.000449429 0.999953

  PointToIndexMatrix: 
-0.999853 0.014129 -0.00967044
-0.014134 -0.9999 0.000449429
-0.00966312 0.000586045 0.999953

  Inverse Direction: 
-0.999853 0.014129 -0.00967044
-0.014134 -0.9999 0.000449429
-0.00966312 0.000586045 0.999953

  PixelContainer: 
    ImportImageContainer (0x55e35b65b970)
      RTTI typeinfo:   itk::ImportImageContainer<unsigned long, float>
      Reference Count: 1
      Modified Time: 1449
      Debug: Off
      Object Name: 
      Observers: 
        none
      Pointer: 0x7fb387e16010
      Container manages memory: true
      Size: 12582912
      Capacity: 12582912

     Moving image = Image (0x55e35b65b450)
  RTTI typeinfo:   itk::Image<float, 3u>
  Reference Count: 2
  Modified Time: 1668
  Debug: Off
  Object Name: 
  Observers: 
    none
  Source: (none)
  Source output name: (none)
  Release Data: Off
  Data Released: False
  Global Release Data: Off
  PipelineMTime: 0
  UpdateMTime: 1665
  RealTimeStamp: 0 seconds 
  LargestPossibleRegion: 
    Dimension: 3
    Index: [0, 0, 0]
    Size: [192, 256, 256]
  BufferedRegion: 
    Dimension: 3
    Index: [0, 0, 0]
    Size: [192, 256, 256]
  RequestedRegion: 
    Dimension: 3
    Index: [0, 0, 0]
    Size: [192, 256, 256]
  Spacing: [1, 1, 1]
  Origin: [99.2641, 64.4534, -173.003]
  Direction: 
-0.99956 -0.0279709 -0.00987286
0.02539 -0.978899 0.202762
-0.015336 0.202422 0.979178

  IndexToPointMatrix: 
-0.99956 -0.0279709 -0.00987286
0.02539 -0.978899 0.202762
-0.015336 0.202422 0.979178

  PointToIndexMatrix: 
-0.99956 0.02539 -0.015336
-0.0279709 -0.978899 0.202422
-0.00987287 0.202762 0.979178

  Inverse Direction: 
-0.99956 0.02539 -0.015336
-0.0279709 -0.978899 0.202422
-0.00987287 0.202762 0.979178

  PixelContainer: 
    ImportImageContainer (0x55e35b6501a0)
      RTTI typeinfo:   itk::ImportImageContainer<unsigned long, float>
      Reference Count: 1
      Modified Time: 1662
      Debug: Off
      Object Name: 
      Observers: 
        none
      Pointer: 0x7fb384e15010
      Container manages memory: true
      Size: 12582912
      Capacity: 12582912

     Weighting = 1
     Sampling strategy = regular
     Number of bins = 32
     Radius = 4
     Sampling percentage  = 0.25
   Transform = Rigid
     Gradient step = 0.1
     Update field sigma (voxel space) = 0
     Total field sigma (voxel space) = 0
     Update field time sigma = 0
     Total field time sigma  = 0
     Number of time indices = 0
     Number of time point samples = 0
Registration using 1 total stages.

Stage 0
  iterations = 1000x500x250x0
  convergence threshold = 1e-06
  convergence window size = 10
  number of levels = 4
  using the Mattes MI metric (number of bins = 32, weight = 1)
  preprocessing:  winsorizing the image intensities
  preprocessing:  histogram matching the images
  Shrink factors (level 1 out of 4): [6, 6, 6]
  Shrink factors (level 2 out of 4): [4, 4, 4]
  Shrink factors (level 3 out of 4): [2, 2, 2]
  Shrink factors (level 4 out of 4): [1, 1, 1]
  smoothing sigmas per level: [3, 2, 1, 0]
  regular sampling (percentage = 0.25)

*** Running Euler3DTransform registration ***

DIAGNOSTIC,Iteration,metricValue,convergenceValue,ITERATION_TIME_INDEX,SINCE_LAST
 2DIAGNOSTIC,     1, -8.584908843040e-01, inf, 7.5079e-01, 7.5079e-01, 
 2DIAGNOSTIC,     2, -8.613601326942e-01, inf, 7.5947e-01, 8.6851e-03, 
 2DIAGNOSTIC,     3, -8.659660816193e-01, inf, 7.6818e-01, 8.7039e-03, 
 2DIAGNOSTIC,     4, -8.734600543976e-01, inf, 7.7687e-01, 8.6930e-03, 
 2DIAGNOSTIC,     5, -8.839933276176e-01, inf, 7.8546e-01, 8.5912e-03, 
 2DIAGNOSTIC,     6, -8.969419002533e-01, inf, 7.9488e-01, 9.4149e-03, 
 2DIAGNOSTIC,     7, -9.063636064529e-01, inf, 8.0409e-01, 9.2180e-03, 
 2DIAGNOSTIC,     8, -9.083563089371e-01, inf, 8.1283e-01, 8.7390e-03, 
 2DIAGNOSTIC,     9, -9.097265005112e-01, inf, 8.2221e-01, 9.3760e-03, 
 2DIAGNOSTIC,    10, -9.119158983231e-01, 4.579879343510e-03, 8.3194e-01, 9.7280e-03, 
 2DIAGNOSTIC,    11, -9.127495884895e-01, 3.774985903874e-03, 8.4362e-01, 1.1684e-02, 
 2DIAGNOSTIC,    12, -9.129904508591e-01, 2.850824734196e-03, 8.5319e-01, 9.5670e-03, 
 2DIAGNOSTIC,    13, -9.133316278458e-01, 1.938398228958e-03, 8.6146e-01, 8.2691e-03, 
 2DIAGNOSTIC,    14, -9.137439131737e-01, 1.162197906524e-03, 8.6974e-01, 8.2819e-03, 
 2DIAGNOSTIC,    15, -9.140012860298e-01, 6.080965977162e-04, 8.7970e-01, 9.9649e-03, 
 2DIAGNOSTIC,    16, -9.140242934227e-01, 3.209972637706e-04, 8.9039e-01, 1.0690e-02, 
 2DIAGNOSTIC,    17, -9.140270352364e-01, 2.142474550055e-04, 8.9985e-01, 9.4531e-03, 
 2DIAGNOSTIC,    18, -9.141084551811e-01, 1.363221672364e-04, 9.0813e-01, 8.2829e-03, 
 2DIAGNOSTIC,    19, -9.141793847084e-01, 7.722910231678e-05, 9.1713e-01, 8.9960e-03, 
 2DIAGNOSTIC,    20, -9.141948819160e-01, 5.155431790627e-05, 9.2625e-01, 9.1219e-03, 
 2DIAGNOSTIC,    21, -9.142079949379e-01, 3.649019708973e-05, 9.3606e-01, 9.8081e-03, 
 2DIAGNOSTIC,    22, -9.141923785210e-01, 2.277777093695e-05, 9.4876e-01, 1.2700e-02, 
 2DIAGNOSTIC,    23, -9.141935706139e-01, 1.284316840611e-05, 9.5758e-01, 8.8248e-03, 
 2DIAGNOSTIC,    24, -9.141663908958e-01, 7.612267381774e-06, 9.6646e-01, 8.8820e-03, 
 2DIAGNOSTIC,    25, -9.141039848328e-01, 4.678165623773e-06, 9.7448e-01, 8.0140e-03, 
 2DIAGNOSTIC,    26, -9.141079783440e-01, 2.020255124080e-06, 9.8364e-01, 9.1610e-03, 
DIAGNOSTIC,Iteration,metricValue,convergenceValue,ITERATION_TIME_INDEX,SINCE_LAST
 2DIAGNOSTIC,     1, -7.960780858994e-01, inf, 1.5438e+00, 5.6020e-01, 
 2DIAGNOSTIC,     2, -7.964755296707e-01, inf, 1.5792e+00, 3.5346e-02, 
 2DIAGNOSTIC,     3, -7.967315912247e-01, inf, 1.6113e+00, 3.2112e-02, 
 2DIAGNOSTIC,     4, -7.969065308571e-01, inf, 1.6442e+00, 3.2878e-02, 
 2DIAGNOSTIC,     5, -7.970736622810e-01, inf, 1.6786e+00, 3.4439e-02, 
 2DIAGNOSTIC,     6, -7.972256541252e-01, inf, 1.7180e+00, 3.9403e-02, 
 2DIAGNOSTIC,     7, -7.972890138626e-01, inf, 1.7520e+00, 3.4030e-02, 
 2DIAGNOSTIC,     8, -7.973636984825e-01, inf, 1.7824e+00, 3.0310e-02, 
 2DIAGNOSTIC,     9, -7.976902127266e-01, inf, 1.8166e+00, 3.4211e-02, 
 2DIAGNOSTIC,    10, -7.977747321129e-01, 1.246030733455e-04, 1.8512e+00, 3.4620e-02, 
 2DIAGNOSTIC,    11, -7.978460192680e-01, 9.941469033947e-05, 1.8943e+00, 4.3136e-02, 
 2DIAGNOSTIC,    12, -7.978836894035e-01, 8.269686804852e-05, 1.9289e+00, 3.4620e-02, 
 2DIAGNOSTIC,    13, -7.978883981705e-01, 6.841980939498e-05, 1.9632e+00, 3.4304e-02, 
 2DIAGNOSTIC,    14, -7.978872656822e-01, 5.445081478683e-05, 2.0138e+00, 5.0543e-02, 
 2DIAGNOSTIC,    15, -7.978822588921e-01, 4.132587127970e-05, 2.0539e+00, 4.0117e-02, 
 2DIAGNOSTIC,    16, -7.978762984276e-01, 2.956669959531e-05, 2.0892e+00, 3.5250e-02, 
 2DIAGNOSTIC,    17, -7.978771328926e-01, 1.804813109629e-05, 2.1253e+00, 3.6139e-02, 
 2DIAGNOSTIC,    18, -7.978720664978e-01, 7.544307663920e-06, 2.1569e+00, 3.1610e-02, 
 2DIAGNOSTIC,    19, -7.978717088699e-01, 3.713165597219e-06, 2.1913e+00, 3.4418e-02, 
 2DIAGNOSTIC,    20, -7.978659868240e-01, 1.454436528547e-06, 2.2217e+00, 3.0398e-02, 
DIAGNOSTIC,Iteration,metricValue,convergenceValue,ITERATION_TIME_INDEX,SINCE_LAST
 2DIAGNOSTIC,     1, -6.991164088249e-01, inf, 3.2083e+00, 9.8655e-01, 
 2DIAGNOSTIC,     2, -6.991999149323e-01, inf, 3.4263e+00, 2.1801e-01, 
 2DIAGNOSTIC,     3, -6.992610692978e-01, inf, 3.6506e+00, 2.2434e-01, 
 2DIAGNOSTIC,     4, -6.993154287338e-01, inf, 3.9245e+00, 2.7390e-01, 
 2DIAGNOSTIC,     5, -6.993418931961e-01, inf, 4.1986e+00, 2.7410e-01, 
 2DIAGNOSTIC,     6, -6.993625164032e-01, inf, 4.4255e+00, 2.2689e-01, 
 2DIAGNOSTIC,     7, -6.994378566742e-01, inf, 4.6752e+00, 2.4965e-01, 
 2DIAGNOSTIC,     8, -6.994569897652e-01, inf, 4.9466e+00, 2.7143e-01, 
 2DIAGNOSTIC,     9, -6.994615793228e-01, inf, 5.1926e+00, 2.4601e-01, 
 2DIAGNOSTIC,    10, -6.994640827179e-01, 3.465181362117e-05, 5.4363e+00, 2.4372e-01, 
 2DIAGNOSTIC,    11, -6.994629502296e-01, 2.539800152590e-05, 5.6832e+00, 2.4690e-01, 
 2DIAGNOSTIC,    12, -6.994664669037e-01, 1.854981201177e-05, 5.9743e+00, 2.9111e-01, 
 2DIAGNOSTIC,    13, -6.994646787643e-01, 1.312562562816e-05, 6.2499e+00, 2.7556e-01, 
 2DIAGNOSTIC,    14, -6.994642019272e-01, 9.089000741369e-06, 6.5254e+00, 2.7556e-01, 
 2DIAGNOSTIC,    15, -6.994639635086e-01, 5.695736035705e-06, 6.7981e+00, 2.7269e-01, 
 2DIAGNOSTIC,    16, -6.994638442993e-01, 2.871701553886e-06, 7.0496e+00, 2.5152e-01, 
 2DIAGNOSTIC,    17, -6.994637250900e-01, 2.084555035253e-06, 7.3168e+00, 2.6711e-01, 
 2DIAGNOSTIC,    18, -6.994637250900e-01, 1.794801391952e-06, 7.5829e+00, 2.6614e-01, 
 2DIAGNOSTIC,    19, -6.994632482529e-01, 1.620634066057e-06, 7.8355e+00, 2.5257e-01, 
 2DIAGNOSTIC,    20, -6.994633078575e-01, 1.522246293462e-06, 8.0903e+00, 2.5482e-01, 
 2DIAGNOSTIC,    21, -6.994634866714e-01, 1.418547526555e-06, 8.3412e+00, 2.5088e-01, 
 2DIAGNOSTIC,    22, -6.994624137878e-01, 1.379001105306e-06, 8.5641e+00, 2.2297e-01, 
 2DIAGNOSTIC,    23, -6.994636058807e-01, 1.339425693914e-06, 8.7913e+00, 2.2713e-01, 
 2DIAGNOSTIC,    24, -6.994634866714e-01, 1.296598952649e-06, 9.0459e+00, 2.5462e-01, 
 2DIAGNOSTIC,    25, -6.994631290436e-01, 1.250263949260e-06, 9.2945e+00, 2.4864e-01, 
 2DIAGNOSTIC,    26, -6.994645595551e-01, 1.230462089552e-06, 9.5741e+00, 2.7960e-01, 
 2DIAGNOSTIC,    27, -6.994638442993e-01, 1.198329869112e-06, 9.8244e+00, 2.5031e-01, 
 2DIAGNOSTIC,    28, -6.994630694389e-01, 1.155838504019e-06, 1.0077e+01, 2.5240e-01, 
 2DIAGNOSTIC,    29, -6.994643807411e-01, 1.126370761995e-06, 1.0326e+01, 2.4945e-01, 
 2DIAGNOSTIC,    30, -6.994646787643e-01, 1.100171743929e-06, 1.0578e+01, 2.5153e-01, 
 2DIAGNOSTIC,    31, -6.994639635086e-01, 1.065099240805e-06, 1.0819e+01, 2.4127e-01, 
 2DIAGNOSTIC,    32, -6.994647383690e-01, 1.024918674375e-06, 1.1098e+01, 2.7854e-01, 
DIAGNOSTIC,Iteration,metricValue,convergenceValue,ITERATION_TIME_INDEX,SINCE_LAST
 2DIAGNOSTIC,     1, -6.319088935852e-01, inf, 1.3771e+01, 2.6737e+00, 
  Elapsed time (stage 0): 1.4950e+01


Total elapsed time: 1.4951e+01
Using single precision for computations.
Input scalar image: /home/mpib/nemecz/Projects/miniTRK/Analysis/01_MRI/Preproc/GroupTempl/T1w/sub-698741_T1w.nii.gz
Reference image: /home/mpib/nemecz/Projects/miniTRK/Results/01_MRI/GroupTempl/T1w/T_template0.nii.gz
=============================================================================
The composite transform comprises the following transforms (in order): 
  1. /home/mpib/nemecz/Projects/miniTRK/Results/01_MRI/GroupTempl/T1w/rigid26_0GenericAffine.mat (type = AffineTransform)
=============================================================================
Default pixel value: 0
Interpolation type: LinearInterpolateImageFunction
Output warped image: /home/mpib/nemecz/Projects/miniTRK/Results/01_MRI/GroupTempl/T1w/rigid26_0_sub-698741_T1w.nii.gz
