
Running N4 for 3-dimensional images.

Mask not read.  Using the entire image as the mask.

Original intensity range:  [0, 857]

***********************************************************
Warning:  Your input image contains nonpositive values
which could cause failure or problematic results.  A
possible workaround would be to:
   1. rescale your image to positive values e.g., [10,100].
   2. run N4 on your rescaled image.
   3. (optional) rescale the N4 output to the original
      intensity range.
***********************************************************

Specified spline distance: 200mm
  original image size:  [192, 256, 256]
  padded image size:  [201, 401, 401]
  number of control points:  [4, 5, 5]

Current level = 1
  Iteration 1 (of 50).   Current convergence value = 0.000898388 (threshold = 1e-08)
  Iteration 2 (of 50).   Current convergence value = 0.00072694 (threshold = 1e-08)
  Iteration 3 (of 50).   Current convergence value = 0.000563271 (threshold = 1e-08)
  Iteration 4 (of 50).   Current convergence value = 0.000440041 (threshold = 1e-08)
  Iteration 5 (of 50).   Current convergence value = 0.000346319 (threshold = 1e-08)
  Iteration 6 (of 50).   Current convergence value = 0.000276042 (threshold = 1e-08)
  Iteration 7 (of 50).   Current convergence value = 0.000223564 (threshold = 1e-08)
  Iteration 8 (of 50).   Current convergence value = 0.000183735 (threshold = 1e-08)
  Iteration 9 (of 50).   Current convergence value = 0.000153863 (threshold = 1e-08)
  Iteration 10 (of 50).   Current convergence value = 0.000131294 (threshold = 1e-08)
  Iteration 11 (of 50).   Current convergence value = 0.000114469 (threshold = 1e-08)
  Iteration 12 (of 50).   Current convergence value = 0.000101626 (threshold = 1e-08)
  Iteration 13 (of 50).   Current convergence value = 9.1796e-05 (threshold = 1e-08)
  Iteration 14 (of 50).   Current convergence value = 8.40432e-05 (threshold = 1e-08)
  Iteration 15 (of 50).   Current convergence value = 7.81457e-05 (threshold = 1e-08)
  Iteration 16 (of 50).   Current convergence value = 7.36703e-05 (threshold = 1e-08)
  Iteration 17 (of 50).   Current convergence value = 6.99141e-05 (threshold = 1e-08)
  Iteration 18 (of 50).   Current convergence value = 6.71033e-05 (threshold = 1e-08)
  Iteration 19 (of 50).   Current convergence value = 6.46047e-05 (threshold = 1e-08)
  Iteration 20 (of 50).   Current convergence value = 6.26771e-05 (threshold = 1e-08)
  Iteration 21 (of 50).   Current convergence value = 6.12709e-05 (threshold = 1e-08)
  Iteration 22 (of 50).   Current convergence value = 5.99763e-05 (threshold = 1e-08)
  Iteration 23 (of 50).   Current convergence value = 5.90039e-05 (threshold = 1e-08)
  Iteration 24 (of 50).   Current convergence value = 5.82737e-05 (threshold = 1e-08)
  Iteration 25 (of 50).   Current convergence value = 5.78038e-05 (threshold = 1e-08)
  Iteration 26 (of 50).   Current convergence value = 5.73626e-05 (threshold = 1e-08)
  Iteration 27 (of 50).   Current convergence value = 5.71001e-05 (threshold = 1e-08)
  Iteration 28 (of 50).   Current convergence value = 5.66522e-05 (threshold = 1e-08)
  Iteration 29 (of 50).   Current convergence value = 5.65419e-05 (threshold = 1e-08)
  Iteration 30 (of 50).   Current convergence value = 5.61809e-05 (threshold = 1e-08)
  Iteration 31 (of 50).   Current convergence value = 5.59514e-05 (threshold = 1e-08)
  Iteration 32 (of 50).   Current convergence value = 5.57852e-05 (threshold = 1e-08)
  Iteration 33 (of 50).   Current convergence value = 5.58064e-05 (threshold = 1e-08)
  Iteration 34 (of 50).   Current convergence value = 5.58256e-05 (threshold = 1e-08)
  Iteration 35 (of 50).   Current convergence value = 5.58214e-05 (threshold = 1e-08)
  Iteration 36 (of 50).   Current convergence value = 5.57201e-05 (threshold = 1e-08)
  Iteration 37 (of 50).   Current convergence value = 5.57392e-05 (threshold = 1e-08)
  Iteration 38 (of 50).   Current convergence value = 5.55831e-05 (threshold = 1e-08)
  Iteration 39 (of 50).   Current convergence value = 5.57025e-05 (threshold = 1e-08)
  Iteration 40 (of 50).   Current convergence value = 5.57135e-05 (threshold = 1e-08)
  Iteration 41 (of 50).   Current convergence value = 5.5742e-05 (threshold = 1e-08)
  Iteration 42 (of 50).   Current convergence value = 5.5654e-05 (threshold = 1e-08)
  Iteration 43 (of 50).   Current convergence value = 5.55824e-05 (threshold = 1e-08)
  Iteration 44 (of 50).   Current convergence value = 5.56718e-05 (threshold = 1e-08)
  Iteration 45 (of 50).   Current convergence value = 5.55618e-05 (threshold = 1e-08)
  Iteration 46 (of 50).   Current convergence value = 5.57054e-05 (threshold = 1e-08)
  Iteration 47 (of 50).   Current convergence value = 5.57206e-05 (threshold = 1e-08)
  Iteration 48 (of 50).   Current convergence value = 5.57042e-05 (threshold = 1e-08)
  Iteration 49 (of 50).   Current convergence value = 5.57828e-05 (threshold = 1e-08)
  Iteration 50 (of 50).   Current convergence value = 5.57416e-05 (threshold = 1e-08)
Current level = 2
  Iteration 1 (of 50).   Current convergence value = 0.000519001 (threshold = 1e-08)
  Iteration 2 (of 50).   Current convergence value = 0.000483492 (threshold = 1e-08)
  Iteration 3 (of 50).   Current convergence value = 0.0004607 (threshold = 1e-08)
  Iteration 4 (of 50).   Current convergence value = 0.000442334 (threshold = 1e-08)
  Iteration 5 (of 50).   Current convergence value = 0.000424755 (threshold = 1e-08)
  Iteration 6 (of 50).   Current convergence value = 0.000407888 (threshold = 1e-08)
  Iteration 7 (of 50).   Current convergence value = 0.000392878 (threshold = 1e-08)
  Iteration 8 (of 50).   Current convergence value = 0.000378969 (threshold = 1e-08)
  Iteration 9 (of 50).   Current convergence value = 0.000366121 (threshold = 1e-08)
  Iteration 10 (of 50).   Current convergence value = 0.000355278 (threshold = 1e-08)
  Iteration 11 (of 50).   Current convergence value = 0.00034562 (threshold = 1e-08)
  Iteration 12 (of 50).   Current convergence value = 0.00033707 (threshold = 1e-08)
  Iteration 13 (of 50).   Current convergence value = 0.000329733 (threshold = 1e-08)
  Iteration 14 (of 50).   Current convergence value = 0.000323602 (threshold = 1e-08)
  Iteration 15 (of 50).   Current convergence value = 0.000320668 (threshold = 1e-08)
  Iteration 16 (of 50).   Current convergence value = 0.000319851 (threshold = 1e-08)
  Iteration 17 (of 50).   Current convergence value = 0.00031539 (threshold = 1e-08)
  Iteration 18 (of 50).   Current convergence value = 0.000279465 (threshold = 1e-08)
  Iteration 19 (of 50).   Current convergence value = 0.000268138 (threshold = 1e-08)
  Iteration 20 (of 50).   Current convergence value = 0.000256644 (threshold = 1e-08)
  Iteration 21 (of 50).   Current convergence value = 0.000246225 (threshold = 1e-08)
  Iteration 22 (of 50).   Current convergence value = 0.000236729 (threshold = 1e-08)
  Iteration 23 (of 50).   Current convergence value = 0.000227669 (threshold = 1e-08)
  Iteration 24 (of 50).   Current convergence value = 0.000219385 (threshold = 1e-08)
  Iteration 25 (of 50).   Current convergence value = 0.000211522 (threshold = 1e-08)
  Iteration 26 (of 50).   Current convergence value = 0.000204307 (threshold = 1e-08)
  Iteration 27 (of 50).   Current convergence value = 0.00019742 (threshold = 1e-08)
  Iteration 28 (of 50).   Current convergence value = 0.000191144 (threshold = 1e-08)
  Iteration 29 (of 50).   Current convergence value = 0.000185005 (threshold = 1e-08)
  Iteration 30 (of 50).   Current convergence value = 0.000179616 (threshold = 1e-08)
  Iteration 31 (of 50).   Current convergence value = 0.000174517 (threshold = 1e-08)
  Iteration 32 (of 50).   Current convergence value = 0.000169815 (threshold = 1e-08)
  Iteration 33 (of 50).   Current convergence value = 0.000165318 (threshold = 1e-08)
  Iteration 34 (of 50).   Current convergence value = 0.000161045 (threshold = 1e-08)
  Iteration 35 (of 50).   Current convergence value = 0.000156986 (threshold = 1e-08)
  Iteration 36 (of 50).   Current convergence value = 0.000153269 (threshold = 1e-08)
  Iteration 37 (of 50).   Current convergence value = 0.000149325 (threshold = 1e-08)
  Iteration 38 (of 50).   Current convergence value = 0.000145759 (threshold = 1e-08)
  Iteration 39 (of 50).   Current convergence value = 0.000142506 (threshold = 1e-08)
  Iteration 40 (of 50).   Current convergence value = 0.000139178 (threshold = 1e-08)
  Iteration 41 (of 50).   Current convergence value = 0.000136123 (threshold = 1e-08)
  Iteration 42 (of 50).   Current convergence value = 0.000126875 (threshold = 1e-08)
  Iteration 43 (of 50).   Current convergence value = 0.000122339 (threshold = 1e-08)
  Iteration 44 (of 50).   Current convergence value = 0.000119933 (threshold = 1e-08)
  Iteration 45 (of 50).   Current convergence value = 0.000118839 (threshold = 1e-08)
  Iteration 46 (of 50).   Current convergence value = 0.00011809 (threshold = 1e-08)
  Iteration 47 (of 50).   Current convergence value = 0.000117902 (threshold = 1e-08)
  Iteration 48 (of 50).   Current convergence value = 0.000117594 (threshold = 1e-08)
  Iteration 49 (of 50).   Current convergence value = 0.000117182 (threshold = 1e-08)
  Iteration 50 (of 50).   Current convergence value = 0.000116897 (threshold = 1e-08)
Current level = 3
  Iteration 1 (of 40).   Current convergence value = 0.00159144 (threshold = 1e-08)
  Iteration 2 (of 40).   Current convergence value = 0.00119162 (threshold = 1e-08)
  Iteration 3 (of 40).   Current convergence value = 0.0010367 (threshold = 1e-08)
  Iteration 4 (of 40).   Current convergence value = 0.000970371 (threshold = 1e-08)
  Iteration 5 (of 40).   Current convergence value = 0.000917567 (threshold = 1e-08)
  Iteration 6 (of 40).   Current convergence value = 0.000874453 (threshold = 1e-08)
  Iteration 7 (of 40).   Current convergence value = 0.000839018 (threshold = 1e-08)
  Iteration 8 (of 40).   Current convergence value = 0.000807144 (threshold = 1e-08)
  Iteration 9 (of 40).   Current convergence value = 0.000781163 (threshold = 1e-08)
  Iteration 10 (of 40).   Current convergence value = 0.000763249 (threshold = 1e-08)
  Iteration 11 (of 40).   Current convergence value = 0.000747701 (threshold = 1e-08)
  Iteration 12 (of 40).   Current convergence value = 0.000734677 (threshold = 1e-08)
  Iteration 13 (of 40).   Current convergence value = 0.000723881 (threshold = 1e-08)
  Iteration 14 (of 40).   Current convergence value = 0.000710291 (threshold = 1e-08)
  Iteration 15 (of 40).   Current convergence value = 0.000695444 (threshold = 1e-08)
  Iteration 16 (of 40).   Current convergence value = 0.00066769 (threshold = 1e-08)
  Iteration 17 (of 40).   Current convergence value = 0.000626344 (threshold = 1e-08)
  Iteration 18 (of 40).   Current convergence value = 0.000590744 (threshold = 1e-08)
  Iteration 19 (of 40).   Current convergence value = 0.000559605 (threshold = 1e-08)
  Iteration 20 (of 40).   Current convergence value = 0.000531643 (threshold = 1e-08)
  Iteration 21 (of 40).   Current convergence value = 0.000506754 (threshold = 1e-08)
  Iteration 22 (of 40).   Current convergence value = 0.000484481 (threshold = 1e-08)
  Iteration 23 (of 40).   Current convergence value = 0.000464412 (threshold = 1e-08)
  Iteration 24 (of 40).   Current convergence value = 0.00044639 (threshold = 1e-08)
  Iteration 25 (of 40).   Current convergence value = 0.000430083 (threshold = 1e-08)
  Iteration 26 (of 40).   Current convergence value = 0.0004154 (threshold = 1e-08)
  Iteration 27 (of 40).   Current convergence value = 0.000401976 (threshold = 1e-08)
  Iteration 28 (of 40).   Current convergence value = 0.000389829 (threshold = 1e-08)
  Iteration 29 (of 40).   Current convergence value = 0.000378609 (threshold = 1e-08)
  Iteration 30 (of 40).   Current convergence value = 0.000368276 (threshold = 1e-08)
  Iteration 31 (of 40).   Current convergence value = 0.000358789 (threshold = 1e-08)
  Iteration 32 (of 40).   Current convergence value = 0.000350122 (threshold = 1e-08)
  Iteration 33 (of 40).   Current convergence value = 0.000342233 (threshold = 1e-08)
  Iteration 34 (of 40).   Current convergence value = 0.000335072 (threshold = 1e-08)
  Iteration 35 (of 40).   Current convergence value = 0.000328515 (threshold = 1e-08)
  Iteration 36 (of 40).   Current convergence value = 0.000322523 (threshold = 1e-08)
  Iteration 37 (of 40).   Current convergence value = 0.000316971 (threshold = 1e-08)
  Iteration 38 (of 40).   Current convergence value = 0.000311741 (threshold = 1e-08)
  Iteration 39 (of 40).   Current convergence value = 0.000307005 (threshold = 1e-08)
  Iteration 40 (of 40).   Current convergence value = 0.000302545 (threshold = 1e-08)
Current level = 4
  Iteration 1 (of 30).   Current convergence value = 0.00234013 (threshold = 1e-08)
  Iteration 2 (of 30).   Current convergence value = 0.00218289 (threshold = 1e-08)
  Iteration 3 (of 30).   Current convergence value = 0.00213055 (threshold = 1e-08)
  Iteration 4 (of 30).   Current convergence value = 0.00208912 (threshold = 1e-08)
  Iteration 5 (of 30).   Current convergence value = 0.0020553 (threshold = 1e-08)
  Iteration 6 (of 30).   Current convergence value = 0.0020176 (threshold = 1e-08)
  Iteration 7 (of 30).   Current convergence value = 0.00196794 (threshold = 1e-08)
  Iteration 8 (of 30).   Current convergence value = 0.00192769 (threshold = 1e-08)
  Iteration 9 (of 30).   Current convergence value = 0.00188725 (threshold = 1e-08)
  Iteration 10 (of 30).   Current convergence value = 0.00181067 (threshold = 1e-08)
  Iteration 11 (of 30).   Current convergence value = 0.00163021 (threshold = 1e-08)
  Iteration 12 (of 30).   Current convergence value = 0.00145564 (threshold = 1e-08)
  Iteration 13 (of 30).   Current convergence value = 0.00128619 (threshold = 1e-08)
  Iteration 14 (of 30).   Current convergence value = 0.00117432 (threshold = 1e-08)
  Iteration 15 (of 30).   Current convergence value = 0.00108195 (threshold = 1e-08)
  Iteration 16 (of 30).   Current convergence value = 0.001017 (threshold = 1e-08)
  Iteration 17 (of 30).   Current convergence value = 0.00101706 (threshold = 1e-08)
  Iteration 18 (of 30).   Current convergence value = 0.001091 (threshold = 1e-08)
  Iteration 19 (of 30).   Current convergence value = 0.00122382 (threshold = 1e-08)
  Iteration 20 (of 30).   Current convergence value = 0.00137828 (threshold = 1e-08)
  Iteration 21 (of 30).   Current convergence value = 0.00125457 (threshold = 1e-08)
  Iteration 22 (of 30).   Current convergence value = 0.00111712 (threshold = 1e-08)
  Iteration 23 (of 30).   Current convergence value = 0.00100434 (threshold = 1e-08)
  Iteration 24 (of 30).   Current convergence value = 0.000911985 (threshold = 1e-08)
  Iteration 25 (of 30).   Current convergence value = 0.000832284 (threshold = 1e-08)
  Iteration 26 (of 30).   Current convergence value = 0.000760553 (threshold = 1e-08)
  Iteration 27 (of 30).   Current convergence value = 0.000691952 (threshold = 1e-08)
  Iteration 28 (of 30).   Current convergence value = 0.000647788 (threshold = 1e-08)
  Iteration 29 (of 30).   Current convergence value = 0.000616948 (threshold = 1e-08)
  Iteration 30 (of 30).   Current convergence value = 0.000590984 (threshold = 1e-08)
   N4BiasFieldCorrectionImageFilter (0x5590e0b0ee20)
     RTTI typeinfo:   itk::N4BiasFieldCorrectionImageFilter<itk::Image<float, 3u>, itk::Image<float, 3u>, itk::Image<float, 3u> >
     Reference Count: 1
     Modified Time: 565
     Debug: Off
     Object Name: 
     Observers: 
       IterationEvent(Command)
     Inputs: 
       ConfidenceImage: (0)
       MaskImage: (0x5590e0b39610)
       Primary: (0x5590e0b34ae0) *
     Indexed Inputs: 
       0: Primary (0x5590e0b34ae0)
       1: MaskImage (0x5590e0b39610)
       2: ConfidenceImage (0)
     Required Input Names: Primary
     NumberOfRequiredInputs: 1
     Outputs: 
       Primary: (0x5590e0b1eef0)
     Indexed Outputs: 
       0: Primary (0x5590e0b1eef0)
     NumberOfRequiredOutputs: 1
     Number Of Work Units: 32
     ReleaseDataFlag: Off
     ReleaseDataBeforeUpdateFlag: Off
     AbortGenerateData: Off
     Progress: 0
     Multithreader: 
       RTTI typeinfo:   itk::PoolMultiThreader
       Reference Count: 1
       Modified Time: 144
       Debug: Off
       Object Name: 
       Observers: 
         none
       Number of Work Units: 32
       Number of Threads: 8
       Global Maximum Number Of Threads: 128
       Global Default Number Of Threads: 8
       Global Default Threader Type: itk::MultiThreaderBaseEnums::Threader::Pool
       SingleMethod: 0
       SingleData: 0
     DynamicMultiThreading: On
     CoordinateTolerance: 1e-06
     DirectionTolerance: 1e-06
     Use Mask Label: 0
     Mask label: 1
     Number of histogram bins: 200
     Wiener filter noise: 0.01
     Bias field FWHM: 0.15
     Maximum number of iterations: [50, 50, 40, 30]
     Convergence threshold: 1e-08
     Spline order: 3
     Number of fitting levels: [4, 4, 4]
     Number of control points: [4, 5, 5]
     CurrentConvergenceMeasurement: 0.000590984
     CurrentLevel: 4
     ElapsedIterations: 31
     LogBiasFieldControlPointLattice: 
       Image (0x5590e761b470)
         RTTI typeinfo:   itk::Image<itk::Vector<float, 1u>, 3u>
         Reference Count: 1
         Modified Time: 343560
         Debug: Off
         Object Name: 
         Observers: 
           none
         Source: (none)
         Source output name: (none)
         Release Data: Off
         Data Released: False
         Global Release Data: Off
         PipelineMTime: 0
         UpdateMTime: 0
         RealTimeStamp: 0 seconds 
         LargestPossibleRegion: 
           Dimension: 3
           Index: [0, 0, 0]
           Size: [11, 19, 19]
         BufferedRegion: 
           Dimension: 3
           Index: [0, 0, 0]
           Size: [11, 19, 19]
         RequestedRegion: 
           Dimension: 3
           Index: [0, 0, 0]
           Size: [11, 19, 19]
         Spacing: [24.75, 24.875, 24.875]
         Origin: [25.0905, 24.3286, -25.0734]
         Direction: 
-0.999949 -0.00498923 -0.00875089
0.00484 -0.999844 0.0169922
-0.00883431 0.016949 0.999817

         IndexToPointMatrix: 
-24.7487 -0.124107 -0.217678
0.11979 -24.8711 0.422681
-0.218649 0.421606 24.8705

         PointToIndexMatrix: 
-0.040402 0.000195556 -0.000356942
-0.000200572 -0.0401947 0.000681366
-0.000351795 0.000683104 0.0401937

         Inverse Direction: 
-0.999949 0.00484 -0.0088343
-0.00498923 -0.999844 0.016949
-0.00875089 0.0169922 0.999817

         PixelContainer: 
           ImportImageContainer (0x5590e761f920)
             RTTI typeinfo:   itk::ImportImageContainer<unsigned long, itk::Vector<float, 1u> >
             Reference Count: 1
             Modified Time: 343561
             Debug: Off
             Object Name: 
             Observers: 
               none
             Pointer: 0x5590eacc2e60
             Container manages memory: true
             Size: 3971
             Capacity: 3971
Elapsed time: 271.273
All_Command_lines_OK
Using single precision for computations.
=============================================================================
The composite transform comprises the following transforms (in order): 
  1. Center of mass alignment using fixed image: /home/mpib/nemecz/Projects/miniTRK/Results/01_MRI/GroupTempl/T1w/T_template0.nii.gz and moving image: /home/mpib/nemecz/Projects/miniTRK/Analysis/01_MRI/Preproc/GroupTempl/T1w/sub-968873_T1w.nii.gz (type = Euler3DTransform)
=============================================================================
  number of levels = 4
  number of levels = 4
  number of levels = 4
  fixed image: /home/mpib/nemecz/Projects/miniTRK/Results/01_MRI/GroupTempl/T1w/T_template0.nii.gz
  moving image: /home/mpib/nemecz/Projects/miniTRK/Results/01_MRI/GroupTempl/T1w/T_template0sub-968873_T1wRepaired.nii.gz
  fixed image: /home/mpib/nemecz/Projects/miniTRK/Results/01_MRI/GroupTempl/T1w/T_template0.nii.gz
  moving image: /home/mpib/nemecz/Projects/miniTRK/Results/01_MRI/GroupTempl/T1w/T_template0sub-968873_T1wRepaired.nii.gz
  fixed image: /home/mpib/nemecz/Projects/miniTRK/Results/01_MRI/GroupTempl/T1w/T_template0.nii.gz
  moving image: /home/mpib/nemecz/Projects/miniTRK/Results/01_MRI/GroupTempl/T1w/T_template0sub-968873_T1wRepaired.nii.gz
Dimension = 3
Number of stages = 3
Use Histogram Matching true
Winsorize image intensities true
Lower quantile = 0.01
Upper quantile = 0.99
Stage 1 State
   Image metric = Mattes
     Fixed image = Image (0x56478e7e3ad0)
  RTTI typeinfo:   itk::Image<float, 3u>
  Reference Count: 2
  Modified Time: 1721
  Debug: Off
  Object Name: 
  Observers: 
    none
  Source: (none)
  Source output name: (none)
  Release Data: Off
  Data Released: False
  Global Release Data: Off
  PipelineMTime: 0
  UpdateMTime: 1506
  RealTimeStamp: 0 seconds 
  LargestPossibleRegion: 
    Dimension: 3
    Index: [0, 0, 0]
    Size: [192, 256, 256]
  BufferedRegion: 
    Dimension: 3
    Index: [0, 0, 0]
    Size: [192, 256, 256]
  RequestedRegion: 
    Dimension: 3
    Index: [0, 0, 0]
    Size: [192, 256, 256]
  Spacing: [1, 1, 1]
  Origin: [95.0313, 100.538, -154.123]
  Direction: 
-0.999853 -0.014134 -0.00966312
0.014129 -0.9999 0.000586045
-0.00967044 0.000449429 0.999953

  IndexToPointMatrix: 
-0.999853 -0.014134 -0.00966312
0.014129 -0.9999 0.000586045
-0.00967044 0.000449429 0.999953

  PointToIndexMatrix: 
-0.999853 0.014129 -0.00967044
-0.014134 -0.9999 0.000449429
-0.00966312 0.000586045 0.999953

  Inverse Direction: 
-0.999853 0.014129 -0.00967044
-0.014134 -0.9999 0.000449429
-0.00966312 0.000586045 0.999953

  PixelContainer: 
    ImportImageContainer (0x56478e7ebc80)
      RTTI typeinfo:   itk::ImportImageContainer<unsigned long, float>
      Reference Count: 1
      Modified Time: 1503
      Debug: Off
      Object Name: 
      Observers: 
        none
      Pointer: 0x7f97ba016010
      Container manages memory: true
      Size: 12582912
      Capacity: 12582912

     Moving image = Image (0x56478e7e4bc0)
  RTTI typeinfo:   itk::Image<float, 3u>
  Reference Count: 2
  Modified Time: 1722
  Debug: Off
  Object Name: 
  Observers: 
    none
  Source: (none)
  Source output name: (none)
  Release Data: Off
  Data Released: False
  Global Release Data: Off
  PipelineMTime: 0
  UpdateMTime: 1719
  RealTimeStamp: 0 seconds 
  LargestPossibleRegion: 
    Dimension: 3
    Index: [0, 0, 0]
    Size: [192, 256, 256]
  BufferedRegion: 
    Dimension: 3
    Index: [0, 0, 0]
    Size: [192, 256, 256]
  RequestedRegion: 
    Dimension: 3
    Index: [0, 0, 0]
    Size: [192, 256, 256]
  Spacing: [1, 1, 1]
  Origin: [98.7718, 103.558, -156.786]
  Direction: 
-0.999949 -0.00498923 -0.00875089
0.00484 -0.999844 0.0169922
-0.0088343 0.016949 0.999817

  IndexToPointMatrix: 
-0.999949 -0.00498923 -0.00875089
0.00484 -0.999844 0.0169922
-0.0088343 0.016949 0.999817

  PointToIndexMatrix: 
-0.999949 0.00484 -0.0088343
-0.00498923 -0.999844 0.016949
-0.00875089 0.0169922 0.999817

  Inverse Direction: 
-0.999949 0.00484 -0.0088343
-0.00498923 -0.999844 0.016949
-0.00875089 0.0169922 0.999817

  PixelContainer: 
    ImportImageContainer (0x56478e7f0100)
      RTTI typeinfo:   itk::ImportImageContainer<unsigned long, float>
      Reference Count: 1
      Modified Time: 1716
      Debug: Off
      Object Name: 
      Observers: 
        none
      Pointer: 0x7f97b7015010
      Container manages memory: true
      Size: 12582912
      Capacity: 12582912

     Weighting = 1
     Sampling strategy = regular
     Number of bins = 32
     Radius = 4
     Sampling percentage  = 0.25
   Transform = Rigid
     Gradient step = 0.1
     Update field sigma (voxel space) = 0
     Total field sigma (voxel space) = 0
     Update field time sigma = 0
     Total field time sigma  = 0
     Number of time indices = 0
     Number of time point samples = 0
Stage 2 State
   Image metric = Mattes
     Fixed image = Image (0x56478e7fc870)
  RTTI typeinfo:   itk::Image<float, 3u>
  Reference Count: 2
  Modified Time: 2149
  Debug: Off
  Object Name: 
  Observers: 
    none
  Source: (none)
  Source output name: (none)
  Release Data: Off
  Data Released: False
  Global Release Data: Off
  PipelineMTime: 0
  UpdateMTime: 1934
  RealTimeStamp: 0 seconds 
  LargestPossibleRegion: 
    Dimension: 3
    Index: [0, 0, 0]
    Size: [192, 256, 256]
  BufferedRegion: 
    Dimension: 3
    Index: [0, 0, 0]
    Size: [192, 256, 256]
  RequestedRegion: 
    Dimension: 3
    Index: [0, 0, 0]
    Size: [192, 256, 256]
  Spacing: [1, 1, 1]
  Origin: [95.0313, 100.538, -154.123]
  Direction: 
-0.999853 -0.014134 -0.00966312
0.014129 -0.9999 0.000586045
-0.00967044 0.000449429 0.999953

  IndexToPointMatrix: 
-0.999853 -0.014134 -0.00966312
0.014129 -0.9999 0.000586045
-0.00967044 0.000449429 0.999953

  PointToIndexMatrix: 
-0.999853 0.014129 -0.00967044
-0.014134 -0.9999 0.000449429
-0.00966312 0.000586045 0.999953

  Inverse Direction: 
-0.999853 0.014129 -0.00967044
-0.014134 -0.9999 0.000449429
-0.00966312 0.000586045 0.999953

  PixelContainer: 
    ImportImageContainer (0x56478e7e76d0)
      RTTI typeinfo:   itk::ImportImageContainer<unsigned long, float>
      Reference Count: 1
      Modified Time: 1931
      Debug: Off
      Object Name: 
      Observers: 
        none
      Pointer: 0x7f97b4014010
      Container manages memory: true
      Size: 12582912
      Capacity: 12582912

     Moving image = Image (0x56478e7fc4c0)
  RTTI typeinfo:   itk::Image<float, 3u>
  Reference Count: 2
  Modified Time: 2150
  Debug: Off
  Object Name: 
  Observers: 
    none
  Source: (none)
  Source output name: (none)
  Release Data: Off
  Data Released: False
  Global Release Data: Off
  PipelineMTime: 0
  UpdateMTime: 2147
  RealTimeStamp: 0 seconds 
  LargestPossibleRegion: 
    Dimension: 3
    Index: [0, 0, 0]
    Size: [192, 256, 256]
  BufferedRegion: 
    Dimension: 3
    Index: [0, 0, 0]
    Size: [192, 256, 256]
  RequestedRegion: 
    Dimension: 3
    Index: [0, 0, 0]
    Size: [192, 256, 256]
  Spacing: [1, 1, 1]
  Origin: [98.7718, 103.558, -156.786]
  Direction: 
-0.999949 -0.00498923 -0.00875089
0.00484 -0.999844 0.0169922
-0.0088343 0.016949 0.999817

  IndexToPointMatrix: 
-0.999949 -0.00498923 -0.00875089
0.00484 -0.999844 0.0169922
-0.0088343 0.016949 0.999817

  PointToIndexMatrix: 
-0.999949 0.00484 -0.0088343
-0.00498923 -0.999844 0.016949
-0.00875089 0.0169922 0.999817

  Inverse Direction: 
-0.999949 0.00484 -0.0088343
-0.00498923 -0.999844 0.016949
-0.00875089 0.0169922 0.999817

  PixelContainer: 
    ImportImageContainer (0x56478e7fd8c0)
      RTTI typeinfo:   itk::ImportImageContainer<unsigned long, float>
      Reference Count: 1
      Modified Time: 2144
      Debug: Off
      Object Name: 
      Observers: 
        none
      Pointer: 0x7f97b1013010
      Container manages memory: true
      Size: 12582912
      Capacity: 12582912

     Weighting = 1
     Sampling strategy = regular
     Number of bins = 32
     Radius = 4
     Sampling percentage  = 0.25
   Transform = Affine
     Gradient step = 0.1
     Update field sigma (voxel space) = 0
     Total field sigma (voxel space) = 0
     Update field time sigma = 0
     Total field time sigma  = 0
     Number of time indices = 0
     Number of time point samples = 0
Stage 3 State
   Image metric = CC
     Fixed image = Image (0x56478e803960)
  RTTI typeinfo:   itk::Image<float, 3u>
  Reference Count: 2
  Modified Time: 2577
  Debug: Off
  Object Name: 
  Observers: 
    none
  Source: (none)
  Source output name: (none)
  Release Data: Off
  Data Released: False
  Global Release Data: Off
  PipelineMTime: 0
  UpdateMTime: 2362
  RealTimeStamp: 0 seconds 
  LargestPossibleRegion: 
    Dimension: 3
    Index: [0, 0, 0]
    Size: [192, 256, 256]
  BufferedRegion: 
    Dimension: 3
    Index: [0, 0, 0]
    Size: [192, 256, 256]
  RequestedRegion: 
    Dimension: 3
    Index: [0, 0, 0]
    Size: [192, 256, 256]
  Spacing: [1, 1, 1]
  Origin: [95.0313, 100.538, -154.123]
  Direction: 
-0.999853 -0.014134 -0.00966312
0.014129 -0.9999 0.000586045
-0.00967044 0.000449429 0.999953

  IndexToPointMatrix: 
-0.999853 -0.014134 -0.00966312
0.014129 -0.9999 0.000586045
-0.00967044 0.000449429 0.999953

  PointToIndexMatrix: 
-0.999853 0.014129 -0.00967044
-0.014134 -0.9999 0.000449429
-0.00966312 0.000586045 0.999953

  Inverse Direction: 
-0.999853 0.014129 -0.00967044
-0.014134 -0.9999 0.000449429
-0.00966312 0.000586045 0.999953

  PixelContainer: 
    ImportImageContainer (0x56478e7e4660)
      RTTI typeinfo:   itk::ImportImageContainer<unsigned long, float>
      Reference Count: 1
      Modified Time: 2359
      Debug: Off
      Object Name: 
      Observers: 
        none
      Pointer: 0x7f97ae012010
      Container manages memory: true
      Size: 12582912
      Capacity: 12582912

     Moving image = Image (0x56478e805840)
  RTTI typeinfo:   itk::Image<float, 3u>
  Reference Count: 2
  Modified Time: 2578
  Debug: Off
  Object Name: 
  Observers: 
    none
  Source: (none)
  Source output name: (none)
  Release Data: Off
  Data Released: False
  Global Release Data: Off
  PipelineMTime: 0
  UpdateMTime: 2575
  RealTimeStamp: 0 seconds 
  LargestPossibleRegion: 
    Dimension: 3
    Index: [0, 0, 0]
    Size: [192, 256, 256]
  BufferedRegion: 
    Dimension: 3
    Index: [0, 0, 0]
    Size: [192, 256, 256]
  RequestedRegion: 
    Dimension: 3
    Index: [0, 0, 0]
    Size: [192, 256, 256]
  Spacing: [1, 1, 1]
  Origin: [98.7718, 103.558, -156.786]
  Direction: 
-0.999949 -0.00498923 -0.00875089
0.00484 -0.999844 0.0169922
-0.0088343 0.016949 0.999817

  IndexToPointMatrix: 
-0.999949 -0.00498923 -0.00875089
0.00484 -0.999844 0.0169922
-0.0088343 0.016949 0.999817

  PointToIndexMatrix: 
-0.999949 0.00484 -0.0088343
-0.00498923 -0.999844 0.016949
-0.00875089 0.0169922 0.999817

  Inverse Direction: 
-0.999949 0.00484 -0.0088343
-0.00498923 -0.999844 0.016949
-0.00875089 0.0169922 0.999817

  PixelContainer: 
    ImportImageContainer (0x56478e802660)
      RTTI typeinfo:   itk::ImportImageContainer<unsigned long, float>
      Reference Count: 1
      Modified Time: 2572
      Debug: Off
      Object Name: 
      Observers: 
        none
      Pointer: 0x7f97ab011010
      Container manages memory: true
      Size: 12582912
      Capacity: 12582912

     Weighting = 1
     Sampling strategy = none
     Number of bins = 32
     Radius = 4
     Sampling percentage  = 1
   Transform = SyN
     Gradient step = 0.1
     Update field sigma (voxel space) = 3
     Total field sigma (voxel space) = 0
     Update field time sigma = 0
     Total field time sigma  = 0
     Number of time indices = 0
     Number of time point samples = 0
Registration using 3 total stages.

Stage 0
  iterations = 1000x500x250x0
  convergence threshold = 1e-06
  convergence window size = 10
  number of levels = 4
  using the Mattes MI metric (number of bins = 32, weight = 1)
  preprocessing:  winsorizing the image intensities
  preprocessing:  histogram matching the images
  Shrink factors (level 1 out of 4): [6, 6, 6]
  Shrink factors (level 2 out of 4): [4, 4, 4]
  Shrink factors (level 3 out of 4): [2, 2, 2]
  Shrink factors (level 4 out of 4): [1, 1, 1]
  smoothing sigmas per level: [4, 2, 1, 0]
  regular sampling (percentage = 0.25)

*** Running Euler3DTransform registration ***

DIAGNOSTIC,Iteration,metricValue,convergenceValue,ITERATION_TIME_INDEX,SINCE_LAST
 2DIAGNOSTIC,     1, -8.152780532837e-01, inf, 4.6978e-01, 4.6978e-01, 
 2DIAGNOSTIC,     2, -8.164865970612e-01, inf, 4.8081e-01, 1.1031e-02, 
 2DIAGNOSTIC,     3, -8.182860016823e-01, inf, 4.9079e-01, 9.9800e-03, 
 2DIAGNOSTIC,     4, -8.206241130829e-01, inf, 5.0066e-01, 9.8760e-03, 
 2DIAGNOSTIC,     5, -8.232029676437e-01, inf, 5.0991e-01, 9.2499e-03, 
 2DIAGNOSTIC,     6, -8.260636925697e-01, inf, 5.1939e-01, 9.4769e-03, 
 2DIAGNOSTIC,     7, -8.285011053085e-01, inf, 5.2894e-01, 9.5530e-03, 
 2DIAGNOSTIC,     8, -8.322668671608e-01, inf, 5.3800e-01, 9.0551e-03, 
 2DIAGNOSTIC,     9, -8.366199731827e-01, inf, 5.4826e-01, 1.0266e-02, 
 2DIAGNOSTIC,    10, -8.412841558456e-01, 1.984059810638e-03, 5.6095e-01, 1.2690e-02, 
 2DIAGNOSTIC,    11, -8.436868786812e-01, 1.974892336875e-03, 5.6994e-01, 8.9810e-03, 
 2DIAGNOSTIC,    12, -8.442953228951e-01, 1.842877245508e-03, 5.7952e-01, 9.5880e-03, 
 2DIAGNOSTIC,    13, -8.444477319717e-01, 1.617231289856e-03, 5.8813e-01, 8.6019e-03, 
 2DIAGNOSTIC,    14, -8.450009226799e-01, 1.346880919300e-03, 5.9643e-01, 8.3079e-03, 
 2DIAGNOSTIC,    15, -8.459866642952e-01, 1.069344347343e-03, 6.0779e-01, 1.1359e-02, 
 2DIAGNOSTIC,    16, -8.462567925453e-01, 7.953245658427e-04, 6.1627e-01, 8.4779e-03, 
 2DIAGNOSTIC,    17, -8.464537262917e-01, 5.341504584067e-04, 6.2460e-01, 8.3339e-03, 
 2DIAGNOSTIC,    18, -8.466843366623e-01, 3.284620761406e-04, 6.3397e-01, 9.3622e-03, 
 2DIAGNOSTIC,    19, -8.467573523521e-01, 1.918099587783e-04, 6.4218e-01, 8.2099e-03, 
 2DIAGNOSTIC,    20, -8.469496965408e-01, 1.326511846855e-04, 6.5252e-01, 1.0346e-02, 
 2DIAGNOSTIC,    21, -8.474225997925e-01, 1.132659526775e-04, 6.6174e-01, 9.2220e-03, 
 2DIAGNOSTIC,    22, -8.474342823029e-01, 9.486142516835e-05, 6.7111e-01, 9.3648e-03, 
 2DIAGNOSTIC,    23, -8.474700450897e-01, 7.217930397019e-05, 6.7941e-01, 8.3020e-03, 
 2DIAGNOSTIC,    24, -8.475244045258e-01, 5.311464701663e-05, 6.8789e-01, 8.4751e-03, 
 2DIAGNOSTIC,    25, -8.476552963257e-01, 4.577270374284e-05, 6.9737e-01, 9.4810e-03, 
 2DIAGNOSTIC,    26, -8.476710319519e-01, 3.837778422167e-05, 7.0720e-01, 9.8281e-03, 
 2DIAGNOSTIC,    27, -8.477666378021e-01, 3.167653630953e-05, 7.1956e-01, 1.2364e-02, 
 2DIAGNOSTIC,    28, -8.478059172630e-01, 2.592980490590e-05, 7.2775e-01, 8.1921e-03, 
 2DIAGNOSTIC,    29, -8.478373885155e-01, 1.945323128894e-05, 7.3591e-01, 8.1580e-03, 
 2DIAGNOSTIC,    30, -8.479195237160e-01, 1.461515421397e-05, 7.4409e-01, 8.1820e-03, 
 2DIAGNOSTIC,    31, -8.479364514351e-01, 1.414072721673e-05, 7.5337e-01, 9.2759e-03, 
 2DIAGNOSTIC,    32, -8.481287360191e-01, 1.462078125769e-05, 7.6840e-01, 1.5032e-02, 
 2DIAGNOSTIC,    33, -8.481209278107e-01, 1.401726603945e-05, 7.7949e-01, 1.1090e-02, 
 2DIAGNOSTIC,    34, -8.480993509293e-01, 1.253566733794e-05, 7.8900e-01, 9.5100e-03, 
 2DIAGNOSTIC,    35, -8.481003046036e-01, 1.134457306762e-05, 7.9822e-01, 9.2201e-03, 
 2DIAGNOSTIC,    36, -8.481006026268e-01, 9.346505976282e-06, 8.0758e-01, 9.3589e-03, 
 2DIAGNOSTIC,    37, -8.481014966965e-01, 7.506150723202e-06, 8.1590e-01, 8.3220e-03, 
 2DIAGNOSTIC,    38, -8.481024503708e-01, 5.487441285368e-06, 8.2404e-01, 8.1420e-03, 
 2DIAGNOSTIC,    39, -8.481279015541e-01, 3.635205757746e-06, 8.3368e-01, 9.6369e-03, 
 2DIAGNOSTIC,    40, -8.481283187866e-01, 2.313814093213e-06, 8.4189e-01, 8.2080e-03, 
 2DIAGNOSTIC,    41, -8.481549620628e-01, 1.225120286108e-06, 8.4996e-01, 8.0731e-03, 
 2DIAGNOSTIC,    42, -8.481580018997e-01, 1.712767016215e-06, 8.5819e-01, 8.2312e-03, 
 2DIAGNOSTIC,    43, -8.481858968735e-01, 2.250415491289e-06, 8.6676e-01, 8.5640e-03, 
 2DIAGNOSTIC,    44, -8.482585549355e-01, 3.005315193150e-06, 8.7925e-01, 1.2498e-02, 
 2DIAGNOSTIC,    45, -8.482822179794e-01, 3.679105930132e-06, 8.9109e-01, 1.1835e-02, 
 2DIAGNOSTIC,    46, -8.483504056931e-01, 4.545959654934e-06, 9.0154e-01, 1.0455e-02, 
 2DIAGNOSTIC,    47, -8.483065366745e-01, 4.695607458416e-06, 9.1084e-01, 9.3000e-03, 
 2DIAGNOSTIC,    48, -8.483079671860e-01, 4.481238192966e-06, 9.1992e-01, 9.0790e-03, 
 2DIAGNOSTIC,    49, -8.483080863953e-01, 4.082612122147e-06, 9.2899e-01, 9.0640e-03, 
 2DIAGNOSTIC,    50, -8.483077287674e-01, 3.358910817042e-06, 9.3796e-01, 8.9691e-03, 
 2DIAGNOSTIC,    51, -8.483079671860e-01, 2.583345349194e-06, 9.4699e-01, 9.0301e-03, 
 2DIAGNOSTIC,    52, -8.483079075813e-01, 1.675523890299e-06, 9.5611e-01, 9.1209e-03, 
DIAGNOSTIC,Iteration,metricValue,convergenceValue,ITERATION_TIME_INDEX,SINCE_LAST
 2DIAGNOSTIC,     1, -6.722972393036e-01, inf, 1.4791e+00, 5.2295e-01, 
 2DIAGNOSTIC,     2, -6.732259988785e-01, inf, 1.5117e+00, 3.2676e-02, 
 2DIAGNOSTIC,     3, -6.743816733360e-01, inf, 1.5410e+00, 2.9301e-02, 
 2DIAGNOSTIC,     4, -6.757156252861e-01, inf, 1.5701e+00, 2.9027e-02, 
 2DIAGNOSTIC,     5, -6.762850880623e-01, inf, 1.6008e+00, 3.0722e-02, 
 2DIAGNOSTIC,     6, -6.766207218170e-01, inf, 1.6327e+00, 3.1896e-02, 
 2DIAGNOSTIC,     7, -6.768100261688e-01, inf, 1.6660e+00, 3.3349e-02, 
 2DIAGNOSTIC,     8, -6.770418286324e-01, inf, 1.7152e+00, 4.9171e-02, 
 2DIAGNOSTIC,     9, -6.770433783531e-01, inf, 1.7531e+00, 3.7934e-02, 
 2DIAGNOSTIC,    10, -6.770469546318e-01, 4.456532187760e-04, 1.7965e+00, 4.3330e-02, 
 2DIAGNOSTIC,    11, -6.770502924919e-01, 2.884774876293e-04, 1.8333e+00, 3.6876e-02, 
 2DIAGNOSTIC,    12, -6.770455241203e-01, 1.638594112592e-04, 1.8678e+00, 3.4479e-02, 
 2DIAGNOSTIC,    13, -6.770441532135e-01, 8.024296403164e-05, 1.9028e+00, 3.4958e-02, 
 2DIAGNOSTIC,    14, -6.770425438881e-01, 4.123036706005e-05, 1.9412e+00, 3.8459e-02, 
 2DIAGNOSTIC,    15, -6.770406961441e-01, 1.967403295566e-05, 1.9799e+00, 3.8629e-02, 
 2DIAGNOSTIC,    16, -6.770391464233e-01, 7.913296940387e-06, 2.0134e+00, 3.3545e-02, 
 2DIAGNOSTIC,    17, -6.770375370979e-01, 1.472284793635e-06, 2.0493e+00, 3.5868e-02, 
 2DIAGNOSTIC,    18, -6.770384907722e-01, 1.221474576596e-06, 2.0891e+00, 3.9798e-02, 
 2DIAGNOSTIC,    19, -6.770456433296e-01, 1.236497155332e-06, 2.1257e+00, 3.6607e-02, 
 2DIAGNOSTIC,    20, -6.770340204239e-01, 1.114410110858e-06, 2.1664e+00, 4.0738e-02, 
 2DIAGNOSTIC,    21, -6.770406365395e-01, 1.258977249563e-06, 2.2025e+00, 3.6044e-02, 
 2DIAGNOSTIC,    22, -6.770483851433e-01, 1.467626361773e-06, 2.2539e+00, 5.1439e-02, 
 2DIAGNOSTIC,    23, -6.770470142365e-01, 1.599370762051e-06, 2.2984e+00, 4.4533e-02, 
 2DIAGNOSTIC,    24, -6.770440340042e-01, 1.622564923309e-06, 2.3383e+00, 3.9865e-02, 
 2DIAGNOSTIC,    25, -6.770408153534e-01, 1.537350271974e-06, 2.3733e+00, 3.5047e-02, 
 2DIAGNOSTIC,    26, -6.770384907722e-01, 1.373070176669e-06, 2.4090e+00, 3.5670e-02, 
 2DIAGNOSTIC,    27, -6.770367026329e-01, 1.149408603851e-06, 2.4437e+00, 3.4646e-02, 
DIAGNOSTIC,Iteration,metricValue,convergenceValue,ITERATION_TIME_INDEX,SINCE_LAST
 2DIAGNOSTIC,     1, -6.203022599220e-01, inf, 3.3293e+00, 8.8565e-01, 
 2DIAGNOSTIC,     2, -6.206614375114e-01, inf, 3.5731e+00, 2.4377e-01, 
 2DIAGNOSTIC,     3, -6.210740208626e-01, inf, 3.8205e+00, 2.4738e-01, 
 2DIAGNOSTIC,     4, -6.215153932571e-01, inf, 4.0622e+00, 2.4171e-01, 
 2DIAGNOSTIC,     5, -6.220117211342e-01, inf, 4.3019e+00, 2.3975e-01, 
 2DIAGNOSTIC,     6, -6.225512623787e-01, inf, 4.5372e+00, 2.3528e-01, 
 2DIAGNOSTIC,     7, -6.237541437149e-01, inf, 4.8423e+00, 3.0508e-01, 
 2DIAGNOSTIC,     8, -6.240065097809e-01, inf, 5.1131e+00, 2.7079e-01, 
 2DIAGNOSTIC,     9, -6.242319941521e-01, inf, 5.4424e+00, 3.2931e-01, 
 2DIAGNOSTIC,    10, -6.244075894356e-01, 4.788550431840e-04, 5.6823e+00, 2.3993e-01, 
 2DIAGNOSTIC,    11, -6.248974204063e-01, 4.255352250766e-04, 5.9225e+00, 2.4022e-01, 
 2DIAGNOSTIC,    12, -6.251280307770e-01, 3.645254473668e-04, 6.1624e+00, 2.3991e-01, 
 2DIAGNOSTIC,    13, -6.251648068428e-01, 2.958478580695e-04, 6.5267e+00, 3.6425e-01, 
 2DIAGNOSTIC,    14, -6.251613497734e-01, 2.251625846839e-04, 6.9216e+00, 3.9494e-01, 
 2DIAGNOSTIC,    15, -6.251619458199e-01, 1.587452279637e-04, 7.1942e+00, 2.7257e-01, 
 2DIAGNOSTIC,    16, -6.251617670059e-01, 1.006056845654e-04, 7.4835e+00, 2.8930e-01, 
 2DIAGNOSTIC,    17, -6.251608729362e-01, 7.227093738038e-05, 7.7657e+00, 2.8221e-01, 
 2DIAGNOSTIC,    18, -6.251618862152e-01, 4.706073377747e-05, 8.1927e+00, 4.2700e-01, 
 2DIAGNOSTIC,    19, -6.251621842384e-01, 2.583703644632e-05, 8.4627e+00, 2.7003e-01, 
 2DIAGNOSTIC,    20, -6.251617670059e-01, 8.243192496593e-06, 8.7339e+00, 2.7119e-01, 
 2DIAGNOSTIC,    21, -6.251617074013e-01, 2.199800292146e-06, 9.0001e+00, 2.6617e-01, 
