
Running N4 for 3-dimensional images.

Mask not read.  Using the entire image as the mask.

Original intensity range:  [0, 859]

***********************************************************
Warning:  Your input image contains nonpositive values
which could cause failure or problematic results.  A
possible workaround would be to:
   1. rescale your image to positive values e.g., [10,100].
   2. run N4 on your rescaled image.
   3. (optional) rescale the N4 output to the original
      intensity range.
***********************************************************

Specified spline distance: 200mm
  original image size:  [192, 256, 256]
  padded image size:  [201, 401, 401]
  number of control points:  [4, 5, 5]

Current level = 1
  Iteration 1 (of 50).   Current convergence value = 0.00042656 (threshold = 1e-08)
  Iteration 2 (of 50).   Current convergence value = 0.000278209 (threshold = 1e-08)
  Iteration 3 (of 50).   Current convergence value = 0.000186564 (threshold = 1e-08)
  Iteration 4 (of 50).   Current convergence value = 0.000135018 (threshold = 1e-08)
  Iteration 5 (of 50).   Current convergence value = 0.000110682 (threshold = 1e-08)
  Iteration 6 (of 50).   Current convergence value = 0.000102015 (threshold = 1e-08)
  Iteration 7 (of 50).   Current convergence value = 0.000100619 (threshold = 1e-08)
  Iteration 8 (of 50).   Current convergence value = 0.000101635 (threshold = 1e-08)
  Iteration 9 (of 50).   Current convergence value = 0.000103119 (threshold = 1e-08)
  Iteration 10 (of 50).   Current convergence value = 0.000104542 (threshold = 1e-08)
  Iteration 11 (of 50).   Current convergence value = 0.000105396 (threshold = 1e-08)
  Iteration 12 (of 50).   Current convergence value = 0.000105986 (threshold = 1e-08)
  Iteration 13 (of 50).   Current convergence value = 0.000106101 (threshold = 1e-08)
  Iteration 14 (of 50).   Current convergence value = 0.000105985 (threshold = 1e-08)
  Iteration 15 (of 50).   Current convergence value = 0.000105794 (threshold = 1e-08)
  Iteration 16 (of 50).   Current convergence value = 0.000105438 (threshold = 1e-08)
  Iteration 17 (of 50).   Current convergence value = 0.000104943 (threshold = 1e-08)
  Iteration 18 (of 50).   Current convergence value = 0.000104354 (threshold = 1e-08)
  Iteration 19 (of 50).   Current convergence value = 0.000103696 (threshold = 1e-08)
  Iteration 20 (of 50).   Current convergence value = 0.000103119 (threshold = 1e-08)
  Iteration 21 (of 50).   Current convergence value = 0.000102564 (threshold = 1e-08)
  Iteration 22 (of 50).   Current convergence value = 0.000101789 (threshold = 1e-08)
  Iteration 23 (of 50).   Current convergence value = 0.000101006 (threshold = 1e-08)
  Iteration 24 (of 50).   Current convergence value = 0.000100177 (threshold = 1e-08)
  Iteration 25 (of 50).   Current convergence value = 9.96308e-05 (threshold = 1e-08)
  Iteration 26 (of 50).   Current convergence value = 9.90454e-05 (threshold = 1e-08)
  Iteration 27 (of 50).   Current convergence value = 9.84219e-05 (threshold = 1e-08)
  Iteration 28 (of 50).   Current convergence value = 9.78068e-05 (threshold = 1e-08)
  Iteration 29 (of 50).   Current convergence value = 9.71903e-05 (threshold = 1e-08)
  Iteration 30 (of 50).   Current convergence value = 9.66634e-05 (threshold = 1e-08)
  Iteration 31 (of 50).   Current convergence value = 9.61993e-05 (threshold = 1e-08)
  Iteration 32 (of 50).   Current convergence value = 9.56132e-05 (threshold = 1e-08)
  Iteration 33 (of 50).   Current convergence value = 9.51048e-05 (threshold = 1e-08)
  Iteration 34 (of 50).   Current convergence value = 9.46498e-05 (threshold = 1e-08)
  Iteration 35 (of 50).   Current convergence value = 9.40395e-05 (threshold = 1e-08)
  Iteration 36 (of 50).   Current convergence value = 9.35947e-05 (threshold = 1e-08)
  Iteration 37 (of 50).   Current convergence value = 9.31169e-05 (threshold = 1e-08)
  Iteration 38 (of 50).   Current convergence value = 9.25504e-05 (threshold = 1e-08)
  Iteration 39 (of 50).   Current convergence value = 9.20516e-05 (threshold = 1e-08)
  Iteration 40 (of 50).   Current convergence value = 9.1579e-05 (threshold = 1e-08)
  Iteration 41 (of 50).   Current convergence value = 9.10705e-05 (threshold = 1e-08)
  Iteration 42 (of 50).   Current convergence value = 9.07302e-05 (threshold = 1e-08)
  Iteration 43 (of 50).   Current convergence value = 9.02463e-05 (threshold = 1e-08)
  Iteration 44 (of 50).   Current convergence value = 8.9796e-05 (threshold = 1e-08)
  Iteration 45 (of 50).   Current convergence value = 8.94175e-05 (threshold = 1e-08)
  Iteration 46 (of 50).   Current convergence value = 8.89724e-05 (threshold = 1e-08)
  Iteration 47 (of 50).   Current convergence value = 8.86066e-05 (threshold = 1e-08)
  Iteration 48 (of 50).   Current convergence value = 8.82249e-05 (threshold = 1e-08)
  Iteration 49 (of 50).   Current convergence value = 8.76896e-05 (threshold = 1e-08)
  Iteration 50 (of 50).   Current convergence value = 8.72445e-05 (threshold = 1e-08)
Current level = 2
  Iteration 1 (of 50).   Current convergence value = 0.000575512 (threshold = 1e-08)
  Iteration 2 (of 50).   Current convergence value = 0.000474269 (threshold = 1e-08)
  Iteration 3 (of 50).   Current convergence value = 0.000402928 (threshold = 1e-08)
  Iteration 4 (of 50).   Current convergence value = 0.000346598 (threshold = 1e-08)
  Iteration 5 (of 50).   Current convergence value = 0.000300148 (threshold = 1e-08)
  Iteration 6 (of 50).   Current convergence value = 0.000262085 (threshold = 1e-08)
  Iteration 7 (of 50).   Current convergence value = 0.000230929 (threshold = 1e-08)
  Iteration 8 (of 50).   Current convergence value = 0.000209911 (threshold = 1e-08)
  Iteration 9 (of 50).   Current convergence value = 0.00018894 (threshold = 1e-08)
  Iteration 10 (of 50).   Current convergence value = 0.000170078 (threshold = 1e-08)
  Iteration 11 (of 50).   Current convergence value = 0.000154174 (threshold = 1e-08)
  Iteration 12 (of 50).   Current convergence value = 0.000140218 (threshold = 1e-08)
  Iteration 13 (of 50).   Current convergence value = 0.000128421 (threshold = 1e-08)
  Iteration 14 (of 50).   Current convergence value = 0.000118351 (threshold = 1e-08)
  Iteration 15 (of 50).   Current convergence value = 0.000111954 (threshold = 1e-08)
  Iteration 16 (of 50).   Current convergence value = 0.000107365 (threshold = 1e-08)
  Iteration 17 (of 50).   Current convergence value = 0.000103543 (threshold = 1e-08)
  Iteration 18 (of 50).   Current convergence value = 0.000100773 (threshold = 1e-08)
  Iteration 19 (of 50).   Current convergence value = 9.84046e-05 (threshold = 1e-08)
  Iteration 20 (of 50).   Current convergence value = 9.65114e-05 (threshold = 1e-08)
  Iteration 21 (of 50).   Current convergence value = 9.49435e-05 (threshold = 1e-08)
  Iteration 22 (of 50).   Current convergence value = 9.36013e-05 (threshold = 1e-08)
  Iteration 23 (of 50).   Current convergence value = 9.2323e-05 (threshold = 1e-08)
  Iteration 24 (of 50).   Current convergence value = 9.10997e-05 (threshold = 1e-08)
  Iteration 25 (of 50).   Current convergence value = 9.00362e-05 (threshold = 1e-08)
  Iteration 26 (of 50).   Current convergence value = 8.90782e-05 (threshold = 1e-08)
  Iteration 27 (of 50).   Current convergence value = 8.79621e-05 (threshold = 1e-08)
  Iteration 28 (of 50).   Current convergence value = 8.69593e-05 (threshold = 1e-08)
  Iteration 29 (of 50).   Current convergence value = 8.59742e-05 (threshold = 1e-08)
  Iteration 30 (of 50).   Current convergence value = 8.51898e-05 (threshold = 1e-08)
  Iteration 31 (of 50).   Current convergence value = 8.42051e-05 (threshold = 1e-08)
  Iteration 32 (of 50).   Current convergence value = 8.32659e-05 (threshold = 1e-08)
  Iteration 33 (of 50).   Current convergence value = 8.23557e-05 (threshold = 1e-08)
  Iteration 34 (of 50).   Current convergence value = 8.15514e-05 (threshold = 1e-08)
  Iteration 35 (of 50).   Current convergence value = 8.07647e-05 (threshold = 1e-08)
  Iteration 36 (of 50).   Current convergence value = 8.00338e-05 (threshold = 1e-08)
  Iteration 37 (of 50).   Current convergence value = 7.9159e-05 (threshold = 1e-08)
  Iteration 38 (of 50).   Current convergence value = 7.84191e-05 (threshold = 1e-08)
  Iteration 39 (of 50).   Current convergence value = 7.76666e-05 (threshold = 1e-08)
  Iteration 40 (of 50).   Current convergence value = 7.69515e-05 (threshold = 1e-08)
  Iteration 41 (of 50).   Current convergence value = 7.6041e-05 (threshold = 1e-08)
  Iteration 42 (of 50).   Current convergence value = 7.53192e-05 (threshold = 1e-08)
  Iteration 43 (of 50).   Current convergence value = 7.46419e-05 (threshold = 1e-08)
  Iteration 44 (of 50).   Current convergence value = 7.37851e-05 (threshold = 1e-08)
  Iteration 45 (of 50).   Current convergence value = 7.28813e-05 (threshold = 1e-08)
  Iteration 46 (of 50).   Current convergence value = 7.23411e-05 (threshold = 1e-08)
  Iteration 47 (of 50).   Current convergence value = 7.16379e-05 (threshold = 1e-08)
  Iteration 48 (of 50).   Current convergence value = 7.08301e-05 (threshold = 1e-08)
  Iteration 49 (of 50).   Current convergence value = 7.01614e-05 (threshold = 1e-08)
  Iteration 50 (of 50).   Current convergence value = 6.93967e-05 (threshold = 1e-08)
Current level = 3
  Iteration 1 (of 40).   Current convergence value = 0.00165292 (threshold = 1e-08)
  Iteration 2 (of 40).   Current convergence value = 0.00118117 (threshold = 1e-08)
  Iteration 3 (of 40).   Current convergence value = 0.0009362 (threshold = 1e-08)
  Iteration 4 (of 40).   Current convergence value = 0.00078156 (threshold = 1e-08)
  Iteration 5 (of 40).   Current convergence value = 0.000679765 (threshold = 1e-08)
  Iteration 6 (of 40).   Current convergence value = 0.000604411 (threshold = 1e-08)
  Iteration 7 (of 40).   Current convergence value = 0.000548099 (threshold = 1e-08)
  Iteration 8 (of 40).   Current convergence value = 0.000505725 (threshold = 1e-08)
  Iteration 9 (of 40).   Current convergence value = 0.000471304 (threshold = 1e-08)
  Iteration 10 (of 40).   Current convergence value = 0.000443492 (threshold = 1e-08)
  Iteration 11 (of 40).   Current convergence value = 0.000420519 (threshold = 1e-08)
  Iteration 12 (of 40).   Current convergence value = 0.000401444 (threshold = 1e-08)
  Iteration 13 (of 40).   Current convergence value = 0.000384947 (threshold = 1e-08)
  Iteration 14 (of 40).   Current convergence value = 0.000370993 (threshold = 1e-08)
  Iteration 15 (of 40).   Current convergence value = 0.000358713 (threshold = 1e-08)
  Iteration 16 (of 40).   Current convergence value = 0.000347843 (threshold = 1e-08)
  Iteration 17 (of 40).   Current convergence value = 0.00033819 (threshold = 1e-08)
  Iteration 18 (of 40).   Current convergence value = 0.000329518 (threshold = 1e-08)
  Iteration 19 (of 40).   Current convergence value = 0.000321598 (threshold = 1e-08)
  Iteration 20 (of 40).   Current convergence value = 0.000314194 (threshold = 1e-08)
  Iteration 21 (of 40).   Current convergence value = 0.000308444 (threshold = 1e-08)
  Iteration 22 (of 40).   Current convergence value = 0.00030313 (threshold = 1e-08)
  Iteration 23 (of 40).   Current convergence value = 0.000298217 (threshold = 1e-08)
  Iteration 24 (of 40).   Current convergence value = 0.000293845 (threshold = 1e-08)
  Iteration 25 (of 40).   Current convergence value = 0.000289594 (threshold = 1e-08)
  Iteration 26 (of 40).   Current convergence value = 0.000285715 (threshold = 1e-08)
  Iteration 27 (of 40).   Current convergence value = 0.000282037 (threshold = 1e-08)
  Iteration 28 (of 40).   Current convergence value = 0.000278465 (threshold = 1e-08)
  Iteration 29 (of 40).   Current convergence value = 0.000275093 (threshold = 1e-08)
  Iteration 30 (of 40).   Current convergence value = 0.00027152 (threshold = 1e-08)
  Iteration 31 (of 40).   Current convergence value = 0.000268442 (threshold = 1e-08)
  Iteration 32 (of 40).   Current convergence value = 0.000265464 (threshold = 1e-08)
  Iteration 33 (of 40).   Current convergence value = 0.000262773 (threshold = 1e-08)
  Iteration 34 (of 40).   Current convergence value = 0.000260242 (threshold = 1e-08)
  Iteration 35 (of 40).   Current convergence value = 0.000257665 (threshold = 1e-08)
  Iteration 36 (of 40).   Current convergence value = 0.000255251 (threshold = 1e-08)
  Iteration 37 (of 40).   Current convergence value = 0.000252958 (threshold = 1e-08)
  Iteration 38 (of 40).   Current convergence value = 0.000250631 (threshold = 1e-08)
  Iteration 39 (of 40).   Current convergence value = 0.000248376 (threshold = 1e-08)
  Iteration 40 (of 40).   Current convergence value = 0.000246292 (threshold = 1e-08)
Current level = 4
  Iteration 1 (of 30).   Current convergence value = 0.00178105 (threshold = 1e-08)
  Iteration 2 (of 30).   Current convergence value = 0.00158134 (threshold = 1e-08)
  Iteration 3 (of 30).   Current convergence value = 0.00148391 (threshold = 1e-08)
  Iteration 4 (of 30).   Current convergence value = 0.00140429 (threshold = 1e-08)
  Iteration 5 (of 30).   Current convergence value = 0.00132502 (threshold = 1e-08)
  Iteration 6 (of 30).   Current convergence value = 0.00128325 (threshold = 1e-08)
  Iteration 7 (of 30).   Current convergence value = 0.00125245 (threshold = 1e-08)
  Iteration 8 (of 30).   Current convergence value = 0.00122466 (threshold = 1e-08)
  Iteration 9 (of 30).   Current convergence value = 0.00119804 (threshold = 1e-08)
  Iteration 10 (of 30).   Current convergence value = 0.00117203 (threshold = 1e-08)
  Iteration 11 (of 30).   Current convergence value = 0.00114586 (threshold = 1e-08)
  Iteration 12 (of 30).   Current convergence value = 0.00111465 (threshold = 1e-08)
  Iteration 13 (of 30).   Current convergence value = 0.00108915 (threshold = 1e-08)
  Iteration 14 (of 30).   Current convergence value = 0.00106916 (threshold = 1e-08)
  Iteration 15 (of 30).   Current convergence value = 0.00105308 (threshold = 1e-08)
  Iteration 16 (of 30).   Current convergence value = 0.00104344 (threshold = 1e-08)
  Iteration 17 (of 30).   Current convergence value = 0.00106341 (threshold = 1e-08)
  Iteration 18 (of 30).   Current convergence value = 0.00109128 (threshold = 1e-08)
  Iteration 19 (of 30).   Current convergence value = 0.00111627 (threshold = 1e-08)
  Iteration 20 (of 30).   Current convergence value = 0.00114043 (threshold = 1e-08)
  Iteration 21 (of 30).   Current convergence value = 0.00116806 (threshold = 1e-08)
  Iteration 22 (of 30).   Current convergence value = 0.00119806 (threshold = 1e-08)
  Iteration 23 (of 30).   Current convergence value = 0.00122781 (threshold = 1e-08)
  Iteration 24 (of 30).   Current convergence value = 0.00120782 (threshold = 1e-08)
  Iteration 25 (of 30).   Current convergence value = 0.00118828 (threshold = 1e-08)
  Iteration 26 (of 30).   Current convergence value = 0.00117199 (threshold = 1e-08)
  Iteration 27 (of 30).   Current convergence value = 0.00115123 (threshold = 1e-08)
  Iteration 28 (of 30).   Current convergence value = 0.00113977 (threshold = 1e-08)
  Iteration 29 (of 30).   Current convergence value = 0.00112928 (threshold = 1e-08)
  Iteration 30 (of 30).   Current convergence value = 0.00111788 (threshold = 1e-08)
   N4BiasFieldCorrectionImageFilter (0x556272cdae20)
     RTTI typeinfo:   itk::N4BiasFieldCorrectionImageFilter<itk::Image<float, 3u>, itk::Image<float, 3u>, itk::Image<float, 3u> >
     Reference Count: 1
     Modified Time: 565
     Debug: Off
     Object Name: 
     Observers: 
       IterationEvent(Command)
     Inputs: 
       ConfidenceImage: (0)
       MaskImage: (0x556272d055d0)
       Primary: (0x556272d009b0) *
     Indexed Inputs: 
       0: Primary (0x556272d009b0)
       1: MaskImage (0x556272d055d0)
       2: ConfidenceImage (0)
     Required Input Names: Primary
     NumberOfRequiredInputs: 1
     Outputs: 
       Primary: (0x556272ceaef0)
     Indexed Outputs: 
       0: Primary (0x556272ceaef0)
     NumberOfRequiredOutputs: 1
     Number Of Work Units: 32
     ReleaseDataFlag: Off
     ReleaseDataBeforeUpdateFlag: Off
     AbortGenerateData: Off
     Progress: 0
     Multithreader: 
       RTTI typeinfo:   itk::PoolMultiThreader
       Reference Count: 1
       Modified Time: 144
       Debug: Off
       Object Name: 
       Observers: 
         none
       Number of Work Units: 32
       Number of Threads: 8
       Global Maximum Number Of Threads: 128
       Global Default Number Of Threads: 8
       Global Default Threader Type: itk::MultiThreaderBaseEnums::Threader::Pool
       SingleMethod: 0
       SingleData: 0
     DynamicMultiThreading: On
     CoordinateTolerance: 1e-06
     DirectionTolerance: 1e-06
     Use Mask Label: 0
     Mask label: 1
     Number of histogram bins: 200
     Wiener filter noise: 0.01
     Bias field FWHM: 0.15
     Maximum number of iterations: [50, 50, 40, 30]
     Convergence threshold: 1e-08
     Spline order: 3
     Number of fitting levels: [4, 4, 4]
     Number of control points: [4, 5, 5]
     CurrentConvergenceMeasurement: 0.00111788
     CurrentLevel: 4
     ElapsedIterations: 31
     LogBiasFieldControlPointLattice: 
       Image (0x5562797e62d0)
         RTTI typeinfo:   itk::Image<itk::Vector<float, 1u>, 3u>
         Reference Count: 1
         Modified Time: 343560
         Debug: Off
         Object Name: 
         Observers: 
           none
         Source: (none)
         Source output name: (none)
         Release Data: Off
         Data Released: False
         Global Release Data: Off
         PipelineMTime: 0
         UpdateMTime: 0
         RealTimeStamp: 0 seconds 
         LargestPossibleRegion: 
           Dimension: 3
           Index: [0, 0, 0]
           Size: [11, 19, 19]
         BufferedRegion: 
           Dimension: 3
           Index: [0, 0, 0]
           Size: [11, 19, 19]
         RequestedRegion: 
           Dimension: 3
           Index: [0, 0, 0]
           Size: [11, 19, 19]
         Spacing: [24.75, 24.875, 24.875]
         Origin: [25.7792, 22.5226, -26.0434]
         Direction: 
-0.999355 -0.0352593 -0.00675763
0.034812 -0.997729 0.05766
-0.00877534 0.0573875 0.998313

         IndexToPointMatrix: 
-24.734 -0.877075 -0.168096
0.861598 -24.8185 1.43429
-0.21719 1.42751 24.833

         PointToIndexMatrix: 
-0.040378 0.00140655 -0.000354559
-0.00141746 -0.0401097 0.00230704
-0.000271664 0.00231799 0.0401332

         Inverse Direction: 
-0.999355 0.034812 -0.00877534
-0.0352593 -0.997729 0.0573876
-0.00675764 0.0576599 0.998313

         PixelContainer: 
           ImportImageContainer (0x55627ec7f780)
             RTTI typeinfo:   itk::ImportImageContainer<unsigned long, itk::Vector<float, 1u> >
             Reference Count: 1
             Modified Time: 343561
             Debug: Off
             Object Name: 
             Observers: 
               none
             Pointer: 0x55627cea3580
             Container manages memory: true
             Size: 3971
             Capacity: 3971
Elapsed time: 268.177
All_Command_lines_OK
Using single precision for computations.
=============================================================================
The composite transform comprises the following transforms (in order): 
  1. Center of mass alignment using fixed image: /home/mpib/nemecz/Projects/miniTRK/Results/01_MRI/GroupTempl/T1w/T_template0.nii.gz and moving image: /home/mpib/nemecz/Projects/miniTRK/Analysis/01_MRI/Preproc/GroupTempl/T1w/sub-112188_T1w.nii.gz (type = Euler3DTransform)
=============================================================================
  number of levels = 4
  number of levels = 4
  number of levels = 4
  fixed image: /home/mpib/nemecz/Projects/miniTRK/Results/01_MRI/GroupTempl/T1w/T_template0.nii.gz
  moving image: /home/mpib/nemecz/Projects/miniTRK/Results/01_MRI/GroupTempl/T1w/T_template0sub-112188_T1wRepaired.nii.gz
  fixed image: /home/mpib/nemecz/Projects/miniTRK/Results/01_MRI/GroupTempl/T1w/T_template0.nii.gz
  moving image: /home/mpib/nemecz/Projects/miniTRK/Results/01_MRI/GroupTempl/T1w/T_template0sub-112188_T1wRepaired.nii.gz
  fixed image: /home/mpib/nemecz/Projects/miniTRK/Results/01_MRI/GroupTempl/T1w/T_template0.nii.gz
  moving image: /home/mpib/nemecz/Projects/miniTRK/Results/01_MRI/GroupTempl/T1w/T_template0sub-112188_T1wRepaired.nii.gz
Dimension = 3
Number of stages = 3
Use Histogram Matching true
Winsorize image intensities true
Lower quantile = 0.01
Upper quantile = 0.99
Stage 1 State
   Image metric = Mattes
     Fixed image = Image (0x557e13079ad0)
  RTTI typeinfo:   itk::Image<float, 3u>
  Reference Count: 2
  Modified Time: 1721
  Debug: Off
  Object Name: 
  Observers: 
    none
  Source: (none)
  Source output name: (none)
  Release Data: Off
  Data Released: False
  Global Release Data: Off
  PipelineMTime: 0
  UpdateMTime: 1506
  RealTimeStamp: 0 seconds 
  LargestPossibleRegion: 
    Dimension: 3
    Index: [0, 0, 0]
    Size: [192, 256, 256]
  BufferedRegion: 
    Dimension: 3
    Index: [0, 0, 0]
    Size: [192, 256, 256]
  RequestedRegion: 
    Dimension: 3
    Index: [0, 0, 0]
    Size: [192, 256, 256]
  Spacing: [1, 1, 1]
  Origin: [95.0313, 100.538, -154.123]
  Direction: 
-0.999853 -0.014134 -0.00966312
0.014129 -0.9999 0.000586045
-0.00967044 0.000449429 0.999953

  IndexToPointMatrix: 
-0.999853 -0.014134 -0.00966312
0.014129 -0.9999 0.000586045
-0.00967044 0.000449429 0.999953

  PointToIndexMatrix: 
-0.999853 0.014129 -0.00967044
-0.014134 -0.9999 0.000449429
-0.00966312 0.000586045 0.999953

  Inverse Direction: 
-0.999853 0.014129 -0.00967044
-0.014134 -0.9999 0.000449429
-0.00966312 0.000586045 0.999953

  PixelContainer: 
    ImportImageContainer (0x557e13081c80)
      RTTI typeinfo:   itk::ImportImageContainer<unsigned long, float>
      Reference Count: 1
      Modified Time: 1503
      Debug: Off
      Object Name: 
      Observers: 
        none
      Pointer: 0x7efcc8fd3010
      Container manages memory: true
      Size: 12582912
      Capacity: 12582912

     Moving image = Image (0x557e1307abc0)
  RTTI typeinfo:   itk::Image<float, 3u>
  Reference Count: 2
  Modified Time: 1722
  Debug: Off
  Object Name: 
  Observers: 
    none
  Source: (none)
  Source output name: (none)
  Release Data: Off
  Data Released: False
  Global Release Data: Off
  PipelineMTime: 0
  UpdateMTime: 1719
  RealTimeStamp: 0 seconds 
  LargestPossibleRegion: 
    Dimension: 3
    Index: [0, 0, 0]
    Size: [192, 256, 256]
  BufferedRegion: 
    Dimension: 3
    Index: [0, 0, 0]
    Size: [192, 256, 256]
  RequestedRegion: 
    Dimension: 3
    Index: [0, 0, 0]
    Size: [192, 256, 256]
  Spacing: [1, 1, 1]
  Origin: [98.7312, 89.1745, -145.61]
  Direction: 
-0.999355 -0.0352593 -0.00675763
0.034812 -0.997729 0.05766
-0.00877534 0.0573876 0.998313

  IndexToPointMatrix: 
-0.999355 -0.0352593 -0.00675763
0.034812 -0.997729 0.05766
-0.00877534 0.0573876 0.998313

  PointToIndexMatrix: 
-0.999355 0.034812 -0.00877534
-0.0352593 -0.997729 0.0573876
-0.00675763 0.05766 0.998313

  Inverse Direction: 
-0.999355 0.034812 -0.00877534
-0.0352593 -0.997729 0.0573876
-0.00675763 0.05766 0.998313

  PixelContainer: 
    ImportImageContainer (0x557e13086100)
      RTTI typeinfo:   itk::ImportImageContainer<unsigned long, float>
      Reference Count: 1
      Modified Time: 1716
      Debug: Off
      Object Name: 
      Observers: 
        none
      Pointer: 0x7efcc5fd2010
      Container manages memory: true
      Size: 12582912
      Capacity: 12582912

     Weighting = 1
     Sampling strategy = regular
     Number of bins = 32
     Radius = 4
     Sampling percentage  = 0.25
   Transform = Rigid
     Gradient step = 0.1
     Update field sigma (voxel space) = 0
     Total field sigma (voxel space) = 0
     Update field time sigma = 0
     Total field time sigma  = 0
     Number of time indices = 0
     Number of time point samples = 0
Stage 2 State
   Image metric = Mattes
     Fixed image = Image (0x557e13092870)
  RTTI typeinfo:   itk::Image<float, 3u>
  Reference Count: 2
  Modified Time: 2149
  Debug: Off
  Object Name: 
  Observers: 
    none
  Source: (none)
  Source output name: (none)
  Release Data: Off
  Data Released: False
  Global Release Data: Off
  PipelineMTime: 0
  UpdateMTime: 1934
  RealTimeStamp: 0 seconds 
  LargestPossibleRegion: 
    Dimension: 3
    Index: [0, 0, 0]
    Size: [192, 256, 256]
  BufferedRegion: 
    Dimension: 3
    Index: [0, 0, 0]
    Size: [192, 256, 256]
  RequestedRegion: 
    Dimension: 3
    Index: [0, 0, 0]
    Size: [192, 256, 256]
  Spacing: [1, 1, 1]
  Origin: [95.0313, 100.538, -154.123]
  Direction: 
-0.999853 -0.014134 -0.00966312
0.014129 -0.9999 0.000586045
-0.00967044 0.000449429 0.999953

  IndexToPointMatrix: 
-0.999853 -0.014134 -0.00966312
0.014129 -0.9999 0.000586045
-0.00967044 0.000449429 0.999953

  PointToIndexMatrix: 
-0.999853 0.014129 -0.00967044
-0.014134 -0.9999 0.000449429
-0.00966312 0.000586045 0.999953

  Inverse Direction: 
-0.999853 0.014129 -0.00967044
-0.014134 -0.9999 0.000449429
-0.00966312 0.000586045 0.999953

  PixelContainer: 
    ImportImageContainer (0x557e1307d6d0)
      RTTI typeinfo:   itk::ImportImageContainer<unsigned long, float>
      Reference Count: 1
      Modified Time: 1931
      Debug: Off
      Object Name: 
      Observers: 
        none
      Pointer: 0x7efcc2fd1010
      Container manages memory: true
      Size: 12582912
      Capacity: 12582912

     Moving image = Image (0x557e130924c0)
  RTTI typeinfo:   itk::Image<float, 3u>
  Reference Count: 2
  Modified Time: 2150
  Debug: Off
  Object Name: 
  Observers: 
    none
  Source: (none)
  Source output name: (none)
  Release Data: Off
  Data Released: False
  Global Release Data: Off
  PipelineMTime: 0
  UpdateMTime: 2147
  RealTimeStamp: 0 seconds 
  LargestPossibleRegion: 
    Dimension: 3
    Index: [0, 0, 0]
    Size: [192, 256, 256]
  BufferedRegion: 
    Dimension: 3
    Index: [0, 0, 0]
    Size: [192, 256, 256]
  RequestedRegion: 
    Dimension: 3
    Index: [0, 0, 0]
    Size: [192, 256, 256]
  Spacing: [1, 1, 1]
  Origin: [98.7312, 89.1745, -145.61]
  Direction: 
-0.999355 -0.0352593 -0.00675763
0.034812 -0.997729 0.05766
-0.00877534 0.0573876 0.998313

  IndexToPointMatrix: 
-0.999355 -0.0352593 -0.00675763
0.034812 -0.997729 0.05766
-0.00877534 0.0573876 0.998313

  PointToIndexMatrix: 
-0.999355 0.034812 -0.00877534
-0.0352593 -0.997729 0.0573876
-0.00675763 0.05766 0.998313

  Inverse Direction: 
-0.999355 0.034812 -0.00877534
-0.0352593 -0.997729 0.0573876
-0.00675763 0.05766 0.998313

  PixelContainer: 
    ImportImageContainer (0x557e130938c0)
      RTTI typeinfo:   itk::ImportImageContainer<unsigned long, float>
      Reference Count: 1
      Modified Time: 2144
      Debug: Off
      Object Name: 
      Observers: 
        none
      Pointer: 0x7efcbffd0010
      Container manages memory: true
      Size: 12582912
      Capacity: 12582912

     Weighting = 1
     Sampling strategy = regular
     Number of bins = 32
     Radius = 4
     Sampling percentage  = 0.25
   Transform = Affine
     Gradient step = 0.1
     Update field sigma (voxel space) = 0
     Total field sigma (voxel space) = 0
     Update field time sigma = 0
     Total field time sigma  = 0
     Number of time indices = 0
     Number of time point samples = 0
Stage 3 State
   Image metric = CC
     Fixed image = Image (0x557e13099960)
  RTTI typeinfo:   itk::Image<float, 3u>
  Reference Count: 2
  Modified Time: 2577
  Debug: Off
  Object Name: 
  Observers: 
    none
  Source: (none)
  Source output name: (none)
  Release Data: Off
  Data Released: False
  Global Release Data: Off
  PipelineMTime: 0
  UpdateMTime: 2362
  RealTimeStamp: 0 seconds 
  LargestPossibleRegion: 
    Dimension: 3
    Index: [0, 0, 0]
    Size: [192, 256, 256]
  BufferedRegion: 
    Dimension: 3
    Index: [0, 0, 0]
    Size: [192, 256, 256]
  RequestedRegion: 
    Dimension: 3
    Index: [0, 0, 0]
    Size: [192, 256, 256]
  Spacing: [1, 1, 1]
  Origin: [95.0313, 100.538, -154.123]
  Direction: 
-0.999853 -0.014134 -0.00966312
0.014129 -0.9999 0.000586045
-0.00967044 0.000449429 0.999953

  IndexToPointMatrix: 
-0.999853 -0.014134 -0.00966312
0.014129 -0.9999 0.000586045
-0.00967044 0.000449429 0.999953

  PointToIndexMatrix: 
-0.999853 0.014129 -0.00967044
-0.014134 -0.9999 0.000449429
-0.00966312 0.000586045 0.999953

  Inverse Direction: 
-0.999853 0.014129 -0.00967044
-0.014134 -0.9999 0.000449429
-0.00966312 0.000586045 0.999953

  PixelContainer: 
    ImportImageContainer (0x557e1307a660)
      RTTI typeinfo:   itk::ImportImageContainer<unsigned long, float>
      Reference Count: 1
      Modified Time: 2359
      Debug: Off
      Object Name: 
      Observers: 
        none
      Pointer: 0x7efcbcfcf010
      Container manages memory: true
      Size: 12582912
      Capacity: 12582912

     Moving image = Image (0x557e1309b840)
  RTTI typeinfo:   itk::Image<float, 3u>
  Reference Count: 2
  Modified Time: 2578
  Debug: Off
  Object Name: 
  Observers: 
    none
  Source: (none)
  Source output name: (none)
  Release Data: Off
  Data Released: False
  Global Release Data: Off
  PipelineMTime: 0
  UpdateMTime: 2575
  RealTimeStamp: 0 seconds 
  LargestPossibleRegion: 
    Dimension: 3
    Index: [0, 0, 0]
    Size: [192, 256, 256]
  BufferedRegion: 
    Dimension: 3
    Index: [0, 0, 0]
    Size: [192, 256, 256]
  RequestedRegion: 
    Dimension: 3
    Index: [0, 0, 0]
    Size: [192, 256, 256]
  Spacing: [1, 1, 1]
  Origin: [98.7312, 89.1745, -145.61]
  Direction: 
-0.999355 -0.0352593 -0.00675763
0.034812 -0.997729 0.05766
-0.00877534 0.0573876 0.998313

  IndexToPointMatrix: 
-0.999355 -0.0352593 -0.00675763
0.034812 -0.997729 0.05766
-0.00877534 0.0573876 0.998313

  PointToIndexMatrix: 
-0.999355 0.034812 -0.00877534
-0.0352593 -0.997729 0.0573876
-0.00675763 0.05766 0.998313

  Inverse Direction: 
-0.999355 0.034812 -0.00877534
-0.0352593 -0.997729 0.0573876
-0.00675763 0.05766 0.998313

  PixelContainer: 
    ImportImageContainer (0x557e13098660)
      RTTI typeinfo:   itk::ImportImageContainer<unsigned long, float>
      Reference Count: 1
      Modified Time: 2572
      Debug: Off
      Object Name: 
      Observers: 
        none
      Pointer: 0x7efcb9fce010
      Container manages memory: true
      Size: 12582912
      Capacity: 12582912

     Weighting = 1
     Sampling strategy = none
     Number of bins = 32
     Radius = 4
     Sampling percentage  = 1
   Transform = SyN
     Gradient step = 0.1
     Update field sigma (voxel space) = 3
     Total field sigma (voxel space) = 0
     Update field time sigma = 0
     Total field time sigma  = 0
     Number of time indices = 0
     Number of time point samples = 0
Registration using 3 total stages.

Stage 0
  iterations = 1000x500x250x0
  convergence threshold = 1e-06
  convergence window size = 10
  number of levels = 4
  using the Mattes MI metric (number of bins = 32, weight = 1)
  preprocessing:  winsorizing the image intensities
  preprocessing:  histogram matching the images
  Shrink factors (level 1 out of 4): [6, 6, 6]
  Shrink factors (level 2 out of 4): [4, 4, 4]
  Shrink factors (level 3 out of 4): [2, 2, 2]
  Shrink factors (level 4 out of 4): [1, 1, 1]
  smoothing sigmas per level: [4, 2, 1, 0]
  regular sampling (percentage = 0.25)

*** Running Euler3DTransform registration ***

DIAGNOSTIC,Iteration,metricValue,convergenceValue,ITERATION_TIME_INDEX,SINCE_LAST
 2DIAGNOSTIC,     1, -7.411479949951e-01, inf, 6.5865e-01, 6.5865e-01, 
 2DIAGNOSTIC,     2, -7.422842383385e-01, inf, 6.6800e-01, 9.3489e-03, 
 2DIAGNOSTIC,     3, -7.438735365868e-01, inf, 6.7755e-01, 9.5541e-03, 
 2DIAGNOSTIC,     4, -7.459951639175e-01, inf, 6.8656e-01, 9.0110e-03, 
 2DIAGNOSTIC,     5, -7.478720545769e-01, inf, 6.9544e-01, 8.8751e-03, 
 2DIAGNOSTIC,     6, -7.494254708290e-01, inf, 7.0373e-01, 8.2879e-03, 
 2DIAGNOSTIC,     7, -7.512325048447e-01, inf, 7.1165e-01, 7.9229e-03, 
 2DIAGNOSTIC,     8, -7.543935179710e-01, inf, 7.1970e-01, 8.0469e-03, 
 2DIAGNOSTIC,     9, -7.570455670357e-01, inf, 7.3143e-01, 1.1729e-02, 
 2DIAGNOSTIC,    10, -7.575935125351e-01, 1.499156001955e-03, 7.4102e-01, 9.5899e-03, 
 2DIAGNOSTIC,    11, -7.582545280457e-01, 1.348575926386e-03, 7.5027e-01, 9.2559e-03, 
 2DIAGNOSTIC,    12, -7.593045830727e-01, 1.171438256279e-03, 7.5860e-01, 8.3230e-03, 
 2DIAGNOSTIC,    13, -7.595908641815e-01, 9.681531228125e-04, 7.6682e-01, 8.2221e-03, 
 2DIAGNOSTIC,    14, -7.600495815277e-01, 7.748618372716e-04, 7.7606e-01, 9.2449e-03, 
 2DIAGNOSTIC,    15, -7.609131336212e-01, 6.064363988116e-04, 7.8675e-01, 1.0688e-02, 
 2DIAGNOSTIC,    16, -7.621252536774e-01, 4.690352943726e-04, 7.9468e-01, 7.9250e-03, 
 2DIAGNOSTIC,    17, -7.623169422150e-01, 3.473949909676e-04, 8.0272e-01, 8.0400e-03, 
 2DIAGNOSTIC,    18, -7.627797722816e-01, 2.824107941706e-04, 8.1099e-01, 8.2700e-03, 
 2DIAGNOSTIC,    19, -7.639209032059e-01, 2.736343012657e-04, 8.2328e-01, 1.2293e-02, 
 2DIAGNOSTIC,    20, -7.641986012459e-01, 2.551486250013e-04, 8.3125e-01, 7.9751e-03, 
 2DIAGNOSTIC,    21, -7.642297148705e-01, 2.266916562803e-04, 8.3932e-01, 8.0700e-03, 
 2DIAGNOSTIC,    22, -7.642580270767e-01, 1.986554125324e-04, 8.4830e-01, 8.9800e-03, 
 2DIAGNOSTIC,    23, -7.643430829048e-01, 1.608422608115e-04, 8.5626e-01, 7.9579e-03, 
 2DIAGNOSTIC,    24, -7.644195556641e-01, 1.191673654830e-04, 8.6636e-01, 1.0103e-02, 
 2DIAGNOSTIC,    25, -7.644850015640e-01, 8.322838402819e-05, 8.7550e-01, 9.1310e-03, 
 2DIAGNOSTIC,    26, -7.645143270493e-01, 6.054663026589e-05, 8.8603e-01, 1.0534e-02, 
 2DIAGNOSTIC,    27, -7.645667791367e-01, 3.744124478544e-05, 8.9582e-01, 9.7950e-03, 
 2DIAGNOSTIC,    28, -7.646334767342e-01, 1.926258300955e-05, 9.0510e-01, 9.2721e-03, 
 2DIAGNOSTIC,    29, -7.646673321724e-01, 1.570155109221e-05, 9.1417e-01, 9.0690e-03, 
 2DIAGNOSTIC,    30, -7.647305130959e-01, 1.525918924017e-05, 9.2307e-01, 8.9011e-03, 
 2DIAGNOSTIC,    31, -7.647548913956e-01, 1.417599378328e-05, 9.3194e-01, 8.8699e-03, 
 2DIAGNOSTIC,    32, -7.647995352745e-01, 1.275743397855e-05, 9.4286e-01, 1.0921e-02, 
 2DIAGNOSTIC,    33, -7.648234367371e-01, 1.152083950728e-05, 9.5073e-01, 7.8759e-03, 
 2DIAGNOSTIC,    34, -7.648677229881e-01, 1.066976710717e-05, 9.5963e-01, 8.8990e-03, 
 2DIAGNOSTIC,    35, -7.648726105690e-01, 9.688835234556e-06, 9.6730e-01, 7.6718e-03, 
 2DIAGNOSTIC,    36, -7.648796439171e-01, 8.304739822051e-06, 9.7498e-01, 7.6761e-03, 
 2DIAGNOSTIC,    37, -7.648874521255e-01, 6.891480552440e-06, 9.8383e-01, 8.8460e-03, 
 2DIAGNOSTIC,    38, -7.649476528168e-01, 6.222634965525e-06, 9.9256e-01, 8.7330e-03, 
 2DIAGNOSTIC,    39, -7.649858593941e-01, 5.736518687627e-06, 1.0035e+00, 1.0981e-02, 
 2DIAGNOSTIC,    40, -7.650422453880e-01, 5.921364845562e-06, 1.0114e+00, 7.8509e-03, 
 2DIAGNOSTIC,    41, -7.650437355042e-01, 5.838917786605e-06, 1.0203e+00, 8.9049e-03, 
 2DIAGNOSTIC,    42, -7.650463581085e-01, 5.705413059331e-06, 1.0282e+00, 7.9491e-03, 
 2DIAGNOSTIC,    43, -7.650497555733e-01, 5.330894055078e-06, 1.0374e+00, 9.1860e-03, 
 2DIAGNOSTIC,    44, -7.650789618492e-01, 5.150455308467e-06, 1.0453e+00, 7.8261e-03, 
 2DIAGNOSTIC,    45, -7.650817036629e-01, 4.610352334566e-06, 1.0540e+00, 8.7872e-03, 
 2DIAGNOSTIC,    46, -7.650830745697e-01, 3.798875468419e-06, 1.0628e+00, 8.7130e-03, 
 2DIAGNOSTIC,    47, -7.651145458221e-01, 3.037784154003e-06, 1.0727e+00, 9.9761e-03, 
 2DIAGNOSTIC,    48, -7.651153802872e-01, 2.546915084167e-06, 1.0804e+00, 7.6399e-03, 
 2DIAGNOSTIC,    49, -7.651428580284e-01, 2.383806531725e-06, 1.0881e+00, 7.7441e-03, 
 2DIAGNOSTIC,    50, -7.651441097260e-01, 2.489037342457e-06, 1.0957e+00, 7.6230e-03, 
 2DIAGNOSTIC,    51, -7.651743292809e-01, 2.649351927175e-06, 1.1037e+00, 7.9141e-03, 
 2DIAGNOSTIC,    52, -7.652065753937e-01, 2.855254251699e-06, 1.1144e+00, 1.0711e-02, 
 2DIAGNOSTIC,    53, -7.652087211609e-01, 2.866456043193e-06, 1.1233e+00, 8.9750e-03, 
 2DIAGNOSTIC,    54, -7.652077078819e-01, 2.860431550289e-06, 1.1322e+00, 8.8699e-03, 
 2DIAGNOSTIC,    55, -7.652087807655e-01, 2.667417675184e-06, 1.1409e+00, 8.7380e-03, 
 2DIAGNOSTIC,    56, -7.652086019516e-01, 2.281630486323e-06, 1.1508e+00, 9.8631e-03, 
 2DIAGNOSTIC,    57, -7.652091979980e-01, 1.952824959517e-06, 1.1596e+00, 8.8010e-03, 
 2DIAGNOSTIC,    58, -7.652095556259e-01, 1.506477133262e-06, 1.1684e+00, 8.7960e-03, 
 2DIAGNOSTIC,    59, -7.652095556259e-01, 1.162659145848e-06, 1.1772e+00, 8.8060e-03, 
DIAGNOSTIC,Iteration,metricValue,convergenceValue,ITERATION_TIME_INDEX,SINCE_LAST
 2DIAGNOSTIC,     1, -5.766035914421e-01, inf, 1.8849e+00, 7.0767e-01, 
 2DIAGNOSTIC,     2, -5.769812464714e-01, inf, 1.9199e+00, 3.4983e-02, 
 2DIAGNOSTIC,     3, -5.774427056313e-01, inf, 1.9540e+00, 3.4137e-02, 
 2DIAGNOSTIC,     4, -5.778115987778e-01, inf, 1.9871e+00, 3.3107e-02, 
 2DIAGNOSTIC,     5, -5.780485868454e-01, inf, 2.0200e+00, 3.2902e-02, 
 2DIAGNOSTIC,     6, -5.784312486649e-01, inf, 2.0523e+00, 3.2323e-02, 
 2DIAGNOSTIC,     7, -5.789952874184e-01, inf, 2.1003e+00, 4.7986e-02, 
 2DIAGNOSTIC,     8, -5.791099071503e-01, inf, 2.1312e+00, 3.0831e-02, 
 2DIAGNOSTIC,     9, -5.791591405869e-01, inf, 2.1666e+00, 3.5465e-02, 
 2DIAGNOSTIC,    10, -5.792234539986e-01, 3.132994752377e-04, 2.1977e+00, 3.1046e-02, 
 2DIAGNOSTIC,    11, -5.793495774269e-01, 2.467863087077e-04, 2.2323e+00, 3.4687e-02, 
 2DIAGNOSTIC,    12, -5.794786214828e-01, 1.895071618492e-04, 2.2627e+00, 3.0375e-02, 
 2DIAGNOSTIC,    13, -5.796432495117e-01, 1.475867757108e-04, 2.3057e+00, 4.3003e-02, 
 2DIAGNOSTIC,    14, -5.796741247177e-01, 1.126671704696e-04, 2.3375e+00, 3.1758e-02, 
 2DIAGNOSTIC,    15, -5.797688364983e-01, 8.316765888594e-05, 2.3734e+00, 3.5927e-02, 
 2DIAGNOSTIC,    16, -5.798144936562e-01, 6.257135828491e-05, 2.4308e+00, 5.7356e-02, 
 2DIAGNOSTIC,    17, -5.798225402832e-01, 5.521849379875e-05, 2.4616e+00, 3.0851e-02, 
 2DIAGNOSTIC,    18, -5.798460245132e-01, 4.752095992444e-05, 2.4972e+00, 3.5567e-02, 
 2DIAGNOSTIC,    19, -5.798605680466e-01, 3.805544838542e-05, 2.5361e+00, 3.8932e-02, 
 2DIAGNOSTIC,    20, -5.798572301865e-01, 2.762348958640e-05, 2.5719e+00, 3.5828e-02, 
 2DIAGNOSTIC,    21, -5.798538923264e-01, 1.859180156316e-05, 2.6074e+00, 3.5477e-02, 
 2DIAGNOSTIC,    22, -5.798456668854e-01, 1.141890516010e-05, 2.6428e+00, 3.5415e-02, 
 2DIAGNOSTIC,    23, -5.798476338387e-01, 7.506898327847e-06, 2.6791e+00, 3.6250e-02, 
 2DIAGNOSTIC,    24, -5.798479914665e-01, 3.933704647352e-06, 2.7152e+00, 3.6150e-02, 
 2DIAGNOSTIC,    25, -5.798469185829e-01, 2.221760269094e-06, 2.7507e+00, 3.5458e-02, 
 2DIAGNOSTIC,    26, -5.798486471176e-01, 1.455514166082e-06, 2.7815e+00, 3.0830e-02, 
DIAGNOSTIC,Iteration,metricValue,convergenceValue,ITERATION_TIME_INDEX,SINCE_LAST
 2DIAGNOSTIC,     1, -5.213773250580e-01, inf, 3.8125e+00, 1.0310e+00, 
 2DIAGNOSTIC,     2, -5.217067599297e-01, inf, 4.0335e+00, 2.2094e-01, 
 2DIAGNOSTIC,     3, -5.220271945000e-01, inf, 4.2547e+00, 2.2123e-01, 
 2DIAGNOSTIC,     4, -5.222195982933e-01, inf, 4.4755e+00, 2.2082e-01, 
 2DIAGNOSTIC,     5, -5.223298668861e-01, inf, 4.6973e+00, 2.2183e-01, 
 2DIAGNOSTIC,     6, -5.224348902702e-01, inf, 4.9165e+00, 2.1914e-01, 
 2DIAGNOSTIC,     7, -5.224954485893e-01, inf, 5.1352e+00, 2.1876e-01, 
 2DIAGNOSTIC,     8, -5.226269960403e-01, inf, 5.3554e+00, 2.2020e-01, 
 2DIAGNOSTIC,     9, -5.227876305580e-01, inf, 5.6880e+00, 3.3256e-01, 
 2DIAGNOSTIC,    10, -5.228160619736e-01, 1.637245295569e-04, 5.9359e+00, 2.4792e-01, 
 2DIAGNOSTIC,    11, -5.228237509727e-01, 1.193188945763e-04, 6.1833e+00, 2.4739e-01, 
 2DIAGNOSTIC,    12, -5.228296518326e-01, 8.689388050698e-05, 6.4012e+00, 2.1787e-01, 
 2DIAGNOSTIC,    13, -5.228340029716e-01, 6.523254705826e-05, 6.6489e+00, 2.4770e-01, 
 2DIAGNOSTIC,    14, -5.228418111801e-01, 4.858437750954e-05, 6.8973e+00, 2.4846e-01, 
 2DIAGNOSTIC,    15, -5.228452086449e-01, 3.400400601095e-05, 7.1168e+00, 2.1947e-01, 
