
Running N4 for 3-dimensional images.

Mask not read.  Using the entire image as the mask.

Original intensity range:  [0, 957]

***********************************************************
Warning:  Your input image contains nonpositive values
which could cause failure or problematic results.  A
possible workaround would be to:
   1. rescale your image to positive values e.g., [10,100].
   2. run N4 on your rescaled image.
   3. (optional) rescale the N4 output to the original
      intensity range.
***********************************************************

Specified spline distance: 200mm
  original image size:  [192, 256, 256]
  padded image size:  [201, 401, 401]
  number of control points:  [4, 5, 5]

Current level = 1
  Iteration 1 (of 50).   Current convergence value = 0.000698593 (threshold = 1e-08)
  Iteration 2 (of 50).   Current convergence value = 0.000468378 (threshold = 1e-08)
  Iteration 3 (of 50).   Current convergence value = 0.000314742 (threshold = 1e-08)
  Iteration 4 (of 50).   Current convergence value = 0.000219444 (threshold = 1e-08)
  Iteration 5 (of 50).   Current convergence value = 0.000158188 (threshold = 1e-08)
  Iteration 6 (of 50).   Current convergence value = 0.000119427 (threshold = 1e-08)
  Iteration 7 (of 50).   Current convergence value = 9.64813e-05 (threshold = 1e-08)
  Iteration 8 (of 50).   Current convergence value = 8.43475e-05 (threshold = 1e-08)
  Iteration 9 (of 50).   Current convergence value = 7.8989e-05 (threshold = 1e-08)
  Iteration 10 (of 50).   Current convergence value = 7.72647e-05 (threshold = 1e-08)
  Iteration 11 (of 50).   Current convergence value = 7.71791e-05 (threshold = 1e-08)
  Iteration 12 (of 50).   Current convergence value = 7.76683e-05 (threshold = 1e-08)
  Iteration 13 (of 50).   Current convergence value = 7.82468e-05 (threshold = 1e-08)
  Iteration 14 (of 50).   Current convergence value = 7.89438e-05 (threshold = 1e-08)
  Iteration 15 (of 50).   Current convergence value = 7.9479e-05 (threshold = 1e-08)
  Iteration 16 (of 50).   Current convergence value = 7.98066e-05 (threshold = 1e-08)
  Iteration 17 (of 50).   Current convergence value = 8.00072e-05 (threshold = 1e-08)
  Iteration 18 (of 50).   Current convergence value = 8.00552e-05 (threshold = 1e-08)
  Iteration 19 (of 50).   Current convergence value = 8.0045e-05 (threshold = 1e-08)
  Iteration 20 (of 50).   Current convergence value = 8.00015e-05 (threshold = 1e-08)
  Iteration 21 (of 50).   Current convergence value = 7.98616e-05 (threshold = 1e-08)
  Iteration 22 (of 50).   Current convergence value = 7.98182e-05 (threshold = 1e-08)
  Iteration 23 (of 50).   Current convergence value = 7.97107e-05 (threshold = 1e-08)
  Iteration 24 (of 50).   Current convergence value = 7.93973e-05 (threshold = 1e-08)
  Iteration 25 (of 50).   Current convergence value = 7.91083e-05 (threshold = 1e-08)
  Iteration 26 (of 50).   Current convergence value = 7.88765e-05 (threshold = 1e-08)
  Iteration 27 (of 50).   Current convergence value = 7.86404e-05 (threshold = 1e-08)
  Iteration 28 (of 50).   Current convergence value = 7.84769e-05 (threshold = 1e-08)
  Iteration 29 (of 50).   Current convergence value = 7.78957e-05 (threshold = 1e-08)
  Iteration 30 (of 50).   Current convergence value = 7.64025e-05 (threshold = 1e-08)
  Iteration 31 (of 50).   Current convergence value = 7.5183e-05 (threshold = 1e-08)
  Iteration 32 (of 50).   Current convergence value = 7.40439e-05 (threshold = 1e-08)
  Iteration 33 (of 50).   Current convergence value = 7.30365e-05 (threshold = 1e-08)
  Iteration 34 (of 50).   Current convergence value = 7.22532e-05 (threshold = 1e-08)
  Iteration 35 (of 50).   Current convergence value = 7.15702e-05 (threshold = 1e-08)
  Iteration 36 (of 50).   Current convergence value = 7.0715e-05 (threshold = 1e-08)
  Iteration 37 (of 50).   Current convergence value = 7.00856e-05 (threshold = 1e-08)
  Iteration 38 (of 50).   Current convergence value = 6.9543e-05 (threshold = 1e-08)
  Iteration 39 (of 50).   Current convergence value = 6.88646e-05 (threshold = 1e-08)
  Iteration 40 (of 50).   Current convergence value = 6.81243e-05 (threshold = 1e-08)
  Iteration 41 (of 50).   Current convergence value = 6.75339e-05 (threshold = 1e-08)
  Iteration 42 (of 50).   Current convergence value = 6.71281e-05 (threshold = 1e-08)
  Iteration 43 (of 50).   Current convergence value = 6.659e-05 (threshold = 1e-08)
  Iteration 44 (of 50).   Current convergence value = 6.59907e-05 (threshold = 1e-08)
  Iteration 45 (of 50).   Current convergence value = 6.55245e-05 (threshold = 1e-08)
  Iteration 46 (of 50).   Current convergence value = 6.50015e-05 (threshold = 1e-08)
  Iteration 47 (of 50).   Current convergence value = 6.44745e-05 (threshold = 1e-08)
  Iteration 48 (of 50).   Current convergence value = 6.39099e-05 (threshold = 1e-08)
  Iteration 49 (of 50).   Current convergence value = 6.34249e-05 (threshold = 1e-08)
  Iteration 50 (of 50).   Current convergence value = 6.30221e-05 (threshold = 1e-08)
Current level = 2
  Iteration 1 (of 50).   Current convergence value = 0.000485663 (threshold = 1e-08)
  Iteration 2 (of 50).   Current convergence value = 0.000397539 (threshold = 1e-08)
  Iteration 3 (of 50).   Current convergence value = 0.000345461 (threshold = 1e-08)
  Iteration 4 (of 50).   Current convergence value = 0.000299899 (threshold = 1e-08)
  Iteration 5 (of 50).   Current convergence value = 0.000261551 (threshold = 1e-08)
  Iteration 6 (of 50).   Current convergence value = 0.000231013 (threshold = 1e-08)
  Iteration 7 (of 50).   Current convergence value = 0.000209058 (threshold = 1e-08)
  Iteration 8 (of 50).   Current convergence value = 0.000194411 (threshold = 1e-08)
  Iteration 9 (of 50).   Current convergence value = 0.00017455 (threshold = 1e-08)
  Iteration 10 (of 50).   Current convergence value = 0.00015759 (threshold = 1e-08)
  Iteration 11 (of 50).   Current convergence value = 0.000142844 (threshold = 1e-08)
  Iteration 12 (of 50).   Current convergence value = 0.000130038 (threshold = 1e-08)
  Iteration 13 (of 50).   Current convergence value = 0.000119091 (threshold = 1e-08)
  Iteration 14 (of 50).   Current convergence value = 0.000109469 (threshold = 1e-08)
  Iteration 15 (of 50).   Current convergence value = 0.000101046 (threshold = 1e-08)
  Iteration 16 (of 50).   Current convergence value = 9.39823e-05 (threshold = 1e-08)
  Iteration 17 (of 50).   Current convergence value = 8.78393e-05 (threshold = 1e-08)
  Iteration 18 (of 50).   Current convergence value = 8.26758e-05 (threshold = 1e-08)
  Iteration 19 (of 50).   Current convergence value = 7.81971e-05 (threshold = 1e-08)
  Iteration 20 (of 50).   Current convergence value = 7.59722e-05 (threshold = 1e-08)
  Iteration 21 (of 50).   Current convergence value = 7.43687e-05 (threshold = 1e-08)
  Iteration 22 (of 50).   Current convergence value = 7.31416e-05 (threshold = 1e-08)
  Iteration 23 (of 50).   Current convergence value = 7.20368e-05 (threshold = 1e-08)
  Iteration 24 (of 50).   Current convergence value = 7.12504e-05 (threshold = 1e-08)
  Iteration 25 (of 50).   Current convergence value = 7.05683e-05 (threshold = 1e-08)
  Iteration 26 (of 50).   Current convergence value = 7.00293e-05 (threshold = 1e-08)
  Iteration 27 (of 50).   Current convergence value = 6.94669e-05 (threshold = 1e-08)
  Iteration 28 (of 50).   Current convergence value = 6.89756e-05 (threshold = 1e-08)
  Iteration 29 (of 50).   Current convergence value = 6.84567e-05 (threshold = 1e-08)
  Iteration 30 (of 50).   Current convergence value = 6.80766e-05 (threshold = 1e-08)
  Iteration 31 (of 50).   Current convergence value = 6.77712e-05 (threshold = 1e-08)
  Iteration 32 (of 50).   Current convergence value = 6.72241e-05 (threshold = 1e-08)
  Iteration 33 (of 50).   Current convergence value = 6.67862e-05 (threshold = 1e-08)
  Iteration 34 (of 50).   Current convergence value = 6.64755e-05 (threshold = 1e-08)
  Iteration 35 (of 50).   Current convergence value = 6.61381e-05 (threshold = 1e-08)
  Iteration 36 (of 50).   Current convergence value = 6.56761e-05 (threshold = 1e-08)
  Iteration 37 (of 50).   Current convergence value = 6.54039e-05 (threshold = 1e-08)
  Iteration 38 (of 50).   Current convergence value = 6.52272e-05 (threshold = 1e-08)
  Iteration 39 (of 50).   Current convergence value = 6.49695e-05 (threshold = 1e-08)
  Iteration 40 (of 50).   Current convergence value = 6.47264e-05 (threshold = 1e-08)
  Iteration 41 (of 50).   Current convergence value = 6.47054e-05 (threshold = 1e-08)
  Iteration 42 (of 50).   Current convergence value = 6.44755e-05 (threshold = 1e-08)
  Iteration 43 (of 50).   Current convergence value = 6.43818e-05 (threshold = 1e-08)
  Iteration 44 (of 50).   Current convergence value = 6.42257e-05 (threshold = 1e-08)
  Iteration 45 (of 50).   Current convergence value = 6.41897e-05 (threshold = 1e-08)
  Iteration 46 (of 50).   Current convergence value = 6.41261e-05 (threshold = 1e-08)
  Iteration 47 (of 50).   Current convergence value = 6.41322e-05 (threshold = 1e-08)
  Iteration 48 (of 50).   Current convergence value = 6.40449e-05 (threshold = 1e-08)
  Iteration 49 (of 50).   Current convergence value = 6.40684e-05 (threshold = 1e-08)
  Iteration 50 (of 50).   Current convergence value = 6.40104e-05 (threshold = 1e-08)
Current level = 3
  Iteration 1 (of 40).   Current convergence value = 0.00148738 (threshold = 1e-08)
  Iteration 2 (of 40).   Current convergence value = 0.00112222 (threshold = 1e-08)
  Iteration 3 (of 40).   Current convergence value = 0.000913735 (threshold = 1e-08)
  Iteration 4 (of 40).   Current convergence value = 0.000752543 (threshold = 1e-08)
  Iteration 5 (of 40).   Current convergence value = 0.000650328 (threshold = 1e-08)
  Iteration 6 (of 40).   Current convergence value = 0.000593078 (threshold = 1e-08)
  Iteration 7 (of 40).   Current convergence value = 0.000565965 (threshold = 1e-08)
  Iteration 8 (of 40).   Current convergence value = 0.000557721 (threshold = 1e-08)
  Iteration 9 (of 40).   Current convergence value = 0.000559394 (threshold = 1e-08)
  Iteration 10 (of 40).   Current convergence value = 0.000567922 (threshold = 1e-08)
  Iteration 11 (of 40).   Current convergence value = 0.000580373 (threshold = 1e-08)
  Iteration 12 (of 40).   Current convergence value = 0.000597339 (threshold = 1e-08)
  Iteration 13 (of 40).   Current convergence value = 0.000617738 (threshold = 1e-08)
  Iteration 14 (of 40).   Current convergence value = 0.000638586 (threshold = 1e-08)
  Iteration 15 (of 40).   Current convergence value = 0.000660632 (threshold = 1e-08)
  Iteration 16 (of 40).   Current convergence value = 0.000683749 (threshold = 1e-08)
  Iteration 17 (of 40).   Current convergence value = 0.000705327 (threshold = 1e-08)
  Iteration 18 (of 40).   Current convergence value = 0.000725585 (threshold = 1e-08)
  Iteration 19 (of 40).   Current convergence value = 0.000746235 (threshold = 1e-08)
  Iteration 20 (of 40).   Current convergence value = 0.000757809 (threshold = 1e-08)
  Iteration 21 (of 40).   Current convergence value = 0.000781934 (threshold = 1e-08)
  Iteration 22 (of 40).   Current convergence value = 0.000804231 (threshold = 1e-08)
  Iteration 23 (of 40).   Current convergence value = 0.000825842 (threshold = 1e-08)
  Iteration 24 (of 40).   Current convergence value = 0.000847699 (threshold = 1e-08)
  Iteration 25 (of 40).   Current convergence value = 0.000868999 (threshold = 1e-08)
  Iteration 26 (of 40).   Current convergence value = 0.000893542 (threshold = 1e-08)
  Iteration 27 (of 40).   Current convergence value = 0.000916293 (threshold = 1e-08)
  Iteration 28 (of 40).   Current convergence value = 0.000938483 (threshold = 1e-08)
  Iteration 29 (of 40).   Current convergence value = 0.000961043 (threshold = 1e-08)
  Iteration 30 (of 40).   Current convergence value = 0.00098099 (threshold = 1e-08)
  Iteration 31 (of 40).   Current convergence value = 0.000999852 (threshold = 1e-08)
  Iteration 32 (of 40).   Current convergence value = 0.00101879 (threshold = 1e-08)
  Iteration 33 (of 40).   Current convergence value = 0.00103511 (threshold = 1e-08)
  Iteration 34 (of 40).   Current convergence value = 0.00105015 (threshold = 1e-08)
  Iteration 35 (of 40).   Current convergence value = 0.00106371 (threshold = 1e-08)
  Iteration 36 (of 40).   Current convergence value = 0.0010689 (threshold = 1e-08)
  Iteration 37 (of 40).   Current convergence value = 0.00106889 (threshold = 1e-08)
  Iteration 38 (of 40).   Current convergence value = 0.00105759 (threshold = 1e-08)
  Iteration 39 (of 40).   Current convergence value = 0.0010433 (threshold = 1e-08)
  Iteration 40 (of 40).   Current convergence value = 0.00102799 (threshold = 1e-08)
Current level = 4
  Iteration 1 (of 30).   Current convergence value = 0.00263854 (threshold = 1e-08)
  Iteration 2 (of 30).   Current convergence value = 0.00227417 (threshold = 1e-08)
  Iteration 3 (of 30).   Current convergence value = 0.00214735 (threshold = 1e-08)
  Iteration 4 (of 30).   Current convergence value = 0.00204207 (threshold = 1e-08)
  Iteration 5 (of 30).   Current convergence value = 0.00187817 (threshold = 1e-08)
  Iteration 6 (of 30).   Current convergence value = 0.00175298 (threshold = 1e-08)
  Iteration 7 (of 30).   Current convergence value = 0.00164405 (threshold = 1e-08)
  Iteration 8 (of 30).   Current convergence value = 0.00154766 (threshold = 1e-08)
  Iteration 9 (of 30).   Current convergence value = 0.00145405 (threshold = 1e-08)
  Iteration 10 (of 30).   Current convergence value = 0.00136293 (threshold = 1e-08)
  Iteration 11 (of 30).   Current convergence value = 0.00127743 (threshold = 1e-08)
  Iteration 12 (of 30).   Current convergence value = 0.00128132 (threshold = 1e-08)
  Iteration 13 (of 30).   Current convergence value = 0.00132473 (threshold = 1e-08)
  Iteration 14 (of 30).   Current convergence value = 0.00137229 (threshold = 1e-08)
  Iteration 15 (of 30).   Current convergence value = 0.00142441 (threshold = 1e-08)
  Iteration 16 (of 30).   Current convergence value = 0.00147298 (threshold = 1e-08)
  Iteration 17 (of 30).   Current convergence value = 0.00147458 (threshold = 1e-08)
  Iteration 18 (of 30).   Current convergence value = 0.00145527 (threshold = 1e-08)
  Iteration 19 (of 30).   Current convergence value = 0.00145113 (threshold = 1e-08)
  Iteration 20 (of 30).   Current convergence value = 0.00143785 (threshold = 1e-08)
  Iteration 21 (of 30).   Current convergence value = 0.0014128 (threshold = 1e-08)
  Iteration 22 (of 30).   Current convergence value = 0.00137584 (threshold = 1e-08)
  Iteration 23 (of 30).   Current convergence value = 0.00132883 (threshold = 1e-08)
  Iteration 24 (of 30).   Current convergence value = 0.00129335 (threshold = 1e-08)
  Iteration 25 (of 30).   Current convergence value = 0.00125905 (threshold = 1e-08)
  Iteration 26 (of 30).   Current convergence value = 0.00121966 (threshold = 1e-08)
  Iteration 27 (of 30).   Current convergence value = 0.00121527 (threshold = 1e-08)
  Iteration 28 (of 30).   Current convergence value = 0.00122574 (threshold = 1e-08)
  Iteration 29 (of 30).   Current convergence value = 0.00123666 (threshold = 1e-08)
  Iteration 30 (of 30).   Current convergence value = 0.00124719 (threshold = 1e-08)
   N4BiasFieldCorrectionImageFilter (0x55ac8919de20)
     RTTI typeinfo:   itk::N4BiasFieldCorrectionImageFilter<itk::Image<float, 3u>, itk::Image<float, 3u>, itk::Image<float, 3u> >
     Reference Count: 1
     Modified Time: 565
     Debug: Off
     Object Name: 
     Observers: 
       IterationEvent(Command)
     Inputs: 
       ConfidenceImage: (0)
       MaskImage: (0x55ac891c8620)
       Primary: (0x55ac891c3b20) *
     Indexed Inputs: 
       0: Primary (0x55ac891c3b20)
       1: MaskImage (0x55ac891c8620)
       2: ConfidenceImage (0)
     Required Input Names: Primary
     NumberOfRequiredInputs: 1
     Outputs: 
       Primary: (0x55ac891adef0)
     Indexed Outputs: 
       0: Primary (0x55ac891adef0)
     NumberOfRequiredOutputs: 1
     Number Of Work Units: 32
     ReleaseDataFlag: Off
     ReleaseDataBeforeUpdateFlag: Off
     AbortGenerateData: Off
     Progress: 0
     Multithreader: 
       RTTI typeinfo:   itk::PoolMultiThreader
       Reference Count: 1
       Modified Time: 144
       Debug: Off
       Object Name: 
       Observers: 
         none
       Number of Work Units: 32
       Number of Threads: 8
       Global Maximum Number Of Threads: 128
       Global Default Number Of Threads: 8
       Global Default Threader Type: itk::MultiThreaderBaseEnums::Threader::Pool
       SingleMethod: 0
       SingleData: 0
     DynamicMultiThreading: On
     CoordinateTolerance: 1e-06
     DirectionTolerance: 1e-06
     Use Mask Label: 0
     Mask label: 1
     Number of histogram bins: 200
     Wiener filter noise: 0.01
     Bias field FWHM: 0.15
     Maximum number of iterations: [50, 50, 40, 30]
     Convergence threshold: 1e-08
     Spline order: 3
     Number of fitting levels: [4, 4, 4]
     Number of control points: [4, 5, 5]
     CurrentConvergenceMeasurement: 0.00124719
     CurrentLevel: 4
     ElapsedIterations: 31
     LogBiasFieldControlPointLattice: 
       Image (0x55ac8fca9df0)
         RTTI typeinfo:   itk::Image<itk::Vector<float, 1u>, 3u>
         Reference Count: 1
         Modified Time: 343560
         Debug: Off
         Object Name: 
         Observers: 
           none
         Source: (none)
         Source output name: (none)
         Release Data: Off
         Data Released: False
         Global Release Data: Off
         PipelineMTime: 0
         UpdateMTime: 0
         RealTimeStamp: 0 seconds 
         LargestPossibleRegion: 
           Dimension: 3
           Index: [0, 0, 0]
           Size: [11, 19, 19]
         BufferedRegion: 
           Dimension: 3
           Index: [0, 0, 0]
           Size: [11, 19, 19]
         RequestedRegion: 
           Dimension: 3
           Index: [0, 0, 0]
           Size: [11, 19, 19]
         Spacing: [24.75, 24.875, 24.875]
         Origin: [27.6587, 26.0351, -20.1808]
         Direction: 
-0.996035 -0.0429988 -0.0778782
0.051022 -0.993252 -0.104152
-0.0728742 -0.107712 0.991508

         IndexToPointMatrix: 
-24.6519 -1.06959 -1.93722
1.2628 -24.7071 -2.59078
-1.80364 -2.67934 24.6638

         PointToIndexMatrix: 
-0.0402438 0.0020615 -0.00294441
-0.00172859 -0.0399297 -0.00433015
-0.00313078 -0.00418699 0.0398596

         Inverse Direction: 
-0.996035 0.051022 -0.0728742
-0.0429988 -0.993252 -0.107713
-0.0778781 -0.104151 0.991508

         PixelContainer: 
           ImportImageContainer (0x55ac8fca9a50)
             RTTI typeinfo:   itk::ImportImageContainer<unsigned long, itk::Vector<float, 1u> >
             Reference Count: 1
             Modified Time: 343561
             Debug: Off
             Object Name: 
             Observers: 
               none
             Pointer: 0x55ac93366090
             Container manages memory: true
             Size: 3971
             Capacity: 3971
Elapsed time: 269.838
All_Command_lines_OK
Using single precision for computations.
=============================================================================
The composite transform comprises the following transforms (in order): 
  1. Center of mass alignment using fixed image: /home/mpib/nemecz/Projects/miniTRK/Results/01_MRI/GroupTempl/T1w/T_template0.nii.gz and moving image: /home/mpib/nemecz/Projects/miniTRK/Analysis/01_MRI/Preproc/GroupTempl/T1w/sub-546563_T1w.nii.gz (type = Euler3DTransform)
=============================================================================
  number of levels = 4
  number of levels = 4
  number of levels = 4
  fixed image: /home/mpib/nemecz/Projects/miniTRK/Results/01_MRI/GroupTempl/T1w/T_template0.nii.gz
  moving image: /home/mpib/nemecz/Projects/miniTRK/Results/01_MRI/GroupTempl/T1w/T_template0sub-546563_T1wRepaired.nii.gz
  fixed image: /home/mpib/nemecz/Projects/miniTRK/Results/01_MRI/GroupTempl/T1w/T_template0.nii.gz
  moving image: /home/mpib/nemecz/Projects/miniTRK/Results/01_MRI/GroupTempl/T1w/T_template0sub-546563_T1wRepaired.nii.gz
  fixed image: /home/mpib/nemecz/Projects/miniTRK/Results/01_MRI/GroupTempl/T1w/T_template0.nii.gz
  moving image: /home/mpib/nemecz/Projects/miniTRK/Results/01_MRI/GroupTempl/T1w/T_template0sub-546563_T1wRepaired.nii.gz
Dimension = 3
Number of stages = 3
Use Histogram Matching true
Winsorize image intensities true
Lower quantile = 0.01
Upper quantile = 0.99
Stage 1 State
   Image metric = Mattes
     Fixed image = Image (0x55ea3a217ad0)
  RTTI typeinfo:   itk::Image<float, 3u>
  Reference Count: 2
  Modified Time: 1721
  Debug: Off
  Object Name: 
  Observers: 
    none
  Source: (none)
  Source output name: (none)
  Release Data: Off
  Data Released: False
  Global Release Data: Off
  PipelineMTime: 0
  UpdateMTime: 1506
  RealTimeStamp: 0 seconds 
  LargestPossibleRegion: 
    Dimension: 3
    Index: [0, 0, 0]
    Size: [192, 256, 256]
  BufferedRegion: 
    Dimension: 3
    Index: [0, 0, 0]
    Size: [192, 256, 256]
  RequestedRegion: 
    Dimension: 3
    Index: [0, 0, 0]
    Size: [192, 256, 256]
  Spacing: [1, 1, 1]
  Origin: [95.0313, 100.538, -154.123]
  Direction: 
-0.999853 -0.014134 -0.00966312
0.014129 -0.9999 0.000586045
-0.00967044 0.000449429 0.999953

  IndexToPointMatrix: 
-0.999853 -0.014134 -0.00966312
0.014129 -0.9999 0.000586045
-0.00967044 0.000449429 0.999953

  PointToIndexMatrix: 
-0.999853 0.014129 -0.00967044
-0.014134 -0.9999 0.000449429
-0.00966312 0.000586045 0.999953

  Inverse Direction: 
-0.999853 0.014129 -0.00967044
-0.014134 -0.9999 0.000449429
-0.00966312 0.000586045 0.999953

  PixelContainer: 
    ImportImageContainer (0x55ea3a21fc80)
      RTTI typeinfo:   itk::ImportImageContainer<unsigned long, float>
      Reference Count: 1
      Modified Time: 1503
      Debug: Off
      Object Name: 
      Observers: 
        none
      Pointer: 0x7fb819216010
      Container manages memory: true
      Size: 12582912
      Capacity: 12582912

     Moving image = Image (0x55ea3a218bc0)
  RTTI typeinfo:   itk::Image<float, 3u>
  Reference Count: 2
  Modified Time: 1722
  Debug: Off
  Object Name: 
  Observers: 
    none
  Source: (none)
  Source output name: (none)
  Release Data: Off
  Data Released: False
  Global Release Data: Off
  PipelineMTime: 0
  UpdateMTime: 1719
  RealTimeStamp: 0 seconds 
  LargestPossibleRegion: 
    Dimension: 3
    Index: [0, 0, 0]
    Size: [192, 256, 256]
  BufferedRegion: 
    Dimension: 3
    Index: [0, 0, 0]
    Size: [192, 256, 256]
  RequestedRegion: 
    Dimension: 3
    Index: [0, 0, 0]
    Size: [192, 256, 256]
  Spacing: [1, 1, 1]
  Origin: [113.079, 108.227, -128.833]
  Direction: 
-0.996035 -0.0429988 -0.0778782
0.051022 -0.993252 -0.104152
-0.0728742 -0.107712 0.991508

  IndexToPointMatrix: 
-0.996035 -0.0429988 -0.0778782
0.051022 -0.993252 -0.104152
-0.0728742 -0.107712 0.991508

  PointToIndexMatrix: 
-0.996035 0.051022 -0.0728742
-0.0429988 -0.993252 -0.107712
-0.0778782 -0.104152 0.991508

  Inverse Direction: 
-0.996035 0.051022 -0.0728742
-0.0429988 -0.993252 -0.107712
-0.0778782 -0.104152 0.991508

  PixelContainer: 
    ImportImageContainer (0x55ea3a224100)
      RTTI typeinfo:   itk::ImportImageContainer<unsigned long, float>
      Reference Count: 1
      Modified Time: 1716
      Debug: Off
      Object Name: 
      Observers: 
        none
      Pointer: 0x7fb816215010
      Container manages memory: true
      Size: 12582912
      Capacity: 12582912

     Weighting = 1
     Sampling strategy = regular
     Number of bins = 32
     Radius = 4
     Sampling percentage  = 0.25
   Transform = Rigid
     Gradient step = 0.1
     Update field sigma (voxel space) = 0
     Total field sigma (voxel space) = 0
     Update field time sigma = 0
     Total field time sigma  = 0
     Number of time indices = 0
     Number of time point samples = 0
Stage 2 State
   Image metric = Mattes
     Fixed image = Image (0x55ea3a230870)
  RTTI typeinfo:   itk::Image<float, 3u>
  Reference Count: 2
  Modified Time: 2149
  Debug: Off
  Object Name: 
  Observers: 
    none
  Source: (none)
  Source output name: (none)
  Release Data: Off
  Data Released: False
  Global Release Data: Off
  PipelineMTime: 0
  UpdateMTime: 1934
  RealTimeStamp: 0 seconds 
  LargestPossibleRegion: 
    Dimension: 3
    Index: [0, 0, 0]
    Size: [192, 256, 256]
  BufferedRegion: 
    Dimension: 3
    Index: [0, 0, 0]
    Size: [192, 256, 256]
  RequestedRegion: 
    Dimension: 3
    Index: [0, 0, 0]
    Size: [192, 256, 256]
  Spacing: [1, 1, 1]
  Origin: [95.0313, 100.538, -154.123]
  Direction: 
-0.999853 -0.014134 -0.00966312
0.014129 -0.9999 0.000586045
-0.00967044 0.000449429 0.999953

  IndexToPointMatrix: 
-0.999853 -0.014134 -0.00966312
0.014129 -0.9999 0.000586045
-0.00967044 0.000449429 0.999953

  PointToIndexMatrix: 
-0.999853 0.014129 -0.00967044
-0.014134 -0.9999 0.000449429
-0.00966312 0.000586045 0.999953

  Inverse Direction: 
-0.999853 0.014129 -0.00967044
-0.014134 -0.9999 0.000449429
-0.00966312 0.000586045 0.999953

  PixelContainer: 
    ImportImageContainer (0x55ea3a21b6d0)
      RTTI typeinfo:   itk::ImportImageContainer<unsigned long, float>
      Reference Count: 1
      Modified Time: 1931
      Debug: Off
      Object Name: 
      Observers: 
        none
      Pointer: 0x7fb813214010
      Container manages memory: true
      Size: 12582912
      Capacity: 12582912

     Moving image = Image (0x55ea3a2304c0)
  RTTI typeinfo:   itk::Image<float, 3u>
  Reference Count: 2
  Modified Time: 2150
  Debug: Off
  Object Name: 
  Observers: 
    none
  Source: (none)
  Source output name: (none)
  Release Data: Off
  Data Released: False
  Global Release Data: Off
  PipelineMTime: 0
  UpdateMTime: 2147
  RealTimeStamp: 0 seconds 
  LargestPossibleRegion: 
    Dimension: 3
    Index: [0, 0, 0]
    Size: [192, 256, 256]
  BufferedRegion: 
    Dimension: 3
    Index: [0, 0, 0]
    Size: [192, 256, 256]
  RequestedRegion: 
    Dimension: 3
    Index: [0, 0, 0]
    Size: [192, 256, 256]
  Spacing: [1, 1, 1]
  Origin: [113.079, 108.227, -128.833]
  Direction: 
-0.996035 -0.0429988 -0.0778782
0.051022 -0.993252 -0.104152
-0.0728742 -0.107712 0.991508

  IndexToPointMatrix: 
-0.996035 -0.0429988 -0.0778782
0.051022 -0.993252 -0.104152
-0.0728742 -0.107712 0.991508

  PointToIndexMatrix: 
-0.996035 0.051022 -0.0728742
-0.0429988 -0.993252 -0.107712
-0.0778782 -0.104152 0.991508

  Inverse Direction: 
-0.996035 0.051022 -0.0728742
-0.0429988 -0.993252 -0.107712
-0.0778782 -0.104152 0.991508

  PixelContainer: 
    ImportImageContainer (0x55ea3a2318c0)
      RTTI typeinfo:   itk::ImportImageContainer<unsigned long, float>
      Reference Count: 1
      Modified Time: 2144
      Debug: Off
      Object Name: 
      Observers: 
        none
      Pointer: 0x7fb810213010
      Container manages memory: true
      Size: 12582912
      Capacity: 12582912

     Weighting = 1
     Sampling strategy = regular
     Number of bins = 32
     Radius = 4
     Sampling percentage  = 0.25
   Transform = Affine
     Gradient step = 0.1
     Update field sigma (voxel space) = 0
     Total field sigma (voxel space) = 0
     Update field time sigma = 0
     Total field time sigma  = 0
     Number of time indices = 0
     Number of time point samples = 0
Stage 3 State
   Image metric = CC
     Fixed image = Image (0x55ea3a237960)
  RTTI typeinfo:   itk::Image<float, 3u>
  Reference Count: 2
  Modified Time: 2577
  Debug: Off
  Object Name: 
  Observers: 
    none
  Source: (none)
  Source output name: (none)
  Release Data: Off
  Data Released: False
  Global Release Data: Off
  PipelineMTime: 0
  UpdateMTime: 2362
  RealTimeStamp: 0 seconds 
  LargestPossibleRegion: 
    Dimension: 3
    Index: [0, 0, 0]
    Size: [192, 256, 256]
  BufferedRegion: 
    Dimension: 3
    Index: [0, 0, 0]
    Size: [192, 256, 256]
  RequestedRegion: 
    Dimension: 3
    Index: [0, 0, 0]
    Size: [192, 256, 256]
  Spacing: [1, 1, 1]
  Origin: [95.0313, 100.538, -154.123]
  Direction: 
-0.999853 -0.014134 -0.00966312
0.014129 -0.9999 0.000586045
-0.00967044 0.000449429 0.999953

  IndexToPointMatrix: 
-0.999853 -0.014134 -0.00966312
0.014129 -0.9999 0.000586045
-0.00967044 0.000449429 0.999953

  PointToIndexMatrix: 
-0.999853 0.014129 -0.00967044
-0.014134 -0.9999 0.000449429
-0.00966312 0.000586045 0.999953

  Inverse Direction: 
-0.999853 0.014129 -0.00967044
-0.014134 -0.9999 0.000449429
-0.00966312 0.000586045 0.999953

  PixelContainer: 
    ImportImageContainer (0x55ea3a218660)
      RTTI typeinfo:   itk::ImportImageContainer<unsigned long, float>
      Reference Count: 1
      Modified Time: 2359
      Debug: Off
      Object Name: 
      Observers: 
        none
      Pointer: 0x7fb80d212010
      Container manages memory: true
      Size: 12582912
      Capacity: 12582912

     Moving image = Image (0x55ea3a239840)
  RTTI typeinfo:   itk::Image<float, 3u>
  Reference Count: 2
  Modified Time: 2578
  Debug: Off
  Object Name: 
  Observers: 
    none
  Source: (none)
  Source output name: (none)
  Release Data: Off
  Data Released: False
  Global Release Data: Off
  PipelineMTime: 0
  UpdateMTime: 2575
  RealTimeStamp: 0 seconds 
  LargestPossibleRegion: 
    Dimension: 3
    Index: [0, 0, 0]
    Size: [192, 256, 256]
  BufferedRegion: 
    Dimension: 3
    Index: [0, 0, 0]
    Size: [192, 256, 256]
  RequestedRegion: 
    Dimension: 3
    Index: [0, 0, 0]
    Size: [192, 256, 256]
  Spacing: [1, 1, 1]
  Origin: [113.079, 108.227, -128.833]
  Direction: 
-0.996035 -0.0429988 -0.0778782
0.051022 -0.993252 -0.104152
-0.0728742 -0.107712 0.991508

  IndexToPointMatrix: 
-0.996035 -0.0429988 -0.0778782
0.051022 -0.993252 -0.104152
-0.0728742 -0.107712 0.991508

  PointToIndexMatrix: 
-0.996035 0.051022 -0.0728742
-0.0429988 -0.993252 -0.107712
-0.0778782 -0.104152 0.991508

  Inverse Direction: 
-0.996035 0.051022 -0.0728742
-0.0429988 -0.993252 -0.107712
-0.0778782 -0.104152 0.991508

  PixelContainer: 
    ImportImageContainer (0x55ea3a236660)
      RTTI typeinfo:   itk::ImportImageContainer<unsigned long, float>
      Reference Count: 1
      Modified Time: 2572
      Debug: Off
      Object Name: 
      Observers: 
        none
      Pointer: 0x7fb80a211010
      Container manages memory: true
      Size: 12582912
      Capacity: 12582912

     Weighting = 1
     Sampling strategy = none
     Number of bins = 32
     Radius = 4
     Sampling percentage  = 1
   Transform = SyN
     Gradient step = 0.1
     Update field sigma (voxel space) = 3
     Total field sigma (voxel space) = 0
     Update field time sigma = 0
     Total field time sigma  = 0
     Number of time indices = 0
     Number of time point samples = 0
Registration using 3 total stages.

Stage 0
  iterations = 1000x500x250x0
  convergence threshold = 1e-06
  convergence window size = 10
  number of levels = 4
  using the Mattes MI metric (number of bins = 32, weight = 1)
  preprocessing:  winsorizing the image intensities
  preprocessing:  histogram matching the images
  Shrink factors (level 1 out of 4): [6, 6, 6]
  Shrink factors (level 2 out of 4): [4, 4, 4]
  Shrink factors (level 3 out of 4): [2, 2, 2]
  Shrink factors (level 4 out of 4): [1, 1, 1]
  smoothing sigmas per level: [4, 2, 1, 0]
  regular sampling (percentage = 0.25)

*** Running Euler3DTransform registration ***

DIAGNOSTIC,Iteration,metricValue,convergenceValue,ITERATION_TIME_INDEX,SINCE_LAST
 2DIAGNOSTIC,     1, -7.928243875504e-01, inf, 7.6660e-01, 7.6660e-01, 
 2DIAGNOSTIC,     2, -7.964091897011e-01, inf, 7.7752e-01, 1.0922e-02, 
 2DIAGNOSTIC,     3, -8.025237321854e-01, inf, 7.8815e-01, 1.0627e-02, 
 2DIAGNOSTIC,     4, -8.122299313545e-01, inf, 7.9813e-01, 9.9752e-03, 
 2DIAGNOSTIC,     5, -8.265471458435e-01, inf, 8.0765e-01, 9.5279e-03, 
 2DIAGNOSTIC,     6, -8.483408689499e-01, inf, 8.1744e-01, 9.7859e-03, 
 2DIAGNOSTIC,     7, -8.712955713272e-01, inf, 8.2886e-01, 1.1419e-02, 
 2DIAGNOSTIC,     8, -8.788012862206e-01, inf, 8.3936e-01, 1.0501e-02, 
 2DIAGNOSTIC,     9, -8.801434636116e-01, inf, 8.5453e-01, 1.5173e-02, 
 2DIAGNOSTIC,    10, -8.804215192795e-01, 8.319222368300e-03, 8.6483e-01, 1.0293e-02, 
 2DIAGNOSTIC,    11, -8.806284070015e-01, 6.997432559729e-03, 8.7506e-01, 1.0232e-02, 
 2DIAGNOSTIC,    12, -8.807867169380e-01, 5.376419052482e-03, 8.8479e-01, 9.7339e-03, 
 2DIAGNOSTIC,    13, -8.808525800705e-01, 3.690680023283e-03, 8.9422e-01, 9.4261e-03, 
 2DIAGNOSTIC,    14, -8.809352517128e-01, 2.157930517569e-03, 9.0321e-01, 8.9941e-03, 
 2DIAGNOSTIC,    15, -8.809836506844e-01, 9.538314188831e-04, 9.1237e-01, 9.1560e-03, 
 2DIAGNOSTIC,    16, -8.810012936592e-01, 2.596712438390e-04, 9.2446e-01, 1.2096e-02, 
 2DIAGNOSTIC,    17, -8.810404539108e-01, 7.099422509782e-05, 9.3466e-01, 1.0201e-02, 
 2DIAGNOSTIC,    18, -8.810041546822e-01, 3.438092971919e-05, 9.4378e-01, 9.1150e-03, 
 2DIAGNOSTIC,    19, -8.809621930122e-01, 2.130306347681e-05, 9.5194e-01, 8.1630e-03, 
 2DIAGNOSTIC,    20, -8.809795379639e-01, 1.258349675481e-05, 9.6118e-01, 9.2330e-03, 
 2DIAGNOSTIC,    21, -8.809902071953e-01, 7.041797744023e-06, 9.6982e-01, 8.6420e-03, 
 2DIAGNOSTIC,    22, -8.809750676155e-01, 3.626841817095e-06, 9.7775e-01, 7.9329e-03, 
 2DIAGNOSTIC,    23, -8.809672594070e-01, 1.145393071056e-06, 9.8739e-01, 9.6350e-03, 
DIAGNOSTIC,Iteration,metricValue,convergenceValue,ITERATION_TIME_INDEX,SINCE_LAST
 2DIAGNOSTIC,     1, -7.265611290932e-01, inf, 1.6271e+00, 6.3974e-01, 
 2DIAGNOSTIC,     2, -7.274661064148e-01, inf, 1.6585e+00, 3.1340e-02, 
 2DIAGNOSTIC,     3, -7.283842563629e-01, inf, 1.6868e+00, 2.8311e-02, 
 2DIAGNOSTIC,     4, -7.292317748070e-01, inf, 1.7165e+00, 2.9749e-02, 
 2DIAGNOSTIC,     5, -7.296735644341e-01, inf, 1.7446e+00, 2.8044e-02, 
 2DIAGNOSTIC,     6, -7.298470735550e-01, inf, 1.7738e+00, 2.9180e-02, 
 2DIAGNOSTIC,     7, -7.299364805222e-01, inf, 1.8054e+00, 3.1660e-02, 
 2DIAGNOSTIC,     8, -7.300524711609e-01, inf, 1.8506e+00, 4.5189e-02, 
 2DIAGNOSTIC,     9, -7.300407886505e-01, inf, 1.8889e+00, 3.8261e-02, 
 2DIAGNOSTIC,    10, -7.300238013268e-01, 2.854301710613e-04, 1.9224e+00, 3.3491e-02, 
 2DIAGNOSTIC,    11, -7.300152182579e-01, 1.708807685645e-04, 1.9620e+00, 3.9680e-02, 
 2DIAGNOSTIC,    12, -7.300113439560e-01, 8.926785812946e-05, 1.9903e+00, 2.8271e-02, 
 2DIAGNOSTIC,    13, -7.300036549568e-01, 3.913515320164e-05, 2.0232e+00, 3.2907e-02, 
 2DIAGNOSTIC,    14, -7.299996614456e-01, 1.605863872101e-05, 2.0522e+00, 2.8990e-02, 
 2DIAGNOSTIC,    15, -7.299988269806e-01, 6.213584129000e-06, 2.0840e+00, 3.1802e-02, 
 2DIAGNOSTIC,    16, -7.300021648407e-01, 1.500157623013e-06, 2.1126e+00, 2.8607e-02, 
DIAGNOSTIC,Iteration,metricValue,convergenceValue,ITERATION_TIME_INDEX,SINCE_LAST
 2DIAGNOSTIC,     1, -6.557079553604e-01, inf, 3.1805e+00, 1.0679e+00, 
 2DIAGNOSTIC,     2, -6.560056209564e-01, inf, 3.4176e+00, 2.3707e-01, 
 2DIAGNOSTIC,     3, -6.562995910645e-01, inf, 3.6584e+00, 2.4082e-01, 
 2DIAGNOSTIC,     4, -6.565345525742e-01, inf, 3.8945e+00, 2.3603e-01, 
 2DIAGNOSTIC,     5, -6.568037271500e-01, inf, 4.1298e+00, 2.3536e-01, 
 2DIAGNOSTIC,     6, -6.571879982948e-01, inf, 4.3950e+00, 2.6521e-01, 
 2DIAGNOSTIC,     7, -6.573606729507e-01, inf, 4.6971e+00, 3.0210e-01, 
 2DIAGNOSTIC,     8, -6.575165987015e-01, inf, 4.9346e+00, 2.3747e-01, 
 2DIAGNOSTIC,     9, -6.576221585274e-01, inf, 5.3325e+00, 3.9792e-01, 
 2DIAGNOSTIC,    10, -6.576680541039e-01, 2.054973156191e-04, 5.5692e+00, 2.3662e-01, 
 2DIAGNOSTIC,    11, -6.576935648918e-01, 1.605405122973e-04, 5.8405e+00, 2.7137e-01, 
 2DIAGNOSTIC,    12, -6.577014923096e-01, 1.198004902108e-04, 6.1121e+00, 2.7159e-01, 
 2DIAGNOSTIC,    13, -6.577016711235e-01, 8.454254566459e-05, 6.4472e+00, 3.3513e-01, 
 2DIAGNOSTIC,    14, -6.577014923096e-01, 5.405236879596e-05, 6.8170e+00, 3.6972e-01, 
 2DIAGNOSTIC,    15, -6.577020883560e-01, 3.046544406970e-05, 7.1201e+00, 3.0311e-01, 
 2DIAGNOSTIC,    16, -6.577021479607e-01, 1.756439451128e-05, 7.3903e+00, 2.7018e-01, 
 2DIAGNOSTIC,    17, -6.577017307281e-01, 9.062265235116e-06, 7.6644e+00, 2.7416e-01, 
 2DIAGNOSTIC,    18, -6.577007770538e-01, 4.514678494161e-06, 7.9385e+00, 2.7408e-01, 
 2DIAGNOSTIC,    19, -6.576989293098e-01, 2.532496864660e-06, 8.2099e+00, 2.7137e-01, 
 2DIAGNOSTIC,    20, -6.576989293098e-01, 1.648121497055e-06, 8.5148e+00, 3.0497e-01, 
 2DIAGNOSTIC,    21, -6.576991677284e-01, 1.367411414321e-06, 8.7876e+00, 2.7273e-01, 
 2DIAGNOSTIC,    22, -6.576996445656e-01, 1.290775571761e-06, 9.0555e+00, 2.6795e-01, 
 2DIAGNOSTIC,    23, -6.576994061470e-01, 1.234788669535e-06, 9.3565e+00, 3.0104e-01, 
 2DIAGNOSTIC,    24, -6.576988697052e-01, 1.185057499242e-06, 9.6243e+00, 2.6777e-01, 
 2DIAGNOSTIC,    25, -6.576988101006e-01, 1.161897785096e-06, 9.8936e+00, 2.6924e-01, 
 2DIAGNOSTIC,    26, -6.576988101006e-01, 1.151230549112e-06, 1.0166e+01, 2.7203e-01, 
 2DIAGNOSTIC,    27, -6.576988697052e-01, 1.142287374023e-06, 1.0439e+01, 2.7339e-01, 
 2DIAGNOSTIC,    28, -6.576983928680e-01, 1.116232851928e-06, 1.0743e+01, 3.0379e-01, 
 2DIAGNOSTIC,    29, -6.576980352402e-01, 1.061545503944e-06, 1.1010e+01, 2.6771e-01, 
DIAGNOSTIC,Iteration,metricValue,convergenceValue,ITERATION_TIME_INDEX,SINCE_LAST
 2DIAGNOSTIC,     1, -6.017650365829e-01, inf, 1.3570e+01, 2.5594e+00, 
  Elapsed time (stage 0): 1.4945e+01


Stage 1
  iterations = 1000x500x250x0
  convergence threshold = 1.0000e-06
  convergence window size = 10
  number of levels = 4
  using the Mattes MI metric (number of bins = 32, weight = 1.0000e+00)
  preprocessing:  winsorizing the image intensities
  preprocessing:  histogram matching the images
  Shrink factors (level 1 out of 4): [6, 6, 6]
  Shrink factors (level 2 out of 4): [4, 4, 4]
  Shrink factors (level 3 out of 4): [2, 2, 2]
  Shrink factors (level 4 out of 4): [1, 1, 1]
  smoothing sigmas per level: [4, 2, 1, 0]
  regular sampling (percentage = 2.5000e-01)

*** Running AffineTransform registration ***

DIAGNOSTIC,Iteration,metricValue,convergenceValue,ITERATION_TIME_INDEX,SINCE_LAST
 2DIAGNOSTIC,     1, -8.830158710480e-01, inf, 7.2573e-01, 7.2573e-01, 
 2DIAGNOSTIC,     2, -8.849464654922e-01, inf, 7.3676e-01, 1.1028e-02, 
 2DIAGNOSTIC,     3, -8.883109688759e-01, inf, 7.4909e-01, 1.2327e-02, 
 2DIAGNOSTIC,     4, -8.935273289680e-01, inf, 7.6085e-01, 1.1765e-02, 
 2DIAGNOSTIC,     5, -9.018642902374e-01, inf, 7.7239e-01, 1.1533e-02, 
 2DIAGNOSTIC,     6, -9.129072427750e-01, inf, 7.8266e-01, 1.0274e-02, 
 2DIAGNOSTIC,     7, -9.223663210869e-01, inf, 7.9262e-01, 9.9540e-03, 
 2DIAGNOSTIC,     8, -9.349173903465e-01, inf, 8.0248e-01, 9.8689e-03, 
 2DIAGNOSTIC,     9, -9.355072379112e-01, inf, 8.1544e-01, 1.2953e-02, 
 2DIAGNOSTIC,    10, -9.358639717102e-01, 4.536132328212e-03, 8.2584e-01, 1.0402e-02, 
 2DIAGNOSTIC,    11, -9.358302950859e-01, 3.938991110772e-03, 8.3479e-01, 8.9490e-03, 
 2DIAGNOSTIC,    12, -9.359357953072e-01, 3.140982938930e-03, 8.4476e-01, 9.9740e-03, 
 2DIAGNOSTIC,    13, -9.361014962196e-01, 2.267166506499e-03, 8.5512e-01, 1.0356e-02, 
 2DIAGNOSTIC,    14, -9.362499713898e-01, 1.433868659660e-03, 8.6643e-01, 1.1308e-02, 
 2DIAGNOSTIC,    15, -9.365338683128e-01, 7.610823959112e-04, 8.7665e-01, 1.0227e-02, 
 2DIAGNOSTIC,    16, -9.366679787636e-01, 3.181713691447e-04, 8.8791e-01, 1.1254e-02, 
 2DIAGNOSTIC,    17, -9.366440176964e-01, 6.428215419874e-05, 8.9802e-01, 1.0111e-02, 
 2DIAGNOSTIC,    18, -9.366001486778e-01, 4.748994251713e-05, 9.0691e-01, 8.8899e-03, 
 2DIAGNOSTIC,    19, -9.365956783295e-01, 3.759672836168e-05, 9.1681e-01, 9.8991e-03, 
 2DIAGNOSTIC,    20, -9.365826845169e-01, 3.064147313125e-05, 9.2577e-01, 8.9600e-03, 
 2DIAGNOSTIC,    21, -9.366071224213e-01, 2.148751809727e-05, 9.3562e-01, 9.8560e-03, 
 2DIAGNOSTIC,    22, -9.365736246109e-01, 1.233324928762e-05, 9.4775e-01, 1.2127e-02, 
 2DIAGNOSTIC,    23, -9.365196824074e-01, 4.505947345024e-06, 9.5755e-01, 9.7961e-03, 
