
Running N4 for 3-dimensional images.

Mask not read.  Using the entire image as the mask.

Original intensity range:  [0, 846]

***********************************************************
Warning:  Your input image contains nonpositive values
which could cause failure or problematic results.  A
possible workaround would be to:
   1. rescale your image to positive values e.g., [10,100].
   2. run N4 on your rescaled image.
   3. (optional) rescale the N4 output to the original
      intensity range.
***********************************************************

Specified spline distance: 200mm
  original image size:  [192, 256, 256]
  padded image size:  [201, 401, 401]
  number of control points:  [4, 5, 5]

Current level = 1
  Iteration 1 (of 50).   Current convergence value = 0.000586762 (threshold = 1e-08)
  Iteration 2 (of 50).   Current convergence value = 0.000404507 (threshold = 1e-08)
  Iteration 3 (of 50).   Current convergence value = 0.00027669 (threshold = 1e-08)
  Iteration 4 (of 50).   Current convergence value = 0.000188459 (threshold = 1e-08)
  Iteration 5 (of 50).   Current convergence value = 0.000129502 (threshold = 1e-08)
  Iteration 6 (of 50).   Current convergence value = 9.1888e-05 (threshold = 1e-08)
  Iteration 7 (of 50).   Current convergence value = 7.05564e-05 (threshold = 1e-08)
  Iteration 8 (of 50).   Current convergence value = 6.08963e-05 (threshold = 1e-08)
  Iteration 9 (of 50).   Current convergence value = 5.82385e-05 (threshold = 1e-08)
  Iteration 10 (of 50).   Current convergence value = 5.87326e-05 (threshold = 1e-08)
  Iteration 11 (of 50).   Current convergence value = 6.03794e-05 (threshold = 1e-08)
  Iteration 12 (of 50).   Current convergence value = 6.19959e-05 (threshold = 1e-08)
  Iteration 13 (of 50).   Current convergence value = 6.62338e-05 (threshold = 1e-08)
  Iteration 14 (of 50).   Current convergence value = 7.06648e-05 (threshold = 1e-08)
  Iteration 15 (of 50).   Current convergence value = 7.43925e-05 (threshold = 1e-08)
  Iteration 16 (of 50).   Current convergence value = 7.76151e-05 (threshold = 1e-08)
  Iteration 17 (of 50).   Current convergence value = 7.91155e-05 (threshold = 1e-08)
  Iteration 18 (of 50).   Current convergence value = 7.76133e-05 (threshold = 1e-08)
  Iteration 19 (of 50).   Current convergence value = 7.6517e-05 (threshold = 1e-08)
  Iteration 20 (of 50).   Current convergence value = 7.57792e-05 (threshold = 1e-08)
  Iteration 21 (of 50).   Current convergence value = 7.5227e-05 (threshold = 1e-08)
  Iteration 22 (of 50).   Current convergence value = 7.48032e-05 (threshold = 1e-08)
  Iteration 23 (of 50).   Current convergence value = 7.45857e-05 (threshold = 1e-08)
  Iteration 24 (of 50).   Current convergence value = 7.44319e-05 (threshold = 1e-08)
  Iteration 25 (of 50).   Current convergence value = 7.43689e-05 (threshold = 1e-08)
  Iteration 26 (of 50).   Current convergence value = 7.43207e-05 (threshold = 1e-08)
  Iteration 27 (of 50).   Current convergence value = 7.42913e-05 (threshold = 1e-08)
  Iteration 28 (of 50).   Current convergence value = 7.43453e-05 (threshold = 1e-08)
  Iteration 29 (of 50).   Current convergence value = 7.43199e-05 (threshold = 1e-08)
  Iteration 30 (of 50).   Current convergence value = 7.43029e-05 (threshold = 1e-08)
  Iteration 31 (of 50).   Current convergence value = 7.42871e-05 (threshold = 1e-08)
  Iteration 32 (of 50).   Current convergence value = 7.42422e-05 (threshold = 1e-08)
  Iteration 33 (of 50).   Current convergence value = 7.43107e-05 (threshold = 1e-08)
  Iteration 34 (of 50).   Current convergence value = 7.42714e-05 (threshold = 1e-08)
  Iteration 35 (of 50).   Current convergence value = 7.42164e-05 (threshold = 1e-08)
  Iteration 36 (of 50).   Current convergence value = 7.41842e-05 (threshold = 1e-08)
  Iteration 37 (of 50).   Current convergence value = 7.41738e-05 (threshold = 1e-08)
  Iteration 38 (of 50).   Current convergence value = 7.41769e-05 (threshold = 1e-08)
  Iteration 39 (of 50).   Current convergence value = 7.41837e-05 (threshold = 1e-08)
  Iteration 40 (of 50).   Current convergence value = 7.42296e-05 (threshold = 1e-08)
  Iteration 41 (of 50).   Current convergence value = 7.42236e-05 (threshold = 1e-08)
  Iteration 42 (of 50).   Current convergence value = 7.42642e-05 (threshold = 1e-08)
  Iteration 43 (of 50).   Current convergence value = 7.42136e-05 (threshold = 1e-08)
  Iteration 44 (of 50).   Current convergence value = 7.42198e-05 (threshold = 1e-08)
  Iteration 45 (of 50).   Current convergence value = 7.41407e-05 (threshold = 1e-08)
  Iteration 46 (of 50).   Current convergence value = 7.40785e-05 (threshold = 1e-08)
  Iteration 47 (of 50).   Current convergence value = 7.40257e-05 (threshold = 1e-08)
  Iteration 48 (of 50).   Current convergence value = 7.40428e-05 (threshold = 1e-08)
  Iteration 49 (of 50).   Current convergence value = 7.39498e-05 (threshold = 1e-08)
  Iteration 50 (of 50).   Current convergence value = 7.3874e-05 (threshold = 1e-08)
Current level = 2
  Iteration 1 (of 50).   Current convergence value = 0.000442363 (threshold = 1e-08)
  Iteration 2 (of 50).   Current convergence value = 0.00037076 (threshold = 1e-08)
  Iteration 3 (of 50).   Current convergence value = 0.000318566 (threshold = 1e-08)
  Iteration 4 (of 50).   Current convergence value = 0.000273129 (threshold = 1e-08)
  Iteration 5 (of 50).   Current convergence value = 0.000236404 (threshold = 1e-08)
  Iteration 6 (of 50).   Current convergence value = 0.000208037 (threshold = 1e-08)
  Iteration 7 (of 50).   Current convergence value = 0.000188987 (threshold = 1e-08)
  Iteration 8 (of 50).   Current convergence value = 0.000172575 (threshold = 1e-08)
  Iteration 9 (of 50).   Current convergence value = 0.000156751 (threshold = 1e-08)
  Iteration 10 (of 50).   Current convergence value = 0.0001433 (threshold = 1e-08)
  Iteration 11 (of 50).   Current convergence value = 0.000131678 (threshold = 1e-08)
  Iteration 12 (of 50).   Current convergence value = 0.000121858 (threshold = 1e-08)
  Iteration 13 (of 50).   Current convergence value = 0.000113203 (threshold = 1e-08)
  Iteration 14 (of 50).   Current convergence value = 0.000105865 (threshold = 1e-08)
  Iteration 15 (of 50).   Current convergence value = 9.9633e-05 (threshold = 1e-08)
  Iteration 16 (of 50).   Current convergence value = 9.42819e-05 (threshold = 1e-08)
  Iteration 17 (of 50).   Current convergence value = 9.1737e-05 (threshold = 1e-08)
  Iteration 18 (of 50).   Current convergence value = 9.10724e-05 (threshold = 1e-08)
  Iteration 19 (of 50).   Current convergence value = 9.08304e-05 (threshold = 1e-08)
  Iteration 20 (of 50).   Current convergence value = 9.06689e-05 (threshold = 1e-08)
  Iteration 21 (of 50).   Current convergence value = 9.08446e-05 (threshold = 1e-08)
  Iteration 22 (of 50).   Current convergence value = 9.10627e-05 (threshold = 1e-08)
  Iteration 23 (of 50).   Current convergence value = 9.11586e-05 (threshold = 1e-08)
  Iteration 24 (of 50).   Current convergence value = 9.13544e-05 (threshold = 1e-08)
  Iteration 25 (of 50).   Current convergence value = 9.14897e-05 (threshold = 1e-08)
  Iteration 26 (of 50).   Current convergence value = 9.21103e-05 (threshold = 1e-08)
  Iteration 27 (of 50).   Current convergence value = 9.27152e-05 (threshold = 1e-08)
  Iteration 28 (of 50).   Current convergence value = 9.28535e-05 (threshold = 1e-08)
  Iteration 29 (of 50).   Current convergence value = 9.31928e-05 (threshold = 1e-08)
  Iteration 30 (of 50).   Current convergence value = 9.33245e-05 (threshold = 1e-08)
  Iteration 31 (of 50).   Current convergence value = 9.32312e-05 (threshold = 1e-08)
  Iteration 32 (of 50).   Current convergence value = 9.31016e-05 (threshold = 1e-08)
  Iteration 33 (of 50).   Current convergence value = 9.30654e-05 (threshold = 1e-08)
  Iteration 34 (of 50).   Current convergence value = 9.28141e-05 (threshold = 1e-08)
  Iteration 35 (of 50).   Current convergence value = 9.26581e-05 (threshold = 1e-08)
  Iteration 36 (of 50).   Current convergence value = 9.23184e-05 (threshold = 1e-08)
  Iteration 37 (of 50).   Current convergence value = 9.19455e-05 (threshold = 1e-08)
  Iteration 38 (of 50).   Current convergence value = 9.1716e-05 (threshold = 1e-08)
  Iteration 39 (of 50).   Current convergence value = 9.14009e-05 (threshold = 1e-08)
  Iteration 40 (of 50).   Current convergence value = 9.11251e-05 (threshold = 1e-08)
  Iteration 41 (of 50).   Current convergence value = 9.0698e-05 (threshold = 1e-08)
  Iteration 42 (of 50).   Current convergence value = 9.03066e-05 (threshold = 1e-08)
  Iteration 43 (of 50).   Current convergence value = 8.99897e-05 (threshold = 1e-08)
  Iteration 44 (of 50).   Current convergence value = 8.98145e-05 (threshold = 1e-08)
  Iteration 45 (of 50).   Current convergence value = 8.94494e-05 (threshold = 1e-08)
  Iteration 46 (of 50).   Current convergence value = 8.92336e-05 (threshold = 1e-08)
  Iteration 47 (of 50).   Current convergence value = 8.89037e-05 (threshold = 1e-08)
  Iteration 48 (of 50).   Current convergence value = 8.84556e-05 (threshold = 1e-08)
  Iteration 49 (of 50).   Current convergence value = 8.80759e-05 (threshold = 1e-08)
  Iteration 50 (of 50).   Current convergence value = 8.7828e-05 (threshold = 1e-08)
Current level = 3
  Iteration 1 (of 40).   Current convergence value = 0.0013505 (threshold = 1e-08)
  Iteration 2 (of 40).   Current convergence value = 0.00110463 (threshold = 1e-08)
  Iteration 3 (of 40).   Current convergence value = 0.000949308 (threshold = 1e-08)
  Iteration 4 (of 40).   Current convergence value = 0.000842018 (threshold = 1e-08)
  Iteration 5 (of 40).   Current convergence value = 0.000759667 (threshold = 1e-08)
  Iteration 6 (of 40).   Current convergence value = 0.000694626 (threshold = 1e-08)
  Iteration 7 (of 40).   Current convergence value = 0.00064623 (threshold = 1e-08)
  Iteration 8 (of 40).   Current convergence value = 0.000610392 (threshold = 1e-08)
  Iteration 9 (of 40).   Current convergence value = 0.000577016 (threshold = 1e-08)
  Iteration 10 (of 40).   Current convergence value = 0.000551532 (threshold = 1e-08)
  Iteration 11 (of 40).   Current convergence value = 0.000530925 (threshold = 1e-08)
  Iteration 12 (of 40).   Current convergence value = 0.000513413 (threshold = 1e-08)
  Iteration 13 (of 40).   Current convergence value = 0.000498427 (threshold = 1e-08)
  Iteration 14 (of 40).   Current convergence value = 0.000485001 (threshold = 1e-08)
  Iteration 15 (of 40).   Current convergence value = 0.000473008 (threshold = 1e-08)
  Iteration 16 (of 40).   Current convergence value = 0.00046232 (threshold = 1e-08)
  Iteration 17 (of 40).   Current convergence value = 0.000452403 (threshold = 1e-08)
  Iteration 18 (of 40).   Current convergence value = 0.000443382 (threshold = 1e-08)
  Iteration 19 (of 40).   Current convergence value = 0.00043485 (threshold = 1e-08)
  Iteration 20 (of 40).   Current convergence value = 0.000427039 (threshold = 1e-08)
  Iteration 21 (of 40).   Current convergence value = 0.000419519 (threshold = 1e-08)
  Iteration 22 (of 40).   Current convergence value = 0.000412497 (threshold = 1e-08)
  Iteration 23 (of 40).   Current convergence value = 0.000405691 (threshold = 1e-08)
  Iteration 24 (of 40).   Current convergence value = 0.00039934 (threshold = 1e-08)
  Iteration 25 (of 40).   Current convergence value = 0.000393032 (threshold = 1e-08)
  Iteration 26 (of 40).   Current convergence value = 0.000387057 (threshold = 1e-08)
  Iteration 27 (of 40).   Current convergence value = 0.000381231 (threshold = 1e-08)
  Iteration 28 (of 40).   Current convergence value = 0.000375593 (threshold = 1e-08)
  Iteration 29 (of 40).   Current convergence value = 0.000370063 (threshold = 1e-08)
  Iteration 30 (of 40).   Current convergence value = 0.000364635 (threshold = 1e-08)
  Iteration 31 (of 40).   Current convergence value = 0.00035933 (threshold = 1e-08)
  Iteration 32 (of 40).   Current convergence value = 0.000354051 (threshold = 1e-08)
  Iteration 33 (of 40).   Current convergence value = 0.000348841 (threshold = 1e-08)
  Iteration 34 (of 40).   Current convergence value = 0.000343711 (threshold = 1e-08)
  Iteration 35 (of 40).   Current convergence value = 0.000338557 (threshold = 1e-08)
  Iteration 36 (of 40).   Current convergence value = 0.000333446 (threshold = 1e-08)
  Iteration 37 (of 40).   Current convergence value = 0.000328435 (threshold = 1e-08)
  Iteration 38 (of 40).   Current convergence value = 0.000323652 (threshold = 1e-08)
  Iteration 39 (of 40).   Current convergence value = 0.000318712 (threshold = 1e-08)
  Iteration 40 (of 40).   Current convergence value = 0.000313742 (threshold = 1e-08)
Current level = 4
  Iteration 1 (of 30).   Current convergence value = 0.00227504 (threshold = 1e-08)
  Iteration 2 (of 30).   Current convergence value = 0.00202958 (threshold = 1e-08)
  Iteration 3 (of 30).   Current convergence value = 0.0019083 (threshold = 1e-08)
  Iteration 4 (of 30).   Current convergence value = 0.00181295 (threshold = 1e-08)
  Iteration 5 (of 30).   Current convergence value = 0.00172218 (threshold = 1e-08)
  Iteration 6 (of 30).   Current convergence value = 0.00158103 (threshold = 1e-08)
  Iteration 7 (of 30).   Current convergence value = 0.00149471 (threshold = 1e-08)
  Iteration 8 (of 30).   Current convergence value = 0.0014516 (threshold = 1e-08)
  Iteration 9 (of 30).   Current convergence value = 0.00141768 (threshold = 1e-08)
  Iteration 10 (of 30).   Current convergence value = 0.00145892 (threshold = 1e-08)
  Iteration 11 (of 30).   Current convergence value = 0.00161375 (threshold = 1e-08)
  Iteration 12 (of 30).   Current convergence value = 0.0018103 (threshold = 1e-08)
  Iteration 13 (of 30).   Current convergence value = 0.00201471 (threshold = 1e-08)
  Iteration 14 (of 30).   Current convergence value = 0.00187741 (threshold = 1e-08)
  Iteration 15 (of 30).   Current convergence value = 0.00169801 (threshold = 1e-08)
  Iteration 16 (of 30).   Current convergence value = 0.00155325 (threshold = 1e-08)
  Iteration 17 (of 30).   Current convergence value = 0.00141953 (threshold = 1e-08)
  Iteration 18 (of 30).   Current convergence value = 0.00126849 (threshold = 1e-08)
  Iteration 19 (of 30).   Current convergence value = 0.00122076 (threshold = 1e-08)
  Iteration 20 (of 30).   Current convergence value = 0.00157674 (threshold = 1e-08)
  Iteration 21 (of 30).   Current convergence value = 0.00155978 (threshold = 1e-08)
  Iteration 22 (of 30).   Current convergence value = 0.00135894 (threshold = 1e-08)
  Iteration 23 (of 30).   Current convergence value = 0.00116338 (threshold = 1e-08)
  Iteration 24 (of 30).   Current convergence value = 0.00094937 (threshold = 1e-08)
  Iteration 25 (of 30).   Current convergence value = 0.000863613 (threshold = 1e-08)
  Iteration 26 (of 30).   Current convergence value = 0.00081442 (threshold = 1e-08)
  Iteration 27 (of 30).   Current convergence value = 0.000780443 (threshold = 1e-08)
  Iteration 28 (of 30).   Current convergence value = 0.000753992 (threshold = 1e-08)
  Iteration 29 (of 30).   Current convergence value = 0.000732593 (threshold = 1e-08)
  Iteration 30 (of 30).   Current convergence value = 0.000714776 (threshold = 1e-08)
   N4BiasFieldCorrectionImageFilter (0x557eacb90e20)
     RTTI typeinfo:   itk::N4BiasFieldCorrectionImageFilter<itk::Image<float, 3u>, itk::Image<float, 3u>, itk::Image<float, 3u> >
     Reference Count: 1
     Modified Time: 565
     Debug: Off
     Object Name: 
     Observers: 
       IterationEvent(Command)
     Inputs: 
       ConfidenceImage: (0)
       MaskImage: (0x557eacbbb5d0)
       Primary: (0x557eacbb6af0) *
     Indexed Inputs: 
       0: Primary (0x557eacbb6af0)
       1: MaskImage (0x557eacbbb5d0)
       2: ConfidenceImage (0)
     Required Input Names: Primary
     NumberOfRequiredInputs: 1
     Outputs: 
       Primary: (0x557eacba0ef0)
     Indexed Outputs: 
       0: Primary (0x557eacba0ef0)
     NumberOfRequiredOutputs: 1
     Number Of Work Units: 32
     ReleaseDataFlag: Off
     ReleaseDataBeforeUpdateFlag: Off
     AbortGenerateData: Off
     Progress: 0
     Multithreader: 
       RTTI typeinfo:   itk::PoolMultiThreader
       Reference Count: 1
       Modified Time: 144
       Debug: Off
       Object Name: 
       Observers: 
         none
       Number of Work Units: 32
       Number of Threads: 8
       Global Maximum Number Of Threads: 128
       Global Default Number Of Threads: 8
       Global Default Threader Type: itk::MultiThreaderBaseEnums::Threader::Pool
       SingleMethod: 0
       SingleData: 0
     DynamicMultiThreading: On
     CoordinateTolerance: 1e-06
     DirectionTolerance: 1e-06
     Use Mask Label: 0
     Mask label: 1
     Number of histogram bins: 200
     Wiener filter noise: 0.01
     Bias field FWHM: 0.15
     Maximum number of iterations: [50, 50, 40, 30]
     Convergence threshold: 1e-08
     Spline order: 3
     Number of fitting levels: [4, 4, 4]
     Number of control points: [4, 5, 5]
     CurrentConvergenceMeasurement: 0.000714776
     CurrentLevel: 4
     ElapsedIterations: 31
     LogBiasFieldControlPointLattice: 
       Image (0x557eb8b34370)
         RTTI typeinfo:   itk::Image<itk::Vector<float, 1u>, 3u>
         Reference Count: 1
         Modified Time: 343560
         Debug: Off
         Object Name: 
         Observers: 
           none
         Source: (none)
         Source output name: (none)
         Release Data: Off
         Data Released: False
         Global Release Data: Off
         PipelineMTime: 0
         UpdateMTime: 0
         RealTimeStamp: 0 seconds 
         LargestPossibleRegion: 
           Dimension: 3
           Index: [0, 0, 0]
           Size: [11, 19, 19]
         BufferedRegion: 
           Dimension: 3
           Index: [0, 0, 0]
           Size: [11, 19, 19]
         RequestedRegion: 
           Dimension: 3
           Index: [0, 0, 0]
           Size: [11, 19, 19]
         Spacing: [24.75, 24.875, 24.875]
         Origin: [23.1951, 21.5451, -29.1185]
         Direction: 
-0.999029 0.0259476 0.0355963
-0.020576 -0.989402 0.143738
0.0389487 0.142866 0.988975

         IndexToPointMatrix: 
-24.726 0.645446 0.885458
-0.509257 -24.6114 3.57548
0.963981 3.55379 24.6008

         PointToIndexMatrix: 
-0.0403648 -0.000831355 0.00157369
0.00104312 -0.0397749 0.00574336
0.00143101 0.00577841 0.0397578

         Inverse Direction: 
-0.999029 -0.020576 0.0389487
0.0259476 -0.989402 0.142866
0.0355963 0.143738 0.988975

         PixelContainer: 
           ImportImageContainer (0x557eb7f2ce70)
             RTTI typeinfo:   itk::ImportImageContainer<unsigned long, itk::Vector<float, 1u> >
             Reference Count: 1
             Modified Time: 343561
             Debug: Off
             Object Name: 
             Observers: 
               none
             Pointer: 0x557eb6d4f640
             Container manages memory: true
             Size: 3971
             Capacity: 3971
Elapsed time: 316.235
All_Command_lines_OK
Using single precision for computations.
=============================================================================
The composite transform comprises the following transforms (in order): 
  1. Center of mass alignment using fixed image: /home/mpib/nemecz/Projects/miniTRK/Results/01_MRI/GroupTempl/T1w/T_template0.nii.gz and moving image: /home/mpib/nemecz/Projects/miniTRK/Analysis/01_MRI/Preproc/GroupTempl/T1w/sub-351677_T1w.nii.gz (type = Euler3DTransform)
=============================================================================
  number of levels = 4
  number of levels = 4
  number of levels = 4
  fixed image: /home/mpib/nemecz/Projects/miniTRK/Results/01_MRI/GroupTempl/T1w/T_template0.nii.gz
  moving image: /home/mpib/nemecz/Projects/miniTRK/Results/01_MRI/GroupTempl/T1w/T_template0sub-351677_T1wRepaired.nii.gz
  fixed image: /home/mpib/nemecz/Projects/miniTRK/Results/01_MRI/GroupTempl/T1w/T_template0.nii.gz
  moving image: /home/mpib/nemecz/Projects/miniTRK/Results/01_MRI/GroupTempl/T1w/T_template0sub-351677_T1wRepaired.nii.gz
  fixed image: /home/mpib/nemecz/Projects/miniTRK/Results/01_MRI/GroupTempl/T1w/T_template0.nii.gz
  moving image: /home/mpib/nemecz/Projects/miniTRK/Results/01_MRI/GroupTempl/T1w/T_template0sub-351677_T1wRepaired.nii.gz
Dimension = 3
Number of stages = 3
Use Histogram Matching true
Winsorize image intensities true
Lower quantile = 0.01
Upper quantile = 0.99
Stage 1 State
   Image metric = Mattes
     Fixed image = Image (0x55a66667aad0)
  RTTI typeinfo:   itk::Image<float, 3u>
  Reference Count: 2
  Modified Time: 1721
  Debug: Off
  Object Name: 
  Observers: 
    none
  Source: (none)
  Source output name: (none)
  Release Data: Off
  Data Released: False
  Global Release Data: Off
  PipelineMTime: 0
  UpdateMTime: 1506
  RealTimeStamp: 0 seconds 
  LargestPossibleRegion: 
    Dimension: 3
    Index: [0, 0, 0]
    Size: [192, 256, 256]
  BufferedRegion: 
    Dimension: 3
    Index: [0, 0, 0]
    Size: [192, 256, 256]
  RequestedRegion: 
    Dimension: 3
    Index: [0, 0, 0]
    Size: [192, 256, 256]
  Spacing: [1, 1, 1]
  Origin: [95.0313, 100.538, -154.123]
  Direction: 
-0.999853 -0.014134 -0.00966312
0.014129 -0.9999 0.000586045
-0.00967044 0.000449429 0.999953

  IndexToPointMatrix: 
-0.999853 -0.014134 -0.00966312
0.014129 -0.9999 0.000586045
-0.00967044 0.000449429 0.999953

  PointToIndexMatrix: 
-0.999853 0.014129 -0.00967044
-0.014134 -0.9999 0.000449429
-0.00966312 0.000586045 0.999953

  Inverse Direction: 
-0.999853 0.014129 -0.00967044
-0.014134 -0.9999 0.000449429
-0.00966312 0.000586045 0.999953

  PixelContainer: 
    ImportImageContainer (0x55a666682c80)
      RTTI typeinfo:   itk::ImportImageContainer<unsigned long, float>
      Reference Count: 1
      Modified Time: 1503
      Debug: Off
      Object Name: 
      Observers: 
        none
      Pointer: 0x7f14d4e16010
      Container manages memory: true
      Size: 12582912
      Capacity: 12582912

     Moving image = Image (0x55a66667bbc0)
  RTTI typeinfo:   itk::Image<float, 3u>
  Reference Count: 2
  Modified Time: 1722
  Debug: Off
  Object Name: 
  Observers: 
    none
  Source: (none)
  Source output name: (none)
  Release Data: Off
  Data Released: False
  Global Release Data: Off
  PipelineMTime: 0
  UpdateMTime: 1719
  RealTimeStamp: 0 seconds 
  LargestPossibleRegion: 
    Dimension: 3
    Index: [0, 0, 0]
    Size: [192, 256, 256]
  BufferedRegion: 
    Dimension: 3
    Index: [0, 0, 0]
    Size: [192, 256, 256]
  RequestedRegion: 
    Dimension: 3
    Index: [0, 0, 0]
    Size: [192, 256, 256]
  Spacing: [1, 1, 1]
  Origin: [86.6862, 84.0973, -165.855]
  Direction: 
-0.999029 0.0259476 0.0355963
-0.020576 -0.989402 0.143738
0.0389487 0.142866 0.988975

  IndexToPointMatrix: 
-0.999029 0.0259476 0.0355963
-0.020576 -0.989402 0.143738
0.0389487 0.142866 0.988975

  PointToIndexMatrix: 
-0.999029 -0.020576 0.0389487
0.0259476 -0.989402 0.142866
0.0355963 0.143738 0.988975

  Inverse Direction: 
-0.999029 -0.020576 0.0389487
0.0259476 -0.989402 0.142866
0.0355963 0.143738 0.988975

  PixelContainer: 
    ImportImageContainer (0x55a666687100)
      RTTI typeinfo:   itk::ImportImageContainer<unsigned long, float>
      Reference Count: 1
      Modified Time: 1716
      Debug: Off
      Object Name: 
      Observers: 
        none
      Pointer: 0x7f14d1e15010
      Container manages memory: true
      Size: 12582912
      Capacity: 12582912

     Weighting = 1
     Sampling strategy = regular
     Number of bins = 32
     Radius = 4
     Sampling percentage  = 0.25
   Transform = Rigid
     Gradient step = 0.1
     Update field sigma (voxel space) = 0
     Total field sigma (voxel space) = 0
     Update field time sigma = 0
     Total field time sigma  = 0
     Number of time indices = 0
     Number of time point samples = 0
Stage 2 State
   Image metric = Mattes
     Fixed image = Image (0x55a666693870)
  RTTI typeinfo:   itk::Image<float, 3u>
  Reference Count: 2
  Modified Time: 2149
  Debug: Off
  Object Name: 
  Observers: 
    none
  Source: (none)
  Source output name: (none)
  Release Data: Off
  Data Released: False
  Global Release Data: Off
  PipelineMTime: 0
  UpdateMTime: 1934
  RealTimeStamp: 0 seconds 
  LargestPossibleRegion: 
    Dimension: 3
    Index: [0, 0, 0]
    Size: [192, 256, 256]
  BufferedRegion: 
    Dimension: 3
    Index: [0, 0, 0]
    Size: [192, 256, 256]
  RequestedRegion: 
    Dimension: 3
    Index: [0, 0, 0]
    Size: [192, 256, 256]
  Spacing: [1, 1, 1]
  Origin: [95.0313, 100.538, -154.123]
  Direction: 
-0.999853 -0.014134 -0.00966312
0.014129 -0.9999 0.000586045
-0.00967044 0.000449429 0.999953

  IndexToPointMatrix: 
-0.999853 -0.014134 -0.00966312
0.014129 -0.9999 0.000586045
-0.00967044 0.000449429 0.999953

  PointToIndexMatrix: 
-0.999853 0.014129 -0.00967044
-0.014134 -0.9999 0.000449429
-0.00966312 0.000586045 0.999953

  Inverse Direction: 
-0.999853 0.014129 -0.00967044
-0.014134 -0.9999 0.000449429
-0.00966312 0.000586045 0.999953

  PixelContainer: 
    ImportImageContainer (0x55a66667e6d0)
      RTTI typeinfo:   itk::ImportImageContainer<unsigned long, float>
      Reference Count: 1
      Modified Time: 1931
      Debug: Off
      Object Name: 
      Observers: 
        none
      Pointer: 0x7f14cee14010
      Container manages memory: true
      Size: 12582912
      Capacity: 12582912

     Moving image = Image (0x55a6666934c0)
  RTTI typeinfo:   itk::Image<float, 3u>
  Reference Count: 2
  Modified Time: 2150
  Debug: Off
  Object Name: 
  Observers: 
    none
  Source: (none)
  Source output name: (none)
  Release Data: Off
  Data Released: False
  Global Release Data: Off
  PipelineMTime: 0
  UpdateMTime: 2147
  RealTimeStamp: 0 seconds 
  LargestPossibleRegion: 
    Dimension: 3
    Index: [0, 0, 0]
    Size: [192, 256, 256]
  BufferedRegion: 
    Dimension: 3
    Index: [0, 0, 0]
    Size: [192, 256, 256]
  RequestedRegion: 
    Dimension: 3
    Index: [0, 0, 0]
    Size: [192, 256, 256]
  Spacing: [1, 1, 1]
  Origin: [86.6862, 84.0973, -165.855]
  Direction: 
-0.999029 0.0259476 0.0355963
-0.020576 -0.989402 0.143738
0.0389487 0.142866 0.988975

  IndexToPointMatrix: 
-0.999029 0.0259476 0.0355963
-0.020576 -0.989402 0.143738
0.0389487 0.142866 0.988975

  PointToIndexMatrix: 
-0.999029 -0.020576 0.0389487
0.0259476 -0.989402 0.142866
0.0355963 0.143738 0.988975

  Inverse Direction: 
-0.999029 -0.020576 0.0389487
0.0259476 -0.989402 0.142866
0.0355963 0.143738 0.988975

  PixelContainer: 
    ImportImageContainer (0x55a6666948c0)
      RTTI typeinfo:   itk::ImportImageContainer<unsigned long, float>
      Reference Count: 1
      Modified Time: 2144
      Debug: Off
      Object Name: 
      Observers: 
        none
      Pointer: 0x7f14cbe13010
      Container manages memory: true
      Size: 12582912
      Capacity: 12582912

     Weighting = 1
     Sampling strategy = regular
     Number of bins = 32
     Radius = 4
     Sampling percentage  = 0.25
   Transform = Affine
     Gradient step = 0.1
     Update field sigma (voxel space) = 0
     Total field sigma (voxel space) = 0
     Update field time sigma = 0
     Total field time sigma  = 0
     Number of time indices = 0
     Number of time point samples = 0
Stage 3 State
   Image metric = CC
     Fixed image = Image (0x55a66669a960)
  RTTI typeinfo:   itk::Image<float, 3u>
  Reference Count: 2
  Modified Time: 2577
  Debug: Off
  Object Name: 
  Observers: 
    none
  Source: (none)
  Source output name: (none)
  Release Data: Off
  Data Released: False
  Global Release Data: Off
  PipelineMTime: 0
  UpdateMTime: 2362
  RealTimeStamp: 0 seconds 
  LargestPossibleRegion: 
    Dimension: 3
    Index: [0, 0, 0]
    Size: [192, 256, 256]
  BufferedRegion: 
    Dimension: 3
    Index: [0, 0, 0]
    Size: [192, 256, 256]
  RequestedRegion: 
    Dimension: 3
    Index: [0, 0, 0]
    Size: [192, 256, 256]
  Spacing: [1, 1, 1]
  Origin: [95.0313, 100.538, -154.123]
  Direction: 
-0.999853 -0.014134 -0.00966312
0.014129 -0.9999 0.000586045
-0.00967044 0.000449429 0.999953

  IndexToPointMatrix: 
-0.999853 -0.014134 -0.00966312
0.014129 -0.9999 0.000586045
-0.00967044 0.000449429 0.999953

  PointToIndexMatrix: 
-0.999853 0.014129 -0.00967044
-0.014134 -0.9999 0.000449429
-0.00966312 0.000586045 0.999953

  Inverse Direction: 
-0.999853 0.014129 -0.00967044
-0.014134 -0.9999 0.000449429
-0.00966312 0.000586045 0.999953

  PixelContainer: 
    ImportImageContainer (0x55a66667b660)
      RTTI typeinfo:   itk::ImportImageContainer<unsigned long, float>
      Reference Count: 1
      Modified Time: 2359
      Debug: Off
      Object Name: 
      Observers: 
        none
      Pointer: 0x7f14c8e12010
      Container manages memory: true
      Size: 12582912
      Capacity: 12582912

     Moving image = Image (0x55a66669c840)
  RTTI typeinfo:   itk::Image<float, 3u>
  Reference Count: 2
  Modified Time: 2578
  Debug: Off
  Object Name: 
  Observers: 
    none
  Source: (none)
  Source output name: (none)
  Release Data: Off
  Data Released: False
  Global Release Data: Off
  PipelineMTime: 0
  UpdateMTime: 2575
  RealTimeStamp: 0 seconds 
  LargestPossibleRegion: 
    Dimension: 3
    Index: [0, 0, 0]
    Size: [192, 256, 256]
  BufferedRegion: 
    Dimension: 3
    Index: [0, 0, 0]
    Size: [192, 256, 256]
  RequestedRegion: 
    Dimension: 3
    Index: [0, 0, 0]
    Size: [192, 256, 256]
  Spacing: [1, 1, 1]
  Origin: [86.6862, 84.0973, -165.855]
  Direction: 
-0.999029 0.0259476 0.0355963
-0.020576 -0.989402 0.143738
0.0389487 0.142866 0.988975

  IndexToPointMatrix: 
-0.999029 0.0259476 0.0355963
-0.020576 -0.989402 0.143738
0.0389487 0.142866 0.988975

  PointToIndexMatrix: 
-0.999029 -0.020576 0.0389487
0.0259476 -0.989402 0.142866
0.0355963 0.143738 0.988975

  Inverse Direction: 
-0.999029 -0.020576 0.0389487
0.0259476 -0.989402 0.142866
0.0355963 0.143738 0.988975

  PixelContainer: 
    ImportImageContainer (0x55a666699660)
      RTTI typeinfo:   itk::ImportImageContainer<unsigned long, float>
      Reference Count: 1
      Modified Time: 2572
      Debug: Off
      Object Name: 
      Observers: 
        none
      Pointer: 0x7f14c5e11010
      Container manages memory: true
      Size: 12582912
      Capacity: 12582912

     Weighting = 1
     Sampling strategy = none
     Number of bins = 32
     Radius = 4
     Sampling percentage  = 1
   Transform = SyN
     Gradient step = 0.1
     Update field sigma (voxel space) = 3
     Total field sigma (voxel space) = 0
     Update field time sigma = 0
     Total field time sigma  = 0
     Number of time indices = 0
     Number of time point samples = 0
Registration using 3 total stages.

Stage 0
  iterations = 1000x500x250x0
  convergence threshold = 1e-06
  convergence window size = 10
  number of levels = 4
  using the Mattes MI metric (number of bins = 32, weight = 1)
  preprocessing:  winsorizing the image intensities
  preprocessing:  histogram matching the images
  Shrink factors (level 1 out of 4): [6, 6, 6]
  Shrink factors (level 2 out of 4): [4, 4, 4]
  Shrink factors (level 3 out of 4): [2, 2, 2]
  Shrink factors (level 4 out of 4): [1, 1, 1]
  smoothing sigmas per level: [4, 2, 1, 0]
  regular sampling (percentage = 0.25)

*** Running Euler3DTransform registration ***

DIAGNOSTIC,Iteration,metricValue,convergenceValue,ITERATION_TIME_INDEX,SINCE_LAST
 2DIAGNOSTIC,     1, -8.337075710297e-01, inf, 4.4216e-01, 4.4216e-01, 
 2DIAGNOSTIC,     2, -8.366739153862e-01, inf, 4.5065e-01, 8.4908e-03, 
 2DIAGNOSTIC,     3, -8.416123986244e-01, inf, 4.5814e-01, 7.4868e-03, 
 2DIAGNOSTIC,     4, -8.489468097687e-01, inf, 4.6569e-01, 7.5519e-03, 
 2DIAGNOSTIC,     5, -8.581972718239e-01, inf, 4.7331e-01, 7.6151e-03, 
 2DIAGNOSTIC,     6, -8.688753247261e-01, inf, 4.8093e-01, 7.6170e-03, 
 2DIAGNOSTIC,     7, -8.749790787697e-01, inf, 4.8824e-01, 7.3121e-03, 
 2DIAGNOSTIC,     8, -8.768787980080e-01, inf, 4.9541e-01, 7.1700e-03, 
 2DIAGNOSTIC,     9, -8.803418278694e-01, inf, 5.0431e-01, 8.9061e-03, 
 2DIAGNOSTIC,    10, -8.864601850510e-01, 4.282158799469e-03, 5.1434e-01, 1.0027e-02, 
 2DIAGNOSTIC,    11, -8.872025609016e-01, 3.639566712081e-03, 5.2231e-01, 7.9651e-03, 
 2DIAGNOSTIC,    12, -8.876959681511e-01, 2.877621678635e-03, 5.3132e-01, 9.0179e-03, 
 2DIAGNOSTIC,    13, -8.878963589668e-01, 2.108790678903e-03, 5.4057e-01, 9.2440e-03, 
 2DIAGNOSTIC,    14, -8.879712820053e-01, 1.431836630218e-03, 5.4951e-01, 8.9381e-03, 
 2DIAGNOSTIC,    15, -8.879965543747e-01, 9.120060713030e-04, 5.5759e-01, 8.0791e-03, 
 2DIAGNOSTIC,    16, -8.880400061607e-01, 5.911589832976e-04, 5.6571e-01, 8.1229e-03, 
 2DIAGNOSTIC,    17, -8.881006836891e-01, 3.742381813936e-04, 5.7776e-01, 1.2047e-02, 
 2DIAGNOSTIC,    18, -8.881465196609e-01, 1.823224010877e-04, 5.8538e-01, 7.6220e-03, 
 2DIAGNOSTIC,    19, -8.880872726440e-01, 4.976879790775e-05, 5.9299e-01, 7.6141e-03, 
 2DIAGNOSTIC,    20, -8.881289958954e-01, 2.618298640300e-05, 6.0067e-01, 7.6821e-03, 
 2DIAGNOSTIC,    21, -8.881281614304e-01, 1.386364419886e-05, 6.0925e-01, 8.5781e-03, 
 2DIAGNOSTIC,    22, -8.881443738937e-01, 8.957646969066e-06, 6.1997e-01, 1.0719e-02, 
 2DIAGNOSTIC,    23, -8.881499171257e-01, 6.664201009698e-06, 6.2760e-01, 7.6251e-03, 
 2DIAGNOSTIC,    24, -8.881544470787e-01, 5.164748017705e-06, 6.3522e-01, 7.6230e-03, 
 2DIAGNOSTIC,    25, -8.881631493568e-01, 3.867881332553e-06, 6.4387e-01, 8.6501e-03, 
 2DIAGNOSTIC,    26, -8.881677389145e-01, 2.997297315233e-06, 6.5142e-01, 7.5531e-03, 
 2DIAGNOSTIC,    27, -8.881500959396e-01, 2.523273678889e-06, 6.6140e-01, 9.9740e-03, 
 2DIAGNOSTIC,    28, -8.881536126137e-01, 2.559778295108e-06, 6.6904e-01, 7.6489e-03, 
 2DIAGNOSTIC,    29, -8.881577849388e-01, 1.831585905165e-06, 6.7973e-01, 1.0686e-02, 
 2DIAGNOSTIC,    30, -8.881608247757e-01, 1.564085891914e-06, 6.8836e-01, 8.6329e-03, 
 2DIAGNOSTIC,    31, -8.881624937057e-01, 1.272484951187e-06, 6.9727e-01, 8.9040e-03, 
 2DIAGNOSTIC,    32, -8.881637454033e-01, 1.156952635029e-06, 7.0585e-01, 8.5800e-03, 
DIAGNOSTIC,Iteration,metricValue,convergenceValue,ITERATION_TIME_INDEX,SINCE_LAST
 2DIAGNOSTIC,     1, -7.129402756691e-01, inf, 1.2221e+00, 5.1621e-01, 
 2DIAGNOSTIC,     2, -7.141117453575e-01, inf, 1.2537e+00, 3.1640e-02, 
 2DIAGNOSTIC,     3, -7.155325412750e-01, inf, 1.2850e+00, 3.1271e-02, 
 2DIAGNOSTIC,     4, -7.171023488045e-01, inf, 1.3158e+00, 3.0791e-02, 
 2DIAGNOSTIC,     5, -7.186214923859e-01, inf, 1.3470e+00, 3.1237e-02, 
 2DIAGNOSTIC,     6, -7.193278074265e-01, inf, 1.3781e+00, 3.1075e-02, 
 2DIAGNOSTIC,     7, -7.201328873634e-01, inf, 1.4091e+00, 3.1045e-02, 
 2DIAGNOSTIC,     8, -7.212415933609e-01, inf, 1.4444e+00, 3.5319e-02, 
 2DIAGNOSTIC,     9, -7.232468724251e-01, inf, 1.4886e+00, 4.4190e-02, 
 2DIAGNOSTIC,    10, -7.235968708992e-01, 9.594094590284e-04, 1.5199e+00, 3.1273e-02, 
 2DIAGNOSTIC,    11, -7.236511707306e-01, 8.025786373764e-04, 1.5519e+00, 3.2004e-02, 
 2DIAGNOSTIC,    12, -7.237263917923e-01, 6.420017452911e-04, 1.5924e+00, 4.0480e-02, 
 2DIAGNOSTIC,    13, -7.237629890442e-01, 4.916076431982e-04, 1.6227e+00, 3.0341e-02, 
 2DIAGNOSTIC,    14, -7.238024473190e-01, 3.620620991569e-04, 1.6621e+00, 3.9336e-02, 
 2DIAGNOSTIC,    15, -7.238186001778e-01, 2.572771336418e-04, 1.6933e+00, 3.1235e-02, 
 2DIAGNOSTIC,    16, -7.238150238991e-01, 1.601042604307e-04, 1.7288e+00, 3.5553e-02, 
 2DIAGNOSTIC,    17, -7.238311171532e-01, 7.884939259384e-05, 1.7642e+00, 3.5318e-02, 
 2DIAGNOSTIC,    18, -7.238487005234e-01, 2.304333065695e-05, 1.8000e+00, 3.5879e-02, 
 2DIAGNOSTIC,    19, -7.238569259644e-01, 1.273998350371e-05, 1.8317e+00, 3.1644e-02, 
 2DIAGNOSTIC,    20, -7.238821983337e-01, 9.833318472374e-06, 1.8675e+00, 3.5832e-02, 
 2DIAGNOSTIC,    21, -7.238832712173e-01, 7.448607448168e-06, 1.8989e+00, 3.1350e-02, 
 2DIAGNOSTIC,    22, -7.239228487015e-01, 6.779545401514e-06, 1.9445e+00, 4.5673e-02, 
 2DIAGNOSTIC,    23, -7.239378690720e-01, 6.518534974020e-06, 1.9815e+00, 3.6980e-02, 
 2DIAGNOSTIC,    24, -7.239466309547e-01, 6.581845354958e-06, 2.0133e+00, 3.1808e-02, 
 2DIAGNOSTIC,    25, -7.239395976067e-01, 6.301581379375e-06, 2.0448e+00, 3.1484e-02, 
 2DIAGNOSTIC,    26, -7.239364385605e-01, 5.470985342981e-06, 2.0857e+00, 4.0901e-02, 
 2DIAGNOSTIC,    27, -7.239392399788e-01, 4.569543762045e-06, 2.1218e+00, 3.6125e-02, 
 2DIAGNOSTIC,    28, -7.239258289337e-01, 3.463621851552e-06, 2.1538e+00, 3.1924e-02, 
 2DIAGNOSTIC,    29, -7.239206433296e-01, 2.257576852571e-06, 2.1853e+00, 3.1498e-02, 
 2DIAGNOSTIC,    30, -7.239289879799e-01, 1.474481564401e-06, 2.2213e+00, 3.6032e-02, 
DIAGNOSTIC,Iteration,metricValue,convergenceValue,ITERATION_TIME_INDEX,SINCE_LAST
 2DIAGNOSTIC,     1, -6.504867076874e-01, inf, 3.0137e+00, 7.9238e-01, 
 2DIAGNOSTIC,     2, -6.506086587906e-01, inf, 3.2335e+00, 2.1987e-01, 
 2DIAGNOSTIC,     3, -6.507171988487e-01, inf, 3.4444e+00, 2.1083e-01, 
 2DIAGNOSTIC,     4, -6.509018540382e-01, inf, 3.6553e+00, 2.1090e-01, 
 2DIAGNOSTIC,     5, -6.510915756226e-01, inf, 3.9204e+00, 2.6512e-01, 
 2DIAGNOSTIC,     6, -6.512199640274e-01, inf, 4.2989e+00, 3.7848e-01, 
 2DIAGNOSTIC,     7, -6.512781381607e-01, inf, 4.5284e+00, 2.2950e-01, 
 2DIAGNOSTIC,     8, -6.513242125511e-01, inf, 4.7728e+00, 2.4442e-01, 
 2DIAGNOSTIC,     9, -6.513690352440e-01, inf, 5.0388e+00, 2.6599e-01, 
 2DIAGNOSTIC,    10, -6.514028906822e-01, 9.937578579411e-05, 5.3508e+00, 3.1203e-01, 
 2DIAGNOSTIC,    11, -6.514311432838e-01, 7.701170397922e-05, 5.6293e+00, 2.7853e-01, 
 2DIAGNOSTIC,    12, -6.514443755150e-01, 5.668139783666e-05, 6.0188e+00, 3.8951e-01, 
 2DIAGNOSTIC,    13, -6.514494419098e-01, 3.836401810986e-05, 6.2809e+00, 2.6207e-01, 
 2DIAGNOSTIC,    14, -6.514546275139e-01, 2.521113310650e-05, 6.5313e+00, 2.5044e-01, 
 2DIAGNOSTIC,    15, -6.514633297920e-01, 1.740648076520e-05, 6.8012e+00, 2.6990e-01, 
 2DIAGNOSTIC,    16, -6.514638066292e-01, 1.266028357350e-05, 7.0556e+00, 2.5437e-01, 
 2DIAGNOSTIC,    17, -6.514652967453e-01, 9.011710972118e-06, 7.2749e+00, 2.1931e-01, 
 2DIAGNOSTIC,    18, -6.514704823494e-01, 6.340644176817e-06, 7.4879e+00, 2.1302e-01, 
 2DIAGNOSTIC,    19, -6.514786481857e-01, 4.728667590825e-06, 7.7927e+00, 3.0475e-01, 
 2DIAGNOSTIC,    20, -6.514772772789e-01, 3.683732757054e-06, 8.0568e+00, 2.6408e-01, 
 2DIAGNOSTIC,    21, -6.514770984650e-01, 3.125595185338e-06, 8.3179e+00, 2.6116e-01, 
 2DIAGNOSTIC,    22, -6.514779329300e-01, 2.749553459580e-06, 8.6084e+00, 2.9052e-01, 
 2DIAGNOSTIC,    23, -6.514785289764e-01, 2.387777840340e-06, 8.8650e+00, 2.5653e-01, 
 2DIAGNOSTIC,    24, -6.514776945114e-01, 2.034195631495e-06, 9.1258e+00, 2.6084e-01, 
 2DIAGNOSTIC,    25, -6.514771580696e-01, 1.787134124243e-06, 9.3800e+00, 2.5415e-01, 
 2DIAGNOSTIC,    26, -6.514766216278e-01, 1.512607582299e-06, 9.6070e+00, 2.2704e-01, 
 2DIAGNOSTIC,    27, -6.514772176743e-01, 1.263430021936e-06, 9.8621e+00, 2.5507e-01, 
 2DIAGNOSTIC,    28, -6.514776945114e-01, 1.107673256229e-06, 1.0093e+01, 2.3111e-01, 
 2DIAGNOSTIC,    29, -6.514791250229e-01, 1.110507582780e-06, 1.0380e+01, 2.8657e-01, 
 2DIAGNOSTIC,    30, -6.514798402786e-01, 1.102552459997e-06, 1.0640e+01, 2.6068e-01, 
 2DIAGNOSTIC,    31, -6.514797806740e-01, 1.087542386813e-06, 1.0890e+01, 2.4939e-01, 
 2DIAGNOSTIC,    32, -6.514809727669e-01, 1.095141556107e-06, 1.1171e+01, 2.8123e-01, 
 2DIAGNOSTIC,    33, -6.514810323715e-01, 1.100984604818e-06, 1.1453e+01, 2.8146e-01, 
 2DIAGNOSTIC,    34, -6.514810323715e-01, 1.082805283659e-06, 1.1703e+01, 2.5007e-01, 
 2DIAGNOSTIC,    35, -6.514807939529e-01, 1.042449866873e-06, 1.2036e+01, 3.3303e-01, 
DIAGNOSTIC,Iteration,metricValue,convergenceValue,ITERATION_TIME_INDEX,SINCE_LAST
 2DIAGNOSTIC,     1, -6.048027873039e-01, inf, 1.4641e+01, 2.6054e+00, 
  Elapsed time (stage 0): 1.5812e+01


Stage 1
  iterations = 1000x500x250x0
  convergence threshold = 1.0000e-06
  convergence window size = 10
  number of levels = 4
