
Running N4 for 3-dimensional images.

Mask not read.  Using the entire image as the mask.

Original intensity range:  [0, 876]

***********************************************************
Warning:  Your input image contains nonpositive values
which could cause failure or problematic results.  A
possible workaround would be to:
   1. rescale your image to positive values e.g., [10,100].
   2. run N4 on your rescaled image.
   3. (optional) rescale the N4 output to the original
      intensity range.
***********************************************************

Specified spline distance: 200mm
  original image size:  [192, 256, 256]
  padded image size:  [201, 401, 401]
  number of control points:  [4, 5, 5]

Current level = 1
  Iteration 1 (of 50).   Current convergence value = 0.000503473 (threshold = 1e-08)
  Iteration 2 (of 50).   Current convergence value = 0.000356204 (threshold = 1e-08)
  Iteration 3 (of 50).   Current convergence value = 0.000276291 (threshold = 1e-08)
  Iteration 4 (of 50).   Current convergence value = 0.000252159 (threshold = 1e-08)
  Iteration 5 (of 50).   Current convergence value = 0.000238212 (threshold = 1e-08)
  Iteration 6 (of 50).   Current convergence value = 0.00020083 (threshold = 1e-08)
  Iteration 7 (of 50).   Current convergence value = 0.000164733 (threshold = 1e-08)
  Iteration 8 (of 50).   Current convergence value = 0.000136618 (threshold = 1e-08)
  Iteration 9 (of 50).   Current convergence value = 0.000114768 (threshold = 1e-08)
  Iteration 10 (of 50).   Current convergence value = 9.80146e-05 (threshold = 1e-08)
  Iteration 11 (of 50).   Current convergence value = 8.51235e-05 (threshold = 1e-08)
  Iteration 12 (of 50).   Current convergence value = 7.5537e-05 (threshold = 1e-08)
  Iteration 13 (of 50).   Current convergence value = 6.83901e-05 (threshold = 1e-08)
  Iteration 14 (of 50).   Current convergence value = 6.27942e-05 (threshold = 1e-08)
  Iteration 15 (of 50).   Current convergence value = 5.84611e-05 (threshold = 1e-08)
  Iteration 16 (of 50).   Current convergence value = 5.50653e-05 (threshold = 1e-08)
  Iteration 17 (of 50).   Current convergence value = 5.23143e-05 (threshold = 1e-08)
  Iteration 18 (of 50).   Current convergence value = 5.00303e-05 (threshold = 1e-08)
  Iteration 19 (of 50).   Current convergence value = 4.80536e-05 (threshold = 1e-08)
  Iteration 20 (of 50).   Current convergence value = 4.63156e-05 (threshold = 1e-08)
  Iteration 21 (of 50).   Current convergence value = 4.47143e-05 (threshold = 1e-08)
  Iteration 22 (of 50).   Current convergence value = 4.33112e-05 (threshold = 1e-08)
  Iteration 23 (of 50).   Current convergence value = 4.20109e-05 (threshold = 1e-08)
  Iteration 24 (of 50).   Current convergence value = 4.07284e-05 (threshold = 1e-08)
  Iteration 25 (of 50).   Current convergence value = 3.95855e-05 (threshold = 1e-08)
  Iteration 26 (of 50).   Current convergence value = 3.84584e-05 (threshold = 1e-08)
  Iteration 27 (of 50).   Current convergence value = 3.74301e-05 (threshold = 1e-08)
  Iteration 28 (of 50).   Current convergence value = 3.63836e-05 (threshold = 1e-08)
  Iteration 29 (of 50).   Current convergence value = 3.54378e-05 (threshold = 1e-08)
  Iteration 30 (of 50).   Current convergence value = 3.45509e-05 (threshold = 1e-08)
  Iteration 31 (of 50).   Current convergence value = 3.37418e-05 (threshold = 1e-08)
  Iteration 32 (of 50).   Current convergence value = 3.29662e-05 (threshold = 1e-08)
  Iteration 33 (of 50).   Current convergence value = 3.2256e-05 (threshold = 1e-08)
  Iteration 34 (of 50).   Current convergence value = 3.16271e-05 (threshold = 1e-08)
  Iteration 35 (of 50).   Current convergence value = 3.10473e-05 (threshold = 1e-08)
  Iteration 36 (of 50).   Current convergence value = 3.0533e-05 (threshold = 1e-08)
  Iteration 37 (of 50).   Current convergence value = 3.0096e-05 (threshold = 1e-08)
  Iteration 38 (of 50).   Current convergence value = 2.97137e-05 (threshold = 1e-08)
  Iteration 39 (of 50).   Current convergence value = 2.94022e-05 (threshold = 1e-08)
  Iteration 40 (of 50).   Current convergence value = 2.91654e-05 (threshold = 1e-08)
  Iteration 41 (of 50).   Current convergence value = 2.89769e-05 (threshold = 1e-08)
  Iteration 42 (of 50).   Current convergence value = 2.88152e-05 (threshold = 1e-08)
  Iteration 43 (of 50).   Current convergence value = 2.8761e-05 (threshold = 1e-08)
  Iteration 44 (of 50).   Current convergence value = 2.87346e-05 (threshold = 1e-08)
  Iteration 45 (of 50).   Current convergence value = 2.87416e-05 (threshold = 1e-08)
  Iteration 46 (of 50).   Current convergence value = 2.87864e-05 (threshold = 1e-08)
  Iteration 47 (of 50).   Current convergence value = 2.88607e-05 (threshold = 1e-08)
  Iteration 48 (of 50).   Current convergence value = 2.89957e-05 (threshold = 1e-08)
  Iteration 49 (of 50).   Current convergence value = 2.914e-05 (threshold = 1e-08)
  Iteration 50 (of 50).   Current convergence value = 2.93364e-05 (threshold = 1e-08)
Current level = 2
  Iteration 1 (of 50).   Current convergence value = 0.000419543 (threshold = 1e-08)
  Iteration 2 (of 50).   Current convergence value = 0.000382447 (threshold = 1e-08)
  Iteration 3 (of 50).   Current convergence value = 0.00037508 (threshold = 1e-08)
  Iteration 4 (of 50).   Current convergence value = 0.00037649 (threshold = 1e-08)
  Iteration 5 (of 50).   Current convergence value = 0.000379099 (threshold = 1e-08)
  Iteration 6 (of 50).   Current convergence value = 0.000379519 (threshold = 1e-08)
  Iteration 7 (of 50).   Current convergence value = 0.000377789 (threshold = 1e-08)
  Iteration 8 (of 50).   Current convergence value = 0.000374355 (threshold = 1e-08)
  Iteration 9 (of 50).   Current convergence value = 0.000369972 (threshold = 1e-08)
  Iteration 10 (of 50).   Current convergence value = 0.000362596 (threshold = 1e-08)
  Iteration 11 (of 50).   Current convergence value = 0.000355914 (threshold = 1e-08)
  Iteration 12 (of 50).   Current convergence value = 0.000349104 (threshold = 1e-08)
  Iteration 13 (of 50).   Current convergence value = 0.000342864 (threshold = 1e-08)
  Iteration 14 (of 50).   Current convergence value = 0.000336595 (threshold = 1e-08)
  Iteration 15 (of 50).   Current convergence value = 0.000330106 (threshold = 1e-08)
  Iteration 16 (of 50).   Current convergence value = 0.00032441 (threshold = 1e-08)
  Iteration 17 (of 50).   Current convergence value = 0.000318194 (threshold = 1e-08)
  Iteration 18 (of 50).   Current convergence value = 0.000312517 (threshold = 1e-08)
  Iteration 19 (of 50).   Current convergence value = 0.000307297 (threshold = 1e-08)
  Iteration 20 (of 50).   Current convergence value = 0.000301567 (threshold = 1e-08)
  Iteration 21 (of 50).   Current convergence value = 0.000296528 (threshold = 1e-08)
  Iteration 22 (of 50).   Current convergence value = 0.000291955 (threshold = 1e-08)
  Iteration 23 (of 50).   Current convergence value = 0.000287326 (threshold = 1e-08)
  Iteration 24 (of 50).   Current convergence value = 0.000283102 (threshold = 1e-08)
  Iteration 25 (of 50).   Current convergence value = 0.000279004 (threshold = 1e-08)
  Iteration 26 (of 50).   Current convergence value = 0.000275186 (threshold = 1e-08)
  Iteration 27 (of 50).   Current convergence value = 0.000271037 (threshold = 1e-08)
  Iteration 28 (of 50).   Current convergence value = 0.0002671 (threshold = 1e-08)
  Iteration 29 (of 50).   Current convergence value = 0.000263378 (threshold = 1e-08)
  Iteration 30 (of 50).   Current convergence value = 0.00025991 (threshold = 1e-08)
  Iteration 31 (of 50).   Current convergence value = 0.000256317 (threshold = 1e-08)
  Iteration 32 (of 50).   Current convergence value = 0.000252505 (threshold = 1e-08)
  Iteration 33 (of 50).   Current convergence value = 0.0002491 (threshold = 1e-08)
  Iteration 34 (of 50).   Current convergence value = 0.000245755 (threshold = 1e-08)
  Iteration 35 (of 50).   Current convergence value = 0.000242759 (threshold = 1e-08)
  Iteration 36 (of 50).   Current convergence value = 0.000239621 (threshold = 1e-08)
  Iteration 37 (of 50).   Current convergence value = 0.00023641 (threshold = 1e-08)
  Iteration 38 (of 50).   Current convergence value = 0.000231385 (threshold = 1e-08)
  Iteration 39 (of 50).   Current convergence value = 0.000227264 (threshold = 1e-08)
  Iteration 40 (of 50).   Current convergence value = 0.000223441 (threshold = 1e-08)
  Iteration 41 (of 50).   Current convergence value = 0.000220139 (threshold = 1e-08)
  Iteration 42 (of 50).   Current convergence value = 0.000216817 (threshold = 1e-08)
  Iteration 43 (of 50).   Current convergence value = 0.00021361 (threshold = 1e-08)
  Iteration 44 (of 50).   Current convergence value = 0.000210575 (threshold = 1e-08)
  Iteration 45 (of 50).   Current convergence value = 0.000207507 (threshold = 1e-08)
  Iteration 46 (of 50).   Current convergence value = 0.000204656 (threshold = 1e-08)
  Iteration 47 (of 50).   Current convergence value = 0.000202043 (threshold = 1e-08)
  Iteration 48 (of 50).   Current convergence value = 0.000199617 (threshold = 1e-08)
  Iteration 49 (of 50).   Current convergence value = 0.000197191 (threshold = 1e-08)
  Iteration 50 (of 50).   Current convergence value = 0.000194441 (threshold = 1e-08)
Current level = 3
  Iteration 1 (of 40).   Current convergence value = 0.00121527 (threshold = 1e-08)
  Iteration 2 (of 40).   Current convergence value = 0.00121239 (threshold = 1e-08)
  Iteration 3 (of 40).   Current convergence value = 0.00116125 (threshold = 1e-08)
  Iteration 4 (of 40).   Current convergence value = 0.0011414 (threshold = 1e-08)
  Iteration 5 (of 40).   Current convergence value = 0.00115159 (threshold = 1e-08)
  Iteration 6 (of 40).   Current convergence value = 0.00116511 (threshold = 1e-08)
  Iteration 7 (of 40).   Current convergence value = 0.00114135 (threshold = 1e-08)
  Iteration 8 (of 40).   Current convergence value = 0.00111933 (threshold = 1e-08)
  Iteration 9 (of 40).   Current convergence value = 0.00109692 (threshold = 1e-08)
  Iteration 10 (of 40).   Current convergence value = 0.00107517 (threshold = 1e-08)
  Iteration 11 (of 40).   Current convergence value = 0.00105311 (threshold = 1e-08)
  Iteration 12 (of 40).   Current convergence value = 0.00102296 (threshold = 1e-08)
  Iteration 13 (of 40).   Current convergence value = 0.000953413 (threshold = 1e-08)
  Iteration 14 (of 40).   Current convergence value = 0.000890545 (threshold = 1e-08)
  Iteration 15 (of 40).   Current convergence value = 0.000840076 (threshold = 1e-08)
  Iteration 16 (of 40).   Current convergence value = 0.000799542 (threshold = 1e-08)
  Iteration 17 (of 40).   Current convergence value = 0.000765339 (threshold = 1e-08)
  Iteration 18 (of 40).   Current convergence value = 0.000733111 (threshold = 1e-08)
  Iteration 19 (of 40).   Current convergence value = 0.000703928 (threshold = 1e-08)
  Iteration 20 (of 40).   Current convergence value = 0.000677577 (threshold = 1e-08)
  Iteration 21 (of 40).   Current convergence value = 0.000653001 (threshold = 1e-08)
  Iteration 22 (of 40).   Current convergence value = 0.000630067 (threshold = 1e-08)
  Iteration 23 (of 40).   Current convergence value = 0.000608374 (threshold = 1e-08)
  Iteration 24 (of 40).   Current convergence value = 0.00058786 (threshold = 1e-08)
  Iteration 25 (of 40).   Current convergence value = 0.000568151 (threshold = 1e-08)
  Iteration 26 (of 40).   Current convergence value = 0.000548431 (threshold = 1e-08)
  Iteration 27 (of 40).   Current convergence value = 0.000528456 (threshold = 1e-08)
  Iteration 28 (of 40).   Current convergence value = 0.000510156 (threshold = 1e-08)
  Iteration 29 (of 40).   Current convergence value = 0.000493496 (threshold = 1e-08)
  Iteration 30 (of 40).   Current convergence value = 0.000478142 (threshold = 1e-08)
  Iteration 31 (of 40).   Current convergence value = 0.000463838 (threshold = 1e-08)
  Iteration 32 (of 40).   Current convergence value = 0.000450425 (threshold = 1e-08)
  Iteration 33 (of 40).   Current convergence value = 0.000437825 (threshold = 1e-08)
  Iteration 34 (of 40).   Current convergence value = 0.000426034 (threshold = 1e-08)
  Iteration 35 (of 40).   Current convergence value = 0.00041008 (threshold = 1e-08)
  Iteration 36 (of 40).   Current convergence value = 0.000399634 (threshold = 1e-08)
  Iteration 37 (of 40).   Current convergence value = 0.000388774 (threshold = 1e-08)
  Iteration 38 (of 40).   Current convergence value = 0.000378244 (threshold = 1e-08)
  Iteration 39 (of 40).   Current convergence value = 0.000368201 (threshold = 1e-08)
  Iteration 40 (of 40).   Current convergence value = 0.000358753 (threshold = 1e-08)
Current level = 4
  Iteration 1 (of 30).   Current convergence value = 0.00171595 (threshold = 1e-08)
  Iteration 2 (of 30).   Current convergence value = 0.00169147 (threshold = 1e-08)
  Iteration 3 (of 30).   Current convergence value = 0.00165387 (threshold = 1e-08)
  Iteration 4 (of 30).   Current convergence value = 0.00160375 (threshold = 1e-08)
  Iteration 5 (of 30).   Current convergence value = 0.00163007 (threshold = 1e-08)
  Iteration 6 (of 30).   Current convergence value = 0.00179334 (threshold = 1e-08)
  Iteration 7 (of 30).   Current convergence value = 0.00181893 (threshold = 1e-08)
  Iteration 8 (of 30).   Current convergence value = 0.00174332 (threshold = 1e-08)
  Iteration 9 (of 30).   Current convergence value = 0.0016829 (threshold = 1e-08)
  Iteration 10 (of 30).   Current convergence value = 0.00162776 (threshold = 1e-08)
  Iteration 11 (of 30).   Current convergence value = 0.00157832 (threshold = 1e-08)
  Iteration 12 (of 30).   Current convergence value = 0.00155507 (threshold = 1e-08)
  Iteration 13 (of 30).   Current convergence value = 0.00154223 (threshold = 1e-08)
  Iteration 14 (of 30).   Current convergence value = 0.00153573 (threshold = 1e-08)
  Iteration 15 (of 30).   Current convergence value = 0.00153361 (threshold = 1e-08)
  Iteration 16 (of 30).   Current convergence value = 0.00153276 (threshold = 1e-08)
  Iteration 17 (of 30).   Current convergence value = 0.00151759 (threshold = 1e-08)
  Iteration 18 (of 30).   Current convergence value = 0.00150228 (threshold = 1e-08)
  Iteration 19 (of 30).   Current convergence value = 0.00148878 (threshold = 1e-08)
  Iteration 20 (of 30).   Current convergence value = 0.00147616 (threshold = 1e-08)
  Iteration 21 (of 30).   Current convergence value = 0.00146392 (threshold = 1e-08)
  Iteration 22 (of 30).   Current convergence value = 0.0014502 (threshold = 1e-08)
  Iteration 23 (of 30).   Current convergence value = 0.001434 (threshold = 1e-08)
  Iteration 24 (of 30).   Current convergence value = 0.00141443 (threshold = 1e-08)
  Iteration 25 (of 30).   Current convergence value = 0.0013905 (threshold = 1e-08)
  Iteration 26 (of 30).   Current convergence value = 0.00136258 (threshold = 1e-08)
  Iteration 27 (of 30).   Current convergence value = 0.0013304 (threshold = 1e-08)
  Iteration 28 (of 30).   Current convergence value = 0.0012926 (threshold = 1e-08)
  Iteration 29 (of 30).   Current convergence value = 0.00125124 (threshold = 1e-08)
  Iteration 30 (of 30).   Current convergence value = 0.00120643 (threshold = 1e-08)
   N4BiasFieldCorrectionImageFilter (0x558800843e20)
     RTTI typeinfo:   itk::N4BiasFieldCorrectionImageFilter<itk::Image<float, 3u>, itk::Image<float, 3u>, itk::Image<float, 3u> >
     Reference Count: 1
     Modified Time: 565
     Debug: Off
     Object Name: 
     Observers: 
       IterationEvent(Command)
     Inputs: 
       ConfidenceImage: (0)
       MaskImage: (0x55880086e5e0)
       Primary: (0x558800869b30) *
     Indexed Inputs: 
       0: Primary (0x558800869b30)
       1: MaskImage (0x55880086e5e0)
       2: ConfidenceImage (0)
     Required Input Names: Primary
     NumberOfRequiredInputs: 1
     Outputs: 
       Primary: (0x558800853ef0)
     Indexed Outputs: 
       0: Primary (0x558800853ef0)
     NumberOfRequiredOutputs: 1
     Number Of Work Units: 32
     ReleaseDataFlag: Off
     ReleaseDataBeforeUpdateFlag: Off
     AbortGenerateData: Off
     Progress: 0
     Multithreader: 
       RTTI typeinfo:   itk::PoolMultiThreader
       Reference Count: 1
       Modified Time: 144
       Debug: Off
       Object Name: 
       Observers: 
         none
       Number of Work Units: 32
       Number of Threads: 8
       Global Maximum Number Of Threads: 128
       Global Default Number Of Threads: 8
       Global Default Threader Type: itk::MultiThreaderBaseEnums::Threader::Pool
       SingleMethod: 0
       SingleData: 0
     DynamicMultiThreading: On
     CoordinateTolerance: 1e-06
     DirectionTolerance: 1e-06
     Use Mask Label: 0
     Mask label: 1
     Number of histogram bins: 200
     Wiener filter noise: 0.01
     Bias field FWHM: 0.15
     Maximum number of iterations: [50, 50, 40, 30]
     Convergence threshold: 1e-08
     Spline order: 3
     Number of fitting levels: [4, 4, 4]
     Number of control points: [4, 5, 5]
     CurrentConvergenceMeasurement: 0.00120643
     CurrentLevel: 4
     ElapsedIterations: 31
     LogBiasFieldControlPointLattice: 
       Image (0x55880c7ed580)
         RTTI typeinfo:   itk::Image<itk::Vector<float, 1u>, 3u>
         Reference Count: 1
         Modified Time: 343560
         Debug: Off
         Object Name: 
         Observers: 
           none
         Source: (none)
         Source output name: (none)
         Release Data: Off
         Data Released: False
         Global Release Data: Off
         PipelineMTime: 0
         UpdateMTime: 0
         RealTimeStamp: 0 seconds 
         LargestPossibleRegion: 
           Dimension: 3
           Index: [0, 0, 0]
           Size: [11, 19, 19]
         BufferedRegion: 
           Dimension: 3
           Index: [0, 0, 0]
           Size: [11, 19, 19]
         RequestedRegion: 
           Dimension: 3
           Index: [0, 0, 0]
           Size: [11, 19, 19]
         Spacing: [24.75, 24.875, 24.875]
         Origin: [26.1367, 15.3029, -30.5415]
         Direction: 
-0.998694 -0.0506918 -0.00635592
0.046601 -0.954878 0.293321
-0.0209381 0.292641 0.955993

         IndexToPointMatrix: 
-24.7177 -1.26096 -0.158103
1.15337 -23.7526 7.29636
-0.518218 7.27944 23.7803

         PointToIndexMatrix: 
-0.0403513 0.00188287 -0.000845984
-0.00203786 -0.038387 0.0117645
-0.000255516 0.0117918 0.0384319

         Inverse Direction: 
-0.998694 0.046601 -0.0209381
-0.0506918 -0.954878 0.292642
-0.00635596 0.29332 0.955993

         PixelContainer: 
           ImportImageContainer (0x558807349230)
             RTTI typeinfo:   itk::ImportImageContainer<unsigned long, itk::Vector<float, 1u> >
             Reference Count: 1
             Modified Time: 343561
             Debug: Off
             Object Name: 
             Observers: 
               none
             Pointer: 0x55880a9e6470
             Container manages memory: true
             Size: 3971
             Capacity: 3971
Elapsed time: 306.813
All_Command_lines_OK
Using single precision for computations.
=============================================================================
The composite transform comprises the following transforms (in order): 
  1. Center of mass alignment using fixed image: /home/mpib/nemecz/Projects/miniTRK/Results/01_MRI/GroupTempl/T1w/T_template0.nii.gz and moving image: /home/mpib/nemecz/Projects/miniTRK/Analysis/01_MRI/Preproc/GroupTempl/T1w/sub-760384_T1w.nii.gz (type = Euler3DTransform)
=============================================================================
  number of levels = 4
  number of levels = 4
  number of levels = 4
  fixed image: /home/mpib/nemecz/Projects/miniTRK/Results/01_MRI/GroupTempl/T1w/T_template0.nii.gz
  moving image: /home/mpib/nemecz/Projects/miniTRK/Results/01_MRI/GroupTempl/T1w/T_template0sub-760384_T1wRepaired.nii.gz
  fixed image: /home/mpib/nemecz/Projects/miniTRK/Results/01_MRI/GroupTempl/T1w/T_template0.nii.gz
  moving image: /home/mpib/nemecz/Projects/miniTRK/Results/01_MRI/GroupTempl/T1w/T_template0sub-760384_T1wRepaired.nii.gz
  fixed image: /home/mpib/nemecz/Projects/miniTRK/Results/01_MRI/GroupTempl/T1w/T_template0.nii.gz
  moving image: /home/mpib/nemecz/Projects/miniTRK/Results/01_MRI/GroupTempl/T1w/T_template0sub-760384_T1wRepaired.nii.gz
Dimension = 3
Number of stages = 3
Use Histogram Matching true
Winsorize image intensities true
Lower quantile = 0.01
Upper quantile = 0.99
Stage 1 State
   Image metric = Mattes
     Fixed image = Image (0x55b61dea2ad0)
  RTTI typeinfo:   itk::Image<float, 3u>
  Reference Count: 2
  Modified Time: 1721
  Debug: Off
  Object Name: 
  Observers: 
    none
  Source: (none)
  Source output name: (none)
  Release Data: Off
  Data Released: False
  Global Release Data: Off
  PipelineMTime: 0
  UpdateMTime: 1506
  RealTimeStamp: 0 seconds 
  LargestPossibleRegion: 
    Dimension: 3
    Index: [0, 0, 0]
    Size: [192, 256, 256]
  BufferedRegion: 
    Dimension: 3
    Index: [0, 0, 0]
    Size: [192, 256, 256]
  RequestedRegion: 
    Dimension: 3
    Index: [0, 0, 0]
    Size: [192, 256, 256]
  Spacing: [1, 1, 1]
  Origin: [95.0313, 100.538, -154.123]
  Direction: 
-0.999853 -0.014134 -0.00966312
0.014129 -0.9999 0.000586045
-0.00967044 0.000449429 0.999953

  IndexToPointMatrix: 
-0.999853 -0.014134 -0.00966312
0.014129 -0.9999 0.000586045
-0.00967044 0.000449429 0.999953

  PointToIndexMatrix: 
-0.999853 0.014129 -0.00967044
-0.014134 -0.9999 0.000449429
-0.00966312 0.000586045 0.999953

  Inverse Direction: 
-0.999853 0.014129 -0.00967044
-0.014134 -0.9999 0.000449429
-0.00966312 0.000586045 0.999953

  PixelContainer: 
    ImportImageContainer (0x55b61deaac80)
      RTTI typeinfo:   itk::ImportImageContainer<unsigned long, float>
      Reference Count: 1
      Modified Time: 1503
      Debug: Off
      Object Name: 
      Observers: 
        none
      Pointer: 0x7f4f1d616010
      Container manages memory: true
      Size: 12582912
      Capacity: 12582912

     Moving image = Image (0x55b61dea3bc0)
  RTTI typeinfo:   itk::Image<float, 3u>
  Reference Count: 2
  Modified Time: 1722
  Debug: Off
  Object Name: 
  Observers: 
    none
  Source: (none)
  Source output name: (none)
  Release Data: Off
  Data Released: False
  Global Release Data: Off
  PipelineMTime: 0
  UpdateMTime: 1719
  RealTimeStamp: 0 seconds 
  LargestPossibleRegion: 
    Dimension: 3
    Index: [0, 0, 0]
    Size: [192, 256, 256]
  BufferedRegion: 
    Dimension: 3
    Index: [0, 0, 0]
    Size: [192, 256, 256]
  RequestedRegion: 
    Dimension: 3
    Index: [0, 0, 0]
    Size: [192, 256, 256]
  Spacing: [1, 1, 1]
  Origin: [101.547, 43.4312, -185.885]
  Direction: 
-0.998694 -0.0506918 -0.00635594
0.046601 -0.954878 0.293321
-0.0209381 0.292641 0.955993

  IndexToPointMatrix: 
-0.998694 -0.0506918 -0.00635594
0.046601 -0.954878 0.293321
-0.0209381 0.292641 0.955993

  PointToIndexMatrix: 
-0.998694 0.046601 -0.0209381
-0.0506918 -0.954878 0.292641
-0.00635594 0.293321 0.955993

  Inverse Direction: 
-0.998694 0.046601 -0.0209381
-0.0506918 -0.954878 0.292641
-0.00635594 0.293321 0.955993

  PixelContainer: 
    ImportImageContainer (0x55b61deaf100)
      RTTI typeinfo:   itk::ImportImageContainer<unsigned long, float>
      Reference Count: 1
      Modified Time: 1716
      Debug: Off
      Object Name: 
      Observers: 
        none
      Pointer: 0x7f4f1a615010
      Container manages memory: true
      Size: 12582912
      Capacity: 12582912

     Weighting = 1
     Sampling strategy = regular
     Number of bins = 32
     Radius = 4
     Sampling percentage  = 0.25
   Transform = Rigid
     Gradient step = 0.1
     Update field sigma (voxel space) = 0
     Total field sigma (voxel space) = 0
     Update field time sigma = 0
     Total field time sigma  = 0
     Number of time indices = 0
     Number of time point samples = 0
Stage 2 State
   Image metric = Mattes
     Fixed image = Image (0x55b61debb870)
  RTTI typeinfo:   itk::Image<float, 3u>
  Reference Count: 2
  Modified Time: 2149
  Debug: Off
  Object Name: 
  Observers: 
    none
  Source: (none)
  Source output name: (none)
  Release Data: Off
  Data Released: False
  Global Release Data: Off
  PipelineMTime: 0
  UpdateMTime: 1934
  RealTimeStamp: 0 seconds 
  LargestPossibleRegion: 
    Dimension: 3
    Index: [0, 0, 0]
    Size: [192, 256, 256]
  BufferedRegion: 
    Dimension: 3
    Index: [0, 0, 0]
    Size: [192, 256, 256]
  RequestedRegion: 
    Dimension: 3
    Index: [0, 0, 0]
    Size: [192, 256, 256]
  Spacing: [1, 1, 1]
  Origin: [95.0313, 100.538, -154.123]
  Direction: 
-0.999853 -0.014134 -0.00966312
0.014129 -0.9999 0.000586045
-0.00967044 0.000449429 0.999953

  IndexToPointMatrix: 
-0.999853 -0.014134 -0.00966312
0.014129 -0.9999 0.000586045
-0.00967044 0.000449429 0.999953

  PointToIndexMatrix: 
-0.999853 0.014129 -0.00967044
-0.014134 -0.9999 0.000449429
-0.00966312 0.000586045 0.999953

  Inverse Direction: 
-0.999853 0.014129 -0.00967044
-0.014134 -0.9999 0.000449429
-0.00966312 0.000586045 0.999953

  PixelContainer: 
    ImportImageContainer (0x55b61dea66d0)
      RTTI typeinfo:   itk::ImportImageContainer<unsigned long, float>
      Reference Count: 1
      Modified Time: 1931
      Debug: Off
      Object Name: 
      Observers: 
        none
      Pointer: 0x7f4f17614010
      Container manages memory: true
      Size: 12582912
      Capacity: 12582912

     Moving image = Image (0x55b61debb4c0)
  RTTI typeinfo:   itk::Image<float, 3u>
  Reference Count: 2
  Modified Time: 2150
  Debug: Off
  Object Name: 
  Observers: 
    none
  Source: (none)
  Source output name: (none)
  Release Data: Off
  Data Released: False
  Global Release Data: Off
  PipelineMTime: 0
  UpdateMTime: 2147
  RealTimeStamp: 0 seconds 
  LargestPossibleRegion: 
    Dimension: 3
    Index: [0, 0, 0]
    Size: [192, 256, 256]
  BufferedRegion: 
    Dimension: 3
    Index: [0, 0, 0]
    Size: [192, 256, 256]
  RequestedRegion: 
    Dimension: 3
    Index: [0, 0, 0]
    Size: [192, 256, 256]
  Spacing: [1, 1, 1]
  Origin: [101.547, 43.4312, -185.885]
  Direction: 
-0.998694 -0.0506918 -0.00635594
0.046601 -0.954878 0.293321
-0.0209381 0.292641 0.955993

  IndexToPointMatrix: 
-0.998694 -0.0506918 -0.00635594
0.046601 -0.954878 0.293321
-0.0209381 0.292641 0.955993

  PointToIndexMatrix: 
-0.998694 0.046601 -0.0209381
-0.0506918 -0.954878 0.292641
-0.00635594 0.293321 0.955993

  Inverse Direction: 
-0.998694 0.046601 -0.0209381
-0.0506918 -0.954878 0.292641
-0.00635594 0.293321 0.955993

  PixelContainer: 
    ImportImageContainer (0x55b61debc8c0)
      RTTI typeinfo:   itk::ImportImageContainer<unsigned long, float>
      Reference Count: 1
      Modified Time: 2144
      Debug: Off
      Object Name: 
      Observers: 
        none
      Pointer: 0x7f4f14613010
      Container manages memory: true
      Size: 12582912
      Capacity: 12582912

     Weighting = 1
     Sampling strategy = regular
     Number of bins = 32
     Radius = 4
     Sampling percentage  = 0.25
   Transform = Affine
     Gradient step = 0.1
     Update field sigma (voxel space) = 0
     Total field sigma (voxel space) = 0
     Update field time sigma = 0
     Total field time sigma  = 0
     Number of time indices = 0
     Number of time point samples = 0
Stage 3 State
   Image metric = CC
     Fixed image = Image (0x55b61dec2960)
  RTTI typeinfo:   itk::Image<float, 3u>
  Reference Count: 2
  Modified Time: 2577
  Debug: Off
  Object Name: 
  Observers: 
    none
  Source: (none)
  Source output name: (none)
  Release Data: Off
  Data Released: False
  Global Release Data: Off
  PipelineMTime: 0
  UpdateMTime: 2362
  RealTimeStamp: 0 seconds 
  LargestPossibleRegion: 
    Dimension: 3
    Index: [0, 0, 0]
    Size: [192, 256, 256]
  BufferedRegion: 
    Dimension: 3
    Index: [0, 0, 0]
    Size: [192, 256, 256]
  RequestedRegion: 
    Dimension: 3
    Index: [0, 0, 0]
    Size: [192, 256, 256]
  Spacing: [1, 1, 1]
  Origin: [95.0313, 100.538, -154.123]
  Direction: 
-0.999853 -0.014134 -0.00966312
0.014129 -0.9999 0.000586045
-0.00967044 0.000449429 0.999953

  IndexToPointMatrix: 
-0.999853 -0.014134 -0.00966312
0.014129 -0.9999 0.000586045
-0.00967044 0.000449429 0.999953

  PointToIndexMatrix: 
-0.999853 0.014129 -0.00967044
-0.014134 -0.9999 0.000449429
-0.00966312 0.000586045 0.999953

  Inverse Direction: 
-0.999853 0.014129 -0.00967044
-0.014134 -0.9999 0.000449429
-0.00966312 0.000586045 0.999953

  PixelContainer: 
    ImportImageContainer (0x55b61dea3660)
      RTTI typeinfo:   itk::ImportImageContainer<unsigned long, float>
      Reference Count: 1
      Modified Time: 2359
      Debug: Off
      Object Name: 
      Observers: 
        none
      Pointer: 0x7f4f11612010
      Container manages memory: true
      Size: 12582912
      Capacity: 12582912

     Moving image = Image (0x55b61dec4840)
  RTTI typeinfo:   itk::Image<float, 3u>
  Reference Count: 2
  Modified Time: 2578
  Debug: Off
  Object Name: 
  Observers: 
    none
  Source: (none)
  Source output name: (none)
  Release Data: Off
  Data Released: False
  Global Release Data: Off
  PipelineMTime: 0
  UpdateMTime: 2575
  RealTimeStamp: 0 seconds 
  LargestPossibleRegion: 
    Dimension: 3
    Index: [0, 0, 0]
    Size: [192, 256, 256]
  BufferedRegion: 
    Dimension: 3
    Index: [0, 0, 0]
    Size: [192, 256, 256]
  RequestedRegion: 
    Dimension: 3
    Index: [0, 0, 0]
    Size: [192, 256, 256]
  Spacing: [1, 1, 1]
  Origin: [101.547, 43.4312, -185.885]
  Direction: 
-0.998694 -0.0506918 -0.00635594
0.046601 -0.954878 0.293321
-0.0209381 0.292641 0.955993

  IndexToPointMatrix: 
-0.998694 -0.0506918 -0.00635594
0.046601 -0.954878 0.293321
-0.0209381 0.292641 0.955993

  PointToIndexMatrix: 
-0.998694 0.046601 -0.0209381
-0.0506918 -0.954878 0.292641
-0.00635594 0.293321 0.955993

  Inverse Direction: 
-0.998694 0.046601 -0.0209381
-0.0506918 -0.954878 0.292641
-0.00635594 0.293321 0.955993

  PixelContainer: 
    ImportImageContainer (0x55b61dec1660)
      RTTI typeinfo:   itk::ImportImageContainer<unsigned long, float>
      Reference Count: 1
      Modified Time: 2572
      Debug: Off
      Object Name: 
      Observers: 
        none
      Pointer: 0x7f4f0e611010
      Container manages memory: true
      Size: 12582912
      Capacity: 12582912

     Weighting = 1
     Sampling strategy = none
     Number of bins = 32
     Radius = 4
     Sampling percentage  = 1
   Transform = SyN
     Gradient step = 0.1
     Update field sigma (voxel space) = 3
     Total field sigma (voxel space) = 0
     Update field time sigma = 0
     Total field time sigma  = 0
     Number of time indices = 0
     Number of time point samples = 0
Registration using 3 total stages.

Stage 0
  iterations = 1000x500x250x0
  convergence threshold = 1e-06
  convergence window size = 10
  number of levels = 4
  using the Mattes MI metric (number of bins = 32, weight = 1)
  preprocessing:  winsorizing the image intensities
  preprocessing:  histogram matching the images
  Shrink factors (level 1 out of 4): [6, 6, 6]
  Shrink factors (level 2 out of 4): [4, 4, 4]
  Shrink factors (level 3 out of 4): [2, 2, 2]
  Shrink factors (level 4 out of 4): [1, 1, 1]
  smoothing sigmas per level: [4, 2, 1, 0]
  regular sampling (percentage = 0.25)

*** Running Euler3DTransform registration ***

DIAGNOSTIC,Iteration,metricValue,convergenceValue,ITERATION_TIME_INDEX,SINCE_LAST
 2DIAGNOSTIC,     1, -6.546921133995e-01, inf, 7.6642e-01, 7.6642e-01, 
 2DIAGNOSTIC,     2, -6.560010910034e-01, inf, 7.7390e-01, 7.4811e-03, 
 2DIAGNOSTIC,     3, -6.582122445107e-01, inf, 7.8117e-01, 7.2660e-03, 
 2DIAGNOSTIC,     4, -6.616972088814e-01, inf, 7.8862e-01, 7.4580e-03, 
 2DIAGNOSTIC,     5, -6.669529080391e-01, inf, 7.9583e-01, 7.2110e-03, 
 2DIAGNOSTIC,     6, -6.747090220451e-01, inf, 8.0328e-01, 7.4508e-03, 
 2DIAGNOSTIC,     7, -6.859985589981e-01, inf, 8.1073e-01, 7.4492e-03, 
 2DIAGNOSTIC,     8, -7.001535296440e-01, inf, 8.1800e-01, 7.2689e-03, 
 2DIAGNOSTIC,     9, -7.108939886093e-01, inf, 8.2567e-01, 7.6680e-03, 
 2DIAGNOSTIC,    10, -7.281640768051e-01, 6.839300505817e-03, 8.3464e-01, 8.9722e-03, 
 2DIAGNOSTIC,    11, -7.406053543091e-01, 7.453806232661e-03, 8.4799e-01, 1.3345e-02, 
 2DIAGNOSTIC,    12, -7.499521970749e-01, 7.645715493709e-03, 8.5556e-01, 7.5710e-03, 
 2DIAGNOSTIC,    13, -7.529471516609e-01, 7.279387675226e-03, 8.6339e-01, 7.8330e-03, 
 2DIAGNOSTIC,    14, -7.572655677795e-01, 6.537546869367e-03, 8.7250e-01, 9.1109e-03, 
 2DIAGNOSTIC,    15, -7.662726044655e-01, 5.683390889317e-03, 8.8344e-01, 1.0938e-02, 
 2DIAGNOSTIC,    16, -7.686057090759e-01, 4.667596891522e-03, 8.9090e-01, 7.4589e-03, 
 2DIAGNOSTIC,    17, -7.691171765327e-01, 3.628150094301e-03, 8.9858e-01, 7.6821e-03, 
 2DIAGNOSTIC,    18, -7.695408463478e-01, 2.704813610762e-03, 9.0724e-01, 8.6589e-03, 
 2DIAGNOSTIC,    19, -7.696319818497e-01, 1.856031012721e-03, 9.1604e-01, 8.7988e-03, 
 2DIAGNOSTIC,    20, -7.697496414185e-01, 1.262001111172e-03, 9.3519e-01, 1.9148e-02, 
 2DIAGNOSTIC,    21, -7.697486877441e-01, 8.397442870773e-04, 9.4296e-01, 7.7751e-03, 
 2DIAGNOSTIC,    22, -7.697534561157e-01, 5.485729780048e-04, 9.5056e-01, 7.5960e-03, 
 2DIAGNOSTIC,    23, -7.697597146034e-01, 2.844373229891e-04, 9.5832e-01, 7.7581e-03, 
 2DIAGNOSTIC,    24, -7.697694301605e-01, 8.375604375033e-05, 9.6597e-01, 7.6530e-03, 
 2DIAGNOSTIC,    25, -7.697843313217e-01, 3.182607542840e-05, 9.7540e-01, 9.4330e-03, 
 2DIAGNOSTIC,    26, -7.697904109955e-01, 1.604164390301e-05, 9.8392e-01, 8.5208e-03, 
 2DIAGNOSTIC,    27, -7.697760462761e-01, 7.102874860720e-06, 9.9151e-01, 7.5850e-03, 
 2DIAGNOSTIC,    28, -7.697638869286e-01, 3.957859007642e-06, 9.9906e-01, 7.5550e-03, 
 2DIAGNOSTIC,    29, -7.697732448578e-01, 2.073597215713e-06, 1.0068e+00, 7.7460e-03, 
 2DIAGNOSTIC,    30, -7.697875499725e-01, 1.919592932609e-06, 1.0154e+00, 8.6100e-03, 
 2DIAGNOSTIC,    31, -7.697942852974e-01, 1.764778858160e-06, 1.0231e+00, 7.6511e-03, 
 2DIAGNOSTIC,    32, -7.697845101357e-01, 1.501104406998e-06, 1.0317e+00, 8.5890e-03, 
 2DIAGNOSTIC,    33, -7.698119282722e-01, 1.611417246750e-06, 1.0391e+00, 7.4630e-03, 
 2DIAGNOSTIC,    34, -7.698032855988e-01, 1.651939214753e-06, 1.0467e+00, 7.6051e-03, 
 2DIAGNOSTIC,    35, -7.698184251785e-01, 1.949739271367e-06, 1.0543e+00, 7.5409e-03, 
 2DIAGNOSTIC,    36, -7.698397040367e-01, 2.427785375403e-06, 1.0620e+00, 7.6962e-03, 
 2DIAGNOSTIC,    37, -7.698485255241e-01, 2.679744966372e-06, 1.0707e+00, 8.7619e-03, 
 2DIAGNOSTIC,    38, -7.698550820351e-01, 2.690111159609e-06, 1.0784e+00, 7.6571e-03, 
 2DIAGNOSTIC,    39, -7.698193192482e-01, 2.265513103339e-06, 1.0900e+00, 1.1589e-02, 
 2DIAGNOSTIC,    40, -7.698245048523e-01, 1.923456011355e-06, 1.0986e+00, 8.5881e-03, 
 2DIAGNOSTIC,    41, -7.698078155518e-01, 1.396846528223e-06, 1.1073e+00, 8.7061e-03, 
DIAGNOSTIC,Iteration,metricValue,convergenceValue,ITERATION_TIME_INDEX,SINCE_LAST
 2DIAGNOSTIC,     1, -5.820936560631e-01, inf, 1.9506e+00, 8.4333e-01, 
 2DIAGNOSTIC,     2, -5.826743245125e-01, inf, 1.9861e+00, 3.5482e-02, 
 2DIAGNOSTIC,     3, -5.835526585579e-01, inf, 2.0194e+00, 3.3291e-02, 
 2DIAGNOSTIC,     4, -5.846447944641e-01, inf, 2.0511e+00, 3.1691e-02, 
 2DIAGNOSTIC,     5, -5.859120488167e-01, inf, 2.0826e+00, 3.1542e-02, 
 2DIAGNOSTIC,     6, -5.870053172112e-01, inf, 2.1150e+00, 3.2436e-02, 
 2DIAGNOSTIC,     7, -5.881054997444e-01, inf, 2.1505e+00, 3.5439e-02, 
 2DIAGNOSTIC,     8, -5.894587039948e-01, inf, 2.1963e+00, 4.5793e-02, 
 2DIAGNOSTIC,     9, -5.900596380234e-01, inf, 2.2272e+00, 3.0950e-02, 
 2DIAGNOSTIC,    10, -5.902967453003e-01, 1.001535914838e-03, 2.2585e+00, 3.1272e-02, 
 2DIAGNOSTIC,    11, -5.904736518860e-01, 8.540966082364e-04, 2.2979e+00, 3.9454e-02, 
 2DIAGNOSTIC,    12, -5.906022787094e-01, 6.832305225544e-04, 2.3305e+00, 3.2521e-02, 
 2DIAGNOSTIC,    13, -5.907152891159e-01, 5.133344675414e-04, 2.3661e+00, 3.5620e-02, 
 2DIAGNOSTIC,    14, -5.907731056213e-01, 3.604867379181e-04, 2.4015e+00, 3.5452e-02, 
 2DIAGNOSTIC,    15, -5.908188819885e-01, 2.377174532739e-04, 2.4328e+00, 3.1247e-02, 
 2DIAGNOSTIC,    16, -5.909244418144e-01, 1.447265385650e-04, 2.4684e+00, 3.5589e-02, 
 2DIAGNOSTIC,    17, -5.911453962326e-01, 8.621710730949e-05, 2.5256e+00, 5.7250e-02, 
 2DIAGNOSTIC,    18, -5.911471247673e-01, 6.231859879335e-05, 2.5608e+00, 3.5148e-02, 
 2DIAGNOSTIC,    19, -5.911454558372e-01, 5.057491944171e-05, 2.5917e+00, 3.0957e-02, 
 2DIAGNOSTIC,    20, -5.911437273026e-01, 4.116521813557e-05, 2.6280e+00, 3.6305e-02, 
 2DIAGNOSTIC,    21, -5.911407470703e-01, 3.287362051196e-05, 2.6652e+00, 3.7134e-02, 
 2DIAGNOSTIC,    22, -5.911359190941e-01, 2.499862966943e-05, 2.6963e+00, 3.1094e-02, 
 2DIAGNOSTIC,    23, -5.911380052567e-01, 1.801957841963e-05, 2.7358e+00, 3.9561e-02, 
 2DIAGNOSTIC,    24, -5.911390781403e-01, 1.131815406552e-05, 2.7720e+00, 3.6142e-02, 
 2DIAGNOSTIC,    25, -5.911362171173e-01, 5.037836672273e-06, 2.8031e+00, 3.1158e-02, 
DIAGNOSTIC,Iteration,metricValue,convergenceValue,ITERATION_TIME_INDEX,SINCE_LAST
 2DIAGNOSTIC,     1, -5.185256004333e-01, inf, 3.9319e+00, 1.1288e+00, 
 2DIAGNOSTIC,     2, -5.192216634750e-01, inf, 4.1615e+00, 2.2957e-01, 
 2DIAGNOSTIC,     3, -5.201781392097e-01, inf, 4.3881e+00, 2.2666e-01, 
 2DIAGNOSTIC,     4, -5.210711359978e-01, inf, 4.6214e+00, 2.3327e-01, 
 2DIAGNOSTIC,     5, -5.217441320419e-01, inf, 4.8418e+00, 2.2036e-01, 
 2DIAGNOSTIC,     6, -5.223293304443e-01, inf, 5.0722e+00, 2.3039e-01, 
 2DIAGNOSTIC,     7, -5.225055217743e-01, inf, 5.3354e+00, 2.6324e-01, 
 2DIAGNOSTIC,     8, -5.227611064911e-01, inf, 5.7253e+00, 3.8991e-01, 
 2DIAGNOSTIC,     9, -5.227885842323e-01, inf, 5.9526e+00, 2.2730e-01, 
 2DIAGNOSTIC,    10, -5.228312611580e-01, 5.483666900545e-04, 6.1746e+00, 2.2202e-01, 
 2DIAGNOSTIC,    11, -5.228608250618e-01, 3.827110049315e-04, 6.4325e+00, 2.5789e-01, 
 2DIAGNOSTIC,    12, -5.228747725487e-01, 2.423858095426e-04, 6.8633e+00, 4.3082e-01, 
 2DIAGNOSTIC,    13, -5.228748917580e-01, 1.416205777787e-04, 7.1836e+00, 3.2027e-01, 
 2DIAGNOSTIC,    14, -5.228753685951e-01, 7.699959678575e-05, 7.4793e+00, 2.9573e-01, 
 2DIAGNOSTIC,    15, -5.228751897812e-01, 3.821015707217e-05, 7.7106e+00, 2.3126e-01, 
 2DIAGNOSTIC,    16, -5.228753685951e-01, 2.081541788357e-05, 7.9866e+00, 2.7606e-01, 
 2DIAGNOSTIC,    17, -5.228744745255e-01, 9.139079338638e-06, 8.2501e+00, 2.6350e-01, 
 2DIAGNOSTIC,    18, -5.228745341301e-01, 5.828413577547e-06, 8.5412e+00, 2.9109e-01, 
 2DIAGNOSTIC,    19, -5.228747129440e-01, 3.264256065449e-06, 8.8024e+00, 2.6113e-01, 
 2DIAGNOSTIC,    20, -5.228745937347e-01, 1.948678573171e-06, 9.0959e+00, 2.9353e-01, 
 2DIAGNOSTIC,    21, -5.228744149208e-01, 1.477091245761e-06, 9.3885e+00, 2.9259e-01, 
 2DIAGNOSTIC,    22, -5.228742361069e-01, 1.393258798998e-06, 9.6521e+00, 2.6364e-01, 
 2DIAGNOSTIC,    23, -5.228739976883e-01, 1.318762770097e-06, 9.9143e+00, 2.6213e-01, 
 2DIAGNOSTIC,    24, -5.228738188744e-01, 1.263235390070e-06, 1.0176e+01, 2.6156e-01, 
 2DIAGNOSTIC,    25, -5.228737592697e-01, 1.212654979099e-06, 1.0435e+01, 2.5912e-01, 
 2DIAGNOSTIC,    26, -5.228738784790e-01, 1.178569505100e-06, 1.0693e+01, 2.5815e-01, 
 2DIAGNOSTIC,    27, -5.228739976883e-01, 1.135669663199e-06, 1.0954e+01, 2.6060e-01, 
 2DIAGNOSTIC,    28, -5.228741765022e-01, 1.104455691348e-06, 1.1212e+01, 2.5838e-01, 
 2DIAGNOSTIC,    29, -5.228741765022e-01, 1.081859295482e-06, 1.1515e+01, 3.0257e-01, 
 2DIAGNOSTIC,    30, -5.228741765022e-01, 1.060211502590e-06, 1.1793e+01, 2.7812e-01, 
 2DIAGNOSTIC,    31, -5.228739976883e-01, 1.033791818372e-06, 1.2066e+01, 2.7307e-01, 
 2DIAGNOSTIC,    32, -5.228740572929e-01, 1.006457296171e-06, 1.2333e+01, 2.6741e-01, 
DIAGNOSTIC,Iteration,metricValue,convergenceValue,ITERATION_TIME_INDEX,SINCE_LAST
 2DIAGNOSTIC,     1, -4.758576750755e-01, inf, 1.4904e+01, 2.5704e+00, 
  Elapsed time (stage 0): 1.6067e+01


Stage 1
