All_Command_lines_OK
Using single precision for computations.
=============================================================================
The composite transform comprises the following transforms (in order): 
  1. Center of mass alignment using fixed image: /home/mpib/nemecz/Projects/miniTRK/Results/01_MRI/GroupTempl/T1w/T_template0.nii.gz and moving image: /home/mpib/nemecz/Projects/miniTRK/Analysis/01_MRI/Preproc/GroupTempl/T1w/sub-291670_T1w.nii.gz (type = Euler3DTransform)
=============================================================================
  number of levels = 4
  fixed image: /home/mpib/nemecz/Projects/miniTRK/Results/01_MRI/GroupTempl/T1w/T_template0.nii.gz
  moving image: /home/mpib/nemecz/Projects/miniTRK/Analysis/01_MRI/Preproc/GroupTempl/T1w/sub-291670_T1w.nii.gz
Dimension = 3
Number of stages = 1
Use Histogram Matching true
Winsorize image intensities true
Lower quantile = 0.01
Upper quantile = 0.99
Stage 1 State
   Image metric = Mattes
     Fixed image = Image (0x55f0298cffe0)
  RTTI typeinfo:   itk::Image<float, 3u>
  Reference Count: 2
  Modified Time: 1667
  Debug: Off
  Object Name: 
  Observers: 
    none
  Source: (none)
  Source output name: (none)
  Release Data: Off
  Data Released: False
  Global Release Data: Off
  PipelineMTime: 0
  UpdateMTime: 1452
  RealTimeStamp: 0 seconds 
  LargestPossibleRegion: 
    Dimension: 3
    Index: [0, 0, 0]
    Size: [192, 256, 256]
  BufferedRegion: 
    Dimension: 3
    Index: [0, 0, 0]
    Size: [192, 256, 256]
  RequestedRegion: 
    Dimension: 3
    Index: [0, 0, 0]
    Size: [192, 256, 256]
  Spacing: [1, 1, 1]
  Origin: [95.0313, 100.538, -154.123]
  Direction: 
-0.999853 -0.014134 -0.00966312
0.014129 -0.9999 0.000586045
-0.00967044 0.000449429 0.999953

  IndexToPointMatrix: 
-0.999853 -0.014134 -0.00966312
0.014129 -0.9999 0.000586045
-0.00967044 0.000449429 0.999953

  PointToIndexMatrix: 
-0.999853 0.014129 -0.00967044
-0.014134 -0.9999 0.000449429
-0.00966312 0.000586045 0.999953

  Inverse Direction: 
-0.999853 0.014129 -0.00967044
-0.014134 -0.9999 0.000449429
-0.00966312 0.000586045 0.999953

  PixelContainer: 
    ImportImageContainer (0x55f0298dc970)
      RTTI typeinfo:   itk::ImportImageContainer<unsigned long, float>
      Reference Count: 1
      Modified Time: 1449
      Debug: Off
      Object Name: 
      Observers: 
        none
      Pointer: 0x7f1219416010
      Container manages memory: true
      Size: 12582912
      Capacity: 12582912

     Moving image = Image (0x55f0298dc450)
  RTTI typeinfo:   itk::Image<float, 3u>
  Reference Count: 2
  Modified Time: 1668
  Debug: Off
  Object Name: 
  Observers: 
    none
  Source: (none)
  Source output name: (none)
  Release Data: Off
  Data Released: False
  Global Release Data: Off
  PipelineMTime: 0
  UpdateMTime: 1665
  RealTimeStamp: 0 seconds 
  LargestPossibleRegion: 
    Dimension: 3
    Index: [0, 0, 0]
    Size: [192, 256, 256]
  BufferedRegion: 
    Dimension: 3
    Index: [0, 0, 0]
    Size: [192, 256, 256]
  RequestedRegion: 
    Dimension: 3
    Index: [0, 0, 0]
    Size: [192, 256, 256]
  Spacing: [1, 1, 1]
  Origin: [93.6573, 61.6079, -172.785]
  Direction: 
-0.998435 -0.0377209 0.0412774
0.044972 -0.980386 0.191886
0.0332297 0.193443 0.980549

  IndexToPointMatrix: 
-0.998435 -0.0377209 0.0412774
0.044972 -0.980386 0.191886
0.0332297 0.193443 0.980549

  PointToIndexMatrix: 
-0.998435 0.044972 0.0332297
-0.0377209 -0.980386 0.193442
0.0412774 0.191887 0.980549

  Inverse Direction: 
-0.998435 0.044972 0.0332297
-0.0377209 -0.980386 0.193442
0.0412774 0.191887 0.980549

  PixelContainer: 
    ImportImageContainer (0x55f0298d11a0)
      RTTI typeinfo:   itk::ImportImageContainer<unsigned long, float>
      Reference Count: 1
      Modified Time: 1662
      Debug: Off
      Object Name: 
      Observers: 
        none
      Pointer: 0x7f1216415010
      Container manages memory: true
      Size: 12582912
      Capacity: 12582912

     Weighting = 1
     Sampling strategy = regular
     Number of bins = 32
     Radius = 4
     Sampling percentage  = 0.25
   Transform = Rigid
     Gradient step = 0.1
     Update field sigma (voxel space) = 0
     Total field sigma (voxel space) = 0
     Update field time sigma = 0
     Total field time sigma  = 0
     Number of time indices = 0
     Number of time point samples = 0
Registration using 1 total stages.

Stage 0
  iterations = 1000x500x250x0
  convergence threshold = 1e-06
  convergence window size = 10
  number of levels = 4
  using the Mattes MI metric (number of bins = 32, weight = 1)
  preprocessing:  winsorizing the image intensities
  preprocessing:  histogram matching the images
  Shrink factors (level 1 out of 4): [6, 6, 6]
  Shrink factors (level 2 out of 4): [4, 4, 4]
  Shrink factors (level 3 out of 4): [2, 2, 2]
  Shrink factors (level 4 out of 4): [1, 1, 1]
  smoothing sigmas per level: [3, 2, 1, 0]
  regular sampling (percentage = 0.25)

*** Running Euler3DTransform registration ***

DIAGNOSTIC,Iteration,metricValue,convergenceValue,ITERATION_TIME_INDEX,SINCE_LAST
 2DIAGNOSTIC,     1, -8.196371793747e-01, inf, 8.7288e-01, 8.7288e-01, 
 2DIAGNOSTIC,     2, -8.216802477837e-01, inf, 8.8302e-01, 1.0146e-02, 
 2DIAGNOSTIC,     3, -8.253369927406e-01, inf, 8.9298e-01, 9.9568e-03, 
 2DIAGNOSTIC,     4, -8.312426805496e-01, inf, 9.0198e-01, 8.9982e-03, 
 2DIAGNOSTIC,     5, -8.399563431740e-01, inf, 9.1078e-01, 8.7981e-03, 
 2DIAGNOSTIC,     6, -8.489996194839e-01, inf, 9.1845e-01, 7.6709e-03, 
 2DIAGNOSTIC,     7, -8.556017875671e-01, inf, 9.2587e-01, 7.4210e-03, 
 2DIAGNOSTIC,     8, -8.584378361702e-01, inf, 9.3366e-01, 7.7920e-03, 
 2DIAGNOSTIC,     9, -8.630475997925e-01, inf, 9.4432e-01, 1.0657e-02, 
 2DIAGNOSTIC,    10, -8.678647875786e-01, 4.063945263624e-03, 9.5601e-01, 1.1690e-02, 
 2DIAGNOSTIC,    11, -8.698904514313e-01, 3.590400796384e-03, 9.6407e-01, 8.0659e-03, 
 2DIAGNOSTIC,    12, -8.736765384674e-01, 3.039469476789e-03, 9.7187e-01, 7.7920e-03, 
 2DIAGNOSTIC,    13, -8.747207522392e-01, 2.422489924356e-03, 9.7986e-01, 7.9889e-03, 
 2DIAGNOSTIC,    14, -8.755033612251e-01, 1.833794056438e-03, 9.8773e-01, 7.8740e-03, 
 2DIAGNOSTIC,    15, -8.774815201759e-01, 1.391724217683e-03, 9.9742e-01, 9.6891e-03, 
 2DIAGNOSTIC,    16, -8.780356645584e-01, 1.074833562598e-03, 1.0109e+00, 1.3515e-02, 
 2DIAGNOSTIC,    17, -8.781350851059e-01, 8.283383795060e-04, 1.0194e+00, 8.4240e-03, 
 2DIAGNOSTIC,    18, -8.782722949982e-01, 5.876490613446e-04, 1.0288e+00, 9.4819e-03, 
 2DIAGNOSTIC,    19, -8.783558011055e-01, 3.991806588601e-04, 1.0395e+00, 1.0689e-02, 
 2DIAGNOSTIC,    20, -8.783619403839e-01, 2.722579520196e-04, 1.0490e+00, 9.4280e-03, 
 2DIAGNOSTIC,    21, -8.783164620399e-01, 1.620975817787e-04, 1.0574e+00, 8.4481e-03, 
 2DIAGNOSTIC,    22, -8.783763647079e-01, 1.050038408721e-04, 1.0668e+00, 9.4450e-03, 
 2DIAGNOSTIC,    23, -8.784211277962e-01, 5.897377559450e-05, 1.0752e+00, 8.3711e-03, 
 2DIAGNOSTIC,    24, -8.785127401352e-01, 2.274614053022e-05, 1.0844e+00, 9.1541e-03, 
 2DIAGNOSTIC,    25, -8.786278963089e-01, 1.483858159190e-05, 1.0930e+00, 8.6551e-03, 
 2DIAGNOSTIC,    26, -8.786984682083e-01, 1.417006205884e-05, 1.1018e+00, 8.7790e-03, 
 2DIAGNOSTIC,    27, -8.787358999252e-01, 1.396502284479e-05, 1.1095e+00, 7.6861e-03, 
 2DIAGNOSTIC,    28, -8.787391185760e-01, 1.418691863364e-05, 1.1170e+00, 7.5040e-03, 
 2DIAGNOSTIC,    29, -8.788235783577e-01, 1.506041917310e-05, 1.1255e+00, 8.4929e-03, 
 2DIAGNOSTIC,    30, -8.789271116257e-01, 1.573932058818e-05, 1.1402e+00, 1.4676e-02, 
 2DIAGNOSTIC,    31, -8.789506554604e-01, 1.471897485317e-05, 1.1487e+00, 8.5762e-03, 
 2DIAGNOSTIC,    32, -8.789457678795e-01, 1.305953992414e-05, 1.1582e+00, 9.4349e-03, 
 2DIAGNOSTIC,    33, -8.789294362068e-01, 1.065678679879e-05, 1.1655e+00, 7.2861e-03, 
 2DIAGNOSTIC,    34, -8.788939118385e-01, 7.991360689630e-06, 1.1729e+00, 7.4589e-03, 
 2DIAGNOSTIC,    35, -8.789066076279e-01, 5.979979505355e-06, 1.1802e+00, 7.2968e-03, 
 2DIAGNOSTIC,    36, -8.789182305336e-01, 4.334701316111e-06, 1.1878e+00, 7.6020e-03, 
 2DIAGNOSTIC,    37, -8.789017796516e-01, 2.654623131093e-06, 1.1954e+00, 7.5541e-03, 
DIAGNOSTIC,Iteration,metricValue,convergenceValue,ITERATION_TIME_INDEX,SINCE_LAST
 2DIAGNOSTIC,     1, -7.635247707367e-01, inf, 2.0371e+00, 8.4176e-01, 
 2DIAGNOSTIC,     2, -7.642240524292e-01, inf, 2.0694e+00, 3.2271e-02, 
 2DIAGNOSTIC,     3, -7.649998068810e-01, inf, 2.1001e+00, 3.0714e-02, 
 2DIAGNOSTIC,     4, -7.657168507576e-01, inf, 2.1281e+00, 2.7933e-02, 
 2DIAGNOSTIC,     5, -7.663363218307e-01, inf, 2.1540e+00, 2.5921e-02, 
 2DIAGNOSTIC,     6, -7.672510743141e-01, inf, 2.1803e+00, 2.6308e-02, 
 2DIAGNOSTIC,     7, -7.683525681496e-01, inf, 2.2077e+00, 2.7391e-02, 
 2DIAGNOSTIC,     8, -7.701226472855e-01, inf, 2.2551e+00, 4.7432e-02, 
 2DIAGNOSTIC,     9, -7.703995108604e-01, inf, 2.2994e+00, 4.4318e-02, 
 2DIAGNOSTIC,    10, -7.704309225082e-01, 6.433613016270e-04, 2.3310e+00, 3.1622e-02, 
 2DIAGNOSTIC,    11, -7.705014944077e-01, 5.502965650521e-04, 2.3629e+00, 3.1811e-02, 
 2DIAGNOSTIC,    12, -7.706015110016e-01, 4.474839370232e-04, 2.3944e+00, 3.1513e-02, 
 2DIAGNOSTIC,    13, -7.707133293152e-01, 3.446682239883e-04, 2.4263e+00, 3.1907e-02, 
 2DIAGNOSTIC,    14, -7.709001898766e-01, 2.493716019671e-04, 2.4581e+00, 3.1794e-02, 
 2DIAGNOSTIC,    15, -7.711505293846e-01, 1.660059206188e-04, 2.4874e+00, 2.9355e-02, 
 2DIAGNOSTIC,    16, -7.714965939522e-01, 1.069676873158e-04, 2.5138e+00, 2.6343e-02, 
 2DIAGNOSTIC,    17, -7.718554139137e-01, 7.583990372950e-05, 2.5565e+00, 4.2739e-02, 
 2DIAGNOSTIC,    18, -7.719051837921e-01, 7.848886889406e-05, 2.5912e+00, 3.4687e-02, 
 2DIAGNOSTIC,    19, -7.719116806984e-01, 7.937078044051e-05, 2.6201e+00, 2.8938e-02, 
 2DIAGNOSTIC,    20, -7.719156146049e-01, 7.361831376329e-05, 2.6461e+00, 2.5946e-02, 
 2DIAGNOSTIC,    21, -7.719204425812e-01, 6.293115438893e-05, 2.6767e+00, 3.0591e-02, 
 2DIAGNOSTIC,    22, -7.719346880913e-01, 4.933013406117e-05, 2.7090e+00, 3.2280e-02, 
 2DIAGNOSTIC,    23, -7.719168663025e-01, 3.395862586331e-05, 2.7422e+00, 3.3235e-02, 
 2DIAGNOSTIC,    24, -7.719218134880e-01, 1.982081630558e-05, 2.7777e+00, 3.5470e-02, 
 2DIAGNOSTIC,    25, -7.719212174416e-01, 8.695303222339e-06, 2.8133e+00, 3.5643e-02, 
 2DIAGNOSTIC,    26, -7.719208598137e-01, 2.497698687876e-06, 2.8453e+00, 3.1994e-02, 
 2DIAGNOSTIC,    27, -7.719228267670e-01, 1.554313257657e-06, 2.8797e+00, 3.4376e-02, 
 2DIAGNOSTIC,    28, -7.719218134880e-01, 1.287318355025e-06, 2.9112e+00, 3.1581e-02, 
 2DIAGNOSTIC,    29, -7.719240784645e-01, 1.138955212809e-06, 2.9423e+00, 3.1053e-02, 
 2DIAGNOSTIC,    30, -7.719329595566e-01, 1.150613456957e-06, 2.9710e+00, 2.8714e-02, 
 2DIAGNOSTIC,    31, -7.719569206238e-01, 1.486549081164e-06, 2.9983e+00, 2.7313e-02, 
 2DIAGNOSTIC,    32, -7.719829082489e-01, 2.221857357654e-06, 3.0259e+00, 2.7578e-02, 
 2DIAGNOSTIC,    33, -7.720231413841e-01, 3.041634272449e-06, 3.0625e+00, 3.6606e-02, 
 2DIAGNOSTIC,    34, -7.720738053322e-01, 4.214363343635e-06, 3.0926e+00, 3.0123e-02, 
 2DIAGNOSTIC,    35, -7.721222043037e-01, 5.504295586434e-06, 3.1244e+00, 3.1740e-02, 
 2DIAGNOSTIC,    36, -7.721979618073e-01, 7.051159172988e-06, 3.1521e+00, 2.7683e-02, 
 2DIAGNOSTIC,    37, -7.722913026810e-01, 8.865239578881e-06, 3.1840e+00, 3.1894e-02, 
 2DIAGNOSTIC,    38, -7.723243832588e-01, 1.011805397866e-05, 3.2203e+00, 3.6341e-02, 
 2DIAGNOSTIC,    39, -7.723367214203e-01, 1.056671862898e-05, 3.2566e+00, 3.6321e-02, 
 2DIAGNOSTIC,    40, -7.723427414894e-01, 1.020568834065e-05, 3.2859e+00, 2.9335e-02, 
 2DIAGNOSTIC,    41, -7.723422050476e-01, 9.168627002509e-06, 3.3177e+00, 3.1753e-02, 
 2DIAGNOSTIC,    42, -7.723316550255e-01, 7.502693733841e-06, 3.3444e+00, 2.6732e-02, 
 2DIAGNOSTIC,    43, -7.723352909088e-01, 5.644656084769e-06, 3.3707e+00, 2.6309e-02, 
 2DIAGNOSTIC,    44, -7.723427414894e-01, 3.893345819961e-06, 3.3971e+00, 2.6324e-02, 
 2DIAGNOSTIC,    45, -7.723519206047e-01, 2.380574187555e-06, 3.4238e+00, 2.6703e-02, 
 2DIAGNOSTIC,    46, -7.723717689514e-01, 1.522629304418e-06, 3.4519e+00, 2.8151e-02, 
 2DIAGNOSTIC,    47, -7.724008560181e-01, 1.575341912030e-06, 3.4800e+00, 2.8058e-02, 
 2DIAGNOSTIC,    48, -7.724047303200e-01, 1.817741690502e-06, 3.5072e+00, 2.7197e-02, 
 2DIAGNOSTIC,    49, -7.724419236183e-01, 2.312599917786e-06, 3.5399e+00, 3.2731e-02, 
 2DIAGNOSTIC,    50, -7.724311351776e-01, 2.586856453490e-06, 3.5724e+00, 3.2452e-02, 
 2DIAGNOSTIC,    51, -7.724516391754e-01, 2.813557102854e-06, 3.6013e+00, 2.8905e-02, 
 2DIAGNOSTIC,    52, -7.724461555481e-01, 2.703975724216e-06, 3.6358e+00, 3.4496e-02, 
 2DIAGNOSTIC,    53, -7.724541425705e-01, 2.479619297446e-06, 3.6631e+00, 2.7323e-02, 
 2DIAGNOSTIC,    54, -7.724572420120e-01, 2.154516778319e-06, 3.6938e+00, 3.0733e-02, 
 2DIAGNOSTIC,    55, -7.724594473839e-01, 1.765486445038e-06, 3.7237e+00, 2.9874e-02, 
 2DIAGNOSTIC,    56, -7.724557518959e-01, 1.380363528369e-06, 3.7528e+00, 2.9065e-02, 
 2DIAGNOSTIC,    57, -7.724522352219e-01, 1.098271468436e-06, 3.7789e+00, 2.6151e-02, 
DIAGNOSTIC,Iteration,metricValue,convergenceValue,ITERATION_TIME_INDEX,SINCE_LAST
 2DIAGNOSTIC,     1, -6.795194149017e-01, inf, 4.9458e+00, 1.1669e+00, 
 2DIAGNOSTIC,     2, -6.798150539398e-01, inf, 5.2456e+00, 2.9986e-01, 
 2DIAGNOSTIC,     3, -6.801099181175e-01, inf, 5.4507e+00, 2.0504e-01, 
 2DIAGNOSTIC,     4, -6.802939772606e-01, inf, 5.6569e+00, 2.0622e-01, 
 2DIAGNOSTIC,     5, -6.803624629974e-01, inf, 5.8701e+00, 2.1316e-01, 
 2DIAGNOSTIC,     6, -6.804146170616e-01, inf, 6.1278e+00, 2.5773e-01, 
 2DIAGNOSTIC,     7, -6.804680228233e-01, inf, 6.3904e+00, 2.6266e-01, 
 2DIAGNOSTIC,     8, -6.805000901222e-01, inf, 6.6008e+00, 2.1037e-01, 
 2DIAGNOSTIC,     9, -6.807121634483e-01, inf, 6.8629e+00, 2.6206e-01, 
 2DIAGNOSTIC,    10, -6.807734370232e-01, 1.035107561620e-04, 7.0656e+00, 2.0276e-01, 
 2DIAGNOSTIC,    11, -6.807830929756e-01, 7.559502410004e-05, 7.2820e+00, 2.1632e-01, 
 2DIAGNOSTIC,    12, -6.808043718338e-01, 5.676394357579e-05, 7.5578e+00, 2.7581e-01, 
 2DIAGNOSTIC,    13, -6.808063983917e-01, 4.533648098004e-05, 7.7689e+00, 2.1112e-01, 
 2DIAGNOSTIC,    14, -6.808162331581e-01, 3.731137621799e-05, 7.9791e+00, 2.1016e-01, 
 2DIAGNOSTIC,    15, -6.808246374130e-01, 2.924048749264e-05, 8.1929e+00, 2.1382e-01, 
 2DIAGNOSTIC,    16, -6.808351874352e-01, 2.137469346053e-05, 8.5094e+00, 3.1656e-01, 
 2DIAGNOSTIC,    17, -6.808425188065e-01, 1.419614454790e-05, 8.7449e+00, 2.3548e-01, 
 2DIAGNOSTIC,    18, -6.808482408524e-01, 7.431295216520e-06, 8.9791e+00, 2.3417e-01, 
 2DIAGNOSTIC,    19, -6.808465123177e-01, 5.446635896078e-06, 9.2321e+00, 2.5298e-01, 
 2DIAGNOSTIC,    20, -6.808463335037e-01, 4.586416253005e-06, 9.4716e+00, 2.3956e-01, 
 2DIAGNOSTIC,    21, -6.808467507362e-01, 3.717810159287e-06, 9.7109e+00, 2.3927e-01, 
 2DIAGNOSTIC,    22, -6.808473467827e-01, 3.137221483485e-06, 9.9887e+00, 2.7781e-01, 
 2DIAGNOSTIC,    23, -6.808473467827e-01, 2.483179514456e-06, 1.0229e+01, 2.4067e-01, 
 2DIAGNOSTIC,    24, -6.808475852013e-01, 1.956336518560e-06, 1.0467e+01, 2.3766e-01, 
 2DIAGNOSTIC,    25, -6.808483004570e-01, 1.562940042277e-06, 1.0759e+01, 2.9243e-01, 
 2DIAGNOSTIC,    26, -6.808484196663e-01, 1.340739117950e-06, 1.1038e+01, 2.7897e-01, 
 2DIAGNOSTIC,    27, -6.808477640152e-01, 1.224291963808e-06, 1.1364e+01, 3.2529e-01, 
 2DIAGNOSTIC,    28, -6.808475255966e-01, 1.194860828946e-06, 1.1628e+01, 2.6388e-01, 
 2DIAGNOSTIC,    29, -6.808477640152e-01, 1.140686208601e-06, 1.1867e+01, 2.3906e-01, 
 2DIAGNOSTIC,    30, -6.808475852013e-01, 1.080499487216e-06, 1.2103e+01, 2.3641e-01, 
 2DIAGNOSTIC,    31, -6.808474063873e-01, 1.025374558594e-06, 1.2338e+01, 2.3539e-01, 
DIAGNOSTIC,Iteration,metricValue,convergenceValue,ITERATION_TIME_INDEX,SINCE_LAST
 2DIAGNOSTIC,     1, -6.183237433434e-01, inf, 1.4859e+01, 2.5204e+00, 
  Elapsed time (stage 0): 1.6165e+01


Total elapsed time: 1.6167e+01
Using single precision for computations.
Input scalar image: /home/mpib/nemecz/Projects/miniTRK/Analysis/01_MRI/Preproc/GroupTempl/T1w/sub-291670_T1w.nii.gz
Reference image: /home/mpib/nemecz/Projects/miniTRK/Results/01_MRI/GroupTempl/T1w/T_template0.nii.gz
=============================================================================
The composite transform comprises the following transforms (in order): 
  1. /home/mpib/nemecz/Projects/miniTRK/Results/01_MRI/GroupTempl/T1w/rigid6_0GenericAffine.mat (type = AffineTransform)
=============================================================================
Default pixel value: 0
Interpolation type: LinearInterpolateImageFunction
Output warped image: /home/mpib/nemecz/Projects/miniTRK/Results/01_MRI/GroupTempl/T1w/rigid6_0_sub-291670_T1w.nii.gz
