
Running N4 for 3-dimensional images.

Mask not read.  Using the entire image as the mask.

Original intensity range:  [0, 778]

***********************************************************
Warning:  Your input image contains nonpositive values
which could cause failure or problematic results.  A
possible workaround would be to:
   1. rescale your image to positive values e.g., [10,100].
   2. run N4 on your rescaled image.
   3. (optional) rescale the N4 output to the original
      intensity range.
***********************************************************

Specified spline distance: 200mm
  original image size:  [192, 256, 256]
  padded image size:  [201, 401, 401]
  number of control points:  [4, 5, 5]

Current level = 1
  Iteration 1 (of 50).   Current convergence value = 0.000296967 (threshold = 1e-08)
  Iteration 2 (of 50).   Current convergence value = 0.000199943 (threshold = 1e-08)
  Iteration 3 (of 50).   Current convergence value = 0.000145231 (threshold = 1e-08)
  Iteration 4 (of 50).   Current convergence value = 0.000121009 (threshold = 1e-08)
  Iteration 5 (of 50).   Current convergence value = 0.000115709 (threshold = 1e-08)
  Iteration 6 (of 50).   Current convergence value = 0.000118572 (threshold = 1e-08)
  Iteration 7 (of 50).   Current convergence value = 0.000122756 (threshold = 1e-08)
  Iteration 8 (of 50).   Current convergence value = 0.000126487 (threshold = 1e-08)
  Iteration 9 (of 50).   Current convergence value = 0.000128664 (threshold = 1e-08)
  Iteration 10 (of 50).   Current convergence value = 0.000129592 (threshold = 1e-08)
  Iteration 11 (of 50).   Current convergence value = 0.00012964 (threshold = 1e-08)
  Iteration 12 (of 50).   Current convergence value = 0.000128964 (threshold = 1e-08)
  Iteration 13 (of 50).   Current convergence value = 0.000127794 (threshold = 1e-08)
  Iteration 14 (of 50).   Current convergence value = 0.000126186 (threshold = 1e-08)
  Iteration 15 (of 50).   Current convergence value = 0.000124545 (threshold = 1e-08)
  Iteration 16 (of 50).   Current convergence value = 0.000122829 (threshold = 1e-08)
  Iteration 17 (of 50).   Current convergence value = 0.000121054 (threshold = 1e-08)
  Iteration 18 (of 50).   Current convergence value = 0.00011931 (threshold = 1e-08)
  Iteration 19 (of 50).   Current convergence value = 0.000117663 (threshold = 1e-08)
  Iteration 20 (of 50).   Current convergence value = 0.000115982 (threshold = 1e-08)
  Iteration 21 (of 50).   Current convergence value = 0.000114378 (threshold = 1e-08)
  Iteration 22 (of 50).   Current convergence value = 0.000112969 (threshold = 1e-08)
  Iteration 23 (of 50).   Current convergence value = 0.000111579 (threshold = 1e-08)
  Iteration 24 (of 50).   Current convergence value = 0.000110178 (threshold = 1e-08)
  Iteration 25 (of 50).   Current convergence value = 0.000108889 (threshold = 1e-08)
  Iteration 26 (of 50).   Current convergence value = 0.000107664 (threshold = 1e-08)
  Iteration 27 (of 50).   Current convergence value = 0.000106563 (threshold = 1e-08)
  Iteration 28 (of 50).   Current convergence value = 0.000105433 (threshold = 1e-08)
  Iteration 29 (of 50).   Current convergence value = 0.000104304 (threshold = 1e-08)
  Iteration 30 (of 50).   Current convergence value = 0.000103369 (threshold = 1e-08)
  Iteration 31 (of 50).   Current convergence value = 0.000102337 (threshold = 1e-08)
  Iteration 32 (of 50).   Current convergence value = 0.000101439 (threshold = 1e-08)
  Iteration 33 (of 50).   Current convergence value = 0.000100541 (threshold = 1e-08)
  Iteration 34 (of 50).   Current convergence value = 9.97589e-05 (threshold = 1e-08)
  Iteration 35 (of 50).   Current convergence value = 9.89354e-05 (threshold = 1e-08)
  Iteration 36 (of 50).   Current convergence value = 9.81016e-05 (threshold = 1e-08)
  Iteration 37 (of 50).   Current convergence value = 9.73039e-05 (threshold = 1e-08)
  Iteration 38 (of 50).   Current convergence value = 9.65704e-05 (threshold = 1e-08)
  Iteration 39 (of 50).   Current convergence value = 9.57486e-05 (threshold = 1e-08)
  Iteration 40 (of 50).   Current convergence value = 9.49352e-05 (threshold = 1e-08)
  Iteration 41 (of 50).   Current convergence value = 9.4192e-05 (threshold = 1e-08)
  Iteration 42 (of 50).   Current convergence value = 9.35292e-05 (threshold = 1e-08)
  Iteration 43 (of 50).   Current convergence value = 9.29189e-05 (threshold = 1e-08)
  Iteration 44 (of 50).   Current convergence value = 9.21356e-05 (threshold = 1e-08)
  Iteration 45 (of 50).   Current convergence value = 9.14658e-05 (threshold = 1e-08)
  Iteration 46 (of 50).   Current convergence value = 9.09604e-05 (threshold = 1e-08)
  Iteration 47 (of 50).   Current convergence value = 9.0446e-05 (threshold = 1e-08)
  Iteration 48 (of 50).   Current convergence value = 8.97896e-05 (threshold = 1e-08)
  Iteration 49 (of 50).   Current convergence value = 8.92267e-05 (threshold = 1e-08)
  Iteration 50 (of 50).   Current convergence value = 8.86261e-05 (threshold = 1e-08)
Current level = 2
  Iteration 1 (of 50).   Current convergence value = 0.000485102 (threshold = 1e-08)
  Iteration 2 (of 50).   Current convergence value = 0.000395155 (threshold = 1e-08)
  Iteration 3 (of 50).   Current convergence value = 0.000332326 (threshold = 1e-08)
  Iteration 4 (of 50).   Current convergence value = 0.00028368 (threshold = 1e-08)
  Iteration 5 (of 50).   Current convergence value = 0.000243023 (threshold = 1e-08)
  Iteration 6 (of 50).   Current convergence value = 0.000208645 (threshold = 1e-08)
  Iteration 7 (of 50).   Current convergence value = 0.000184117 (threshold = 1e-08)
  Iteration 8 (of 50).   Current convergence value = 0.000172191 (threshold = 1e-08)
  Iteration 9 (of 50).   Current convergence value = 0.000156493 (threshold = 1e-08)
  Iteration 10 (of 50).   Current convergence value = 0.000143171 (threshold = 1e-08)
  Iteration 11 (of 50).   Current convergence value = 0.000131514 (threshold = 1e-08)
  Iteration 12 (of 50).   Current convergence value = 0.000121504 (threshold = 1e-08)
  Iteration 13 (of 50).   Current convergence value = 0.000113153 (threshold = 1e-08)
  Iteration 14 (of 50).   Current convergence value = 0.000105565 (threshold = 1e-08)
  Iteration 15 (of 50).   Current convergence value = 9.90117e-05 (threshold = 1e-08)
  Iteration 16 (of 50).   Current convergence value = 9.34092e-05 (threshold = 1e-08)
  Iteration 17 (of 50).   Current convergence value = 8.85641e-05 (threshold = 1e-08)
  Iteration 18 (of 50).   Current convergence value = 8.81716e-05 (threshold = 1e-08)
  Iteration 19 (of 50).   Current convergence value = 8.91519e-05 (threshold = 1e-08)
  Iteration 20 (of 50).   Current convergence value = 9.00283e-05 (threshold = 1e-08)
  Iteration 21 (of 50).   Current convergence value = 9.08178e-05 (threshold = 1e-08)
  Iteration 22 (of 50).   Current convergence value = 9.17371e-05 (threshold = 1e-08)
  Iteration 23 (of 50).   Current convergence value = 9.22119e-05 (threshold = 1e-08)
  Iteration 24 (of 50).   Current convergence value = 9.25547e-05 (threshold = 1e-08)
  Iteration 25 (of 50).   Current convergence value = 9.29081e-05 (threshold = 1e-08)
  Iteration 26 (of 50).   Current convergence value = 9.30491e-05 (threshold = 1e-08)
  Iteration 27 (of 50).   Current convergence value = 9.33194e-05 (threshold = 1e-08)
  Iteration 28 (of 50).   Current convergence value = 9.33946e-05 (threshold = 1e-08)
  Iteration 29 (of 50).   Current convergence value = 9.3214e-05 (threshold = 1e-08)
  Iteration 30 (of 50).   Current convergence value = 9.31529e-05 (threshold = 1e-08)
  Iteration 31 (of 50).   Current convergence value = 9.30368e-05 (threshold = 1e-08)
  Iteration 32 (of 50).   Current convergence value = 9.28266e-05 (threshold = 1e-08)
  Iteration 33 (of 50).   Current convergence value = 9.24588e-05 (threshold = 1e-08)
  Iteration 34 (of 50).   Current convergence value = 9.21856e-05 (threshold = 1e-08)
  Iteration 35 (of 50).   Current convergence value = 9.18827e-05 (threshold = 1e-08)
  Iteration 36 (of 50).   Current convergence value = 9.14696e-05 (threshold = 1e-08)
  Iteration 37 (of 50).   Current convergence value = 9.09782e-05 (threshold = 1e-08)
  Iteration 38 (of 50).   Current convergence value = 9.06565e-05 (threshold = 1e-08)
  Iteration 39 (of 50).   Current convergence value = 9.03395e-05 (threshold = 1e-08)
  Iteration 40 (of 50).   Current convergence value = 8.98749e-05 (threshold = 1e-08)
  Iteration 41 (of 50).   Current convergence value = 8.93677e-05 (threshold = 1e-08)
  Iteration 42 (of 50).   Current convergence value = 8.88838e-05 (threshold = 1e-08)
  Iteration 43 (of 50).   Current convergence value = 8.85409e-05 (threshold = 1e-08)
  Iteration 44 (of 50).   Current convergence value = 8.79801e-05 (threshold = 1e-08)
  Iteration 45 (of 50).   Current convergence value = 8.75954e-05 (threshold = 1e-08)
  Iteration 46 (of 50).   Current convergence value = 8.71487e-05 (threshold = 1e-08)
  Iteration 47 (of 50).   Current convergence value = 8.65909e-05 (threshold = 1e-08)
  Iteration 48 (of 50).   Current convergence value = 8.60924e-05 (threshold = 1e-08)
  Iteration 49 (of 50).   Current convergence value = 8.56752e-05 (threshold = 1e-08)
  Iteration 50 (of 50).   Current convergence value = 8.51456e-05 (threshold = 1e-08)
Current level = 3
  Iteration 1 (of 40).   Current convergence value = 0.00172988 (threshold = 1e-08)
  Iteration 2 (of 40).   Current convergence value = 0.00131111 (threshold = 1e-08)
  Iteration 3 (of 40).   Current convergence value = 0.00108643 (threshold = 1e-08)
  Iteration 4 (of 40).   Current convergence value = 0.00093351 (threshold = 1e-08)
  Iteration 5 (of 40).   Current convergence value = 0.000821404 (threshold = 1e-08)
  Iteration 6 (of 40).   Current convergence value = 0.000742205 (threshold = 1e-08)
  Iteration 7 (of 40).   Current convergence value = 0.000692088 (threshold = 1e-08)
  Iteration 8 (of 40).   Current convergence value = 0.000653978 (threshold = 1e-08)
  Iteration 9 (of 40).   Current convergence value = 0.000623781 (threshold = 1e-08)
  Iteration 10 (of 40).   Current convergence value = 0.000598912 (threshold = 1e-08)
  Iteration 11 (of 40).   Current convergence value = 0.000574742 (threshold = 1e-08)
  Iteration 12 (of 40).   Current convergence value = 0.000553659 (threshold = 1e-08)
  Iteration 13 (of 40).   Current convergence value = 0.000535871 (threshold = 1e-08)
  Iteration 14 (of 40).   Current convergence value = 0.000521134 (threshold = 1e-08)
  Iteration 15 (of 40).   Current convergence value = 0.000508718 (threshold = 1e-08)
  Iteration 16 (of 40).   Current convergence value = 0.000498316 (threshold = 1e-08)
  Iteration 17 (of 40).   Current convergence value = 0.000489626 (threshold = 1e-08)
  Iteration 18 (of 40).   Current convergence value = 0.000482625 (threshold = 1e-08)
  Iteration 19 (of 40).   Current convergence value = 0.000467791 (threshold = 1e-08)
  Iteration 20 (of 40).   Current convergence value = 0.000447825 (threshold = 1e-08)
  Iteration 21 (of 40).   Current convergence value = 0.000429732 (threshold = 1e-08)
  Iteration 22 (of 40).   Current convergence value = 0.000413436 (threshold = 1e-08)
  Iteration 23 (of 40).   Current convergence value = 0.000398837 (threshold = 1e-08)
  Iteration 24 (of 40).   Current convergence value = 0.000385525 (threshold = 1e-08)
  Iteration 25 (of 40).   Current convergence value = 0.000372961 (threshold = 1e-08)
  Iteration 26 (of 40).   Current convergence value = 0.000360174 (threshold = 1e-08)
  Iteration 27 (of 40).   Current convergence value = 0.000348572 (threshold = 1e-08)
  Iteration 28 (of 40).   Current convergence value = 0.000338037 (threshold = 1e-08)
  Iteration 29 (of 40).   Current convergence value = 0.000328365 (threshold = 1e-08)
  Iteration 30 (of 40).   Current convergence value = 0.000319574 (threshold = 1e-08)
  Iteration 31 (of 40).   Current convergence value = 0.000311366 (threshold = 1e-08)
  Iteration 32 (of 40).   Current convergence value = 0.000304101 (threshold = 1e-08)
  Iteration 33 (of 40).   Current convergence value = 0.000297852 (threshold = 1e-08)
  Iteration 34 (of 40).   Current convergence value = 0.000291984 (threshold = 1e-08)
  Iteration 35 (of 40).   Current convergence value = 0.00028652 (threshold = 1e-08)
  Iteration 36 (of 40).   Current convergence value = 0.000281482 (threshold = 1e-08)
  Iteration 37 (of 40).   Current convergence value = 0.000276608 (threshold = 1e-08)
  Iteration 38 (of 40).   Current convergence value = 0.000272001 (threshold = 1e-08)
  Iteration 39 (of 40).   Current convergence value = 0.000267629 (threshold = 1e-08)
  Iteration 40 (of 40).   Current convergence value = 0.000263465 (threshold = 1e-08)
Current level = 4
  Iteration 1 (of 30).   Current convergence value = 0.00197141 (threshold = 1e-08)
  Iteration 2 (of 30).   Current convergence value = 0.00167959 (threshold = 1e-08)
  Iteration 3 (of 30).   Current convergence value = 0.00160735 (threshold = 1e-08)
  Iteration 4 (of 30).   Current convergence value = 0.00155801 (threshold = 1e-08)
  Iteration 5 (of 30).   Current convergence value = 0.00151702 (threshold = 1e-08)
  Iteration 6 (of 30).   Current convergence value = 0.00147905 (threshold = 1e-08)
  Iteration 7 (of 30).   Current convergence value = 0.00144772 (threshold = 1e-08)
  Iteration 8 (of 30).   Current convergence value = 0.00141891 (threshold = 1e-08)
  Iteration 9 (of 30).   Current convergence value = 0.0013911 (threshold = 1e-08)
  Iteration 10 (of 30).   Current convergence value = 0.00136525 (threshold = 1e-08)
  Iteration 11 (of 30).   Current convergence value = 0.00134239 (threshold = 1e-08)
  Iteration 12 (of 30).   Current convergence value = 0.00132077 (threshold = 1e-08)
  Iteration 13 (of 30).   Current convergence value = 0.00129897 (threshold = 1e-08)
  Iteration 14 (of 30).   Current convergence value = 0.00127743 (threshold = 1e-08)
  Iteration 15 (of 30).   Current convergence value = 0.00125456 (threshold = 1e-08)
  Iteration 16 (of 30).   Current convergence value = 0.00122147 (threshold = 1e-08)
  Iteration 17 (of 30).   Current convergence value = 0.00118887 (threshold = 1e-08)
  Iteration 18 (of 30).   Current convergence value = 0.00115626 (threshold = 1e-08)
  Iteration 19 (of 30).   Current convergence value = 0.00112419 (threshold = 1e-08)
  Iteration 20 (of 30).   Current convergence value = 0.00109114 (threshold = 1e-08)
  Iteration 21 (of 30).   Current convergence value = 0.00105732 (threshold = 1e-08)
  Iteration 22 (of 30).   Current convergence value = 0.001023 (threshold = 1e-08)
  Iteration 23 (of 30).   Current convergence value = 0.000986957 (threshold = 1e-08)
  Iteration 24 (of 30).   Current convergence value = 0.0009484 (threshold = 1e-08)
  Iteration 25 (of 30).   Current convergence value = 0.000906118 (threshold = 1e-08)
  Iteration 26 (of 30).   Current convergence value = 0.000864673 (threshold = 1e-08)
  Iteration 27 (of 30).   Current convergence value = 0.000824984 (threshold = 1e-08)
  Iteration 28 (of 30).   Current convergence value = 0.000750286 (threshold = 1e-08)
  Iteration 29 (of 30).   Current convergence value = 0.000652408 (threshold = 1e-08)
  Iteration 30 (of 30).   Current convergence value = 0.000588438 (threshold = 1e-08)
   N4BiasFieldCorrectionImageFilter (0x55c8f5e3ce20)
     RTTI typeinfo:   itk::N4BiasFieldCorrectionImageFilter<itk::Image<float, 3u>, itk::Image<float, 3u>, itk::Image<float, 3u> >
     Reference Count: 1
     Modified Time: 565
     Debug: Off
     Object Name: 
     Observers: 
       IterationEvent(Command)
     Inputs: 
       ConfidenceImage: (0)
       MaskImage: (0x55c8f5e675d0)
       Primary: (0x55c8f5e62a50) *
     Indexed Inputs: 
       0: Primary (0x55c8f5e62a50)
       1: MaskImage (0x55c8f5e675d0)
       2: ConfidenceImage (0)
     Required Input Names: Primary
     NumberOfRequiredInputs: 1
     Outputs: 
       Primary: (0x55c8f5e4cef0)
     Indexed Outputs: 
       0: Primary (0x55c8f5e4cef0)
     NumberOfRequiredOutputs: 1
     Number Of Work Units: 32
     ReleaseDataFlag: Off
     ReleaseDataBeforeUpdateFlag: Off
     AbortGenerateData: Off
     Progress: 0
     Multithreader: 
       RTTI typeinfo:   itk::PoolMultiThreader
       Reference Count: 1
       Modified Time: 144
       Debug: Off
       Object Name: 
       Observers: 
         none
       Number of Work Units: 32
       Number of Threads: 8
       Global Maximum Number Of Threads: 128
       Global Default Number Of Threads: 8
       Global Default Threader Type: itk::MultiThreaderBaseEnums::Threader::Pool
       SingleMethod: 0
       SingleData: 0
     DynamicMultiThreading: On
     CoordinateTolerance: 1e-06
     DirectionTolerance: 1e-06
     Use Mask Label: 0
     Mask label: 1
     Number of histogram bins: 200
     Wiener filter noise: 0.01
     Bias field FWHM: 0.15
     Maximum number of iterations: [50, 50, 40, 30]
     Convergence threshold: 1e-08
     Spline order: 3
     Number of fitting levels: [4, 4, 4]
     Number of control points: [4, 5, 5]
     CurrentConvergenceMeasurement: 0.000588438
     CurrentLevel: 4
     ElapsedIterations: 31
     LogBiasFieldControlPointLattice: 
       Image (0x55c8fc9405a0)
         RTTI typeinfo:   itk::Image<itk::Vector<float, 1u>, 3u>
         Reference Count: 1
         Modified Time: 343560
         Debug: Off
         Object Name: 
         Observers: 
           none
         Source: (none)
         Source output name: (none)
         Release Data: Off
         Data Released: False
         Global Release Data: Off
         PipelineMTime: 0
         UpdateMTime: 0
         RealTimeStamp: 0 seconds 
         LargestPossibleRegion: 
           Dimension: 3
           Index: [0, 0, 0]
           Size: [11, 19, 19]
         BufferedRegion: 
           Dimension: 3
           Index: [0, 0, 0]
           Size: [11, 19, 19]
         RequestedRegion: 
           Dimension: 3
           Index: [0, 0, 0]
           Size: [11, 19, 19]
         Spacing: [24.75, 24.875, 24.875]
         Origin: [20.7425, 17.9524, -33.1293]
         Direction: 
-0.991239 0.0221819 0.130205
0.00973003 -0.970855 0.23947
0.131722 0.238639 0.962133

         IndexToPointMatrix: 
-24.5332 0.551775 3.23885
0.240818 -24.15 5.95681
3.26012 5.93614 23.9331

         PointToIndexMatrix: 
-0.0400501 0.000393132 0.0053221
0.000891733 -0.0390293 0.00959352
0.00523437 0.00962694 0.0386787

         Inverse Direction: 
-0.991239 0.00973003 0.131722
0.0221819 -0.970855 0.238639
0.130205 0.23947 0.962133

         PixelContainer: 
           ImportImageContainer (0x55c900e94150)
             RTTI typeinfo:   itk::ImportImageContainer<unsigned long, itk::Vector<float, 1u> >
             Reference Count: 1
             Modified Time: 343561
             Debug: Off
             Object Name: 
             Observers: 
               none
             Pointer: 0x55c8fffea290
             Container manages memory: true
             Size: 3971
             Capacity: 3971
Elapsed time: 266.513
All_Command_lines_OK
Using single precision for computations.
=============================================================================
The composite transform comprises the following transforms (in order): 
  1. Center of mass alignment using fixed image: /home/mpib/nemecz/Projects/miniTRK/Results/01_MRI/GroupTempl/T1w/T_template0.nii.gz and moving image: /home/mpib/nemecz/Projects/miniTRK/Analysis/01_MRI/Preproc/GroupTempl/T1w/sub-936212_T1w.nii.gz (type = Euler3DTransform)
=============================================================================
  number of levels = 4
  number of levels = 4
  number of levels = 4
  fixed image: /home/mpib/nemecz/Projects/miniTRK/Results/01_MRI/GroupTempl/T1w/T_template0.nii.gz
  moving image: /home/mpib/nemecz/Projects/miniTRK/Results/01_MRI/GroupTempl/T1w/T_template0sub-936212_T1wRepaired.nii.gz
  fixed image: /home/mpib/nemecz/Projects/miniTRK/Results/01_MRI/GroupTempl/T1w/T_template0.nii.gz
  moving image: /home/mpib/nemecz/Projects/miniTRK/Results/01_MRI/GroupTempl/T1w/T_template0sub-936212_T1wRepaired.nii.gz
  fixed image: /home/mpib/nemecz/Projects/miniTRK/Results/01_MRI/GroupTempl/T1w/T_template0.nii.gz
  moving image: /home/mpib/nemecz/Projects/miniTRK/Results/01_MRI/GroupTempl/T1w/T_template0sub-936212_T1wRepaired.nii.gz
Dimension = 3
Number of stages = 3
Use Histogram Matching true
Winsorize image intensities true
Lower quantile = 0.01
Upper quantile = 0.99
Stage 1 State
   Image metric = Mattes
     Fixed image = Image (0x556b2dc6ead0)
  RTTI typeinfo:   itk::Image<float, 3u>
  Reference Count: 2
  Modified Time: 1721
  Debug: Off
  Object Name: 
  Observers: 
    none
  Source: (none)
  Source output name: (none)
  Release Data: Off
  Data Released: False
  Global Release Data: Off
  PipelineMTime: 0
  UpdateMTime: 1506
  RealTimeStamp: 0 seconds 
  LargestPossibleRegion: 
    Dimension: 3
    Index: [0, 0, 0]
    Size: [192, 256, 256]
  BufferedRegion: 
    Dimension: 3
    Index: [0, 0, 0]
    Size: [192, 256, 256]
  RequestedRegion: 
    Dimension: 3
    Index: [0, 0, 0]
    Size: [192, 256, 256]
  Spacing: [1, 1, 1]
  Origin: [95.0313, 100.538, -154.123]
  Direction: 
-0.999853 -0.014134 -0.00966312
0.014129 -0.9999 0.000586045
-0.00967044 0.000449429 0.999953

  IndexToPointMatrix: 
-0.999853 -0.014134 -0.00966312
0.014129 -0.9999 0.000586045
-0.00967044 0.000449429 0.999953

  PointToIndexMatrix: 
-0.999853 0.014129 -0.00967044
-0.014134 -0.9999 0.000449429
-0.00966312 0.000586045 0.999953

  Inverse Direction: 
-0.999853 0.014129 -0.00967044
-0.014134 -0.9999 0.000449429
-0.00966312 0.000586045 0.999953

  PixelContainer: 
    ImportImageContainer (0x556b2dc76c80)
      RTTI typeinfo:   itk::ImportImageContainer<unsigned long, float>
      Reference Count: 1
      Modified Time: 1503
      Debug: Off
      Object Name: 
      Observers: 
        none
      Pointer: 0x7f28d11f5010
      Container manages memory: true
      Size: 12582912
      Capacity: 12582912

     Moving image = Image (0x556b2dc6fbc0)
  RTTI typeinfo:   itk::Image<float, 3u>
  Reference Count: 2
  Modified Time: 1722
  Debug: Off
  Object Name: 
  Observers: 
    none
  Source: (none)
  Source output name: (none)
  Release Data: Off
  Data Released: False
  Global Release Data: Off
  PipelineMTime: 0
  UpdateMTime: 1719
  RealTimeStamp: 0 seconds 
  LargestPossibleRegion: 
    Dimension: 3
    Index: [0, 0, 0]
    Size: [192, 256, 256]
  BufferedRegion: 
    Dimension: 3
    Index: [0, 0, 0]
    Size: [192, 256, 256]
  RequestedRegion: 
    Dimension: 3
    Index: [0, 0, 0]
    Size: [192, 256, 256]
  Spacing: [1, 1, 1]
  Origin: [74.0387, 63.9808, -191.387]
  Direction: 
-0.991239 0.0221819 0.130205
0.00973003 -0.970855 0.23947
0.131722 0.238639 0.962133

  IndexToPointMatrix: 
-0.991239 0.0221819 0.130205
0.00973003 -0.970855 0.23947
0.131722 0.238639 0.962133

  PointToIndexMatrix: 
-0.991239 0.00973003 0.131722
0.0221819 -0.970855 0.238639
0.130205 0.23947 0.962133

  Inverse Direction: 
-0.991239 0.00973003 0.131722
0.0221819 -0.970855 0.238639
0.130205 0.23947 0.962133

  PixelContainer: 
    ImportImageContainer (0x556b2dc7b100)
      RTTI typeinfo:   itk::ImportImageContainer<unsigned long, float>
      Reference Count: 1
      Modified Time: 1716
      Debug: Off
      Object Name: 
      Observers: 
        none
      Pointer: 0x7f28ce1f4010
      Container manages memory: true
      Size: 12582912
      Capacity: 12582912

     Weighting = 1
     Sampling strategy = regular
     Number of bins = 32
     Radius = 4
     Sampling percentage  = 0.25
   Transform = Rigid
     Gradient step = 0.1
     Update field sigma (voxel space) = 0
     Total field sigma (voxel space) = 0
     Update field time sigma = 0
     Total field time sigma  = 0
     Number of time indices = 0
     Number of time point samples = 0
Stage 2 State
   Image metric = Mattes
     Fixed image = Image (0x556b2dc87870)
  RTTI typeinfo:   itk::Image<float, 3u>
  Reference Count: 2
  Modified Time: 2149
  Debug: Off
  Object Name: 
  Observers: 
    none
  Source: (none)
  Source output name: (none)
  Release Data: Off
  Data Released: False
  Global Release Data: Off
  PipelineMTime: 0
  UpdateMTime: 1934
  RealTimeStamp: 0 seconds 
  LargestPossibleRegion: 
    Dimension: 3
    Index: [0, 0, 0]
    Size: [192, 256, 256]
  BufferedRegion: 
    Dimension: 3
    Index: [0, 0, 0]
    Size: [192, 256, 256]
  RequestedRegion: 
    Dimension: 3
    Index: [0, 0, 0]
    Size: [192, 256, 256]
  Spacing: [1, 1, 1]
  Origin: [95.0313, 100.538, -154.123]
  Direction: 
-0.999853 -0.014134 -0.00966312
0.014129 -0.9999 0.000586045
-0.00967044 0.000449429 0.999953

  IndexToPointMatrix: 
-0.999853 -0.014134 -0.00966312
0.014129 -0.9999 0.000586045
-0.00967044 0.000449429 0.999953

  PointToIndexMatrix: 
-0.999853 0.014129 -0.00967044
-0.014134 -0.9999 0.000449429
-0.00966312 0.000586045 0.999953

  Inverse Direction: 
-0.999853 0.014129 -0.00967044
-0.014134 -0.9999 0.000449429
-0.00966312 0.000586045 0.999953

  PixelContainer: 
    ImportImageContainer (0x556b2dc726d0)
      RTTI typeinfo:   itk::ImportImageContainer<unsigned long, float>
      Reference Count: 1
      Modified Time: 1931
      Debug: Off
      Object Name: 
      Observers: 
        none
      Pointer: 0x7f28cb1f3010
      Container manages memory: true
      Size: 12582912
      Capacity: 12582912

     Moving image = Image (0x556b2dc874c0)
  RTTI typeinfo:   itk::Image<float, 3u>
  Reference Count: 2
  Modified Time: 2150
  Debug: Off
  Object Name: 
  Observers: 
    none
  Source: (none)
  Source output name: (none)
  Release Data: Off
  Data Released: False
  Global Release Data: Off
  PipelineMTime: 0
  UpdateMTime: 2147
  RealTimeStamp: 0 seconds 
  LargestPossibleRegion: 
    Dimension: 3
    Index: [0, 0, 0]
    Size: [192, 256, 256]
  BufferedRegion: 
    Dimension: 3
    Index: [0, 0, 0]
    Size: [192, 256, 256]
  RequestedRegion: 
    Dimension: 3
    Index: [0, 0, 0]
    Size: [192, 256, 256]
  Spacing: [1, 1, 1]
  Origin: [74.0387, 63.9808, -191.387]
  Direction: 
-0.991239 0.0221819 0.130205
0.00973003 -0.970855 0.23947
0.131722 0.238639 0.962133

  IndexToPointMatrix: 
-0.991239 0.0221819 0.130205
0.00973003 -0.970855 0.23947
0.131722 0.238639 0.962133

  PointToIndexMatrix: 
-0.991239 0.00973003 0.131722
0.0221819 -0.970855 0.238639
0.130205 0.23947 0.962133

  Inverse Direction: 
-0.991239 0.00973003 0.131722
0.0221819 -0.970855 0.238639
0.130205 0.23947 0.962133

  PixelContainer: 
    ImportImageContainer (0x556b2dc888c0)
      RTTI typeinfo:   itk::ImportImageContainer<unsigned long, float>
      Reference Count: 1
      Modified Time: 2144
      Debug: Off
      Object Name: 
      Observers: 
        none
      Pointer: 0x7f28c81f2010
      Container manages memory: true
      Size: 12582912
      Capacity: 12582912

     Weighting = 1
     Sampling strategy = regular
     Number of bins = 32
     Radius = 4
     Sampling percentage  = 0.25
   Transform = Affine
     Gradient step = 0.1
     Update field sigma (voxel space) = 0
     Total field sigma (voxel space) = 0
     Update field time sigma = 0
     Total field time sigma  = 0
     Number of time indices = 0
     Number of time point samples = 0
Stage 3 State
   Image metric = CC
     Fixed image = Image (0x556b2dc8e960)
  RTTI typeinfo:   itk::Image<float, 3u>
  Reference Count: 2
  Modified Time: 2577
  Debug: Off
  Object Name: 
  Observers: 
    none
  Source: (none)
  Source output name: (none)
  Release Data: Off
  Data Released: False
  Global Release Data: Off
  PipelineMTime: 0
  UpdateMTime: 2362
  RealTimeStamp: 0 seconds 
  LargestPossibleRegion: 
    Dimension: 3
    Index: [0, 0, 0]
    Size: [192, 256, 256]
  BufferedRegion: 
    Dimension: 3
    Index: [0, 0, 0]
    Size: [192, 256, 256]
  RequestedRegion: 
    Dimension: 3
    Index: [0, 0, 0]
    Size: [192, 256, 256]
  Spacing: [1, 1, 1]
  Origin: [95.0313, 100.538, -154.123]
  Direction: 
-0.999853 -0.014134 -0.00966312
0.014129 -0.9999 0.000586045
-0.00967044 0.000449429 0.999953

  IndexToPointMatrix: 
-0.999853 -0.014134 -0.00966312
0.014129 -0.9999 0.000586045
-0.00967044 0.000449429 0.999953

  PointToIndexMatrix: 
-0.999853 0.014129 -0.00967044
-0.014134 -0.9999 0.000449429
-0.00966312 0.000586045 0.999953

  Inverse Direction: 
-0.999853 0.014129 -0.00967044
-0.014134 -0.9999 0.000449429
-0.00966312 0.000586045 0.999953

  PixelContainer: 
    ImportImageContainer (0x556b2dc6f660)
      RTTI typeinfo:   itk::ImportImageContainer<unsigned long, float>
      Reference Count: 1
      Modified Time: 2359
      Debug: Off
      Object Name: 
      Observers: 
        none
      Pointer: 0x7f28c51f1010
      Container manages memory: true
      Size: 12582912
      Capacity: 12582912

     Moving image = Image (0x556b2dc90840)
  RTTI typeinfo:   itk::Image<float, 3u>
  Reference Count: 2
  Modified Time: 2578
  Debug: Off
  Object Name: 
  Observers: 
    none
  Source: (none)
  Source output name: (none)
  Release Data: Off
  Data Released: False
  Global Release Data: Off
  PipelineMTime: 0
  UpdateMTime: 2575
  RealTimeStamp: 0 seconds 
  LargestPossibleRegion: 
    Dimension: 3
    Index: [0, 0, 0]
    Size: [192, 256, 256]
  BufferedRegion: 
    Dimension: 3
    Index: [0, 0, 0]
    Size: [192, 256, 256]
  RequestedRegion: 
    Dimension: 3
    Index: [0, 0, 0]
    Size: [192, 256, 256]
  Spacing: [1, 1, 1]
  Origin: [74.0387, 63.9808, -191.387]
  Direction: 
-0.991239 0.0221819 0.130205
0.00973003 -0.970855 0.23947
0.131722 0.238639 0.962133

  IndexToPointMatrix: 
-0.991239 0.0221819 0.130205
0.00973003 -0.970855 0.23947
0.131722 0.238639 0.962133

  PointToIndexMatrix: 
-0.991239 0.00973003 0.131722
0.0221819 -0.970855 0.238639
0.130205 0.23947 0.962133

  Inverse Direction: 
-0.991239 0.00973003 0.131722
0.0221819 -0.970855 0.238639
0.130205 0.23947 0.962133

  PixelContainer: 
    ImportImageContainer (0x556b2dc8d660)
      RTTI typeinfo:   itk::ImportImageContainer<unsigned long, float>
      Reference Count: 1
      Modified Time: 2572
      Debug: Off
      Object Name: 
      Observers: 
        none
      Pointer: 0x7f28c21f0010
      Container manages memory: true
      Size: 12582912
      Capacity: 12582912

     Weighting = 1
     Sampling strategy = none
     Number of bins = 32
     Radius = 4
     Sampling percentage  = 1
   Transform = SyN
     Gradient step = 0.1
     Update field sigma (voxel space) = 3
     Total field sigma (voxel space) = 0
     Update field time sigma = 0
     Total field time sigma  = 0
     Number of time indices = 0
     Number of time point samples = 0
Registration using 3 total stages.

Stage 0
  iterations = 1000x500x250x0
  convergence threshold = 1e-06
  convergence window size = 10
  number of levels = 4
  using the Mattes MI metric (number of bins = 32, weight = 1)
  preprocessing:  winsorizing the image intensities
  preprocessing:  histogram matching the images
  Shrink factors (level 1 out of 4): [6, 6, 6]
  Shrink factors (level 2 out of 4): [4, 4, 4]
  Shrink factors (level 3 out of 4): [2, 2, 2]
  Shrink factors (level 4 out of 4): [1, 1, 1]
  smoothing sigmas per level: [4, 2, 1, 0]
  regular sampling (percentage = 0.25)

*** Running Euler3DTransform registration ***

DIAGNOSTIC,Iteration,metricValue,convergenceValue,ITERATION_TIME_INDEX,SINCE_LAST
 2DIAGNOSTIC,     1, -8.284268379211e-01, inf, 6.8544e-01, 6.8544e-01, 
 2DIAGNOSTIC,     2, -8.299742937088e-01, inf, 6.9390e-01, 8.4548e-03, 
 2DIAGNOSTIC,     3, -8.321754336357e-01, inf, 7.0190e-01, 8.0080e-03, 
 2DIAGNOSTIC,     4, -8.351709246635e-01, inf, 7.1028e-01, 8.3749e-03, 
 2DIAGNOSTIC,     5, -8.388211131096e-01, inf, 7.1841e-01, 8.1351e-03, 
 2DIAGNOSTIC,     6, -8.421977162361e-01, inf, 7.2611e-01, 7.6981e-03, 
 2DIAGNOSTIC,     7, -8.470431566238e-01, inf, 7.3405e-01, 7.9341e-03, 
 2DIAGNOSTIC,     8, -8.550640344620e-01, inf, 7.4164e-01, 7.5948e-03, 
 2DIAGNOSTIC,     9, -8.677479624748e-01, inf, 7.4988e-01, 8.2421e-03, 
 2DIAGNOSTIC,    10, -8.914147615433e-01, 3.968820441514e-03, 7.6220e-01, 1.2320e-02, 
 2DIAGNOSTIC,    11, -8.940156102180e-01, 4.466931801289e-03, 7.7055e-01, 8.3461e-03, 
 2DIAGNOSTIC,    12, -8.942788839340e-01, 4.538699053228e-03, 7.7789e-01, 7.3400e-03, 
 2DIAGNOSTIC,    13, -8.949715495110e-01, 4.269990604371e-03, 7.8543e-01, 7.5371e-03, 
 2DIAGNOSTIC,    14, -8.960360288620e-01, 3.743357257918e-03, 7.9287e-01, 7.4408e-03, 
 2DIAGNOSTIC,    15, -8.965353965759e-01, 3.031654749066e-03, 8.0226e-01, 9.3939e-03, 
 2DIAGNOSTIC,    16, -8.969672918320e-01, 2.213995438069e-03, 8.1264e-01, 1.0383e-02, 
 2DIAGNOSTIC,    17, -8.970328569412e-01, 1.393216545694e-03, 8.2104e-01, 8.3940e-03, 
 2DIAGNOSTIC,    18, -8.969553112984e-01, 6.819873815402e-04, 8.2837e-01, 7.3290e-03, 
 2DIAGNOSTIC,    19, -8.969743847847e-01, 1.921325310832e-04, 8.3673e-01, 8.3671e-03, 
 2DIAGNOSTIC,    20, -8.969880938530e-01, 1.199733669637e-04, 8.4427e-01, 7.5340e-03, 
 2DIAGNOSTIC,    21, -8.969599604607e-01, 8.388311107410e-05, 8.5360e-01, 9.3291e-03, 
 2DIAGNOSTIC,    22, -8.969838023186e-01, 4.772824104293e-05, 8.6402e-01, 1.0420e-02, 
 2DIAGNOSTIC,    23, -8.970140218735e-01, 2.044283792202e-05, 8.7436e-01, 1.0345e-02, 
 2DIAGNOSTIC,    24, -8.969612121582e-01, 7.262086910487e-06, 8.8271e-01, 8.3520e-03, 
DIAGNOSTIC,Iteration,metricValue,convergenceValue,ITERATION_TIME_INDEX,SINCE_LAST
 2DIAGNOSTIC,     1, -7.132428288460e-01, inf, 1.4905e+00, 6.0774e-01, 
 2DIAGNOSTIC,     2, -7.135393619537e-01, inf, 1.5195e+00, 2.9057e-02, 
 2DIAGNOSTIC,     3, -7.137460708618e-01, inf, 1.5467e+00, 2.7191e-02, 
 2DIAGNOSTIC,     4, -7.141457796097e-01, inf, 1.5738e+00, 2.7072e-02, 
 2DIAGNOSTIC,     5, -7.145994305611e-01, inf, 1.6012e+00, 2.7398e-02, 
 2DIAGNOSTIC,     6, -7.150807380676e-01, inf, 1.6397e+00, 3.8535e-02, 
 2DIAGNOSTIC,     7, -7.152634859085e-01, inf, 1.6672e+00, 2.7534e-02, 
 2DIAGNOSTIC,     8, -7.153935432434e-01, inf, 1.7024e+00, 3.5120e-02, 
 2DIAGNOSTIC,     9, -7.155111432076e-01, inf, 1.7344e+00, 3.2030e-02, 
 2DIAGNOSTIC,    10, -7.155822515488e-01, 2.346518886043e-04, 1.7695e+00, 3.5108e-02, 
 2DIAGNOSTIC,    11, -7.155874967575e-01, 1.840756885940e-04, 1.8011e+00, 3.1606e-02, 
 2DIAGNOSTIC,    12, -7.155691385269e-01, 1.350295351585e-04, 1.8293e+00, 2.8224e-02, 
 2DIAGNOSTIC,    13, -7.155817747116e-01, 8.830224396661e-05, 1.8576e+00, 2.8282e-02, 
 2DIAGNOSTIC,    14, -7.156147360802e-01, 5.253390918369e-05, 1.8891e+00, 3.1501e-02, 
 2DIAGNOSTIC,    15, -7.155926227570e-01, 2.806372322084e-05, 1.9249e+00, 3.5745e-02, 
 2DIAGNOSTIC,    16, -7.155689001083e-01, 1.562465513416e-05, 1.9651e+00, 4.0213e-02, 
 2DIAGNOSTIC,    17, -7.155693769455e-01, 7.680014277867e-06, 1.9987e+00, 3.3614e-02, 
 2DIAGNOSTIC,    18, -7.155606150627e-01, 2.686589823497e-06, 2.0330e+00, 3.4337e-02, 
DIAGNOSTIC,Iteration,metricValue,convergenceValue,ITERATION_TIME_INDEX,SINCE_LAST
 2DIAGNOSTIC,     1, -6.369862556458e-01, inf, 3.0468e+00, 1.0138e+00, 
 2DIAGNOSTIC,     2, -6.370961070061e-01, inf, 3.3251e+00, 2.7829e-01, 
 2DIAGNOSTIC,     3, -6.371030211449e-01, inf, 3.5755e+00, 2.5040e-01, 
 2DIAGNOSTIC,     4, -6.371049880981e-01, inf, 3.8928e+00, 3.1732e-01, 
 2DIAGNOSTIC,     5, -6.371041536331e-01, inf, 4.2808e+00, 3.8805e-01, 
 2DIAGNOSTIC,     6, -6.371047496796e-01, inf, 4.5414e+00, 2.6054e-01, 
 2DIAGNOSTIC,     7, -6.371043324471e-01, inf, 4.8030e+00, 2.6164e-01, 
 2DIAGNOSTIC,     8, -6.371033787727e-01, inf, 5.0544e+00, 2.5141e-01, 
 2DIAGNOSTIC,     9, -6.371022462845e-01, inf, 5.2735e+00, 2.1903e-01, 
 2DIAGNOSTIC,    10, -6.371026039124e-01, 8.612611054559e-06, 5.4935e+00, 2.2001e-01, 
 2DIAGNOSTIC,    11, -6.371012926102e-01, 2.991831706822e-06, 5.8033e+00, 3.0988e-01, 
 2DIAGNOSTIC,    12, -6.371014714241e-01, 2.383501168879e-06, 6.1431e+00, 3.3971e-01, 
 2DIAGNOSTIC,    13, -6.371015310287e-01, 2.130497932740e-06, 6.3919e+00, 2.4885e-01, 
 2DIAGNOSTIC,    14, -6.371015310287e-01, 2.005845317399e-06, 6.6413e+00, 2.4940e-01, 
 2DIAGNOSTIC,    15, -6.371016502380e-01, 1.899936023619e-06, 6.8923e+00, 2.5101e-01, 
 2DIAGNOSTIC,    16, -6.371012330055e-01, 1.832485054365e-06, 7.1419e+00, 2.4961e-01, 
 2DIAGNOSTIC,    17, -6.371012330055e-01, 1.777258262337e-06, 7.3912e+00, 2.4925e-01, 
 2DIAGNOSTIC,    18, -6.371011137962e-01, 1.710519427434e-06, 7.6418e+00, 2.5065e-01, 
 2DIAGNOSTIC,    19, -6.371009945869e-01, 1.626033622415e-06, 7.8963e+00, 2.5452e-01, 
 2DIAGNOSTIC,    20, -6.371008753777e-01, 1.560735199746e-06, 8.1564e+00, 2.6003e-01, 
 2DIAGNOSTIC,    21, -6.371011137962e-01, 1.481684648752e-06, 8.4121e+00, 2.5573e-01, 
 2DIAGNOSTIC,    22, -6.371011137962e-01, 1.416374402652e-06, 8.7581e+00, 3.4602e-01, 
 2DIAGNOSTIC,    23, -6.371011137962e-01, 1.360624992230e-06, 9.0197e+00, 2.6162e-01, 
 2DIAGNOSTIC,    24, -6.371010541916e-01, 1.310484776695e-06, 9.2777e+00, 2.5793e-01, 
 2DIAGNOSTIC,    25, -6.371011137962e-01, 1.269186213904e-06, 9.5904e+00, 3.1278e-01, 
 2DIAGNOSTIC,    26, -6.371010541916e-01, 1.223024924002e-06, 9.8402e+00, 2.4974e-01, 
 2DIAGNOSTIC,    27, -6.371009349823e-01, 1.178364868792e-06, 1.0088e+01, 2.4820e-01, 
 2DIAGNOSTIC,    28, -6.371009349823e-01, 1.135130787588e-06, 1.0338e+01, 2.4933e-01, 
 2DIAGNOSTIC,    29, -6.371008753777e-01, 1.092288812288e-06, 1.0648e+01, 3.1035e-01, 
 2DIAGNOSTIC,    30, -6.371009349823e-01, 1.051738991009e-06, 1.0897e+01, 2.4911e-01, 
 2DIAGNOSTIC,    31, -6.371008157730e-01, 1.016303485812e-06, 1.1150e+01, 2.5323e-01, 
DIAGNOSTIC,Iteration,metricValue,convergenceValue,ITERATION_TIME_INDEX,SINCE_LAST
 2DIAGNOSTIC,     1, -5.890758633614e-01, inf, 1.4032e+01, 2.8814e+00, 
  Elapsed time (stage 0): 1.5189e+01


Stage 1
  iterations = 1000x500x250x0
  convergence threshold = 1.0000e-06
  convergence window size = 10
  number of levels = 4
  using the Mattes MI metric (number of bins = 32, weight = 1.0000e+00)
  preprocessing:  winsorizing the image intensities
  preprocessing:  histogram matching the images
  Shrink factors (level 1 out of 4): [6, 6, 6]
  Shrink factors (level 2 out of 4): [4, 4, 4]
  Shrink factors (level 3 out of 4): [2, 2, 2]
  Shrink factors (level 4 out of 4): [1, 1, 1]
  smoothing sigmas per level: [4, 2, 1, 0]
  regular sampling (percentage = 2.5000e-01)

*** Running AffineTransform registration ***

DIAGNOSTIC,Iteration,metricValue,convergenceValue,ITERATION_TIME_INDEX,SINCE_LAST
 2DIAGNOSTIC,     1, -9.051786661148e-01, inf, 6.7814e-01, 6.7814e-01, 
 2DIAGNOSTIC,     2, -9.092437624931e-01, inf, 6.8769e-01, 9.5429e-03, 
 2DIAGNOSTIC,     3, -9.158436059952e-01, inf, 6.9774e-01, 1.0052e-02, 
 2DIAGNOSTIC,     4, -9.266675114632e-01, inf, 7.0669e-01, 8.9540e-03, 
 2DIAGNOSTIC,     5, -9.443398714066e-01, inf, 7.1508e-01, 8.3869e-03, 
 2DIAGNOSTIC,     6, -9.715136885643e-01, inf, 7.2334e-01, 8.2588e-03, 
 2DIAGNOSTIC,     7, -1.005415439606e+00, inf, 7.3163e-01, 8.2922e-03, 
 2DIAGNOSTIC,     8, -1.033999919891e+00, inf, 7.4100e-01, 9.3660e-03, 
 2DIAGNOSTIC,     9, -1.043415904045e+00, inf, 7.5218e-01, 1.1187e-02, 
 2DIAGNOSTIC,    10, -1.046997189522e+00, 1.122925616801e-02, 7.6064e-01, 8.4610e-03, 
 2DIAGNOSTIC,    11, -1.049243688583e+00, 1.015358697623e-02, 7.6991e-01, 9.2700e-03, 
 2DIAGNOSTIC,    12, -1.052782177925e+00, 8.535046130419e-03, 7.7934e-01, 9.4271e-03, 
 2DIAGNOSTIC,    13, -1.054098606110e+00, 6.582668516785e-03, 7.8999e-01, 1.0645e-02, 
 2DIAGNOSTIC,    14, -1.055505514145e+00, 4.583421628922e-03, 7.9836e-01, 8.3718e-03, 
 2DIAGNOSTIC,    15, -1.056119561195e+00, 2.797140507028e-03, 8.0888e-01, 1.0526e-02, 
 2DIAGNOSTIC,    16, -1.056207180023e+00, 1.465173554607e-03, 8.1707e-01, 8.1809e-03, 
 2DIAGNOSTIC,    17, -1.056717872620e+00, 7.246263558045e-04, 8.2534e-01, 8.2760e-03, 
 2DIAGNOSTIC,    18, -1.056793332100e+00, 4.491441068240e-04, 8.3464e-01, 9.3029e-03, 
 2DIAGNOSTIC,    19, -1.056724429131e+00, 3.003906167578e-04, 8.4695e-01, 1.2306e-02, 
