
Running N4 for 3-dimensional images.

Mask not read.  Using the entire image as the mask.

Original intensity range:  [0, 882]

***********************************************************
Warning:  Your input image contains nonpositive values
which could cause failure or problematic results.  A
possible workaround would be to:
   1. rescale your image to positive values e.g., [10,100].
   2. run N4 on your rescaled image.
   3. (optional) rescale the N4 output to the original
      intensity range.
***********************************************************

Specified spline distance: 200mm
  original image size:  [192, 256, 256]
  padded image size:  [201, 401, 401]
  number of control points:  [4, 5, 5]

Current level = 1
  Iteration 1 (of 50).   Current convergence value = 0.000510171 (threshold = 1e-08)
  Iteration 2 (of 50).   Current convergence value = 0.000339527 (threshold = 1e-08)
  Iteration 3 (of 50).   Current convergence value = 0.00023064 (threshold = 1e-08)
  Iteration 4 (of 50).   Current convergence value = 0.000161267 (threshold = 1e-08)
  Iteration 5 (of 50).   Current convergence value = 0.000118655 (threshold = 1e-08)
  Iteration 6 (of 50).   Current convergence value = 9.60707e-05 (threshold = 1e-08)
  Iteration 7 (of 50).   Current convergence value = 8.62951e-05 (threshold = 1e-08)
  Iteration 8 (of 50).   Current convergence value = 8.3303e-05 (threshold = 1e-08)
  Iteration 9 (of 50).   Current convergence value = 8.36067e-05 (threshold = 1e-08)
  Iteration 10 (of 50).   Current convergence value = 8.48121e-05 (threshold = 1e-08)
  Iteration 11 (of 50).   Current convergence value = 8.5754e-05 (threshold = 1e-08)
  Iteration 12 (of 50).   Current convergence value = 8.66999e-05 (threshold = 1e-08)
  Iteration 13 (of 50).   Current convergence value = 8.68894e-05 (threshold = 1e-08)
  Iteration 14 (of 50).   Current convergence value = 8.70371e-05 (threshold = 1e-08)
  Iteration 15 (of 50).   Current convergence value = 8.67763e-05 (threshold = 1e-08)
  Iteration 16 (of 50).   Current convergence value = 8.62589e-05 (threshold = 1e-08)
  Iteration 17 (of 50).   Current convergence value = 8.58033e-05 (threshold = 1e-08)
  Iteration 18 (of 50).   Current convergence value = 8.52413e-05 (threshold = 1e-08)
  Iteration 19 (of 50).   Current convergence value = 8.44416e-05 (threshold = 1e-08)
  Iteration 20 (of 50).   Current convergence value = 8.34356e-05 (threshold = 1e-08)
  Iteration 21 (of 50).   Current convergence value = 8.26752e-05 (threshold = 1e-08)
  Iteration 22 (of 50).   Current convergence value = 8.17652e-05 (threshold = 1e-08)
  Iteration 23 (of 50).   Current convergence value = 8.08324e-05 (threshold = 1e-08)
  Iteration 24 (of 50).   Current convergence value = 8.00308e-05 (threshold = 1e-08)
  Iteration 25 (of 50).   Current convergence value = 7.92228e-05 (threshold = 1e-08)
  Iteration 26 (of 50).   Current convergence value = 7.84198e-05 (threshold = 1e-08)
  Iteration 27 (of 50).   Current convergence value = 7.74843e-05 (threshold = 1e-08)
  Iteration 28 (of 50).   Current convergence value = 7.68928e-05 (threshold = 1e-08)
  Iteration 29 (of 50).   Current convergence value = 7.62226e-05 (threshold = 1e-08)
  Iteration 30 (of 50).   Current convergence value = 7.53908e-05 (threshold = 1e-08)
  Iteration 31 (of 50).   Current convergence value = 7.44829e-05 (threshold = 1e-08)
  Iteration 32 (of 50).   Current convergence value = 7.37532e-05 (threshold = 1e-08)
  Iteration 33 (of 50).   Current convergence value = 7.30959e-05 (threshold = 1e-08)
  Iteration 34 (of 50).   Current convergence value = 7.23769e-05 (threshold = 1e-08)
  Iteration 35 (of 50).   Current convergence value = 7.15839e-05 (threshold = 1e-08)
  Iteration 36 (of 50).   Current convergence value = 7.07938e-05 (threshold = 1e-08)
  Iteration 37 (of 50).   Current convergence value = 7.02507e-05 (threshold = 1e-08)
  Iteration 38 (of 50).   Current convergence value = 6.95334e-05 (threshold = 1e-08)
  Iteration 39 (of 50).   Current convergence value = 6.89851e-05 (threshold = 1e-08)
  Iteration 40 (of 50).   Current convergence value = 6.83731e-05 (threshold = 1e-08)
  Iteration 41 (of 50).   Current convergence value = 6.77561e-05 (threshold = 1e-08)
  Iteration 42 (of 50).   Current convergence value = 6.72156e-05 (threshold = 1e-08)
  Iteration 43 (of 50).   Current convergence value = 6.65705e-05 (threshold = 1e-08)
  Iteration 44 (of 50).   Current convergence value = 6.58561e-05 (threshold = 1e-08)
  Iteration 45 (of 50).   Current convergence value = 6.52358e-05 (threshold = 1e-08)
  Iteration 46 (of 50).   Current convergence value = 6.46612e-05 (threshold = 1e-08)
  Iteration 47 (of 50).   Current convergence value = 6.42282e-05 (threshold = 1e-08)
  Iteration 48 (of 50).   Current convergence value = 6.36152e-05 (threshold = 1e-08)
  Iteration 49 (of 50).   Current convergence value = 6.31006e-05 (threshold = 1e-08)
  Iteration 50 (of 50).   Current convergence value = 6.2483e-05 (threshold = 1e-08)
Current level = 2
  Iteration 1 (of 50).   Current convergence value = 0.000448058 (threshold = 1e-08)
  Iteration 2 (of 50).   Current convergence value = 0.000366126 (threshold = 1e-08)
  Iteration 3 (of 50).   Current convergence value = 0.000318714 (threshold = 1e-08)
  Iteration 4 (of 50).   Current convergence value = 0.00027461 (threshold = 1e-08)
  Iteration 5 (of 50).   Current convergence value = 0.000238626 (threshold = 1e-08)
  Iteration 6 (of 50).   Current convergence value = 0.000209871 (threshold = 1e-08)
  Iteration 7 (of 50).   Current convergence value = 0.000192032 (threshold = 1e-08)
  Iteration 8 (of 50).   Current convergence value = 0.000184358 (threshold = 1e-08)
  Iteration 9 (of 50).   Current convergence value = 0.000169084 (threshold = 1e-08)
  Iteration 10 (of 50).   Current convergence value = 0.000156124 (threshold = 1e-08)
  Iteration 11 (of 50).   Current convergence value = 0.000144856 (threshold = 1e-08)
  Iteration 12 (of 50).   Current convergence value = 0.000135309 (threshold = 1e-08)
  Iteration 13 (of 50).   Current convergence value = 0.000126837 (threshold = 1e-08)
  Iteration 14 (of 50).   Current convergence value = 0.000119329 (threshold = 1e-08)
  Iteration 15 (of 50).   Current convergence value = 0.000112733 (threshold = 1e-08)
  Iteration 16 (of 50).   Current convergence value = 0.000106773 (threshold = 1e-08)
  Iteration 17 (of 50).   Current convergence value = 0.000101592 (threshold = 1e-08)
  Iteration 18 (of 50).   Current convergence value = 9.68945e-05 (threshold = 1e-08)
  Iteration 19 (of 50).   Current convergence value = 9.2817e-05 (threshold = 1e-08)
  Iteration 20 (of 50).   Current convergence value = 8.92802e-05 (threshold = 1e-08)
  Iteration 21 (of 50).   Current convergence value = 8.91583e-05 (threshold = 1e-08)
  Iteration 22 (of 50).   Current convergence value = 9.01278e-05 (threshold = 1e-08)
  Iteration 23 (of 50).   Current convergence value = 9.13427e-05 (threshold = 1e-08)
  Iteration 24 (of 50).   Current convergence value = 9.22574e-05 (threshold = 1e-08)
  Iteration 25 (of 50).   Current convergence value = 9.32633e-05 (threshold = 1e-08)
  Iteration 26 (of 50).   Current convergence value = 9.41818e-05 (threshold = 1e-08)
  Iteration 27 (of 50).   Current convergence value = 9.50446e-05 (threshold = 1e-08)
  Iteration 28 (of 50).   Current convergence value = 9.57788e-05 (threshold = 1e-08)
  Iteration 29 (of 50).   Current convergence value = 9.62226e-05 (threshold = 1e-08)
  Iteration 30 (of 50).   Current convergence value = 9.66212e-05 (threshold = 1e-08)
  Iteration 31 (of 50).   Current convergence value = 9.7156e-05 (threshold = 1e-08)
  Iteration 32 (of 50).   Current convergence value = 9.75469e-05 (threshold = 1e-08)
  Iteration 33 (of 50).   Current convergence value = 9.78759e-05 (threshold = 1e-08)
  Iteration 34 (of 50).   Current convergence value = 9.82029e-05 (threshold = 1e-08)
  Iteration 35 (of 50).   Current convergence value = 9.8597e-05 (threshold = 1e-08)
  Iteration 36 (of 50).   Current convergence value = 9.88973e-05 (threshold = 1e-08)
  Iteration 37 (of 50).   Current convergence value = 9.90335e-05 (threshold = 1e-08)
  Iteration 38 (of 50).   Current convergence value = 9.93695e-05 (threshold = 1e-08)
  Iteration 39 (of 50).   Current convergence value = 9.94814e-05 (threshold = 1e-08)
  Iteration 40 (of 50).   Current convergence value = 9.96211e-05 (threshold = 1e-08)
  Iteration 41 (of 50).   Current convergence value = 9.97254e-05 (threshold = 1e-08)
  Iteration 42 (of 50).   Current convergence value = 9.98303e-05 (threshold = 1e-08)
  Iteration 43 (of 50).   Current convergence value = 9.98448e-05 (threshold = 1e-08)
  Iteration 44 (of 50).   Current convergence value = 9.98677e-05 (threshold = 1e-08)
  Iteration 45 (of 50).   Current convergence value = 9.98097e-05 (threshold = 1e-08)
  Iteration 46 (of 50).   Current convergence value = 9.97791e-05 (threshold = 1e-08)
  Iteration 47 (of 50).   Current convergence value = 9.98376e-05 (threshold = 1e-08)
  Iteration 48 (of 50).   Current convergence value = 9.97132e-05 (threshold = 1e-08)
  Iteration 49 (of 50).   Current convergence value = 9.96011e-05 (threshold = 1e-08)
  Iteration 50 (of 50).   Current convergence value = 9.95344e-05 (threshold = 1e-08)
Current level = 3
  Iteration 1 (of 40).   Current convergence value = 0.0013453 (threshold = 1e-08)
  Iteration 2 (of 40).   Current convergence value = 0.00102567 (threshold = 1e-08)
  Iteration 3 (of 40).   Current convergence value = 0.000821033 (threshold = 1e-08)
  Iteration 4 (of 40).   Current convergence value = 0.000696425 (threshold = 1e-08)
  Iteration 5 (of 40).   Current convergence value = 0.000615522 (threshold = 1e-08)
  Iteration 6 (of 40).   Current convergence value = 0.000566066 (threshold = 1e-08)
  Iteration 7 (of 40).   Current convergence value = 0.000534663 (threshold = 1e-08)
  Iteration 8 (of 40).   Current convergence value = 0.000520615 (threshold = 1e-08)
  Iteration 9 (of 40).   Current convergence value = 0.000514712 (threshold = 1e-08)
  Iteration 10 (of 40).   Current convergence value = 0.000512731 (threshold = 1e-08)
  Iteration 11 (of 40).   Current convergence value = 0.000512926 (threshold = 1e-08)
  Iteration 12 (of 40).   Current convergence value = 0.000514439 (threshold = 1e-08)
  Iteration 13 (of 40).   Current convergence value = 0.000516362 (threshold = 1e-08)
  Iteration 14 (of 40).   Current convergence value = 0.000518339 (threshold = 1e-08)
  Iteration 15 (of 40).   Current convergence value = 0.000520581 (threshold = 1e-08)
  Iteration 16 (of 40).   Current convergence value = 0.000523455 (threshold = 1e-08)
  Iteration 17 (of 40).   Current convergence value = 0.000526582 (threshold = 1e-08)
  Iteration 18 (of 40).   Current convergence value = 0.000529607 (threshold = 1e-08)
  Iteration 19 (of 40).   Current convergence value = 0.000532462 (threshold = 1e-08)
  Iteration 20 (of 40).   Current convergence value = 0.000535242 (threshold = 1e-08)
  Iteration 21 (of 40).   Current convergence value = 0.000537413 (threshold = 1e-08)
  Iteration 22 (of 40).   Current convergence value = 0.000539176 (threshold = 1e-08)
  Iteration 23 (of 40).   Current convergence value = 0.000541136 (threshold = 1e-08)
  Iteration 24 (of 40).   Current convergence value = 0.000543448 (threshold = 1e-08)
  Iteration 25 (of 40).   Current convergence value = 0.000545656 (threshold = 1e-08)
  Iteration 26 (of 40).   Current convergence value = 0.000547317 (threshold = 1e-08)
  Iteration 27 (of 40).   Current convergence value = 0.000546529 (threshold = 1e-08)
  Iteration 28 (of 40).   Current convergence value = 0.000546644 (threshold = 1e-08)
  Iteration 29 (of 40).   Current convergence value = 0.000550074 (threshold = 1e-08)
  Iteration 30 (of 40).   Current convergence value = 0.000554007 (threshold = 1e-08)
  Iteration 31 (of 40).   Current convergence value = 0.00055917 (threshold = 1e-08)
  Iteration 32 (of 40).   Current convergence value = 0.000564846 (threshold = 1e-08)
  Iteration 33 (of 40).   Current convergence value = 0.000568023 (threshold = 1e-08)
  Iteration 34 (of 40).   Current convergence value = 0.000573939 (threshold = 1e-08)
  Iteration 35 (of 40).   Current convergence value = 0.000581386 (threshold = 1e-08)
  Iteration 36 (of 40).   Current convergence value = 0.000586142 (threshold = 1e-08)
  Iteration 37 (of 40).   Current convergence value = 0.00059094 (threshold = 1e-08)
  Iteration 38 (of 40).   Current convergence value = 0.000596674 (threshold = 1e-08)
  Iteration 39 (of 40).   Current convergence value = 0.000602148 (threshold = 1e-08)
  Iteration 40 (of 40).   Current convergence value = 0.00060729 (threshold = 1e-08)
Current level = 4
  Iteration 1 (of 30).   Current convergence value = 0.0020436 (threshold = 1e-08)
  Iteration 2 (of 30).   Current convergence value = 0.00186799 (threshold = 1e-08)
  Iteration 3 (of 30).   Current convergence value = 0.00175013 (threshold = 1e-08)
  Iteration 4 (of 30).   Current convergence value = 0.001679 (threshold = 1e-08)
  Iteration 5 (of 30).   Current convergence value = 0.0016261 (threshold = 1e-08)
  Iteration 6 (of 30).   Current convergence value = 0.00159445 (threshold = 1e-08)
  Iteration 7 (of 30).   Current convergence value = 0.0015805 (threshold = 1e-08)
  Iteration 8 (of 30).   Current convergence value = 0.00157754 (threshold = 1e-08)
  Iteration 9 (of 30).   Current convergence value = 0.00153361 (threshold = 1e-08)
  Iteration 10 (of 30).   Current convergence value = 0.00145208 (threshold = 1e-08)
  Iteration 11 (of 30).   Current convergence value = 0.00137066 (threshold = 1e-08)
  Iteration 12 (of 30).   Current convergence value = 0.00130355 (threshold = 1e-08)
  Iteration 13 (of 30).   Current convergence value = 0.00123795 (threshold = 1e-08)
  Iteration 14 (of 30).   Current convergence value = 0.00117779 (threshold = 1e-08)
  Iteration 15 (of 30).   Current convergence value = 0.00113073 (threshold = 1e-08)
  Iteration 16 (of 30).   Current convergence value = 0.00108355 (threshold = 1e-08)
  Iteration 17 (of 30).   Current convergence value = 0.0010361 (threshold = 1e-08)
  Iteration 18 (of 30).   Current convergence value = 0.000990767 (threshold = 1e-08)
  Iteration 19 (of 30).   Current convergence value = 0.000946236 (threshold = 1e-08)
  Iteration 20 (of 30).   Current convergence value = 0.000902023 (threshold = 1e-08)
  Iteration 21 (of 30).   Current convergence value = 0.000860164 (threshold = 1e-08)
  Iteration 22 (of 30).   Current convergence value = 0.000820864 (threshold = 1e-08)
  Iteration 23 (of 30).   Current convergence value = 0.000784533 (threshold = 1e-08)
  Iteration 24 (of 30).   Current convergence value = 0.000750334 (threshold = 1e-08)
  Iteration 25 (of 30).   Current convergence value = 0.00072321 (threshold = 1e-08)
  Iteration 26 (of 30).   Current convergence value = 0.000700718 (threshold = 1e-08)
  Iteration 27 (of 30).   Current convergence value = 0.000737548 (threshold = 1e-08)
  Iteration 28 (of 30).   Current convergence value = 0.000785231 (threshold = 1e-08)
  Iteration 29 (of 30).   Current convergence value = 0.000809211 (threshold = 1e-08)
  Iteration 30 (of 30).   Current convergence value = 0.000821365 (threshold = 1e-08)
   N4BiasFieldCorrectionImageFilter (0x559b91c06e20)
     RTTI typeinfo:   itk::N4BiasFieldCorrectionImageFilter<itk::Image<float, 3u>, itk::Image<float, 3u>, itk::Image<float, 3u> >
     Reference Count: 1
     Modified Time: 565
     Debug: Off
     Object Name: 
     Observers: 
       IterationEvent(Command)
     Inputs: 
       ConfidenceImage: (0)
       MaskImage: (0x559b91c31570)
       Primary: (0x559b91c2c850) *
     Indexed Inputs: 
       0: Primary (0x559b91c2c850)
       1: MaskImage (0x559b91c31570)
       2: ConfidenceImage (0)
     Required Input Names: Primary
     NumberOfRequiredInputs: 1
     Outputs: 
       Primary: (0x559b91c16ef0)
     Indexed Outputs: 
       0: Primary (0x559b91c16ef0)
     NumberOfRequiredOutputs: 1
     Number Of Work Units: 32
     ReleaseDataFlag: Off
     ReleaseDataBeforeUpdateFlag: Off
     AbortGenerateData: Off
     Progress: 0
     Multithreader: 
       RTTI typeinfo:   itk::PoolMultiThreader
       Reference Count: 1
       Modified Time: 144
       Debug: Off
       Object Name: 
       Observers: 
         none
       Number of Work Units: 32
       Number of Threads: 8
       Global Maximum Number Of Threads: 128
       Global Default Number Of Threads: 8
       Global Default Threader Type: itk::MultiThreaderBaseEnums::Threader::Pool
       SingleMethod: 0
       SingleData: 0
     DynamicMultiThreading: On
     CoordinateTolerance: 1e-06
     DirectionTolerance: 1e-06
     Use Mask Label: 0
     Mask label: 1
     Number of histogram bins: 200
     Wiener filter noise: 0.01
     Bias field FWHM: 0.15
     Maximum number of iterations: [50, 50, 40, 30]
     Convergence threshold: 1e-08
     Spline order: 3
     Number of fitting levels: [4, 4, 4]
     Number of control points: [4, 5, 5]
     CurrentConvergenceMeasurement: 0.000821365
     CurrentLevel: 4
     ElapsedIterations: 31
     LogBiasFieldControlPointLattice: 
       Image (0x559b9dbaccd0)
         RTTI typeinfo:   itk::Image<itk::Vector<float, 1u>, 3u>
         Reference Count: 1
         Modified Time: 343560
         Debug: Off
         Object Name: 
         Observers: 
           none
         Source: (none)
         Source output name: (none)
         Release Data: Off
         Data Released: False
         Global Release Data: Off
         PipelineMTime: 0
         UpdateMTime: 0
         RealTimeStamp: 0 seconds 
         LargestPossibleRegion: 
           Dimension: 3
           Index: [0, 0, 0]
           Size: [11, 19, 19]
         BufferedRegion: 
           Dimension: 3
           Index: [0, 0, 0]
           Size: [11, 19, 19]
         RequestedRegion: 
           Dimension: 3
           Index: [0, 0, 0]
           Size: [11, 19, 19]
         Spacing: [24.75, 24.875, 24.875]
         Origin: [25.0368, 21.4444, -27.6295]
         Direction: 
-0.999947 -0.0101722 -0.00140804
0.00992796 -0.992642 0.120677
-0.00262523 0.120656 0.992691

         IndexToPointMatrix: 
-24.7487 -0.253034 -0.035025
0.245717 -24.692 3.00184
-0.0649745 3.00132 24.6932

         PointToIndexMatrix: 
-0.0404019 0.00040113 -0.00010607
-0.000408933 -0.0399052 0.00485052
-5.66049e-05 0.00485131 0.0399072

         Inverse Direction: 
-0.999947 0.00992796 -0.00262523
-0.0101722 -0.992642 0.120657
-0.00140805 0.120676 0.992691

         PixelContainer: 
           ImportImageContainer (0x559b9cfa1ac0)
             RTTI typeinfo:   itk::ImportImageContainer<unsigned long, itk::Vector<float, 1u> >
             Reference Count: 1
             Modified Time: 343561
             Debug: Off
             Object Name: 
             Observers: 
               none
             Pointer: 0x559b9bd9e120
             Container manages memory: true
             Size: 3971
             Capacity: 3971
Elapsed time: 269.168
All_Command_lines_OK
Using single precision for computations.
=============================================================================
The composite transform comprises the following transforms (in order): 
  1. Center of mass alignment using fixed image: /home/mpib/nemecz/Projects/miniTRK/Results/01_MRI/GroupTempl/T1w/T_template0.nii.gz and moving image: /home/mpib/nemecz/Projects/miniTRK/Analysis/01_MRI/Preproc/GroupTempl/T1w/sub-626811_T1w.nii.gz (type = Euler3DTransform)
=============================================================================
  number of levels = 4
  number of levels = 4
  number of levels = 4
  fixed image: /home/mpib/nemecz/Projects/miniTRK/Results/01_MRI/GroupTempl/T1w/T_template0.nii.gz
  moving image: /home/mpib/nemecz/Projects/miniTRK/Results/01_MRI/GroupTempl/T1w/T_template0sub-626811_T1wRepaired.nii.gz
  fixed image: /home/mpib/nemecz/Projects/miniTRK/Results/01_MRI/GroupTempl/T1w/T_template0.nii.gz
  moving image: /home/mpib/nemecz/Projects/miniTRK/Results/01_MRI/GroupTempl/T1w/T_template0sub-626811_T1wRepaired.nii.gz
  fixed image: /home/mpib/nemecz/Projects/miniTRK/Results/01_MRI/GroupTempl/T1w/T_template0.nii.gz
  moving image: /home/mpib/nemecz/Projects/miniTRK/Results/01_MRI/GroupTempl/T1w/T_template0sub-626811_T1wRepaired.nii.gz
Dimension = 3
Number of stages = 3
Use Histogram Matching true
Winsorize image intensities true
Lower quantile = 0.01
Upper quantile = 0.99
Stage 1 State
   Image metric = Mattes
     Fixed image = Image (0x564415e8ead0)
  RTTI typeinfo:   itk::Image<float, 3u>
  Reference Count: 2
  Modified Time: 1721
  Debug: Off
  Object Name: 
  Observers: 
    none
  Source: (none)
  Source output name: (none)
  Release Data: Off
  Data Released: False
  Global Release Data: Off
  PipelineMTime: 0
  UpdateMTime: 1506
  RealTimeStamp: 0 seconds 
  LargestPossibleRegion: 
    Dimension: 3
    Index: [0, 0, 0]
    Size: [192, 256, 256]
  BufferedRegion: 
    Dimension: 3
    Index: [0, 0, 0]
    Size: [192, 256, 256]
  RequestedRegion: 
    Dimension: 3
    Index: [0, 0, 0]
    Size: [192, 256, 256]
  Spacing: [1, 1, 1]
  Origin: [95.0313, 100.538, -154.123]
  Direction: 
-0.999853 -0.014134 -0.00966312
0.014129 -0.9999 0.000586045
-0.00967044 0.000449429 0.999953

  IndexToPointMatrix: 
-0.999853 -0.014134 -0.00966312
0.014129 -0.9999 0.000586045
-0.00967044 0.000449429 0.999953

  PointToIndexMatrix: 
-0.999853 0.014129 -0.00967044
-0.014134 -0.9999 0.000449429
-0.00966312 0.000586045 0.999953

  Inverse Direction: 
-0.999853 0.014129 -0.00967044
-0.014134 -0.9999 0.000449429
-0.00966312 0.000586045 0.999953

  PixelContainer: 
    ImportImageContainer (0x564415e96c80)
      RTTI typeinfo:   itk::ImportImageContainer<unsigned long, float>
      Reference Count: 1
      Modified Time: 1503
      Debug: Off
      Object Name: 
      Observers: 
        none
      Pointer: 0x7f5b38a16010
      Container manages memory: true
      Size: 12582912
      Capacity: 12582912

     Moving image = Image (0x564415e8fbc0)
  RTTI typeinfo:   itk::Image<float, 3u>
  Reference Count: 2
  Modified Time: 1722
  Debug: Off
  Object Name: 
  Observers: 
    none
  Source: (none)
  Source output name: (none)
  Release Data: Off
  Data Released: False
  Global Release Data: Off
  PipelineMTime: 0
  UpdateMTime: 1719
  RealTimeStamp: 0 seconds 
  LargestPossibleRegion: 
    Dimension: 3
    Index: [0, 0, 0]
    Size: [192, 256, 256]
  BufferedRegion: 
    Dimension: 3
    Index: [0, 0, 0]
    Size: [192, 256, 256]
  RequestedRegion: 
    Dimension: 3
    Index: [0, 0, 0]
    Size: [192, 256, 256]
  Spacing: [1, 1, 1]
  Origin: [95.115, 83.5929, -167.726]
  Direction: 
-0.999947 -0.0101722 -0.00140804
0.00992796 -0.992642 0.120677
-0.00262523 0.120656 0.992691

  IndexToPointMatrix: 
-0.999947 -0.0101722 -0.00140804
0.00992796 -0.992642 0.120677
-0.00262523 0.120656 0.992691

  PointToIndexMatrix: 
-0.999947 0.00992796 -0.00262523
-0.0101722 -0.992642 0.120656
-0.00140804 0.120677 0.992691

  Inverse Direction: 
-0.999947 0.00992796 -0.00262523
-0.0101722 -0.992642 0.120656
-0.00140804 0.120677 0.992691

  PixelContainer: 
    ImportImageContainer (0x564415e9b100)
      RTTI typeinfo:   itk::ImportImageContainer<unsigned long, float>
      Reference Count: 1
      Modified Time: 1716
      Debug: Off
      Object Name: 
      Observers: 
        none
      Pointer: 0x7f5b35a15010
      Container manages memory: true
      Size: 12582912
      Capacity: 12582912

     Weighting = 1
     Sampling strategy = regular
     Number of bins = 32
     Radius = 4
     Sampling percentage  = 0.25
   Transform = Rigid
     Gradient step = 0.1
     Update field sigma (voxel space) = 0
     Total field sigma (voxel space) = 0
     Update field time sigma = 0
     Total field time sigma  = 0
     Number of time indices = 0
     Number of time point samples = 0
Stage 2 State
   Image metric = Mattes
     Fixed image = Image (0x564415ea7870)
  RTTI typeinfo:   itk::Image<float, 3u>
  Reference Count: 2
  Modified Time: 2149
  Debug: Off
  Object Name: 
  Observers: 
    none
  Source: (none)
  Source output name: (none)
  Release Data: Off
  Data Released: False
  Global Release Data: Off
  PipelineMTime: 0
  UpdateMTime: 1934
  RealTimeStamp: 0 seconds 
  LargestPossibleRegion: 
    Dimension: 3
    Index: [0, 0, 0]
    Size: [192, 256, 256]
  BufferedRegion: 
    Dimension: 3
    Index: [0, 0, 0]
    Size: [192, 256, 256]
  RequestedRegion: 
    Dimension: 3
    Index: [0, 0, 0]
    Size: [192, 256, 256]
  Spacing: [1, 1, 1]
  Origin: [95.0313, 100.538, -154.123]
  Direction: 
-0.999853 -0.014134 -0.00966312
0.014129 -0.9999 0.000586045
-0.00967044 0.000449429 0.999953

  IndexToPointMatrix: 
-0.999853 -0.014134 -0.00966312
0.014129 -0.9999 0.000586045
-0.00967044 0.000449429 0.999953

  PointToIndexMatrix: 
-0.999853 0.014129 -0.00967044
-0.014134 -0.9999 0.000449429
-0.00966312 0.000586045 0.999953

  Inverse Direction: 
-0.999853 0.014129 -0.00967044
-0.014134 -0.9999 0.000449429
-0.00966312 0.000586045 0.999953

  PixelContainer: 
    ImportImageContainer (0x564415e926d0)
      RTTI typeinfo:   itk::ImportImageContainer<unsigned long, float>
      Reference Count: 1
      Modified Time: 1931
      Debug: Off
      Object Name: 
      Observers: 
        none
      Pointer: 0x7f5b32a14010
      Container manages memory: true
      Size: 12582912
      Capacity: 12582912

     Moving image = Image (0x564415ea74c0)
  RTTI typeinfo:   itk::Image<float, 3u>
  Reference Count: 2
  Modified Time: 2150
  Debug: Off
  Object Name: 
  Observers: 
    none
  Source: (none)
  Source output name: (none)
  Release Data: Off
  Data Released: False
  Global Release Data: Off
  PipelineMTime: 0
  UpdateMTime: 2147
  RealTimeStamp: 0 seconds 
  LargestPossibleRegion: 
    Dimension: 3
    Index: [0, 0, 0]
    Size: [192, 256, 256]
  BufferedRegion: 
    Dimension: 3
    Index: [0, 0, 0]
    Size: [192, 256, 256]
  RequestedRegion: 
    Dimension: 3
    Index: [0, 0, 0]
    Size: [192, 256, 256]
  Spacing: [1, 1, 1]
  Origin: [95.115, 83.5929, -167.726]
  Direction: 
-0.999947 -0.0101722 -0.00140804
0.00992796 -0.992642 0.120677
-0.00262523 0.120656 0.992691

  IndexToPointMatrix: 
-0.999947 -0.0101722 -0.00140804
0.00992796 -0.992642 0.120677
-0.00262523 0.120656 0.992691

  PointToIndexMatrix: 
-0.999947 0.00992796 -0.00262523
-0.0101722 -0.992642 0.120656
-0.00140804 0.120677 0.992691

  Inverse Direction: 
-0.999947 0.00992796 -0.00262523
-0.0101722 -0.992642 0.120656
-0.00140804 0.120677 0.992691

  PixelContainer: 
    ImportImageContainer (0x564415ea88c0)
      RTTI typeinfo:   itk::ImportImageContainer<unsigned long, float>
      Reference Count: 1
      Modified Time: 2144
      Debug: Off
      Object Name: 
      Observers: 
        none
      Pointer: 0x7f5b2fa13010
      Container manages memory: true
      Size: 12582912
      Capacity: 12582912

     Weighting = 1
     Sampling strategy = regular
     Number of bins = 32
     Radius = 4
     Sampling percentage  = 0.25
   Transform = Affine
     Gradient step = 0.1
     Update field sigma (voxel space) = 0
     Total field sigma (voxel space) = 0
     Update field time sigma = 0
     Total field time sigma  = 0
     Number of time indices = 0
     Number of time point samples = 0
Stage 3 State
   Image metric = CC
     Fixed image = Image (0x564415eae960)
  RTTI typeinfo:   itk::Image<float, 3u>
  Reference Count: 2
  Modified Time: 2577
  Debug: Off
  Object Name: 
  Observers: 
    none
  Source: (none)
  Source output name: (none)
  Release Data: Off
  Data Released: False
  Global Release Data: Off
  PipelineMTime: 0
  UpdateMTime: 2362
  RealTimeStamp: 0 seconds 
  LargestPossibleRegion: 
    Dimension: 3
    Index: [0, 0, 0]
    Size: [192, 256, 256]
  BufferedRegion: 
    Dimension: 3
    Index: [0, 0, 0]
    Size: [192, 256, 256]
  RequestedRegion: 
    Dimension: 3
    Index: [0, 0, 0]
    Size: [192, 256, 256]
  Spacing: [1, 1, 1]
  Origin: [95.0313, 100.538, -154.123]
  Direction: 
-0.999853 -0.014134 -0.00966312
0.014129 -0.9999 0.000586045
-0.00967044 0.000449429 0.999953

  IndexToPointMatrix: 
-0.999853 -0.014134 -0.00966312
0.014129 -0.9999 0.000586045
-0.00967044 0.000449429 0.999953

  PointToIndexMatrix: 
-0.999853 0.014129 -0.00967044
-0.014134 -0.9999 0.000449429
-0.00966312 0.000586045 0.999953

  Inverse Direction: 
-0.999853 0.014129 -0.00967044
-0.014134 -0.9999 0.000449429
-0.00966312 0.000586045 0.999953

  PixelContainer: 
    ImportImageContainer (0x564415e8f660)
      RTTI typeinfo:   itk::ImportImageContainer<unsigned long, float>
      Reference Count: 1
      Modified Time: 2359
      Debug: Off
      Object Name: 
      Observers: 
        none
      Pointer: 0x7f5b2ca12010
      Container manages memory: true
      Size: 12582912
      Capacity: 12582912

     Moving image = Image (0x564415eb0840)
  RTTI typeinfo:   itk::Image<float, 3u>
  Reference Count: 2
  Modified Time: 2578
  Debug: Off
  Object Name: 
  Observers: 
    none
  Source: (none)
  Source output name: (none)
  Release Data: Off
  Data Released: False
  Global Release Data: Off
  PipelineMTime: 0
  UpdateMTime: 2575
  RealTimeStamp: 0 seconds 
  LargestPossibleRegion: 
    Dimension: 3
    Index: [0, 0, 0]
    Size: [192, 256, 256]
  BufferedRegion: 
    Dimension: 3
    Index: [0, 0, 0]
    Size: [192, 256, 256]
  RequestedRegion: 
    Dimension: 3
    Index: [0, 0, 0]
    Size: [192, 256, 256]
  Spacing: [1, 1, 1]
  Origin: [95.115, 83.5929, -167.726]
  Direction: 
-0.999947 -0.0101722 -0.00140804
0.00992796 -0.992642 0.120677
-0.00262523 0.120656 0.992691

  IndexToPointMatrix: 
-0.999947 -0.0101722 -0.00140804
0.00992796 -0.992642 0.120677
-0.00262523 0.120656 0.992691

  PointToIndexMatrix: 
-0.999947 0.00992796 -0.00262523
-0.0101722 -0.992642 0.120656
-0.00140804 0.120677 0.992691

  Inverse Direction: 
-0.999947 0.00992796 -0.00262523
-0.0101722 -0.992642 0.120656
-0.00140804 0.120677 0.992691

  PixelContainer: 
    ImportImageContainer (0x564415ead660)
      RTTI typeinfo:   itk::ImportImageContainer<unsigned long, float>
      Reference Count: 1
      Modified Time: 2572
      Debug: Off
      Object Name: 
      Observers: 
        none
      Pointer: 0x7f5b29a11010
      Container manages memory: true
      Size: 12582912
      Capacity: 12582912

     Weighting = 1
     Sampling strategy = none
     Number of bins = 32
     Radius = 4
     Sampling percentage  = 1
   Transform = SyN
     Gradient step = 0.1
     Update field sigma (voxel space) = 3
     Total field sigma (voxel space) = 0
     Update field time sigma = 0
     Total field time sigma  = 0
     Number of time indices = 0
     Number of time point samples = 0
Registration using 3 total stages.

Stage 0
  iterations = 1000x500x250x0
  convergence threshold = 1e-06
  convergence window size = 10
  number of levels = 4
  using the Mattes MI metric (number of bins = 32, weight = 1)
  preprocessing:  winsorizing the image intensities
  preprocessing:  histogram matching the images
  Shrink factors (level 1 out of 4): [6, 6, 6]
  Shrink factors (level 2 out of 4): [4, 4, 4]
  Shrink factors (level 3 out of 4): [2, 2, 2]
  Shrink factors (level 4 out of 4): [1, 1, 1]
  smoothing sigmas per level: [4, 2, 1, 0]
  regular sampling (percentage = 0.25)

*** Running Euler3DTransform registration ***

DIAGNOSTIC,Iteration,metricValue,convergenceValue,ITERATION_TIME_INDEX,SINCE_LAST
 2DIAGNOSTIC,     1, -9.007518291473e-01, inf, 4.6746e-01, 4.6746e-01, 
 2DIAGNOSTIC,     2, -9.040275812149e-01, inf, 4.7715e-01, 9.6850e-03, 
 2DIAGNOSTIC,     3, -9.096171259880e-01, inf, 4.8631e-01, 9.1629e-03, 
 2DIAGNOSTIC,     4, -9.183425903320e-01, inf, 4.9556e-01, 9.2459e-03, 
 2DIAGNOSTIC,     5, -9.296014904976e-01, inf, 5.0501e-01, 9.4540e-03, 
 2DIAGNOSTIC,     6, -9.414089322090e-01, inf, 5.1407e-01, 9.0630e-03, 
 2DIAGNOSTIC,     7, -9.484035968781e-01, inf, 5.2295e-01, 8.8780e-03, 
 2DIAGNOSTIC,     8, -9.538173675537e-01, inf, 5.3134e-01, 8.3902e-03, 
 2DIAGNOSTIC,     9, -9.724372029305e-01, inf, 5.4255e-01, 1.1204e-02, 
 2DIAGNOSTIC,    10, -9.754163026810e-01, 5.516260396689e-03, 5.5081e-01, 8.2660e-03, 
 2DIAGNOSTIC,    11, -9.769016504288e-01, 4.976916592568e-03, 5.6203e-01, 1.1214e-02, 
 2DIAGNOSTIC,    12, -9.774691462517e-01, 4.188757389784e-03, 5.7009e-01, 8.0628e-03, 
 2DIAGNOSTIC,    13, -9.809767603874e-01, 3.357245586812e-03, 5.7910e-01, 9.0139e-03, 
 2DIAGNOSTIC,    14, -9.810940027237e-01, 2.523842500523e-03, 5.8835e-01, 9.2459e-03, 
 2DIAGNOSTIC,    15, -9.811451435089e-01, 1.796210417524e-03, 5.9847e-01, 1.0118e-02, 
 2DIAGNOSTIC,    16, -9.811279773712e-01, 1.221610349603e-03, 6.0761e-01, 9.1391e-03, 
 2DIAGNOSTIC,    17, -9.811510443687e-01, 7.291125366464e-04, 6.1841e-01, 1.0801e-02, 
 2DIAGNOSTIC,    18, -9.811380505562e-01, 3.061633906327e-04, 6.2809e-01, 9.6810e-03, 
 2DIAGNOSTIC,    19, -9.811258316040e-01, 1.905274548335e-04, 6.3657e-01, 8.4798e-03, 
 2DIAGNOSTIC,    20, -9.811283349991e-01, 1.137561775977e-04, 6.4516e-01, 8.5888e-03, 
 2DIAGNOSTIC,    21, -9.811869263649e-01, 5.620975935017e-05, 6.5473e-01, 9.5730e-03, 
 2DIAGNOSTIC,    22, -9.812241196632e-01, 5.697604137822e-06, 6.6321e-01, 8.4820e-03, 
 2DIAGNOSTIC,    23, -9.812507033348e-01, 4.684594387072e-06, 6.7287e-01, 9.6619e-03, 
 2DIAGNOSTIC,    24, -9.813010692596e-01, 5.509934908332e-06, 6.8147e-01, 8.5959e-03, 
 2DIAGNOSTIC,    25, -9.814026355743e-01, 7.679356713197e-06, 6.9000e-01, 8.5280e-03, 
 2DIAGNOSTIC,    26, -9.815860986710e-01, 1.092031197913e-05, 6.9852e-01, 8.5211e-03, 
 2DIAGNOSTIC,    27, -9.818766713142e-01, 1.638845969865e-05, 7.0824e-01, 9.7189e-03, 
 2DIAGNOSTIC,    28, -9.820809364319e-01, 2.199892878707e-05, 7.1988e-01, 1.1645e-02, 
 2DIAGNOSTIC,    29, -9.820632934570e-01, 2.495099579392e-05, 7.2888e-01, 8.9982e-03, 
 2DIAGNOSTIC,    30, -9.820672869682e-01, 2.555652281444e-05, 7.3800e-01, 9.1219e-03, 
 2DIAGNOSTIC,    31, -9.820488691330e-01, 2.417350697215e-05, 7.4707e-01, 9.0699e-03, 
 2DIAGNOSTIC,    32, -9.820349812508e-01, 2.085970663757e-05, 7.5567e-01, 8.5988e-03, 
 2DIAGNOSTIC,    33, -9.820560216904e-01, 1.627896745049e-05, 7.6542e-01, 9.7458e-03, 
 2DIAGNOSTIC,    34, -9.821137189865e-01, 1.147465172835e-05, 7.7510e-01, 9.6800e-03, 
 2DIAGNOSTIC,    35, -9.820483326912e-01, 6.252833372855e-06, 7.8472e-01, 9.6262e-03, 
 2DIAGNOSTIC,    36, -9.820271730423e-01, 2.117809117408e-06, 7.9326e-01, 8.5320e-03, 
DIAGNOSTIC,Iteration,metricValue,convergenceValue,ITERATION_TIME_INDEX,SINCE_LAST
 2DIAGNOSTIC,     1, -7.783665060997e-01, inf, 1.2979e+00, 5.0468e-01, 
 2DIAGNOSTIC,     2, -7.787236571312e-01, inf, 1.3280e+00, 3.0070e-02, 
 2DIAGNOSTIC,     3, -7.790569663048e-01, inf, 1.3574e+00, 2.9384e-02, 
 2DIAGNOSTIC,     4, -7.793391942978e-01, inf, 1.3857e+00, 2.8281e-02, 
 2DIAGNOSTIC,     5, -7.797685861588e-01, inf, 1.4146e+00, 2.8948e-02, 
 2DIAGNOSTIC,     6, -7.803182601929e-01, inf, 1.4433e+00, 2.8720e-02, 
 2DIAGNOSTIC,     7, -7.808150053024e-01, inf, 1.4846e+00, 4.1214e-02, 
 2DIAGNOSTIC,     8, -7.810140848160e-01, inf, 1.5125e+00, 2.7895e-02, 
 2DIAGNOSTIC,     9, -7.812343835831e-01, inf, 1.5436e+00, 3.1182e-02, 
 2DIAGNOSTIC,    10, -7.819056510925e-01, 2.905193832703e-04, 1.5752e+00, 3.1534e-02, 
 2DIAGNOSTIC,    11, -7.821357846260e-01, 2.643267507665e-04, 1.6107e+00, 3.5581e-02, 
 2DIAGNOSTIC,    12, -7.821945548058e-01, 2.315349265700e-04, 1.6431e+00, 3.2302e-02, 
 2DIAGNOSTIC,    13, -7.823306918144e-01, 1.966194395209e-04, 1.6726e+00, 2.9543e-02, 
 2DIAGNOSTIC,    14, -7.825225591660e-01, 1.612902997294e-04, 1.7124e+00, 3.9855e-02, 
 2DIAGNOSTIC,    15, -7.825666069984e-01, 1.271109213121e-04, 1.7509e+00, 3.8468e-02, 
 2DIAGNOSTIC,    16, -7.825834751129e-01, 9.837554534897e-05, 1.7823e+00, 3.1400e-02, 
 2DIAGNOSTIC,    17, -7.825703620911e-01, 7.469419506378e-05, 1.8168e+00, 3.4529e-02, 
 2DIAGNOSTIC,    18, -7.825684547424e-01, 5.098077963339e-05, 1.8501e+00, 3.3237e-02, 
 2DIAGNOSTIC,    19, -7.825657129288e-01, 2.900524486904e-05, 1.8831e+00, 3.2988e-02, 
 2DIAGNOSTIC,    20, -7.825559973717e-01, 1.862746285042e-05, 1.9165e+00, 3.3413e-02, 
 2DIAGNOSTIC,    21, -7.825407385826e-01, 1.142510427599e-05, 1.9613e+00, 4.4855e-02, 
 2DIAGNOSTIC,    22, -7.825350165367e-01, 4.823361450690e-06, 1.9954e+00, 3.4023e-02, 
DIAGNOSTIC,Iteration,metricValue,convergenceValue,ITERATION_TIME_INDEX,SINCE_LAST
 2DIAGNOSTIC,     1, -6.911020278931e-01, inf, 2.8061e+00, 8.1076e-01, 
 2DIAGNOSTIC,     2, -6.913111209869e-01, inf, 3.0275e+00, 2.2134e-01, 
 2DIAGNOSTIC,     3, -6.914206147194e-01, inf, 3.2531e+00, 2.2561e-01, 
 2DIAGNOSTIC,     4, -6.915181279182e-01, inf, 3.4730e+00, 2.1996e-01, 
 2DIAGNOSTIC,     5, -6.916366815567e-01, inf, 3.7807e+00, 3.0769e-01, 
 2DIAGNOSTIC,     6, -6.916515827179e-01, inf, 4.0275e+00, 2.4679e-01, 
 2DIAGNOSTIC,     7, -6.916661262512e-01, inf, 4.2761e+00, 2.4862e-01, 
 2DIAGNOSTIC,     8, -6.916686892509e-01, inf, 4.4963e+00, 2.2021e-01, 
 2DIAGNOSTIC,     9, -6.916796565056e-01, inf, 4.8328e+00, 3.3651e-01, 
 2DIAGNOSTIC,    10, -6.916848421097e-01, 5.046482692705e-05, 5.2292e+00, 3.9634e-01, 
 2DIAGNOSTIC,    11, -6.916851997375e-01, 3.037797614525e-05, 5.4843e+00, 2.5512e-01, 
 2DIAGNOSTIC,    12, -6.916850805283e-01, 1.832816815295e-05, 5.7348e+00, 2.5048e-01, 
 2DIAGNOSTIC,    13, -6.916848421097e-01, 1.013386008708e-05, 6.0151e+00, 2.8032e-01, 
 2DIAGNOSTIC,    14, -6.916839480400e-01, 5.154861810297e-06, 6.2700e+00, 2.5494e-01, 
 2DIAGNOSTIC,    15, -6.916828155518e-01, 3.784926548178e-06, 6.5220e+00, 2.5192e-01, 
 2DIAGNOSTIC,    16, -6.916826367378e-01, 2.806292059176e-06, 6.8183e+00, 2.9631e-01, 
 2DIAGNOSTIC,    17, -6.916829347610e-01, 2.229224492112e-06, 7.1754e+00, 3.5710e-01, 
 2DIAGNOSTIC,    18, -6.916831731796e-01, 1.741078108353e-06, 7.4551e+00, 2.7970e-01, 
 2DIAGNOSTIC,    19, -6.916829943657e-01, 1.537241814731e-06, 7.7063e+00, 2.5125e-01, 
 2DIAGNOSTIC,    20, -6.916828751564e-01, 1.471054815738e-06, 7.9565e+00, 2.5018e-01, 
 2DIAGNOSTIC,    21, -6.916826367378e-01, 1.424593847332e-06, 8.2078e+00, 2.5128e-01, 
 2DIAGNOSTIC,    22, -6.916828751564e-01, 1.392545755152e-06, 8.4359e+00, 2.2817e-01, 
 2DIAGNOSTIC,    23, -6.916825771332e-01, 1.358580561828e-06, 8.6849e+00, 2.4896e-01, 
 2DIAGNOSTIC,    24, -6.916826963425e-01, 1.317258465861e-06, 8.9338e+00, 2.4885e-01, 
 2DIAGNOSTIC,    25, -6.916828155518e-01, 1.263578610633e-06, 9.1877e+00, 2.5392e-01, 
 2DIAGNOSTIC,    26, -6.916829347610e-01, 1.213738414663e-06, 9.4418e+00, 2.5409e-01, 
 2DIAGNOSTIC,    27, -6.916830539703e-01, 1.174668227577e-06, 9.6933e+00, 2.5154e-01, 
 2DIAGNOSTIC,    28, -6.916825175285e-01, 1.134402850766e-06, 9.9452e+00, 2.5188e-01, 
 2DIAGNOSTIC,    29, -6.916825175285e-01, 1.094855520023e-06, 1.0195e+01, 2.4971e-01, 
 2DIAGNOSTIC,    30, -6.916823983192e-01, 1.054844346982e-06, 1.0444e+01, 2.4931e-01, 
 2DIAGNOSTIC,    31, -6.916821599007e-01, 1.011398694573e-06, 1.0696e+01, 2.5160e-01, 
DIAGNOSTIC,Iteration,metricValue,convergenceValue,ITERATION_TIME_INDEX,SINCE_LAST
 2DIAGNOSTIC,     1, -6.230500936508e-01, inf, 1.3238e+01, 2.5417e+00, 
  Elapsed time (stage 0): 1.4504e+01


Stage 1
  iterations = 1000x500x250x0
  convergence threshold = 1.0000e-06
  convergence window size = 10
  number of levels = 4
  using the Mattes MI metric (number of bins = 32, weight = 1.0000e+00)
  preprocessing:  winsorizing the image intensities
  preprocessing:  histogram matching the images
  Shrink factors (level 1 out of 4): [6, 6, 6]
  Shrink factors (level 2 out of 4): [4, 4, 4]
  Shrink factors (level 3 out of 4): [2, 2, 2]
  Shrink factors (level 4 out of 4): [1, 1, 1]
  smoothing sigmas per level: [4, 2, 1, 0]
  regular sampling (percentage = 2.5000e-01)

*** Running AffineTransform registration ***

DIAGNOSTIC,Iteration,metricValue,convergenceValue,ITERATION_TIME_INDEX,SINCE_LAST
