
Running N4 for 3-dimensional images.

Mask not read.  Using the entire image as the mask.

Original intensity range:  [0, 888]

***********************************************************
Warning:  Your input image contains nonpositive values
which could cause failure or problematic results.  A
possible workaround would be to:
   1. rescale your image to positive values e.g., [10,100].
   2. run N4 on your rescaled image.
   3. (optional) rescale the N4 output to the original
      intensity range.
***********************************************************

Specified spline distance: 200mm
  original image size:  [192, 256, 256]
  padded image size:  [201, 401, 401]
  number of control points:  [4, 5, 5]

Current level = 1
  Iteration 1 (of 50).   Current convergence value = 0.000551757 (threshold = 1e-08)
  Iteration 2 (of 50).   Current convergence value = 0.000380136 (threshold = 1e-08)
  Iteration 3 (of 50).   Current convergence value = 0.000280082 (threshold = 1e-08)
  Iteration 4 (of 50).   Current convergence value = 0.000229525 (threshold = 1e-08)
  Iteration 5 (of 50).   Current convergence value = 0.000188618 (threshold = 1e-08)
  Iteration 6 (of 50).   Current convergence value = 0.000149466 (threshold = 1e-08)
  Iteration 7 (of 50).   Current convergence value = 0.000119877 (threshold = 1e-08)
  Iteration 8 (of 50).   Current convergence value = 9.92081e-05 (threshold = 1e-08)
  Iteration 9 (of 50).   Current convergence value = 8.53099e-05 (threshold = 1e-08)
  Iteration 10 (of 50).   Current convergence value = 7.62481e-05 (threshold = 1e-08)
  Iteration 11 (of 50).   Current convergence value = 7.02946e-05 (threshold = 1e-08)
  Iteration 12 (of 50).   Current convergence value = 6.60326e-05 (threshold = 1e-08)
  Iteration 13 (of 50).   Current convergence value = 6.28128e-05 (threshold = 1e-08)
  Iteration 14 (of 50).   Current convergence value = 6.02139e-05 (threshold = 1e-08)
  Iteration 15 (of 50).   Current convergence value = 5.78487e-05 (threshold = 1e-08)
  Iteration 16 (of 50).   Current convergence value = 5.56899e-05 (threshold = 1e-08)
  Iteration 17 (of 50).   Current convergence value = 5.37184e-05 (threshold = 1e-08)
  Iteration 18 (of 50).   Current convergence value = 5.18552e-05 (threshold = 1e-08)
  Iteration 19 (of 50).   Current convergence value = 5.00806e-05 (threshold = 1e-08)
  Iteration 20 (of 50).   Current convergence value = 4.82655e-05 (threshold = 1e-08)
  Iteration 21 (of 50).   Current convergence value = 4.65544e-05 (threshold = 1e-08)
  Iteration 22 (of 50).   Current convergence value = 4.49658e-05 (threshold = 1e-08)
  Iteration 23 (of 50).   Current convergence value = 4.34711e-05 (threshold = 1e-08)
  Iteration 24 (of 50).   Current convergence value = 4.20611e-05 (threshold = 1e-08)
  Iteration 25 (of 50).   Current convergence value = 4.07501e-05 (threshold = 1e-08)
  Iteration 26 (of 50).   Current convergence value = 3.96044e-05 (threshold = 1e-08)
  Iteration 27 (of 50).   Current convergence value = 3.85904e-05 (threshold = 1e-08)
  Iteration 28 (of 50).   Current convergence value = 3.76815e-05 (threshold = 1e-08)
  Iteration 29 (of 50).   Current convergence value = 3.68735e-05 (threshold = 1e-08)
  Iteration 30 (of 50).   Current convergence value = 3.61766e-05 (threshold = 1e-08)
  Iteration 31 (of 50).   Current convergence value = 3.56e-05 (threshold = 1e-08)
  Iteration 32 (of 50).   Current convergence value = 3.51241e-05 (threshold = 1e-08)
  Iteration 33 (of 50).   Current convergence value = 3.47567e-05 (threshold = 1e-08)
  Iteration 34 (of 50).   Current convergence value = 3.44794e-05 (threshold = 1e-08)
  Iteration 35 (of 50).   Current convergence value = 3.42609e-05 (threshold = 1e-08)
  Iteration 36 (of 50).   Current convergence value = 3.40794e-05 (threshold = 1e-08)
  Iteration 37 (of 50).   Current convergence value = 3.3973e-05 (threshold = 1e-08)
  Iteration 38 (of 50).   Current convergence value = 3.40598e-05 (threshold = 1e-08)
  Iteration 39 (of 50).   Current convergence value = 3.41131e-05 (threshold = 1e-08)
  Iteration 40 (of 50).   Current convergence value = 3.42615e-05 (threshold = 1e-08)
  Iteration 41 (of 50).   Current convergence value = 3.45031e-05 (threshold = 1e-08)
  Iteration 42 (of 50).   Current convergence value = 3.46982e-05 (threshold = 1e-08)
  Iteration 43 (of 50).   Current convergence value = 3.50038e-05 (threshold = 1e-08)
  Iteration 44 (of 50).   Current convergence value = 3.52183e-05 (threshold = 1e-08)
  Iteration 45 (of 50).   Current convergence value = 3.55166e-05 (threshold = 1e-08)
  Iteration 46 (of 50).   Current convergence value = 3.59223e-05 (threshold = 1e-08)
  Iteration 47 (of 50).   Current convergence value = 3.61914e-05 (threshold = 1e-08)
  Iteration 48 (of 50).   Current convergence value = 3.64611e-05 (threshold = 1e-08)
  Iteration 49 (of 50).   Current convergence value = 3.66998e-05 (threshold = 1e-08)
  Iteration 50 (of 50).   Current convergence value = 3.69822e-05 (threshold = 1e-08)
Current level = 2
  Iteration 1 (of 50).   Current convergence value = 0.000488292 (threshold = 1e-08)
  Iteration 2 (of 50).   Current convergence value = 0.000467605 (threshold = 1e-08)
  Iteration 3 (of 50).   Current convergence value = 0.000457674 (threshold = 1e-08)
  Iteration 4 (of 50).   Current convergence value = 0.00044893 (threshold = 1e-08)
  Iteration 5 (of 50).   Current convergence value = 0.000439387 (threshold = 1e-08)
  Iteration 6 (of 50).   Current convergence value = 0.000428787 (threshold = 1e-08)
  Iteration 7 (of 50).   Current convergence value = 0.000417472 (threshold = 1e-08)
  Iteration 8 (of 50).   Current convergence value = 0.000405402 (threshold = 1e-08)
  Iteration 9 (of 50).   Current convergence value = 0.000393244 (threshold = 1e-08)
  Iteration 10 (of 50).   Current convergence value = 0.000381461 (threshold = 1e-08)
  Iteration 11 (of 50).   Current convergence value = 0.000370072 (threshold = 1e-08)
  Iteration 12 (of 50).   Current convergence value = 0.000359059 (threshold = 1e-08)
  Iteration 13 (of 50).   Current convergence value = 0.000348796 (threshold = 1e-08)
  Iteration 14 (of 50).   Current convergence value = 0.000339347 (threshold = 1e-08)
  Iteration 15 (of 50).   Current convergence value = 0.000330337 (threshold = 1e-08)
  Iteration 16 (of 50).   Current convergence value = 0.000322363 (threshold = 1e-08)
  Iteration 17 (of 50).   Current convergence value = 0.0003146 (threshold = 1e-08)
  Iteration 18 (of 50).   Current convergence value = 0.000307567 (threshold = 1e-08)
  Iteration 19 (of 50).   Current convergence value = 0.000300681 (threshold = 1e-08)
  Iteration 20 (of 50).   Current convergence value = 0.000294073 (threshold = 1e-08)
  Iteration 21 (of 50).   Current convergence value = 0.000287998 (threshold = 1e-08)
  Iteration 22 (of 50).   Current convergence value = 0.000282282 (threshold = 1e-08)
  Iteration 23 (of 50).   Current convergence value = 0.000276846 (threshold = 1e-08)
  Iteration 24 (of 50).   Current convergence value = 0.000271642 (threshold = 1e-08)
  Iteration 25 (of 50).   Current convergence value = 0.000266953 (threshold = 1e-08)
  Iteration 26 (of 50).   Current convergence value = 0.000262202 (threshold = 1e-08)
  Iteration 27 (of 50).   Current convergence value = 0.000257731 (threshold = 1e-08)
  Iteration 28 (of 50).   Current convergence value = 0.000253656 (threshold = 1e-08)
  Iteration 29 (of 50).   Current convergence value = 0.00024988 (threshold = 1e-08)
  Iteration 30 (of 50).   Current convergence value = 0.000246378 (threshold = 1e-08)
  Iteration 31 (of 50).   Current convergence value = 0.000242803 (threshold = 1e-08)
  Iteration 32 (of 50).   Current convergence value = 0.000239548 (threshold = 1e-08)
  Iteration 33 (of 50).   Current convergence value = 0.00023636 (threshold = 1e-08)
  Iteration 34 (of 50).   Current convergence value = 0.000233351 (threshold = 1e-08)
  Iteration 35 (of 50).   Current convergence value = 0.000230528 (threshold = 1e-08)
  Iteration 36 (of 50).   Current convergence value = 0.000227645 (threshold = 1e-08)
  Iteration 37 (of 50).   Current convergence value = 0.000224942 (threshold = 1e-08)
  Iteration 38 (of 50).   Current convergence value = 0.00022231 (threshold = 1e-08)
  Iteration 39 (of 50).   Current convergence value = 0.000219655 (threshold = 1e-08)
  Iteration 40 (of 50).   Current convergence value = 0.000217144 (threshold = 1e-08)
  Iteration 41 (of 50).   Current convergence value = 0.000214685 (threshold = 1e-08)
  Iteration 42 (of 50).   Current convergence value = 0.000212203 (threshold = 1e-08)
  Iteration 43 (of 50).   Current convergence value = 0.000209879 (threshold = 1e-08)
  Iteration 44 (of 50).   Current convergence value = 0.000207548 (threshold = 1e-08)
  Iteration 45 (of 50).   Current convergence value = 0.00020542 (threshold = 1e-08)
  Iteration 46 (of 50).   Current convergence value = 0.000203143 (threshold = 1e-08)
  Iteration 47 (of 50).   Current convergence value = 0.000201164 (threshold = 1e-08)
  Iteration 48 (of 50).   Current convergence value = 0.000199104 (threshold = 1e-08)
  Iteration 49 (of 50).   Current convergence value = 0.000197069 (threshold = 1e-08)
  Iteration 50 (of 50).   Current convergence value = 0.000195234 (threshold = 1e-08)
Current level = 3
  Iteration 1 (of 40).   Current convergence value = 0.00149235 (threshold = 1e-08)
  Iteration 2 (of 40).   Current convergence value = 0.00145403 (threshold = 1e-08)
  Iteration 3 (of 40).   Current convergence value = 0.00139619 (threshold = 1e-08)
  Iteration 4 (of 40).   Current convergence value = 0.00135989 (threshold = 1e-08)
  Iteration 5 (of 40).   Current convergence value = 0.00136583 (threshold = 1e-08)
  Iteration 6 (of 40).   Current convergence value = 0.00134223 (threshold = 1e-08)
  Iteration 7 (of 40).   Current convergence value = 0.00131782 (threshold = 1e-08)
  Iteration 8 (of 40).   Current convergence value = 0.00129672 (threshold = 1e-08)
  Iteration 9 (of 40).   Current convergence value = 0.00127785 (threshold = 1e-08)
  Iteration 10 (of 40).   Current convergence value = 0.00125869 (threshold = 1e-08)
  Iteration 11 (of 40).   Current convergence value = 0.00121982 (threshold = 1e-08)
  Iteration 12 (of 40).   Current convergence value = 0.00118838 (threshold = 1e-08)
  Iteration 13 (of 40).   Current convergence value = 0.00116019 (threshold = 1e-08)
  Iteration 14 (of 40).   Current convergence value = 0.00113579 (threshold = 1e-08)
  Iteration 15 (of 40).   Current convergence value = 0.00111771 (threshold = 1e-08)
  Iteration 16 (of 40).   Current convergence value = 0.00110494 (threshold = 1e-08)
  Iteration 17 (of 40).   Current convergence value = 0.00109663 (threshold = 1e-08)
  Iteration 18 (of 40).   Current convergence value = 0.00108394 (threshold = 1e-08)
  Iteration 19 (of 40).   Current convergence value = 0.00106098 (threshold = 1e-08)
  Iteration 20 (of 40).   Current convergence value = 0.000988422 (threshold = 1e-08)
  Iteration 21 (of 40).   Current convergence value = 0.000920854 (threshold = 1e-08)
  Iteration 22 (of 40).   Current convergence value = 0.000864956 (threshold = 1e-08)
  Iteration 23 (of 40).   Current convergence value = 0.000817977 (threshold = 1e-08)
  Iteration 24 (of 40).   Current convergence value = 0.000778118 (threshold = 1e-08)
  Iteration 25 (of 40).   Current convergence value = 0.000744378 (threshold = 1e-08)
  Iteration 26 (of 40).   Current convergence value = 0.000715938 (threshold = 1e-08)
  Iteration 27 (of 40).   Current convergence value = 0.000691579 (threshold = 1e-08)
  Iteration 28 (of 40).   Current convergence value = 0.000671338 (threshold = 1e-08)
  Iteration 29 (of 40).   Current convergence value = 0.00065462 (threshold = 1e-08)
  Iteration 30 (of 40).   Current convergence value = 0.000640884 (threshold = 1e-08)
  Iteration 31 (of 40).   Current convergence value = 0.000629771 (threshold = 1e-08)
  Iteration 32 (of 40).   Current convergence value = 0.000620854 (threshold = 1e-08)
  Iteration 33 (of 40).   Current convergence value = 0.000614181 (threshold = 1e-08)
  Iteration 34 (of 40).   Current convergence value = 0.000609282 (threshold = 1e-08)
  Iteration 35 (of 40).   Current convergence value = 0.000605991 (threshold = 1e-08)
  Iteration 36 (of 40).   Current convergence value = 0.00060366 (threshold = 1e-08)
  Iteration 37 (of 40).   Current convergence value = 0.000602642 (threshold = 1e-08)
  Iteration 38 (of 40).   Current convergence value = 0.000602573 (threshold = 1e-08)
  Iteration 39 (of 40).   Current convergence value = 0.000602861 (threshold = 1e-08)
  Iteration 40 (of 40).   Current convergence value = 0.000603432 (threshold = 1e-08)
Current level = 4
  Iteration 1 (of 30).   Current convergence value = 0.00222105 (threshold = 1e-08)
  Iteration 2 (of 30).   Current convergence value = 0.00187943 (threshold = 1e-08)
  Iteration 3 (of 30).   Current convergence value = 0.00177239 (threshold = 1e-08)
  Iteration 4 (of 30).   Current convergence value = 0.00183099 (threshold = 1e-08)
  Iteration 5 (of 30).   Current convergence value = 0.00185394 (threshold = 1e-08)
  Iteration 6 (of 30).   Current convergence value = 0.00184455 (threshold = 1e-08)
  Iteration 7 (of 30).   Current convergence value = 0.00184135 (threshold = 1e-08)
  Iteration 8 (of 30).   Current convergence value = 0.00183319 (threshold = 1e-08)
  Iteration 9 (of 30).   Current convergence value = 0.00185584 (threshold = 1e-08)
  Iteration 10 (of 30).   Current convergence value = 0.00189784 (threshold = 1e-08)
  Iteration 11 (of 30).   Current convergence value = 0.00180953 (threshold = 1e-08)
  Iteration 12 (of 30).   Current convergence value = 0.00172836 (threshold = 1e-08)
  Iteration 13 (of 30).   Current convergence value = 0.00165701 (threshold = 1e-08)
  Iteration 14 (of 30).   Current convergence value = 0.0015856 (threshold = 1e-08)
  Iteration 15 (of 30).   Current convergence value = 0.0015737 (threshold = 1e-08)
  Iteration 16 (of 30).   Current convergence value = 0.00159138 (threshold = 1e-08)
  Iteration 17 (of 30).   Current convergence value = 0.00161487 (threshold = 1e-08)
  Iteration 18 (of 30).   Current convergence value = 0.00164044 (threshold = 1e-08)
  Iteration 19 (of 30).   Current convergence value = 0.00166055 (threshold = 1e-08)
  Iteration 20 (of 30).   Current convergence value = 0.00167496 (threshold = 1e-08)
  Iteration 21 (of 30).   Current convergence value = 0.0016786 (threshold = 1e-08)
  Iteration 22 (of 30).   Current convergence value = 0.00166699 (threshold = 1e-08)
  Iteration 23 (of 30).   Current convergence value = 0.00163638 (threshold = 1e-08)
  Iteration 24 (of 30).   Current convergence value = 0.00159453 (threshold = 1e-08)
  Iteration 25 (of 30).   Current convergence value = 0.00158658 (threshold = 1e-08)
  Iteration 26 (of 30).   Current convergence value = 0.00156317 (threshold = 1e-08)
  Iteration 27 (of 30).   Current convergence value = 0.00152017 (threshold = 1e-08)
  Iteration 28 (of 30).   Current convergence value = 0.00145552 (threshold = 1e-08)
  Iteration 29 (of 30).   Current convergence value = 0.00137464 (threshold = 1e-08)
  Iteration 30 (of 30).   Current convergence value = 0.00128579 (threshold = 1e-08)
   N4BiasFieldCorrectionImageFilter (0x558e60f76e20)
     RTTI typeinfo:   itk::N4BiasFieldCorrectionImageFilter<itk::Image<float, 3u>, itk::Image<float, 3u>, itk::Image<float, 3u> >
     Reference Count: 1
     Modified Time: 565
     Debug: Off
     Object Name: 
     Observers: 
       IterationEvent(Command)
     Inputs: 
       ConfidenceImage: (0)
       MaskImage: (0x558e60fa15e0)
       Primary: (0x558e60f9cb30) *
     Indexed Inputs: 
       0: Primary (0x558e60f9cb30)
       1: MaskImage (0x558e60fa15e0)
       2: ConfidenceImage (0)
     Required Input Names: Primary
     NumberOfRequiredInputs: 1
     Outputs: 
       Primary: (0x558e60f86ef0)
     Indexed Outputs: 
       0: Primary (0x558e60f86ef0)
     NumberOfRequiredOutputs: 1
     Number Of Work Units: 32
     ReleaseDataFlag: Off
     ReleaseDataBeforeUpdateFlag: Off
     AbortGenerateData: Off
     Progress: 0
     Multithreader: 
       RTTI typeinfo:   itk::PoolMultiThreader
       Reference Count: 1
       Modified Time: 144
       Debug: Off
       Object Name: 
       Observers: 
         none
       Number of Work Units: 32
       Number of Threads: 8
       Global Maximum Number Of Threads: 128
       Global Default Number Of Threads: 8
       Global Default Threader Type: itk::MultiThreaderBaseEnums::Threader::Pool
       SingleMethod: 0
       SingleData: 0
     DynamicMultiThreading: On
     CoordinateTolerance: 1e-06
     DirectionTolerance: 1e-06
     Use Mask Label: 0
     Mask label: 1
     Number of histogram bins: 200
     Wiener filter noise: 0.01
     Bias field FWHM: 0.15
     Maximum number of iterations: [50, 50, 40, 30]
     Convergence threshold: 1e-08
     Spline order: 3
     Number of fitting levels: [4, 4, 4]
     Number of control points: [4, 5, 5]
     CurrentConvergenceMeasurement: 0.00128579
     CurrentLevel: 4
     ElapsedIterations: 31
     LogBiasFieldControlPointLattice: 
       Image (0x558e6cf17c80)
         RTTI typeinfo:   itk::Image<itk::Vector<float, 1u>, 3u>
         Reference Count: 1
         Modified Time: 343560
         Debug: Off
         Object Name: 
         Observers: 
           none
         Source: (none)
         Source output name: (none)
         Release Data: Off
         Data Released: False
         Global Release Data: Off
         PipelineMTime: 0
         UpdateMTime: 0
         RealTimeStamp: 0 seconds 
         LargestPossibleRegion: 
           Dimension: 3
           Index: [0, 0, 0]
           Size: [11, 19, 19]
         BufferedRegion: 
           Dimension: 3
           Index: [0, 0, 0]
           Size: [11, 19, 19]
         RequestedRegion: 
           Dimension: 3
           Index: [0, 0, 0]
           Size: [11, 19, 19]
         Spacing: [24.75, 24.875, 24.875]
         Origin: [25.0699, 17.9087, -30.0145]
         Direction: 
-0.999945 -0.00276527 -0.0101499
0.000156045 -0.968626 0.248522
-0.0105187 0.248507 0.968573

         IndexToPointMatrix: 
-24.7486 -0.0687861 -0.252479
0.00386211 -24.0946 6.18199
-0.260338 6.18161 24.0933

         PointToIndexMatrix: 
-0.0404018 6.30483e-06 -0.000424998
-0.000111166 -0.0389397 0.00999022
-0.000408036 0.00999085 0.0389376

         Inverse Direction: 
-0.999945 0.000156045 -0.0105187
-0.00276527 -0.968626 0.248507
-0.0101499 0.248522 0.968573

         PixelContainer: 
           ImportImageContainer (0x558e67a818d0)
             RTTI typeinfo:   itk::ImportImageContainer<unsigned long, itk::Vector<float, 1u> >
             Reference Count: 1
             Modified Time: 343561
             Debug: Off
             Object Name: 
             Observers: 
               none
             Pointer: 0x558e6b125080
             Container manages memory: true
             Size: 3971
             Capacity: 3971
Elapsed time: 319.209
All_Command_lines_OK
Using single precision for computations.
=============================================================================
The composite transform comprises the following transforms (in order): 
  1. Center of mass alignment using fixed image: /home/mpib/nemecz/Projects/miniTRK/Results/01_MRI/GroupTempl/T1w/T_template0.nii.gz and moving image: /home/mpib/nemecz/Projects/miniTRK/Analysis/01_MRI/Preproc/GroupTempl/T1w/sub-828626_T1w.nii.gz (type = Euler3DTransform)
=============================================================================
  number of levels = 4
  number of levels = 4
  number of levels = 4
  fixed image: /home/mpib/nemecz/Projects/miniTRK/Results/01_MRI/GroupTempl/T1w/T_template0.nii.gz
  moving image: /home/mpib/nemecz/Projects/miniTRK/Results/01_MRI/GroupTempl/T1w/T_template0sub-828626_T1wRepaired.nii.gz
  fixed image: /home/mpib/nemecz/Projects/miniTRK/Results/01_MRI/GroupTempl/T1w/T_template0.nii.gz
  moving image: /home/mpib/nemecz/Projects/miniTRK/Results/01_MRI/GroupTempl/T1w/T_template0sub-828626_T1wRepaired.nii.gz
  fixed image: /home/mpib/nemecz/Projects/miniTRK/Results/01_MRI/GroupTempl/T1w/T_template0.nii.gz
  moving image: /home/mpib/nemecz/Projects/miniTRK/Results/01_MRI/GroupTempl/T1w/T_template0sub-828626_T1wRepaired.nii.gz
Dimension = 3
Number of stages = 3
Use Histogram Matching true
Winsorize image intensities true
Lower quantile = 0.01
Upper quantile = 0.99
Stage 1 State
   Image metric = Mattes
     Fixed image = Image (0x55e7fd896ad0)
  RTTI typeinfo:   itk::Image<float, 3u>
  Reference Count: 2
  Modified Time: 1721
  Debug: Off
  Object Name: 
  Observers: 
    none
  Source: (none)
  Source output name: (none)
  Release Data: Off
  Data Released: False
  Global Release Data: Off
  PipelineMTime: 0
  UpdateMTime: 1506
  RealTimeStamp: 0 seconds 
  LargestPossibleRegion: 
    Dimension: 3
    Index: [0, 0, 0]
    Size: [192, 256, 256]
  BufferedRegion: 
    Dimension: 3
    Index: [0, 0, 0]
    Size: [192, 256, 256]
  RequestedRegion: 
    Dimension: 3
    Index: [0, 0, 0]
    Size: [192, 256, 256]
  Spacing: [1, 1, 1]
  Origin: [95.0313, 100.538, -154.123]
  Direction: 
-0.999853 -0.014134 -0.00966312
0.014129 -0.9999 0.000586045
-0.00967044 0.000449429 0.999953

  IndexToPointMatrix: 
-0.999853 -0.014134 -0.00966312
0.014129 -0.9999 0.000586045
-0.00967044 0.000449429 0.999953

  PointToIndexMatrix: 
-0.999853 0.014129 -0.00967044
-0.014134 -0.9999 0.000449429
-0.00966312 0.000586045 0.999953

  Inverse Direction: 
-0.999853 0.014129 -0.00967044
-0.014134 -0.9999 0.000449429
-0.00966312 0.000586045 0.999953

  PixelContainer: 
    ImportImageContainer (0x55e7fd89ec80)
      RTTI typeinfo:   itk::ImportImageContainer<unsigned long, float>
      Reference Count: 1
      Modified Time: 1503
      Debug: Off
      Object Name: 
      Observers: 
        none
      Pointer: 0x7ffa3b816010
      Container manages memory: true
      Size: 12582912
      Capacity: 12582912

     Moving image = Image (0x55e7fd897b40)
  RTTI typeinfo:   itk::Image<float, 3u>
  Reference Count: 2
  Modified Time: 1722
  Debug: Off
  Object Name: 
  Observers: 
    none
  Source: (none)
  Source output name: (none)
  Release Data: Off
  Data Released: False
  Global Release Data: Off
  PipelineMTime: 0
  UpdateMTime: 1719
  RealTimeStamp: 0 seconds 
  LargestPossibleRegion: 
    Dimension: 3
    Index: [0, 0, 0]
    Size: [192, 256, 256]
  BufferedRegion: 
    Dimension: 3
    Index: [0, 0, 0]
    Size: [192, 256, 256]
  RequestedRegion: 
    Dimension: 3
    Index: [0, 0, 0]
    Size: [192, 256, 256]
  Spacing: [1, 1, 1]
  Origin: [95.3806, 56.2858, -166.728]
  Direction: 
-0.999945 -0.00276527 -0.0101499
0.000156045 -0.968626 0.248522
-0.0105187 0.248507 0.968573

  IndexToPointMatrix: 
-0.999945 -0.00276527 -0.0101499
0.000156045 -0.968626 0.248522
-0.0105187 0.248507 0.968573

  PointToIndexMatrix: 
-0.999945 0.000156045 -0.0105187
-0.00276527 -0.968626 0.248507
-0.0101499 0.248522 0.968573

  Inverse Direction: 
-0.999945 0.000156045 -0.0105187
-0.00276527 -0.968626 0.248507
-0.0101499 0.248522 0.968573

  PixelContainer: 
    ImportImageContainer (0x55e7fd89a610)
      RTTI typeinfo:   itk::ImportImageContainer<unsigned long, float>
      Reference Count: 1
      Modified Time: 1716
      Debug: Off
      Object Name: 
      Observers: 
        none
      Pointer: 0x7ffa38815010
      Container manages memory: true
      Size: 12582912
      Capacity: 12582912

     Weighting = 1
     Sampling strategy = regular
     Number of bins = 32
     Radius = 4
     Sampling percentage  = 0.25
   Transform = Rigid
     Gradient step = 0.1
     Update field sigma (voxel space) = 0
     Total field sigma (voxel space) = 0
     Update field time sigma = 0
     Total field time sigma  = 0
     Number of time indices = 0
     Number of time point samples = 0
Stage 2 State
   Image metric = Mattes
     Fixed image = Image (0x55e7fd8af8a0)
  RTTI typeinfo:   itk::Image<float, 3u>
  Reference Count: 2
  Modified Time: 2149
  Debug: Off
  Object Name: 
  Observers: 
    none
  Source: (none)
  Source output name: (none)
  Release Data: Off
  Data Released: False
  Global Release Data: Off
  PipelineMTime: 0
  UpdateMTime: 1934
  RealTimeStamp: 0 seconds 
  LargestPossibleRegion: 
    Dimension: 3
    Index: [0, 0, 0]
    Size: [192, 256, 256]
  BufferedRegion: 
    Dimension: 3
    Index: [0, 0, 0]
    Size: [192, 256, 256]
  RequestedRegion: 
    Dimension: 3
    Index: [0, 0, 0]
    Size: [192, 256, 256]
  Spacing: [1, 1, 1]
  Origin: [95.0313, 100.538, -154.123]
  Direction: 
-0.999853 -0.014134 -0.00966312
0.014129 -0.9999 0.000586045
-0.00967044 0.000449429 0.999953

  IndexToPointMatrix: 
-0.999853 -0.014134 -0.00966312
0.014129 -0.9999 0.000586045
-0.00967044 0.000449429 0.999953

  PointToIndexMatrix: 
-0.999853 0.014129 -0.00967044
-0.014134 -0.9999 0.000449429
-0.00966312 0.000586045 0.999953

  Inverse Direction: 
-0.999853 0.014129 -0.00967044
-0.014134 -0.9999 0.000449429
-0.00966312 0.000586045 0.999953

  PixelContainer: 
    ImportImageContainer (0x55e7fd89f6a0)
      RTTI typeinfo:   itk::ImportImageContainer<unsigned long, float>
      Reference Count: 1
      Modified Time: 1931
      Debug: Off
      Object Name: 
      Observers: 
        none
      Pointer: 0x7ffa35814010
      Container manages memory: true
      Size: 12582912
      Capacity: 12582912

     Moving image = Image (0x55e7fd8af510)
  RTTI typeinfo:   itk::Image<float, 3u>
  Reference Count: 2
  Modified Time: 2150
  Debug: Off
  Object Name: 
  Observers: 
    none
  Source: (none)
  Source output name: (none)
  Release Data: Off
  Data Released: False
  Global Release Data: Off
  PipelineMTime: 0
  UpdateMTime: 2147
  RealTimeStamp: 0 seconds 
  LargestPossibleRegion: 
    Dimension: 3
    Index: [0, 0, 0]
    Size: [192, 256, 256]
  BufferedRegion: 
    Dimension: 3
    Index: [0, 0, 0]
    Size: [192, 256, 256]
  RequestedRegion: 
    Dimension: 3
    Index: [0, 0, 0]
    Size: [192, 256, 256]
  Spacing: [1, 1, 1]
  Origin: [95.3806, 56.2858, -166.728]
  Direction: 
-0.999945 -0.00276527 -0.0101499
0.000156045 -0.968626 0.248522
-0.0105187 0.248507 0.968573

  IndexToPointMatrix: 
-0.999945 -0.00276527 -0.0101499
0.000156045 -0.968626 0.248522
-0.0105187 0.248507 0.968573

  PointToIndexMatrix: 
-0.999945 0.000156045 -0.0105187
-0.00276527 -0.968626 0.248507
-0.0101499 0.248522 0.968573

  Inverse Direction: 
-0.999945 0.000156045 -0.0105187
-0.00276527 -0.968626 0.248507
-0.0101499 0.248522 0.968573

  PixelContainer: 
    ImportImageContainer (0x55e7fd8b0bb0)
      RTTI typeinfo:   itk::ImportImageContainer<unsigned long, float>
      Reference Count: 1
      Modified Time: 2144
      Debug: Off
      Object Name: 
      Observers: 
        none
      Pointer: 0x7ffa32813010
      Container manages memory: true
      Size: 12582912
      Capacity: 12582912

     Weighting = 1
     Sampling strategy = regular
     Number of bins = 32
     Radius = 4
     Sampling percentage  = 0.25
   Transform = Affine
     Gradient step = 0.1
     Update field sigma (voxel space) = 0
     Total field sigma (voxel space) = 0
     Update field time sigma = 0
     Total field time sigma  = 0
     Number of time indices = 0
     Number of time point samples = 0
Stage 3 State
   Image metric = CC
     Fixed image = Image (0x55e7fd8b6990)
  RTTI typeinfo:   itk::Image<float, 3u>
  Reference Count: 2
  Modified Time: 2577
  Debug: Off
  Object Name: 
  Observers: 
    none
  Source: (none)
  Source output name: (none)
  Release Data: Off
  Data Released: False
  Global Release Data: Off
  PipelineMTime: 0
  UpdateMTime: 2362
  RealTimeStamp: 0 seconds 
  LargestPossibleRegion: 
    Dimension: 3
    Index: [0, 0, 0]
    Size: [192, 256, 256]
  BufferedRegion: 
    Dimension: 3
    Index: [0, 0, 0]
    Size: [192, 256, 256]
  RequestedRegion: 
    Dimension: 3
    Index: [0, 0, 0]
    Size: [192, 256, 256]
  Spacing: [1, 1, 1]
  Origin: [95.0313, 100.538, -154.123]
  Direction: 
-0.999853 -0.014134 -0.00966312
0.014129 -0.9999 0.000586045
-0.00967044 0.000449429 0.999953

  IndexToPointMatrix: 
-0.999853 -0.014134 -0.00966312
0.014129 -0.9999 0.000586045
-0.00967044 0.000449429 0.999953

  PointToIndexMatrix: 
-0.999853 0.014129 -0.00967044
-0.014134 -0.9999 0.000449429
-0.00966312 0.000586045 0.999953

  Inverse Direction: 
-0.999853 0.014129 -0.00967044
-0.014134 -0.9999 0.000449429
-0.00966312 0.000586045 0.999953

  PixelContainer: 
    ImportImageContainer (0x55e7fd70bbf0)
      RTTI typeinfo:   itk::ImportImageContainer<unsigned long, float>
      Reference Count: 1
      Modified Time: 2359
      Debug: Off
      Object Name: 
      Observers: 
        none
      Pointer: 0x7ffa2f812010
      Container manages memory: true
      Size: 12582912
      Capacity: 12582912

     Moving image = Image (0x55e7fd8ae2d0)
  RTTI typeinfo:   itk::Image<float, 3u>
  Reference Count: 2
  Modified Time: 2578
  Debug: Off
  Object Name: 
  Observers: 
    none
  Source: (none)
  Source output name: (none)
  Release Data: Off
  Data Released: False
  Global Release Data: Off
  PipelineMTime: 0
  UpdateMTime: 2575
  RealTimeStamp: 0 seconds 
  LargestPossibleRegion: 
    Dimension: 3
    Index: [0, 0, 0]
    Size: [192, 256, 256]
  BufferedRegion: 
    Dimension: 3
    Index: [0, 0, 0]
    Size: [192, 256, 256]
  RequestedRegion: 
    Dimension: 3
    Index: [0, 0, 0]
    Size: [192, 256, 256]
  Spacing: [1, 1, 1]
  Origin: [95.3806, 56.2858, -166.728]
  Direction: 
-0.999945 -0.00276527 -0.0101499
0.000156045 -0.968626 0.248522
-0.0105187 0.248507 0.968573

  IndexToPointMatrix: 
-0.999945 -0.00276527 -0.0101499
0.000156045 -0.968626 0.248522
-0.0105187 0.248507 0.968573

  PointToIndexMatrix: 
-0.999945 0.000156045 -0.0105187
-0.00276527 -0.968626 0.248507
-0.0101499 0.248522 0.968573

  Inverse Direction: 
-0.999945 0.000156045 -0.0105187
-0.00276527 -0.968626 0.248507
-0.0101499 0.248522 0.968573

  PixelContainer: 
    ImportImageContainer (0x55e7fd8b56b0)
      RTTI typeinfo:   itk::ImportImageContainer<unsigned long, float>
      Reference Count: 1
      Modified Time: 2572
      Debug: Off
      Object Name: 
      Observers: 
        none
      Pointer: 0x7ffa2c811010
      Container manages memory: true
      Size: 12582912
      Capacity: 12582912

     Weighting = 1
     Sampling strategy = none
     Number of bins = 32
     Radius = 4
     Sampling percentage  = 1
   Transform = SyN
     Gradient step = 0.1
     Update field sigma (voxel space) = 3
     Total field sigma (voxel space) = 0
     Update field time sigma = 0
     Total field time sigma  = 0
     Number of time indices = 0
     Number of time point samples = 0
Registration using 3 total stages.

Stage 0
  iterations = 1000x500x250x0
  convergence threshold = 1e-06
  convergence window size = 10
  number of levels = 4
  using the Mattes MI metric (number of bins = 32, weight = 1)
  preprocessing:  winsorizing the image intensities
  preprocessing:  histogram matching the images
  Shrink factors (level 1 out of 4): [6, 6, 6]
  Shrink factors (level 2 out of 4): [4, 4, 4]
  Shrink factors (level 3 out of 4): [2, 2, 2]
  Shrink factors (level 4 out of 4): [1, 1, 1]
  smoothing sigmas per level: [4, 2, 1, 0]
  regular sampling (percentage = 0.25)

*** Running Euler3DTransform registration ***

DIAGNOSTIC,Iteration,metricValue,convergenceValue,ITERATION_TIME_INDEX,SINCE_LAST
 2DIAGNOSTIC,     1, -9.037563204765e-01, inf, 8.4993e-01, 8.4993e-01, 
 2DIAGNOSTIC,     2, -9.051171541214e-01, inf, 8.5803e-01, 8.1029e-03, 
 2DIAGNOSTIC,     3, -9.070010781288e-01, inf, 8.6629e-01, 8.2531e-03, 
 2DIAGNOSTIC,     4, -9.095275998116e-01, inf, 8.7436e-01, 8.0690e-03, 
 2DIAGNOSTIC,     5, -9.116590619087e-01, inf, 8.8253e-01, 8.1780e-03, 
 2DIAGNOSTIC,     6, -9.131901264191e-01, inf, 8.9066e-01, 8.1289e-03, 
 2DIAGNOSTIC,     7, -9.155077934265e-01, inf, 8.9917e-01, 8.5061e-03, 
 2DIAGNOSTIC,     8, -9.203072190285e-01, inf, 9.1130e-01, 1.2135e-02, 
 2DIAGNOSTIC,     9, -9.207847714424e-01, inf, 9.2076e-01, 9.4600e-03, 
 2DIAGNOSTIC,    10, -9.208764433861e-01, 1.348149613477e-03, 9.3058e-01, 9.8190e-03, 
 2DIAGNOSTIC,    11, -9.208716154099e-01, 1.139896805398e-03, 9.3915e-01, 8.5709e-03, 
 2DIAGNOSTIC,    12, -9.210348725319e-01, 9.030990768224e-04, 9.4740e-01, 8.2479e-03, 
 2DIAGNOSTIC,    13, -9.212884902954e-01, 6.700250087306e-04, 9.5677e-01, 9.3629e-03, 
 2DIAGNOSTIC,    14, -9.216234087944e-01, 4.725164035335e-04, 9.6617e-01, 9.4061e-03, 
 2DIAGNOSTIC,    15, -9.217101931572e-01, 3.056487475988e-04, 9.7526e-01, 9.0899e-03, 
 2DIAGNOSTIC,    16, -9.218676090240e-01, 1.647672033869e-04, 9.8544e-01, 1.0178e-02, 
 2DIAGNOSTIC,    17, -9.218215942383e-01, 6.461609882535e-05, 9.9464e-01, 9.1970e-03, 
 2DIAGNOSTIC,    18, -9.218664169312e-01, 5.306019738782e-05, 1.0030e+00, 8.3580e-03, 
 2DIAGNOSTIC,    19, -9.218187928200e-01, 4.488874037634e-05, 1.0143e+00, 1.1275e-02, 
 2DIAGNOSTIC,    20, -9.218659400940e-01, 3.573870708351e-05, 1.0234e+00, 9.1541e-03, 
 2DIAGNOSTIC,    21, -9.218534231186e-01, 2.402650170552e-05, 1.0328e+00, 9.3648e-03, 
 2DIAGNOSTIC,    22, -9.218173027039e-01, 1.304989473283e-05, 1.0410e+00, 8.2471e-03, 
 2DIAGNOSTIC,    23, -9.217932224274e-01, 4.973743216397e-06, 1.0502e+00, 9.1491e-03, 
 2DIAGNOSTIC,    24, -9.217553734779e-01, 1.059099076883e-06, 1.0592e+00, 9.0480e-03, 
DIAGNOSTIC,Iteration,metricValue,convergenceValue,ITERATION_TIME_INDEX,SINCE_LAST
 2DIAGNOSTIC,     1, -7.043427228928e-01, inf, 1.9175e+00, 8.5831e-01, 
 2DIAGNOSTIC,     2, -7.050974369049e-01, inf, 1.9519e+00, 3.4379e-02, 
 2DIAGNOSTIC,     3, -7.058259844780e-01, inf, 1.9851e+00, 3.3184e-02, 
 2DIAGNOSTIC,     4, -7.064289450645e-01, inf, 2.0175e+00, 3.2425e-02, 
 2DIAGNOSTIC,     5, -7.069278955460e-01, inf, 2.0493e+00, 3.1762e-02, 
 2DIAGNOSTIC,     6, -7.073553800583e-01, inf, 2.0811e+00, 3.1795e-02, 
 2DIAGNOSTIC,     7, -7.078946828842e-01, inf, 2.1129e+00, 3.1852e-02, 
 2DIAGNOSTIC,     8, -7.084252834320e-01, inf, 2.1637e+00, 5.0761e-02, 
 2DIAGNOSTIC,     9, -7.086821198463e-01, inf, 2.1960e+00, 3.2299e-02, 
 2DIAGNOSTIC,    10, -7.088232040405e-01, 4.129055887461e-04, 2.2284e+00, 3.2436e-02, 
 2DIAGNOSTIC,    11, -7.090778946877e-01, 3.305850259494e-04, 2.2657e+00, 3.7268e-02, 
 2DIAGNOSTIC,    12, -7.092319726944e-01, 2.624125336297e-04, 2.3075e+00, 4.1746e-02, 
 2DIAGNOSTIC,    13, -7.093839645386e-01, 2.080390841002e-04, 2.3447e+00, 3.7200e-02, 
 2DIAGNOSTIC,    14, -7.094247937202e-01, 1.610919716768e-04, 2.3910e+00, 4.6389e-02, 
 2DIAGNOSTIC,    15, -7.094227075577e-01, 1.192717099912e-04, 2.4281e+00, 3.7081e-02, 
 2DIAGNOSTIC,    16, -7.094249725342e-01, 8.255164721049e-05, 2.4649e+00, 3.6782e-02, 
 2DIAGNOSTIC,    17, -7.094216346741e-01, 5.508614776772e-05, 2.5016e+00, 3.6676e-02, 
 2DIAGNOSTIC,    18, -7.094188928604e-01, 3.742949411389e-05, 2.5565e+00, 5.4935e-02, 
 2DIAGNOSTIC,    19, -7.094193696976e-01, 2.377406963205e-05, 2.5931e+00, 3.6601e-02, 
 2DIAGNOSTIC,    20, -7.094190120697e-01, 1.219321711687e-05, 2.6345e+00, 4.1373e-02, 
 2DIAGNOSTIC,    21, -7.094193696976e-01, 5.565990704781e-06, 2.6713e+00, 3.6776e-02, 
 2DIAGNOSTIC,    22, -7.094190120697e-01, 1.897753350022e-06, 2.7125e+00, 4.1201e-02, 
 2DIAGNOSTIC,    23, -7.094190716743e-01, 1.140401764133e-06, 2.7447e+00, 3.2237e-02, 
 2DIAGNOSTIC,    24, -7.094190716743e-01, 1.152349113909e-06, 2.7814e+00, 3.6713e-02, 
 2DIAGNOSTIC,    25, -7.094193696976e-01, 1.148635078607e-06, 2.8189e+00, 3.7485e-02, 
 2DIAGNOSTIC,    26, -7.094189524651e-01, 1.186444023915e-06, 2.8559e+00, 3.7038e-02, 
 2DIAGNOSTIC,    27, -7.094188928604e-01, 1.176077944365e-06, 2.8941e+00, 3.8186e-02, 
 2DIAGNOSTIC,    28, -7.094128131866e-01, 1.040273332364e-06, 2.9343e+00, 4.0198e-02, 
DIAGNOSTIC,Iteration,metricValue,convergenceValue,ITERATION_TIME_INDEX,SINCE_LAST
 2DIAGNOSTIC,     1, -6.205266118050e-01, inf, 4.1928e+00, 1.2585e+00, 
 2DIAGNOSTIC,     2, -6.211085915565e-01, inf, 4.4101e+00, 2.1729e-01, 
 2DIAGNOSTIC,     3, -6.216272711754e-01, inf, 4.6256e+00, 2.1546e-01, 
 2DIAGNOSTIC,     4, -6.220347881317e-01, inf, 4.8419e+00, 2.1637e-01, 
 2DIAGNOSTIC,     5, -6.223925352097e-01, inf, 5.0604e+00, 2.1845e-01, 
 2DIAGNOSTIC,     6, -6.227166652679e-01, inf, 5.3134e+00, 2.5299e-01, 
 2DIAGNOSTIC,     7, -6.229609847069e-01, inf, 5.5344e+00, 2.2103e-01, 
 2DIAGNOSTIC,     8, -6.232575178146e-01, inf, 5.7962e+00, 2.6182e-01, 
 2DIAGNOSTIC,     9, -6.236295700073e-01, inf, 6.0521e+00, 2.5585e-01, 
 2DIAGNOSTIC,    10, -6.236696839333e-01, 3.217326593585e-04, 6.3697e+00, 3.1758e-01, 
 2DIAGNOSTIC,    11, -6.236920356750e-01, 2.490854531061e-04, 6.6244e+00, 2.5479e-01, 
 2DIAGNOSTIC,    12, -6.237248778343e-01, 1.897056645248e-04, 6.8848e+00, 2.6034e-01, 
 2DIAGNOSTIC,    13, -6.237359046936e-01, 1.408560929121e-04, 7.1385e+00, 2.5369e-01, 
 2DIAGNOSTIC,    14, -6.237344145775e-01, 9.935316484189e-05, 7.3936e+00, 2.5508e-01, 
 2DIAGNOSTIC,    15, -6.237307786942e-01, 6.521258183056e-05, 7.6781e+00, 2.8457e-01, 
 2DIAGNOSTIC,    16, -6.237253546715e-01, 3.871332228300e-05, 8.0250e+00, 3.4687e-01, 
 2DIAGNOSTIC,    17, -6.237265467644e-01, 1.843784957600e-05, 8.3136e+00, 2.8861e-01, 
 2DIAGNOSTIC,    18, -6.237260699272e-01, 6.130613201094e-06, 8.5660e+00, 2.5242e-01, 
 2DIAGNOSTIC,    19, -6.237258315086e-01, 3.633454070950e-06, 8.8245e+00, 2.5842e-01, 
 2DIAGNOSTIC,    20, -6.237257122993e-01, 2.117562416970e-06, 9.0767e+00, 2.5226e-01, 
 2DIAGNOSTIC,    21, -6.237257122993e-01, 1.166670585917e-06, 9.3328e+00, 2.5612e-01, 
 2DIAGNOSTIC,    22, -6.237254142761e-01, 1.001438590720e-06, 9.5834e+00, 2.5051e-01, 
 2DIAGNOSTIC,    23, -6.237254142761e-01, 1.109408458433e-06, 9.8043e+00, 2.2097e-01, 
 2DIAGNOSTIC,    24, -6.237260699272e-01, 1.219443674927e-06, 1.0054e+01, 2.4957e-01, 
 2DIAGNOSTIC,    25, -6.237264871597e-01, 1.274594865208e-06, 1.0308e+01, 2.5411e-01, 
 2DIAGNOSTIC,    26, -6.237256526947e-01, 1.214810595229e-06, 1.0589e+01, 2.8090e-01, 
 2DIAGNOSTIC,    27, -6.237249374390e-01, 1.169324946204e-06, 1.0901e+01, 3.1211e-01, 
 2DIAGNOSTIC,    28, -6.237250566483e-01, 1.122532466979e-06, 1.1150e+01, 2.4887e-01, 
 2DIAGNOSTIC,    29, -6.237248778343e-01, 1.073144971997e-06, 1.1499e+01, 3.4909e-01, 
 2DIAGNOSTIC,    30, -6.237248778343e-01, 1.027333496495e-06, 1.1759e+01, 2.5975e-01, 
DIAGNOSTIC,Iteration,metricValue,convergenceValue,ITERATION_TIME_INDEX,SINCE_LAST
 2DIAGNOSTIC,     1, -5.765478014946e-01, inf, 1.4249e+01, 2.4903e+00, 
  Elapsed time (stage 0): 1.5395e+01


Stage 1
  iterations = 1000x500x250x0
  convergence threshold = 1.0000e-06
  convergence window size = 10
  number of levels = 4
  using the Mattes MI metric (number of bins = 32, weight = 1.0000e+00)
  preprocessing:  winsorizing the image intensities
  preprocessing:  histogram matching the images
  Shrink factors (level 1 out of 4): [6, 6, 6]
  Shrink factors (level 2 out of 4): [4, 4, 4]
  Shrink factors (level 3 out of 4): [2, 2, 2]
  Shrink factors (level 4 out of 4): [1, 1, 1]
  smoothing sigmas per level: [4, 2, 1, 0]
  regular sampling (percentage = 2.5000e-01)

*** Running AffineTransform registration ***

DIAGNOSTIC,Iteration,metricValue,convergenceValue,ITERATION_TIME_INDEX,SINCE_LAST
 2DIAGNOSTIC,     1, -9.168427586555e-01, inf, 8.0229e-01, 8.0229e-01, 
 2DIAGNOSTIC,     2, -9.204556345940e-01, inf, 8.1261e-01, 1.0326e-02, 
 2DIAGNOSTIC,     3, -9.264598488808e-01, inf, 8.2233e-01, 9.7189e-03, 
 2DIAGNOSTIC,     4, -9.366087913513e-01, inf, 8.3202e-01, 9.6850e-03, 
 2DIAGNOSTIC,     5, -9.537817835808e-01, inf, 8.4167e-01, 9.6519e-03, 
 2DIAGNOSTIC,     6, -9.817602634430e-01, inf, 8.5149e-01, 9.8159e-03, 
 2DIAGNOSTIC,     7, -1.023849010468e+00, inf, 8.6069e-01, 9.2080e-03, 
 2DIAGNOSTIC,     8, -1.076957583427e+00, inf, 8.6962e-01, 8.9290e-03, 
 2DIAGNOSTIC,     9, -1.110295534134e+00, inf, 8.8515e-01, 1.5527e-02, 
