All_Command_lines_OK
Using single precision for computations.
=============================================================================
The composite transform comprises the following transforms (in order): 
  1. Center of mass alignment using fixed image: /home/mpib/nemecz/Projects/miniTRK/Results/01_MRI/GroupTempl/T1w/T_template0.nii.gz and moving image: /home/mpib/nemecz/Projects/miniTRK/Analysis/01_MRI/Preproc/GroupTempl/T1w/sub-760384_T1w.nii.gz (type = Euler3DTransform)
=============================================================================
  number of levels = 4
  fixed image: /home/mpib/nemecz/Projects/miniTRK/Results/01_MRI/GroupTempl/T1w/T_template0.nii.gz
  moving image: /home/mpib/nemecz/Projects/miniTRK/Analysis/01_MRI/Preproc/GroupTempl/T1w/sub-760384_T1w.nii.gz
Dimension = 3
Number of stages = 1
Use Histogram Matching true
Winsorize image intensities true
Lower quantile = 0.01
Upper quantile = 0.99
Stage 1 State
   Image metric = Mattes
     Fixed image = Image (0x5568de23bfe0)
  RTTI typeinfo:   itk::Image<float, 3u>
  Reference Count: 2
  Modified Time: 1667
  Debug: Off
  Object Name: 
  Observers: 
    none
  Source: (none)
  Source output name: (none)
  Release Data: Off
  Data Released: False
  Global Release Data: Off
  PipelineMTime: 0
  UpdateMTime: 1452
  RealTimeStamp: 0 seconds 
  LargestPossibleRegion: 
    Dimension: 3
    Index: [0, 0, 0]
    Size: [192, 256, 256]
  BufferedRegion: 
    Dimension: 3
    Index: [0, 0, 0]
    Size: [192, 256, 256]
  RequestedRegion: 
    Dimension: 3
    Index: [0, 0, 0]
    Size: [192, 256, 256]
  Spacing: [1, 1, 1]
  Origin: [95.0313, 100.538, -154.123]
  Direction: 
-0.999853 -0.014134 -0.00966312
0.014129 -0.9999 0.000586045
-0.00967044 0.000449429 0.999953

  IndexToPointMatrix: 
-0.999853 -0.014134 -0.00966312
0.014129 -0.9999 0.000586045
-0.00967044 0.000449429 0.999953

  PointToIndexMatrix: 
-0.999853 0.014129 -0.00967044
-0.014134 -0.9999 0.000449429
-0.00966312 0.000586045 0.999953

  Inverse Direction: 
-0.999853 0.014129 -0.00967044
-0.014134 -0.9999 0.000449429
-0.00966312 0.000586045 0.999953

  PixelContainer: 
    ImportImageContainer (0x5568de248970)
      RTTI typeinfo:   itk::ImportImageContainer<unsigned long, float>
      Reference Count: 1
      Modified Time: 1449
      Debug: Off
      Object Name: 
      Observers: 
        none
      Pointer: 0x7f03c4c16010
      Container manages memory: true
      Size: 12582912
      Capacity: 12582912

     Moving image = Image (0x5568de248450)
  RTTI typeinfo:   itk::Image<float, 3u>
  Reference Count: 2
  Modified Time: 1668
  Debug: Off
  Object Name: 
  Observers: 
    none
  Source: (none)
  Source output name: (none)
  Release Data: Off
  Data Released: False
  Global Release Data: Off
  PipelineMTime: 0
  UpdateMTime: 1665
  RealTimeStamp: 0 seconds 
  LargestPossibleRegion: 
    Dimension: 3
    Index: [0, 0, 0]
    Size: [192, 256, 256]
  BufferedRegion: 
    Dimension: 3
    Index: [0, 0, 0]
    Size: [192, 256, 256]
  RequestedRegion: 
    Dimension: 3
    Index: [0, 0, 0]
    Size: [192, 256, 256]
  Spacing: [1, 1, 1]
  Origin: [101.547, 43.4312, -185.885]
  Direction: 
-0.998694 -0.0506918 -0.00635592
0.046601 -0.954878 0.293321
-0.0209381 0.292641 0.955993

  IndexToPointMatrix: 
-0.998694 -0.0506918 -0.00635592
0.046601 -0.954878 0.293321
-0.0209381 0.292641 0.955993

  PointToIndexMatrix: 
-0.998694 0.046601 -0.0209381
-0.0506918 -0.954878 0.292642
-0.00635596 0.29332 0.955993

  Inverse Direction: 
-0.998694 0.046601 -0.0209381
-0.0506918 -0.954878 0.292642
-0.00635596 0.29332 0.955993

  PixelContainer: 
    ImportImageContainer (0x5568de23d1a0)
      RTTI typeinfo:   itk::ImportImageContainer<unsigned long, float>
      Reference Count: 1
      Modified Time: 1662
      Debug: Off
      Object Name: 
      Observers: 
        none
      Pointer: 0x7f03c1c15010
      Container manages memory: true
      Size: 12582912
      Capacity: 12582912

     Weighting = 1
     Sampling strategy = regular
     Number of bins = 32
     Radius = 4
     Sampling percentage  = 0.25
   Transform = Rigid
     Gradient step = 0.1
     Update field sigma (voxel space) = 0
     Total field sigma (voxel space) = 0
     Update field time sigma = 0
     Total field time sigma  = 0
     Number of time indices = 0
     Number of time point samples = 0
Registration using 1 total stages.

Stage 0
  iterations = 1000x500x250x0
  convergence threshold = 1e-06
  convergence window size = 10
  number of levels = 4
  using the Mattes MI metric (number of bins = 32, weight = 1)
  preprocessing:  winsorizing the image intensities
  preprocessing:  histogram matching the images
  Shrink factors (level 1 out of 4): [6, 6, 6]
  Shrink factors (level 2 out of 4): [4, 4, 4]
  Shrink factors (level 3 out of 4): [2, 2, 2]
  Shrink factors (level 4 out of 4): [1, 1, 1]
  smoothing sigmas per level: [3, 2, 1, 0]
  regular sampling (percentage = 0.25)

*** Running Euler3DTransform registration ***

DIAGNOSTIC,Iteration,metricValue,convergenceValue,ITERATION_TIME_INDEX,SINCE_LAST
 2DIAGNOSTIC,     1, -7.149842977524e-01, inf, 6.6824e-01, 6.6824e-01, 
 2DIAGNOSTIC,     2, -7.172985672951e-01, inf, 6.7605e-01, 7.8101e-03, 
 2DIAGNOSTIC,     3, -7.210256457329e-01, inf, 6.8461e-01, 8.5561e-03, 
 2DIAGNOSTIC,     4, -7.270911335945e-01, inf, 6.9265e-01, 8.0411e-03, 
 2DIAGNOSTIC,     5, -7.370402812958e-01, inf, 7.0038e-01, 7.7281e-03, 
 2DIAGNOSTIC,     6, -7.521363496780e-01, inf, 7.0777e-01, 7.3900e-03, 
 2DIAGNOSTIC,     7, -7.690520882607e-01, inf, 7.1531e-01, 7.5419e-03, 
 2DIAGNOSTIC,     8, -7.800536751747e-01, inf, 7.2279e-01, 7.4830e-03, 
 2DIAGNOSTIC,     9, -7.854078412056e-01, inf, 7.3055e-01, 7.7629e-03, 
 2DIAGNOSTIC,    10, -8.002934455872e-01, 7.893449626863e-03, 7.4038e-01, 9.8262e-03, 
 2DIAGNOSTIC,    11, -8.115186691284e-01, 7.770863827318e-03, 7.4879e-01, 8.4150e-03, 
 2DIAGNOSTIC,    12, -8.143518567085e-01, 7.126252166927e-03, 7.5625e-01, 7.4592e-03, 
 2DIAGNOSTIC,    13, -8.184054493904e-01, 6.173615343869e-03, 7.6517e-01, 8.9171e-03, 
 2DIAGNOSTIC,    14, -8.256653547287e-01, 5.158584564924e-03, 7.7470e-01, 9.5260e-03, 
 2DIAGNOSTIC,    15, -8.281607031822e-01, 4.111958201975e-03, 7.8327e-01, 8.5709e-03, 
 2DIAGNOSTIC,    16, -8.282395005226e-01, 3.166477195919e-03, 7.9182e-01, 8.5511e-03, 
 2DIAGNOSTIC,    17, -8.282078504562e-01, 2.411552239209e-03, 7.9936e-01, 7.5459e-03, 
 2DIAGNOSTIC,    18, -8.282607197762e-01, 1.749506453052e-03, 8.0898e-01, 9.6202e-03, 
 2DIAGNOSTIC,    19, -8.282843232155e-01, 1.094516250305e-03, 8.1736e-01, 8.3759e-03, 
 2DIAGNOSTIC,    20, -8.282918334007e-01, 6.707649445161e-04, 8.2583e-01, 8.4720e-03, 
 2DIAGNOSTIC,    21, -8.282958865166e-01, 4.210882761981e-04, 8.3327e-01, 7.4360e-03, 
 2DIAGNOSTIC,    22, -8.283177614212e-01, 2.029372990364e-04, 8.4250e-01, 9.2351e-03, 
 2DIAGNOSTIC,    23, -8.283349871635e-01, 4.649690163205e-05, 8.5086e-01, 8.3559e-03, 
 2DIAGNOSTIC,    24, -8.283107280731e-01, 6.278430191742e-06, 8.5827e-01, 7.4120e-03, 
 2DIAGNOSTIC,    25, -8.282921910286e-01, 4.340576651884e-06, 8.6771e-01, 9.4349e-03, 
 2DIAGNOSTIC,    26, -8.282854557037e-01, 3.294441739854e-06, 8.7712e-01, 9.4180e-03, 
 2DIAGNOSTIC,    27, -8.282736539841e-01, 1.539088771096e-06, 8.8453e-01, 7.4100e-03, 
DIAGNOSTIC,Iteration,metricValue,convergenceValue,ITERATION_TIME_INDEX,SINCE_LAST
 2DIAGNOSTIC,     1, -7.234885096550e-01, inf, 1.4774e+00, 5.9282e-01, 
 2DIAGNOSTIC,     2, -7.247626185417e-01, inf, 1.5058e+00, 2.8416e-02, 
 2DIAGNOSTIC,     3, -7.265771031380e-01, inf, 1.5328e+00, 2.7015e-02, 
 2DIAGNOSTIC,     4, -7.290545701981e-01, inf, 1.5599e+00, 2.7102e-02, 
 2DIAGNOSTIC,     5, -7.312941551208e-01, inf, 1.5871e+00, 2.7203e-02, 
 2DIAGNOSTIC,     6, -7.318525314331e-01, inf, 1.6145e+00, 2.7380e-02, 
 2DIAGNOSTIC,     7, -7.321444153786e-01, inf, 1.6418e+00, 2.7339e-02, 
 2DIAGNOSTIC,     8, -7.332620024681e-01, inf, 1.6695e+00, 2.7665e-02, 
 2DIAGNOSTIC,     9, -7.373403906822e-01, inf, 1.7155e+00, 4.6009e-02, 
 2DIAGNOSTIC,    10, -7.383133769035e-01, 1.249244553037e-03, 1.7463e+00, 3.0869e-02, 
 2DIAGNOSTIC,    11, -7.389668226242e-01, 1.106313429773e-03, 1.7739e+00, 2.7564e-02, 
 2DIAGNOSTIC,    12, -7.390211820602e-01, 9.335675276816e-04, 1.8088e+00, 3.4918e-02, 
 2DIAGNOSTIC,    13, -7.390881180763e-01, 7.583341212012e-04, 1.8395e+00, 3.0692e-02, 
 2DIAGNOSTIC,    14, -7.390812039375e-01, 6.048108334653e-04, 1.8705e+00, 3.0958e-02, 
 2DIAGNOSTIC,    15, -7.390841245651e-01, 4.741705197375e-04, 1.9017e+00, 3.1256e-02, 
 2DIAGNOSTIC,    16, -7.390868663788e-01, 3.316864604130e-04, 1.9400e+00, 3.8226e-02, 
 2DIAGNOSTIC,    17, -7.390878200531e-01, 1.830713154050e-04, 1.9711e+00, 3.1111e-02, 
 2DIAGNOSTIC,    18, -7.390735745430e-01, 5.599953874480e-05, 1.9984e+00, 2.7343e-02, 
 2DIAGNOSTIC,    19, -7.390694022179e-01, 1.992565194087e-05, 2.0332e+00, 3.4778e-02, 
 2DIAGNOSTIC,    20, -7.390720844269e-01, 4.320176685724e-06, 2.0676e+00, 3.4392e-02, 
 2DIAGNOSTIC,    21, -7.390691041946e-01, 1.906966531351e-06, 2.0951e+00, 2.7479e-02, 
DIAGNOSTIC,Iteration,metricValue,convergenceValue,ITERATION_TIME_INDEX,SINCE_LAST
 2DIAGNOSTIC,     1, -6.601538062096e-01, inf, 3.0693e+00, 9.7422e-01, 
 2DIAGNOSTIC,     2, -6.603249907494e-01, inf, 3.2776e+00, 2.0827e-01, 
 2DIAGNOSTIC,     3, -6.603962182999e-01, inf, 3.4860e+00, 2.0842e-01, 
 2DIAGNOSTIC,     4, -6.604403257370e-01, inf, 3.6946e+00, 2.0865e-01, 
 2DIAGNOSTIC,     5, -6.604878902435e-01, inf, 3.9015e+00, 2.0683e-01, 
 2DIAGNOSTIC,     6, -6.605387926102e-01, inf, 4.1349e+00, 2.3346e-01, 
 2DIAGNOSTIC,     7, -6.605548262596e-01, inf, 4.4245e+00, 2.8960e-01, 
 2DIAGNOSTIC,     8, -6.606495976448e-01, inf, 4.6323e+00, 2.0774e-01, 
 2DIAGNOSTIC,     9, -6.607068181038e-01, inf, 4.8663e+00, 2.3407e-01, 
 2DIAGNOSTIC,    10, -6.607673168182e-01, 5.425022754935e-05, 5.0976e+00, 2.3123e-01, 
 2DIAGNOSTIC,    11, -6.609001755714e-01, 4.844658178627e-05, 5.3572e+00, 2.5963e-01, 
 2DIAGNOSTIC,    12, -6.612924337387e-01, 5.959226109553e-05, 5.5631e+00, 2.0596e-01, 
 2DIAGNOSTIC,    13, -6.613774299622e-01, 6.870673678350e-05, 5.7672e+00, 2.0410e-01, 
 2DIAGNOSTIC,    14, -6.614597439766e-01, 7.445817755070e-05, 5.9981e+00, 2.3087e-01, 
 2DIAGNOSTIC,    15, -6.615166068077e-01, 7.594980706926e-05, 6.2558e+00, 2.5767e-01, 
 2DIAGNOSTIC,    16, -6.615671515465e-01, 7.316928531509e-05, 6.4584e+00, 2.0259e-01, 
 2DIAGNOSTIC,    17, -6.615997552872e-01, 6.519427552121e-05, 6.6604e+00, 2.0201e-01, 
 2DIAGNOSTIC,    18, -6.618337631226e-01, 6.007780757500e-05, 6.8882e+00, 2.2784e-01, 
 2DIAGNOSTIC,    19, -6.623182296753e-01, 6.232820305740e-05, 7.2563e+00, 3.6806e-01, 
 2DIAGNOSTIC,    20, -6.623362302780e-01, 6.019744250807e-05, 7.4602e+00, 2.0394e-01, 
 2DIAGNOSTIC,    21, -6.623747944832e-01, 5.630087616737e-05, 7.6636e+00, 2.0341e-01, 
 2DIAGNOSTIC,    22, -6.624177694321e-01, 5.624342520605e-05, 7.8941e+00, 2.3051e-01, 
 2DIAGNOSTIC,    23, -6.624422073364e-01, 5.297476309352e-05, 8.0967e+00, 2.0257e-01, 
 2DIAGNOSTIC,    24, -6.624628305435e-01, 4.682262078859e-05, 8.3004e+00, 2.0373e-01, 
 2DIAGNOSTIC,    25, -6.624670624733e-01, 3.795729571721e-05, 8.5300e+00, 2.2960e-01, 
 2DIAGNOSTIC,    26, -6.624708771706e-01, 2.737950671872e-05, 8.8977e+00, 3.6765e-01, 
 2DIAGNOSTIC,    27, -6.624734401703e-01, 1.566275386722e-05, 9.1590e+00, 2.6127e-01, 
 2DIAGNOSTIC,    28, -6.624724864960e-01, 6.784968718421e-06, 9.4166e+00, 2.5768e-01, 
 2DIAGNOSTIC,    29, -6.624715924263e-01, 5.156094175618e-06, 9.7041e+00, 2.8745e-01, 
 2DIAGNOSTIC,    30, -6.624720096588e-01, 3.511834847814e-06, 9.9626e+00, 2.5852e-01, 
 2DIAGNOSTIC,    31, -6.624706387520e-01, 2.247227030239e-06, 1.0221e+01, 2.5884e-01, 
 2DIAGNOSTIC,    32, -6.624709963799e-01, 1.522450020275e-06, 1.0480e+01, 2.5841e-01, 
 2DIAGNOSTIC,    33, -6.624708175659e-01, 1.101098746403e-06, 1.0711e+01, 2.3085e-01, 
DIAGNOSTIC,Iteration,metricValue,convergenceValue,ITERATION_TIME_INDEX,SINCE_LAST
 2DIAGNOSTIC,     1, -6.010786890984e-01, inf, 1.3126e+01, 2.4154e+00, 
  Elapsed time (stage 0): 1.4403e+01


Total elapsed time: 1.4404e+01
Using single precision for computations.
Input scalar image: /home/mpib/nemecz/Projects/miniTRK/Analysis/01_MRI/Preproc/GroupTempl/T1w/sub-760384_T1w.nii.gz
Reference image: /home/mpib/nemecz/Projects/miniTRK/Results/01_MRI/GroupTempl/T1w/T_template0.nii.gz
=============================================================================
The composite transform comprises the following transforms (in order): 
  1. /home/mpib/nemecz/Projects/miniTRK/Results/01_MRI/GroupTempl/T1w/rigid28_0GenericAffine.mat (type = AffineTransform)
=============================================================================
Default pixel value: 0
Interpolation type: LinearInterpolateImageFunction
Output warped image: /home/mpib/nemecz/Projects/miniTRK/Results/01_MRI/GroupTempl/T1w/rigid28_0_sub-760384_T1w.nii.gz
