
Running N4 for 3-dimensional images.

Mask not read.  Using the entire image as the mask.

Original intensity range:  [0, 782]

***********************************************************
Warning:  Your input image contains nonpositive values
which could cause failure or problematic results.  A
possible workaround would be to:
   1. rescale your image to positive values e.g., [10,100].
   2. run N4 on your rescaled image.
   3. (optional) rescale the N4 output to the original
      intensity range.
***********************************************************

Specified spline distance: 200mm
  original image size:  [192, 256, 256]
  padded image size:  [201, 401, 401]
  number of control points:  [4, 5, 5]

Current level = 1
  Iteration 1 (of 50).   Current convergence value = 0.000383118 (threshold = 1e-08)
  Iteration 2 (of 50).   Current convergence value = 0.000267653 (threshold = 1e-08)
  Iteration 3 (of 50).   Current convergence value = 0.000241521 (threshold = 1e-08)
  Iteration 4 (of 50).   Current convergence value = 0.000253083 (threshold = 1e-08)
  Iteration 5 (of 50).   Current convergence value = 0.000256731 (threshold = 1e-08)
  Iteration 6 (of 50).   Current convergence value = 0.000222322 (threshold = 1e-08)
  Iteration 7 (of 50).   Current convergence value = 0.00018761 (threshold = 1e-08)
  Iteration 8 (of 50).   Current convergence value = 0.000159567 (threshold = 1e-08)
  Iteration 9 (of 50).   Current convergence value = 0.000137111 (threshold = 1e-08)
  Iteration 10 (of 50).   Current convergence value = 0.000119537 (threshold = 1e-08)
  Iteration 11 (of 50).   Current convergence value = 0.000105289 (threshold = 1e-08)
  Iteration 12 (of 50).   Current convergence value = 9.38748e-05 (threshold = 1e-08)
  Iteration 13 (of 50).   Current convergence value = 8.42026e-05 (threshold = 1e-08)
  Iteration 14 (of 50).   Current convergence value = 7.62015e-05 (threshold = 1e-08)
  Iteration 15 (of 50).   Current convergence value = 6.95326e-05 (threshold = 1e-08)
  Iteration 16 (of 50).   Current convergence value = 6.39167e-05 (threshold = 1e-08)
  Iteration 17 (of 50).   Current convergence value = 5.92933e-05 (threshold = 1e-08)
  Iteration 18 (of 50).   Current convergence value = 5.53041e-05 (threshold = 1e-08)
  Iteration 19 (of 50).   Current convergence value = 5.19887e-05 (threshold = 1e-08)
  Iteration 20 (of 50).   Current convergence value = 4.94099e-05 (threshold = 1e-08)
  Iteration 21 (of 50).   Current convergence value = 4.70919e-05 (threshold = 1e-08)
  Iteration 22 (of 50).   Current convergence value = 4.5166e-05 (threshold = 1e-08)
  Iteration 23 (of 50).   Current convergence value = 4.35279e-05 (threshold = 1e-08)
  Iteration 24 (of 50).   Current convergence value = 4.22101e-05 (threshold = 1e-08)
  Iteration 25 (of 50).   Current convergence value = 4.11824e-05 (threshold = 1e-08)
  Iteration 26 (of 50).   Current convergence value = 4.01703e-05 (threshold = 1e-08)
  Iteration 27 (of 50).   Current convergence value = 3.9523e-05 (threshold = 1e-08)
  Iteration 28 (of 50).   Current convergence value = 3.88592e-05 (threshold = 1e-08)
  Iteration 29 (of 50).   Current convergence value = 3.84594e-05 (threshold = 1e-08)
  Iteration 30 (of 50).   Current convergence value = 3.81687e-05 (threshold = 1e-08)
  Iteration 31 (of 50).   Current convergence value = 3.78897e-05 (threshold = 1e-08)
  Iteration 32 (of 50).   Current convergence value = 3.77059e-05 (threshold = 1e-08)
  Iteration 33 (of 50).   Current convergence value = 3.75614e-05 (threshold = 1e-08)
  Iteration 34 (of 50).   Current convergence value = 3.76486e-05 (threshold = 1e-08)
  Iteration 35 (of 50).   Current convergence value = 3.76627e-05 (threshold = 1e-08)
  Iteration 36 (of 50).   Current convergence value = 3.77423e-05 (threshold = 1e-08)
  Iteration 37 (of 50).   Current convergence value = 3.79941e-05 (threshold = 1e-08)
  Iteration 38 (of 50).   Current convergence value = 3.80562e-05 (threshold = 1e-08)
  Iteration 39 (of 50).   Current convergence value = 3.83269e-05 (threshold = 1e-08)
  Iteration 40 (of 50).   Current convergence value = 3.86517e-05 (threshold = 1e-08)
  Iteration 41 (of 50).   Current convergence value = 3.88719e-05 (threshold = 1e-08)
  Iteration 42 (of 50).   Current convergence value = 3.89787e-05 (threshold = 1e-08)
  Iteration 43 (of 50).   Current convergence value = 3.92525e-05 (threshold = 1e-08)
  Iteration 44 (of 50).   Current convergence value = 3.94258e-05 (threshold = 1e-08)
  Iteration 45 (of 50).   Current convergence value = 3.96496e-05 (threshold = 1e-08)
  Iteration 46 (of 50).   Current convergence value = 4.00052e-05 (threshold = 1e-08)
  Iteration 47 (of 50).   Current convergence value = 4.03073e-05 (threshold = 1e-08)
  Iteration 48 (of 50).   Current convergence value = 4.0613e-05 (threshold = 1e-08)
  Iteration 49 (of 50).   Current convergence value = 4.09363e-05 (threshold = 1e-08)
  Iteration 50 (of 50).   Current convergence value = 4.1275e-05 (threshold = 1e-08)
Current level = 2
  Iteration 1 (of 50).   Current convergence value = 0.000479881 (threshold = 1e-08)
  Iteration 2 (of 50).   Current convergence value = 0.000454696 (threshold = 1e-08)
  Iteration 3 (of 50).   Current convergence value = 0.000434712 (threshold = 1e-08)
  Iteration 4 (of 50).   Current convergence value = 0.000425602 (threshold = 1e-08)
  Iteration 5 (of 50).   Current convergence value = 0.000418433 (threshold = 1e-08)
  Iteration 6 (of 50).   Current convergence value = 0.000411495 (threshold = 1e-08)
  Iteration 7 (of 50).   Current convergence value = 0.000404568 (threshold = 1e-08)
  Iteration 8 (of 50).   Current convergence value = 0.000397604 (threshold = 1e-08)
  Iteration 9 (of 50).   Current convergence value = 0.000390441 (threshold = 1e-08)
  Iteration 10 (of 50).   Current convergence value = 0.000382997 (threshold = 1e-08)
  Iteration 11 (of 50).   Current convergence value = 0.000375909 (threshold = 1e-08)
  Iteration 12 (of 50).   Current convergence value = 0.00036897 (threshold = 1e-08)
  Iteration 13 (of 50).   Current convergence value = 0.000362735 (threshold = 1e-08)
  Iteration 14 (of 50).   Current convergence value = 0.000356277 (threshold = 1e-08)
  Iteration 15 (of 50).   Current convergence value = 0.00035022 (threshold = 1e-08)
  Iteration 16 (of 50).   Current convergence value = 0.000344008 (threshold = 1e-08)
  Iteration 17 (of 50).   Current convergence value = 0.00033836 (threshold = 1e-08)
  Iteration 18 (of 50).   Current convergence value = 0.000332879 (threshold = 1e-08)
  Iteration 19 (of 50).   Current convergence value = 0.000327408 (threshold = 1e-08)
  Iteration 20 (of 50).   Current convergence value = 0.000322385 (threshold = 1e-08)
  Iteration 21 (of 50).   Current convergence value = 0.0003183 (threshold = 1e-08)
  Iteration 22 (of 50).   Current convergence value = 0.000313985 (threshold = 1e-08)
  Iteration 23 (of 50).   Current convergence value = 0.00031054 (threshold = 1e-08)
  Iteration 24 (of 50).   Current convergence value = 0.000306426 (threshold = 1e-08)
  Iteration 25 (of 50).   Current convergence value = 0.000303392 (threshold = 1e-08)
  Iteration 26 (of 50).   Current convergence value = 0.000299716 (threshold = 1e-08)
  Iteration 27 (of 50).   Current convergence value = 0.000296303 (threshold = 1e-08)
  Iteration 28 (of 50).   Current convergence value = 0.000292796 (threshold = 1e-08)
  Iteration 29 (of 50).   Current convergence value = 0.000289918 (threshold = 1e-08)
  Iteration 30 (of 50).   Current convergence value = 0.000286365 (threshold = 1e-08)
  Iteration 31 (of 50).   Current convergence value = 0.000283223 (threshold = 1e-08)
  Iteration 32 (of 50).   Current convergence value = 0.000280381 (threshold = 1e-08)
  Iteration 33 (of 50).   Current convergence value = 0.000277272 (threshold = 1e-08)
  Iteration 34 (of 50).   Current convergence value = 0.000274363 (threshold = 1e-08)
  Iteration 35 (of 50).   Current convergence value = 0.000271396 (threshold = 1e-08)
  Iteration 36 (of 50).   Current convergence value = 0.00026858 (threshold = 1e-08)
  Iteration 37 (of 50).   Current convergence value = 0.000265841 (threshold = 1e-08)
  Iteration 38 (of 50).   Current convergence value = 0.000263241 (threshold = 1e-08)
  Iteration 39 (of 50).   Current convergence value = 0.000260377 (threshold = 1e-08)
  Iteration 40 (of 50).   Current convergence value = 0.000257788 (threshold = 1e-08)
  Iteration 41 (of 50).   Current convergence value = 0.000255202 (threshold = 1e-08)
  Iteration 42 (of 50).   Current convergence value = 0.000253113 (threshold = 1e-08)
  Iteration 43 (of 50).   Current convergence value = 0.000250807 (threshold = 1e-08)
  Iteration 44 (of 50).   Current convergence value = 0.000248555 (threshold = 1e-08)
  Iteration 45 (of 50).   Current convergence value = 0.000246422 (threshold = 1e-08)
  Iteration 46 (of 50).   Current convergence value = 0.000244365 (threshold = 1e-08)
  Iteration 47 (of 50).   Current convergence value = 0.000242182 (threshold = 1e-08)
  Iteration 48 (of 50).   Current convergence value = 0.000240255 (threshold = 1e-08)
  Iteration 49 (of 50).   Current convergence value = 0.000238216 (threshold = 1e-08)
  Iteration 50 (of 50).   Current convergence value = 0.000236117 (threshold = 1e-08)
Current level = 3
  Iteration 1 (of 40).   Current convergence value = 0.0013184 (threshold = 1e-08)
  Iteration 2 (of 40).   Current convergence value = 0.00126544 (threshold = 1e-08)
  Iteration 3 (of 40).   Current convergence value = 0.00125363 (threshold = 1e-08)
  Iteration 4 (of 40).   Current convergence value = 0.00123922 (threshold = 1e-08)
  Iteration 5 (of 40).   Current convergence value = 0.00124735 (threshold = 1e-08)
  Iteration 6 (of 40).   Current convergence value = 0.00125038 (threshold = 1e-08)
  Iteration 7 (of 40).   Current convergence value = 0.00124861 (threshold = 1e-08)
  Iteration 8 (of 40).   Current convergence value = 0.0012454 (threshold = 1e-08)
  Iteration 9 (of 40).   Current convergence value = 0.00124149 (threshold = 1e-08)
  Iteration 10 (of 40).   Current convergence value = 0.00122503 (threshold = 1e-08)
  Iteration 11 (of 40).   Current convergence value = 0.00120488 (threshold = 1e-08)
  Iteration 12 (of 40).   Current convergence value = 0.00118375 (threshold = 1e-08)
  Iteration 13 (of 40).   Current convergence value = 0.00116142 (threshold = 1e-08)
  Iteration 14 (of 40).   Current convergence value = 0.00113781 (threshold = 1e-08)
  Iteration 15 (of 40).   Current convergence value = 0.00111585 (threshold = 1e-08)
  Iteration 16 (of 40).   Current convergence value = 0.00108209 (threshold = 1e-08)
  Iteration 17 (of 40).   Current convergence value = 0.00105261 (threshold = 1e-08)
  Iteration 18 (of 40).   Current convergence value = 0.00102817 (threshold = 1e-08)
  Iteration 19 (of 40).   Current convergence value = 0.00100776 (threshold = 1e-08)
  Iteration 20 (of 40).   Current convergence value = 0.000990159 (threshold = 1e-08)
  Iteration 21 (of 40).   Current convergence value = 0.00097534 (threshold = 1e-08)
  Iteration 22 (of 40).   Current convergence value = 0.000962012 (threshold = 1e-08)
  Iteration 23 (of 40).   Current convergence value = 0.000942476 (threshold = 1e-08)
  Iteration 24 (of 40).   Current convergence value = 0.000914518 (threshold = 1e-08)
  Iteration 25 (of 40).   Current convergence value = 0.00088636 (threshold = 1e-08)
  Iteration 26 (of 40).   Current convergence value = 0.000842121 (threshold = 1e-08)
  Iteration 27 (of 40).   Current convergence value = 0.000757829 (threshold = 1e-08)
  Iteration 28 (of 40).   Current convergence value = 0.000677072 (threshold = 1e-08)
  Iteration 29 (of 40).   Current convergence value = 0.000610283 (threshold = 1e-08)
  Iteration 30 (of 40).   Current convergence value = 0.000556755 (threshold = 1e-08)
  Iteration 31 (of 40).   Current convergence value = 0.000511197 (threshold = 1e-08)
  Iteration 32 (of 40).   Current convergence value = 0.000472846 (threshold = 1e-08)
  Iteration 33 (of 40).   Current convergence value = 0.000440325 (threshold = 1e-08)
  Iteration 34 (of 40).   Current convergence value = 0.000412564 (threshold = 1e-08)
  Iteration 35 (of 40).   Current convergence value = 0.000389247 (threshold = 1e-08)
  Iteration 36 (of 40).   Current convergence value = 0.000368128 (threshold = 1e-08)
  Iteration 37 (of 40).   Current convergence value = 0.00034971 (threshold = 1e-08)
  Iteration 38 (of 40).   Current convergence value = 0.000333496 (threshold = 1e-08)
  Iteration 39 (of 40).   Current convergence value = 0.000319103 (threshold = 1e-08)
  Iteration 40 (of 40).   Current convergence value = 0.000306206 (threshold = 1e-08)
Current level = 4
  Iteration 1 (of 30).   Current convergence value = 0.00168717 (threshold = 1e-08)
  Iteration 2 (of 30).   Current convergence value = 0.00164703 (threshold = 1e-08)
  Iteration 3 (of 30).   Current convergence value = 0.00172053 (threshold = 1e-08)
  Iteration 4 (of 30).   Current convergence value = 0.00179108 (threshold = 1e-08)
  Iteration 5 (of 30).   Current convergence value = 0.00185175 (threshold = 1e-08)
  Iteration 6 (of 30).   Current convergence value = 0.00181792 (threshold = 1e-08)
  Iteration 7 (of 30).   Current convergence value = 0.00176145 (threshold = 1e-08)
  Iteration 8 (of 30).   Current convergence value = 0.00170909 (threshold = 1e-08)
  Iteration 9 (of 30).   Current convergence value = 0.00166339 (threshold = 1e-08)
  Iteration 10 (of 30).   Current convergence value = 0.0016254 (threshold = 1e-08)
  Iteration 11 (of 30).   Current convergence value = 0.00159889 (threshold = 1e-08)
  Iteration 12 (of 30).   Current convergence value = 0.00157253 (threshold = 1e-08)
  Iteration 13 (of 30).   Current convergence value = 0.00154036 (threshold = 1e-08)
  Iteration 14 (of 30).   Current convergence value = 0.0015031 (threshold = 1e-08)
  Iteration 15 (of 30).   Current convergence value = 0.00146378 (threshold = 1e-08)
  Iteration 16 (of 30).   Current convergence value = 0.00143358 (threshold = 1e-08)
  Iteration 17 (of 30).   Current convergence value = 0.00139739 (threshold = 1e-08)
  Iteration 18 (of 30).   Current convergence value = 0.00136209 (threshold = 1e-08)
  Iteration 19 (of 30).   Current convergence value = 0.00132407 (threshold = 1e-08)
  Iteration 20 (of 30).   Current convergence value = 0.00128501 (threshold = 1e-08)
  Iteration 21 (of 30).   Current convergence value = 0.00124488 (threshold = 1e-08)
  Iteration 22 (of 30).   Current convergence value = 0.00110033 (threshold = 1e-08)
  Iteration 23 (of 30).   Current convergence value = 0.00097034 (threshold = 1e-08)
  Iteration 24 (of 30).   Current convergence value = 0.000865505 (threshold = 1e-08)
  Iteration 25 (of 30).   Current convergence value = 0.000791976 (threshold = 1e-08)
  Iteration 26 (of 30).   Current convergence value = 0.0007016 (threshold = 1e-08)
  Iteration 27 (of 30).   Current convergence value = 0.000661525 (threshold = 1e-08)
  Iteration 28 (of 30).   Current convergence value = 0.0006753 (threshold = 1e-08)
  Iteration 29 (of 30).   Current convergence value = 0.000721059 (threshold = 1e-08)
  Iteration 30 (of 30).   Current convergence value = 0.0007701 (threshold = 1e-08)
   N4BiasFieldCorrectionImageFilter (0x561bd3b6ce20)
     RTTI typeinfo:   itk::N4BiasFieldCorrectionImageFilter<itk::Image<float, 3u>, itk::Image<float, 3u>, itk::Image<float, 3u> >
     Reference Count: 1
     Modified Time: 579
     Debug: Off
     Object Name: 
     Observers: 
       IterationEvent(Command)
     Inputs: 
       ConfidenceImage: (0)
       MaskImage: (0x561bd3b975f0)
       Primary: (0x561bd3b92b10) *
     Indexed Inputs: 
       0: Primary (0x561bd3b92b10)
       1: MaskImage (0x561bd3b975f0)
       2: ConfidenceImage (0)
     Required Input Names: Primary
     NumberOfRequiredInputs: 1
     Outputs: 
       Primary: (0x561bd3b7cef0)
     Indexed Outputs: 
       0: Primary (0x561bd3b7cef0)
     NumberOfRequiredOutputs: 1
     Number Of Work Units: 32
     ReleaseDataFlag: Off
     ReleaseDataBeforeUpdateFlag: Off
     AbortGenerateData: Off
     Progress: 0
     Multithreader: 
       RTTI typeinfo:   itk::PoolMultiThreader
       Reference Count: 1
       Modified Time: 144
       Debug: Off
       Object Name: 
       Observers: 
         none
       Number of Work Units: 32
       Number of Threads: 8
       Global Maximum Number Of Threads: 128
       Global Default Number Of Threads: 8
       Global Default Threader Type: itk::MultiThreaderBaseEnums::Threader::Pool
       SingleMethod: 0
       SingleData: 0
     DynamicMultiThreading: On
     CoordinateTolerance: 1e-06
     DirectionTolerance: 1e-06
     Use Mask Label: 0
     Mask label: 1
     Number of histogram bins: 200
     Wiener filter noise: 0.01
     Bias field FWHM: 0.15
     Maximum number of iterations: [50, 50, 40, 30]
     Convergence threshold: 1e-08
     Spline order: 3
     Number of fitting levels: [4, 4, 4]
     Number of control points: [4, 5, 5]
     CurrentConvergenceMeasurement: 0.0007701
     CurrentLevel: 4
     ElapsedIterations: 31
     LogBiasFieldControlPointLattice: 
       Image (0x561bddfc2350)
         RTTI typeinfo:   itk::Image<itk::Vector<float, 1u>, 3u>
         Reference Count: 1
         Modified Time: 343574
         Debug: Off
         Object Name: 
         Observers: 
           none
         Source: (none)
         Source output name: (none)
         Release Data: Off
         Data Released: False
         Global Release Data: Off
         PipelineMTime: 0
         UpdateMTime: 0
         RealTimeStamp: 0 seconds 
         LargestPossibleRegion: 
           Dimension: 3
           Index: [0, 0, 0]
           Size: [11, 19, 19]
         BufferedRegion: 
           Dimension: 3
           Index: [0, 0, 0]
           Size: [11, 19, 19]
         RequestedRegion: 
           Dimension: 3
           Index: [0, 0, 0]
           Size: [11, 19, 19]
         Spacing: [24.756, 24.875, 24.875]
         Origin: [25.3657, 22.4199, -26.5391]
         Direction: 
-0.999761 -0.00311297 -0.0216341
0.001082 -0.995641 0.0932629
-0.0218301 0.0932172 0.995406

         IndexToPointMatrix: 
-24.7501 -0.0774351 -0.538149
0.026786 -24.7666 2.31992
-0.540427 2.31878 24.7607

         PointToIndexMatrix: 
-0.0403846 4.37065e-05 -0.000881812
-0.000125145 -0.0400258 0.00374743
-0.000869713 0.00374926 0.0400163

         Inverse Direction: 
-0.999761 0.001082 -0.0218301
-0.00311297 -0.995641 0.0932173
-0.0216341 0.0932629 0.995406

         PixelContainer: 
           ImportImageContainer (0x561bdfe52650)
             RTTI typeinfo:   itk::ImportImageContainer<unsigned long, itk::Vector<float, 1u> >
             Reference Count: 1
             Modified Time: 343575
             Debug: Off
             Object Name: 
             Observers: 
               none
             Pointer: 0x561bddd09780
             Container manages memory: true
             Size: 3971
             Capacity: 3971
Elapsed time: 266.14
All_Command_lines_OK
Using single precision for computations.
=============================================================================
The composite transform comprises the following transforms (in order): 
  1. Center of mass alignment using fixed image: /home/mpib/nemecz/Projects/miniTRK/Results/01_MRI/GroupTempl/T1w/T_template0.nii.gz and moving image: /home/mpib/nemecz/Projects/miniTRK/Analysis/01_MRI/Preproc/GroupTempl/T1w/sub-275592_T1w.nii.gz (type = Euler3DTransform)
=============================================================================
  number of levels = 4
  number of levels = 4
  number of levels = 4
  fixed image: /home/mpib/nemecz/Projects/miniTRK/Results/01_MRI/GroupTempl/T1w/T_template0.nii.gz
  moving image: /home/mpib/nemecz/Projects/miniTRK/Results/01_MRI/GroupTempl/T1w/T_template0sub-275592_T1wRepaired.nii.gz
  fixed image: /home/mpib/nemecz/Projects/miniTRK/Results/01_MRI/GroupTempl/T1w/T_template0.nii.gz
  moving image: /home/mpib/nemecz/Projects/miniTRK/Results/01_MRI/GroupTempl/T1w/T_template0sub-275592_T1wRepaired.nii.gz
  fixed image: /home/mpib/nemecz/Projects/miniTRK/Results/01_MRI/GroupTempl/T1w/T_template0.nii.gz
  moving image: /home/mpib/nemecz/Projects/miniTRK/Results/01_MRI/GroupTempl/T1w/T_template0sub-275592_T1wRepaired.nii.gz
Dimension = 3
Number of stages = 3
Use Histogram Matching true
Winsorize image intensities true
Lower quantile = 0.01
Upper quantile = 0.99
Stage 1 State
   Image metric = Mattes
     Fixed image = Image (0x55e98b4c1ad0)
  RTTI typeinfo:   itk::Image<float, 3u>
  Reference Count: 2
  Modified Time: 1725
  Debug: Off
  Object Name: 
  Observers: 
    none
  Source: (none)
  Source output name: (none)
  Release Data: Off
  Data Released: False
  Global Release Data: Off
  PipelineMTime: 0
  UpdateMTime: 1508
  RealTimeStamp: 0 seconds 
  LargestPossibleRegion: 
    Dimension: 3
    Index: [0, 0, 0]
    Size: [192, 256, 256]
  BufferedRegion: 
    Dimension: 3
    Index: [0, 0, 0]
    Size: [192, 256, 256]
  RequestedRegion: 
    Dimension: 3
    Index: [0, 0, 0]
    Size: [192, 256, 256]
  Spacing: [1, 1, 1]
  Origin: [95.0313, 100.538, -154.123]
  Direction: 
-0.999853 -0.014134 -0.00966312
0.014129 -0.9999 0.000586045
-0.00967044 0.000449429 0.999953

  IndexToPointMatrix: 
-0.999853 -0.014134 -0.00966312
0.014129 -0.9999 0.000586045
-0.00967044 0.000449429 0.999953

  PointToIndexMatrix: 
-0.999853 0.014129 -0.00967044
-0.014134 -0.9999 0.000449429
-0.00966312 0.000586045 0.999953

  Inverse Direction: 
-0.999853 0.014129 -0.00967044
-0.014134 -0.9999 0.000449429
-0.00966312 0.000586045 0.999953

  PixelContainer: 
    ImportImageContainer (0x55e98b4c9c80)
      RTTI typeinfo:   itk::ImportImageContainer<unsigned long, float>
      Reference Count: 1
      Modified Time: 1505
      Debug: Off
      Object Name: 
      Observers: 
        none
      Pointer: 0x7f2870e16010
      Container manages memory: true
      Size: 12582912
      Capacity: 12582912

     Moving image = Image (0x55e98b4c2b40)
  RTTI typeinfo:   itk::Image<float, 3u>
  Reference Count: 2
  Modified Time: 1726
  Debug: Off
  Object Name: 
  Observers: 
    none
  Source: (none)
  Source output name: (none)
  Release Data: Off
  Data Released: False
  Global Release Data: Off
  PipelineMTime: 0
  UpdateMTime: 1723
  RealTimeStamp: 0 seconds 
  LargestPossibleRegion: 
    Dimension: 3
    Index: [0, 0, 0]
    Size: [192, 256, 256]
  BufferedRegion: 
    Dimension: 3
    Index: [0, 0, 0]
    Size: [192, 256, 256]
  RequestedRegion: 
    Dimension: 3
    Index: [0, 0, 0]
    Size: [192, 256, 256]
  Spacing: [1.00024, 1, 1]
  Origin: [96.0152, 94.7497, -169.062]
  Direction: 
-0.999761 -0.00311297 -0.0216341
0.001082 -0.995641 0.0932629
-0.0218301 0.0932172 0.995406

  IndexToPointMatrix: 
-1 -0.00311297 -0.0216341
0.00108226 -0.995641 0.0932629
-0.0218354 0.0932172 0.995406

  PointToIndexMatrix: 
-0.999519 0.00108174 -0.0218248
-0.00311297 -0.995641 0.0932172
-0.0216341 0.0932629 0.995406

  Inverse Direction: 
-0.999761 0.001082 -0.0218301
-0.00311297 -0.995641 0.0932172
-0.0216341 0.0932629 0.995406

  PixelContainer: 
    ImportImageContainer (0x55e98b4c5610)
      RTTI typeinfo:   itk::ImportImageContainer<unsigned long, float>
      Reference Count: 1
      Modified Time: 1720
      Debug: Off
      Object Name: 
      Observers: 
        none
      Pointer: 0x7f286de15010
      Container manages memory: true
      Size: 12582912
      Capacity: 12582912

     Weighting = 1
     Sampling strategy = regular
     Number of bins = 32
     Radius = 4
     Sampling percentage  = 0.25
   Transform = Rigid
     Gradient step = 0.1
     Update field sigma (voxel space) = 0
     Total field sigma (voxel space) = 0
     Update field time sigma = 0
     Total field time sigma  = 0
     Number of time indices = 0
     Number of time point samples = 0
Stage 2 State
   Image metric = Mattes
     Fixed image = Image (0x55e98b4da8a0)
  RTTI typeinfo:   itk::Image<float, 3u>
  Reference Count: 2
  Modified Time: 2155
  Debug: Off
  Object Name: 
  Observers: 
    none
  Source: (none)
  Source output name: (none)
  Release Data: Off
  Data Released: False
  Global Release Data: Off
  PipelineMTime: 0
  UpdateMTime: 1938
  RealTimeStamp: 0 seconds 
  LargestPossibleRegion: 
    Dimension: 3
    Index: [0, 0, 0]
    Size: [192, 256, 256]
  BufferedRegion: 
    Dimension: 3
    Index: [0, 0, 0]
    Size: [192, 256, 256]
  RequestedRegion: 
    Dimension: 3
    Index: [0, 0, 0]
    Size: [192, 256, 256]
  Spacing: [1, 1, 1]
  Origin: [95.0313, 100.538, -154.123]
  Direction: 
-0.999853 -0.014134 -0.00966312
0.014129 -0.9999 0.000586045
-0.00967044 0.000449429 0.999953

  IndexToPointMatrix: 
-0.999853 -0.014134 -0.00966312
0.014129 -0.9999 0.000586045
-0.00967044 0.000449429 0.999953

  PointToIndexMatrix: 
-0.999853 0.014129 -0.00967044
-0.014134 -0.9999 0.000449429
-0.00966312 0.000586045 0.999953

  Inverse Direction: 
-0.999853 0.014129 -0.00967044
-0.014134 -0.9999 0.000449429
-0.00966312 0.000586045 0.999953

  PixelContainer: 
    ImportImageContainer (0x55e98b4ca6a0)
      RTTI typeinfo:   itk::ImportImageContainer<unsigned long, float>
      Reference Count: 1
      Modified Time: 1935
      Debug: Off
      Object Name: 
      Observers: 
        none
      Pointer: 0x7f286ae14010
      Container manages memory: true
      Size: 12582912
      Capacity: 12582912

     Moving image = Image (0x55e98b4da4d0)
  RTTI typeinfo:   itk::Image<float, 3u>
  Reference Count: 2
  Modified Time: 2156
  Debug: Off
  Object Name: 
  Observers: 
    none
  Source: (none)
  Source output name: (none)
  Release Data: Off
  Data Released: False
  Global Release Data: Off
  PipelineMTime: 0
  UpdateMTime: 2153
  RealTimeStamp: 0 seconds 
  LargestPossibleRegion: 
    Dimension: 3
    Index: [0, 0, 0]
    Size: [192, 256, 256]
  BufferedRegion: 
    Dimension: 3
    Index: [0, 0, 0]
    Size: [192, 256, 256]
  RequestedRegion: 
    Dimension: 3
    Index: [0, 0, 0]
    Size: [192, 256, 256]
  Spacing: [1.00024, 1, 1]
  Origin: [96.0152, 94.7497, -169.062]
  Direction: 
-0.999761 -0.00311297 -0.0216341
0.001082 -0.995641 0.0932629
-0.0218301 0.0932172 0.995406

  IndexToPointMatrix: 
-1 -0.00311297 -0.0216341
0.00108226 -0.995641 0.0932629
-0.0218354 0.0932172 0.995406

  PointToIndexMatrix: 
-0.999519 0.00108174 -0.0218248
-0.00311297 -0.995641 0.0932172
-0.0216341 0.0932629 0.995406

  Inverse Direction: 
-0.999761 0.001082 -0.0218301
-0.00311297 -0.995641 0.0932172
-0.0216341 0.0932629 0.995406

  PixelContainer: 
    ImportImageContainer (0x55e98b4dc2b0)
      RTTI typeinfo:   itk::ImportImageContainer<unsigned long, float>
      Reference Count: 1
      Modified Time: 2150
      Debug: Off
      Object Name: 
      Observers: 
        none
      Pointer: 0x7f2867e13010
      Container manages memory: true
      Size: 12582912
      Capacity: 12582912

     Weighting = 1
     Sampling strategy = regular
     Number of bins = 32
     Radius = 4
     Sampling percentage  = 0.25
   Transform = Affine
     Gradient step = 0.1
     Update field sigma (voxel space) = 0
     Total field sigma (voxel space) = 0
     Update field time sigma = 0
     Total field time sigma  = 0
     Number of time indices = 0
     Number of time point samples = 0
Stage 3 State
   Image metric = CC
     Fixed image = Image (0x55e98b4e1a10)
  RTTI typeinfo:   itk::Image<float, 3u>
  Reference Count: 2
  Modified Time: 2585
  Debug: Off
  Object Name: 
  Observers: 
    none
  Source: (none)
  Source output name: (none)
  Release Data: Off
  Data Released: False
  Global Release Data: Off
  PipelineMTime: 0
  UpdateMTime: 2368
  RealTimeStamp: 0 seconds 
  LargestPossibleRegion: 
    Dimension: 3
    Index: [0, 0, 0]
    Size: [192, 256, 256]
  BufferedRegion: 
    Dimension: 3
    Index: [0, 0, 0]
    Size: [192, 256, 256]
  RequestedRegion: 
    Dimension: 3
    Index: [0, 0, 0]
    Size: [192, 256, 256]
  Spacing: [1, 1, 1]
  Origin: [95.0313, 100.538, -154.123]
  Direction: 
-0.999853 -0.014134 -0.00966312
0.014129 -0.9999 0.000586045
-0.00967044 0.000449429 0.999953

  IndexToPointMatrix: 
-0.999853 -0.014134 -0.00966312
0.014129 -0.9999 0.000586045
-0.00967044 0.000449429 0.999953

  PointToIndexMatrix: 
-0.999853 0.014129 -0.00967044
-0.014134 -0.9999 0.000449429
-0.00966312 0.000586045 0.999953

  Inverse Direction: 
-0.999853 0.014129 -0.00967044
-0.014134 -0.9999 0.000449429
-0.00966312 0.000586045 0.999953

  PixelContainer: 
    ImportImageContainer (0x55e98b336bf0)
      RTTI typeinfo:   itk::ImportImageContainer<unsigned long, float>
      Reference Count: 1
      Modified Time: 2365
      Debug: Off
      Object Name: 
      Observers: 
        none
      Pointer: 0x7f2864e12010
      Container manages memory: true
      Size: 12582912
      Capacity: 12582912

     Moving image = Image (0x55e98b4d9880)
  RTTI typeinfo:   itk::Image<float, 3u>
  Reference Count: 2
  Modified Time: 2586
  Debug: Off
  Object Name: 
  Observers: 
    none
  Source: (none)
  Source output name: (none)
  Release Data: Off
  Data Released: False
  Global Release Data: Off
  PipelineMTime: 0
  UpdateMTime: 2583
  RealTimeStamp: 0 seconds 
  LargestPossibleRegion: 
    Dimension: 3
    Index: [0, 0, 0]
    Size: [192, 256, 256]
  BufferedRegion: 
    Dimension: 3
    Index: [0, 0, 0]
    Size: [192, 256, 256]
  RequestedRegion: 
    Dimension: 3
    Index: [0, 0, 0]
    Size: [192, 256, 256]
  Spacing: [1.00024, 1, 1]
  Origin: [96.0152, 94.7497, -169.062]
  Direction: 
-0.999761 -0.00311297 -0.0216341
0.001082 -0.995641 0.0932629
-0.0218301 0.0932172 0.995406

  IndexToPointMatrix: 
-1 -0.00311297 -0.0216341
0.00108226 -0.995641 0.0932629
-0.0218354 0.0932172 0.995406

  PointToIndexMatrix: 
-0.999519 0.00108174 -0.0218248
-0.00311297 -0.995641 0.0932172
-0.0216341 0.0932629 0.995406

  Inverse Direction: 
-0.999761 0.001082 -0.0218301
-0.00311297 -0.995641 0.0932172
-0.0216341 0.0932629 0.995406

  PixelContainer: 
    ImportImageContainer (0x55e98b4e08d0)
      RTTI typeinfo:   itk::ImportImageContainer<unsigned long, float>
      Reference Count: 1
      Modified Time: 2580
      Debug: Off
      Object Name: 
      Observers: 
        none
      Pointer: 0x7f2861e11010
      Container manages memory: true
      Size: 12582912
      Capacity: 12582912

     Weighting = 1
     Sampling strategy = none
     Number of bins = 32
     Radius = 4
     Sampling percentage  = 1
   Transform = SyN
     Gradient step = 0.1
     Update field sigma (voxel space) = 3
     Total field sigma (voxel space) = 0
     Update field time sigma = 0
     Total field time sigma  = 0
     Number of time indices = 0
     Number of time point samples = 0
Registration using 3 total stages.

Stage 0
  iterations = 1000x500x250x0
  convergence threshold = 1e-06
  convergence window size = 10
  number of levels = 4
  using the Mattes MI metric (number of bins = 32, weight = 1)
  preprocessing:  winsorizing the image intensities
  preprocessing:  histogram matching the images
  Shrink factors (level 1 out of 4): [6, 6, 6]
  Shrink factors (level 2 out of 4): [4, 4, 4]
  Shrink factors (level 3 out of 4): [2, 2, 2]
  Shrink factors (level 4 out of 4): [1, 1, 1]
  smoothing sigmas per level: [4, 2, 1, 0]
  regular sampling (percentage = 0.25)

*** Running Euler3DTransform registration ***

DIAGNOSTIC,Iteration,metricValue,convergenceValue,ITERATION_TIME_INDEX,SINCE_LAST
 2DIAGNOSTIC,     1, -8.746801614761e-01, inf, 6.6790e-01, 6.6790e-01, 
 2DIAGNOSTIC,     2, -8.764806985855e-01, inf, 6.7635e-01, 8.4491e-03, 
 2DIAGNOSTIC,     3, -8.789572119713e-01, inf, 6.8478e-01, 8.4250e-03, 
 2DIAGNOSTIC,     4, -8.816630840302e-01, inf, 6.9223e-01, 7.4570e-03, 
 2DIAGNOSTIC,     5, -8.845173120499e-01, inf, 6.9957e-01, 7.3321e-03, 
 2DIAGNOSTIC,     6, -8.868710398674e-01, inf, 7.0709e-01, 7.5250e-03, 
 2DIAGNOSTIC,     7, -8.898748159409e-01, inf, 7.1487e-01, 7.7791e-03, 
 2DIAGNOSTIC,     8, -8.950605988503e-01, inf, 7.2229e-01, 7.4239e-03, 
 2DIAGNOSTIC,     9, -8.999175429344e-01, inf, 7.3074e-01, 8.4488e-03, 
 2DIAGNOSTIC,    10, -9.014523029327e-01, 2.014737110585e-03, 7.4117e-01, 1.0424e-02, 
 2DIAGNOSTIC,    11, -9.029223918915e-01, 1.873769098893e-03, 7.4864e-01, 7.4730e-03, 
 2DIAGNOSTIC,    12, -9.040005803108e-01, 1.665193121880e-03, 7.5613e-01, 7.4940e-03, 
 2DIAGNOSTIC,    13, -9.059354066849e-01, 1.444580149837e-03, 7.6572e-01, 9.5890e-03, 
 2DIAGNOSTIC,    14, -9.065898656845e-01, 1.198600628413e-03, 7.7328e-01, 7.5610e-03, 
 2DIAGNOSTIC,    15, -9.072619676590e-01, 9.521357133053e-04, 7.8428e-01, 1.0998e-02, 
 2DIAGNOSTIC,    16, -9.085380434990e-01, 7.227854221128e-04, 7.9180e-01, 7.5209e-03, 
 2DIAGNOSTIC,    17, -9.088054895401e-01, 5.135129322298e-04, 7.9945e-01, 7.6520e-03, 
 2DIAGNOSTIC,    18, -9.091451168060e-01, 3.759390092455e-04, 8.0713e-01, 7.6799e-03, 
 2DIAGNOSTIC,    19, -9.095506072044e-01, 3.059610608034e-04, 8.1756e-01, 1.0422e-02, 
 2DIAGNOSTIC,    20, -9.097893238068e-01, 2.426084829494e-04, 8.2516e-01, 7.6072e-03, 
 2DIAGNOSTIC,    21, -9.099362492561e-01, 1.870347623480e-04, 8.3271e-01, 7.5471e-03, 
 2DIAGNOSTIC,    22, -9.101205468178e-01, 1.368217490381e-04, 8.4021e-01, 7.5021e-03, 
 2DIAGNOSTIC,    23, -9.104521274567e-01, 1.095619736589e-04, 8.5084e-01, 1.0629e-02, 
 2DIAGNOSTIC,    24, -9.105843305588e-01, 8.465030987281e-05, 8.6037e-01, 9.5310e-03, 
 2DIAGNOSTIC,    25, -9.105917215347e-01, 6.213389133336e-05, 8.6787e-01, 7.4940e-03, 
 2DIAGNOSTIC,    26, -9.107511639595e-01, 5.315111775417e-05, 8.7667e-01, 8.8069e-03, 
 2DIAGNOSTIC,    27, -9.107995033264e-01, 4.354885822977e-05, 8.8609e-01, 9.4202e-03, 
 2DIAGNOSTIC,    28, -9.108049273491e-01, 3.439330612309e-05, 8.9453e-01, 8.4360e-03, 
 2DIAGNOSTIC,    29, -9.108952283859e-01, 2.810068508552e-05, 9.0299e-01, 8.4569e-03, 
 2DIAGNOSTIC,    30, -9.108862280846e-01, 2.209925696661e-05, 9.1158e-01, 8.5909e-03, 
 2DIAGNOSTIC,    31, -9.108625054359e-01, 1.574538873683e-05, 9.1908e-01, 7.5061e-03, 
 2DIAGNOSTIC,    32, -9.108943343163e-01, 1.045598037308e-05, 9.2671e-01, 7.6208e-03, 
 2DIAGNOSTIC,    33, -9.109542369843e-01, 8.300745321321e-06, 9.3418e-01, 7.4790e-03, 
 2DIAGNOSTIC,    34, -9.110444784164e-01, 7.631060725544e-06, 9.4172e-01, 7.5390e-03, 
 2DIAGNOSTIC,    35, -9.110854864120e-01, 6.751974524377e-06, 9.5137e-01, 9.6431e-03, 
 2DIAGNOSTIC,    36, -9.111593365669e-01, 7.418475888699e-06, 9.6194e-01, 1.0570e-02, 
 2DIAGNOSTIC,    37, -9.111681580544e-01, 7.913334229670e-06, 9.7050e-01, 8.5611e-03, 
 2DIAGNOSTIC,    38, -9.111447930336e-01, 7.535601980635e-06, 9.7801e-01, 7.5159e-03, 
 2DIAGNOSTIC,    39, -9.111472964287e-01, 7.292676400539e-06, 9.8554e-01, 7.5302e-03, 
 2DIAGNOSTIC,    40, -9.111498594284e-01, 6.398549885489e-06, 9.9315e-01, 7.6082e-03, 
 2DIAGNOSTIC,    41, -9.111792445183e-01, 5.053352651885e-06, 1.0008e+00, 7.6160e-03, 
 2DIAGNOSTIC,    42, -9.111816883087e-01, 3.613376748035e-06, 1.0143e+00, 1.3533e-02, 
 2DIAGNOSTIC,    43, -9.111834168434e-01, 2.417440327918e-06, 1.0227e+00, 8.3761e-03, 
 2DIAGNOSTIC,    44, -9.111829400063e-01, 1.759915676303e-06, 1.0312e+00, 8.5671e-03, 
 2DIAGNOSTIC,    45, -9.111834764481e-01, 1.305842260990e-06, 1.0396e+00, 8.4000e-03, 
 2DIAGNOSTIC,    46, -9.111835956573e-01, 1.313034886152e-06, 1.0481e+00, 8.5001e-03, 
 2DIAGNOSTIC,    47, -9.111831784248e-01, 1.320910541835e-06, 1.0567e+00, 8.5170e-03, 
 2DIAGNOSTIC,    48, -9.111837744713e-01, 1.121046238950e-06, 1.0652e+00, 8.4920e-03, 
DIAGNOSTIC,Iteration,metricValue,convergenceValue,ITERATION_TIME_INDEX,SINCE_LAST
 2DIAGNOSTIC,     1, -7.232705354691e-01, inf, 1.7619e+00, 6.9674e-01, 
 2DIAGNOSTIC,     2, -7.247665524483e-01, inf, 1.7898e+00, 2.7931e-02, 
 2DIAGNOSTIC,     3, -7.262367606163e-01, inf, 1.8173e+00, 2.7477e-02, 
 2DIAGNOSTIC,     4, -7.276602983475e-01, inf, 1.8447e+00, 2.7411e-02, 
 2DIAGNOSTIC,     5, -7.282332777977e-01, inf, 1.8765e+00, 3.1736e-02, 
 2DIAGNOSTIC,     6, -7.282726764679e-01, inf, 1.9142e+00, 3.7729e-02, 
 2DIAGNOSTIC,     7, -7.282803654671e-01, inf, 1.9519e+00, 3.7745e-02, 
 2DIAGNOSTIC,     8, -7.282734513283e-01, inf, 1.9831e+00, 3.1126e-02, 
 2DIAGNOSTIC,     9, -7.282767891884e-01, inf, 2.0142e+00, 3.1149e-02, 
 2DIAGNOSTIC,    10, -7.282732129097e-01, 3.860318684019e-04, 2.0459e+00, 3.1661e-02, 
 2DIAGNOSTIC,    11, -7.282707095146e-01, 2.066791930702e-04, 2.0775e+00, 3.1610e-02, 
 2DIAGNOSTIC,    12, -7.282671332359e-01, 8.706971129868e-05, 2.1085e+00, 3.1065e-02, 
 2DIAGNOSTIC,    13, -7.282676696777e-01, 2.146791484847e-05, 2.1360e+00, 2.7510e-02, 
 2DIAGNOSTIC,    14, -7.282639145851e-01, 2.696000137803e-06, 2.1675e+00, 3.1420e-02, 
 2DIAGNOSTIC,    15, -7.282654643059e-01, 1.326869210061e-06, 2.1982e+00, 3.0731e-02, 
 2DIAGNOSTIC,    16, -7.282660007477e-01, 1.170641098724e-06, 2.2295e+00, 3.1280e-02, 
 2DIAGNOSTIC,    17, -7.282664179802e-01, 1.298860070165e-06, 2.2606e+00, 3.1146e-02, 
 2DIAGNOSTIC,    18, -7.282674312592e-01, 1.334730995950e-06, 2.2919e+00, 3.1252e-02, 
 2DIAGNOSTIC,    19, -7.282625436783e-01, 1.376302179779e-06, 2.3303e+00, 3.8411e-02, 
 2DIAGNOSTIC,    20, -7.282623052597e-01, 1.370584527649e-06, 2.3653e+00, 3.5023e-02, 
 2DIAGNOSTIC,    21, -7.282624244690e-01, 1.341593019788e-06, 2.3966e+00, 3.1329e-02, 
 2DIAGNOSTIC,    22, -7.282624840736e-01, 1.266701360692e-06, 2.4275e+00, 3.0829e-02, 
 2DIAGNOSTIC,    23, -7.282620668411e-01, 1.219430259880e-06, 2.4586e+00, 3.1175e-02, 
 2DIAGNOSTIC,    24, -7.282623648643e-01, 1.136296191362e-06, 2.4930e+00, 3.4365e-02, 
 2DIAGNOSTIC,    25, -7.282619476318e-01, 1.095586185329e-06, 2.5241e+00, 3.1136e-02, 
 2DIAGNOSTIC,    26, -7.282620668411e-01, 1.083475694941e-06, 2.5549e+00, 3.0768e-02, 
 2DIAGNOSTIC,    27, -7.282620072365e-01, 1.089308284463e-06, 2.5865e+00, 3.1626e-02, 
 2DIAGNOSTIC,    28, -7.282621264458e-01, 1.120928459386e-06, 2.6178e+00, 3.1248e-02, 
 2DIAGNOSTIC,    29, -7.282620668411e-01, 1.085314579541e-06, 2.6490e+00, 3.1229e-02, 
 2DIAGNOSTIC,    30, -7.282620668411e-01, 1.050097807820e-06, 2.6798e+00, 3.0746e-02, 
 2DIAGNOSTIC,    31, -7.282619476318e-01, 1.018162606670e-06, 2.7108e+00, 3.1020e-02, 
DIAGNOSTIC,Iteration,metricValue,convergenceValue,ITERATION_TIME_INDEX,SINCE_LAST
 2DIAGNOSTIC,     1, -6.567878723145e-01, inf, 3.6904e+00, 9.7962e-01, 
 2DIAGNOSTIC,     2, -6.571921110153e-01, inf, 3.9070e+00, 2.1661e-01, 
 2DIAGNOSTIC,     3, -6.573690772057e-01, inf, 4.1187e+00, 2.1165e-01, 
 2DIAGNOSTIC,     4, -6.574423909187e-01, inf, 4.3295e+00, 2.1084e-01, 
 2DIAGNOSTIC,     5, -6.575548052788e-01, inf, 4.5435e+00, 2.1404e-01, 
 2DIAGNOSTIC,     6, -6.576830744743e-01, inf, 4.7573e+00, 2.1372e-01, 
 2DIAGNOSTIC,     7, -6.578330993652e-01, inf, 5.0871e+00, 3.2987e-01, 
 2DIAGNOSTIC,     8, -6.578955650330e-01, inf, 5.3011e+00, 2.1398e-01, 
 2DIAGNOSTIC,     9, -6.579356789589e-01, inf, 5.5155e+00, 2.1436e-01, 
 2DIAGNOSTIC,    10, -6.579933762550e-01, 1.081367372535e-04, 5.7295e+00, 2.1402e-01, 
 2DIAGNOSTIC,    11, -6.580412387848e-01, 7.851429108996e-05, 6.0315e+00, 3.0204e-01, 
 2DIAGNOSTIC,    12, -6.580967903137e-01, 6.340732215904e-05, 6.2431e+00, 2.1161e-01, 
 2DIAGNOSTIC,    13, -6.581318974495e-01, 5.217347643338e-05, 6.5451e+00, 3.0198e-01, 
 2DIAGNOSTIC,    14, -6.581760644913e-01, 4.165770951658e-05, 6.7607e+00, 2.1559e-01, 
 2DIAGNOSTIC,    15, -6.581861376762e-01, 3.241771264584e-05, 6.9757e+00, 2.1503e-01, 
 2DIAGNOSTIC,    16, -6.582024693489e-01, 2.537074396969e-05, 7.1898e+00, 2.1407e-01, 
 2DIAGNOSTIC,    17, -6.582255959511e-01, 2.136992588930e-05, 7.4045e+00, 2.1472e-01, 
 2DIAGNOSTIC,    18, -6.582665443420e-01, 1.847221938078e-05, 7.7648e+00, 3.6027e-01, 
 2DIAGNOSTIC,    19, -6.582688093185e-01, 1.525654715806e-05, 8.0080e+00, 2.4315e-01, 
 2DIAGNOSTIC,    20, -6.582734584808e-01, 1.245333896804e-05, 8.2553e+00, 2.4731e-01, 
 2DIAGNOSTIC,    21, -6.582772731781e-01, 9.962554031517e-06, 8.4699e+00, 2.1466e-01, 
