
Running N4 for 3-dimensional images.

Mask not read.  Using the entire image as the mask.

Original intensity range:  [0, 784]

***********************************************************
Warning:  Your input image contains nonpositive values
which could cause failure or problematic results.  A
possible workaround would be to:
   1. rescale your image to positive values e.g., [10,100].
   2. run N4 on your rescaled image.
   3. (optional) rescale the N4 output to the original
      intensity range.
***********************************************************

Specified spline distance: 200mm
  original image size:  [192, 256, 256]
  padded image size:  [201, 401, 401]
  number of control points:  [4, 5, 5]

Current level = 1
  Iteration 1 (of 50).   Current convergence value = 0.000539402 (threshold = 1e-08)
  Iteration 2 (of 50).   Current convergence value = 0.000379285 (threshold = 1e-08)
  Iteration 3 (of 50).   Current convergence value = 0.000259472 (threshold = 1e-08)
  Iteration 4 (of 50).   Current convergence value = 0.000224408 (threshold = 1e-08)
  Iteration 5 (of 50).   Current convergence value = 0.000218634 (threshold = 1e-08)
  Iteration 6 (of 50).   Current convergence value = 0.000175239 (threshold = 1e-08)
  Iteration 7 (of 50).   Current convergence value = 0.000140252 (threshold = 1e-08)
  Iteration 8 (of 50).   Current convergence value = 0.000115163 (threshold = 1e-08)
  Iteration 9 (of 50).   Current convergence value = 9.74767e-05 (threshold = 1e-08)
  Iteration 10 (of 50).   Current convergence value = 8.49333e-05 (threshold = 1e-08)
  Iteration 11 (of 50).   Current convergence value = 7.63782e-05 (threshold = 1e-08)
  Iteration 12 (of 50).   Current convergence value = 7.04463e-05 (threshold = 1e-08)
  Iteration 13 (of 50).   Current convergence value = 6.6285e-05 (threshold = 1e-08)
  Iteration 14 (of 50).   Current convergence value = 6.31439e-05 (threshold = 1e-08)
  Iteration 15 (of 50).   Current convergence value = 6.07156e-05 (threshold = 1e-08)
  Iteration 16 (of 50).   Current convergence value = 5.86908e-05 (threshold = 1e-08)
  Iteration 17 (of 50).   Current convergence value = 5.6885e-05 (threshold = 1e-08)
  Iteration 18 (of 50).   Current convergence value = 5.50954e-05 (threshold = 1e-08)
  Iteration 19 (of 50).   Current convergence value = 5.35134e-05 (threshold = 1e-08)
  Iteration 20 (of 50).   Current convergence value = 5.19108e-05 (threshold = 1e-08)
  Iteration 21 (of 50).   Current convergence value = 5.03013e-05 (threshold = 1e-08)
  Iteration 22 (of 50).   Current convergence value = 4.86808e-05 (threshold = 1e-08)
  Iteration 23 (of 50).   Current convergence value = 4.69673e-05 (threshold = 1e-08)
  Iteration 24 (of 50).   Current convergence value = 4.53489e-05 (threshold = 1e-08)
  Iteration 25 (of 50).   Current convergence value = 4.36407e-05 (threshold = 1e-08)
  Iteration 26 (of 50).   Current convergence value = 4.20789e-05 (threshold = 1e-08)
  Iteration 27 (of 50).   Current convergence value = 4.05676e-05 (threshold = 1e-08)
  Iteration 28 (of 50).   Current convergence value = 3.92311e-05 (threshold = 1e-08)
  Iteration 29 (of 50).   Current convergence value = 3.78201e-05 (threshold = 1e-08)
  Iteration 30 (of 50).   Current convergence value = 3.65125e-05 (threshold = 1e-08)
  Iteration 31 (of 50).   Current convergence value = 3.52288e-05 (threshold = 1e-08)
  Iteration 32 (of 50).   Current convergence value = 3.40573e-05 (threshold = 1e-08)
  Iteration 33 (of 50).   Current convergence value = 3.29116e-05 (threshold = 1e-08)
  Iteration 34 (of 50).   Current convergence value = 3.18856e-05 (threshold = 1e-08)
  Iteration 35 (of 50).   Current convergence value = 3.09351e-05 (threshold = 1e-08)
  Iteration 36 (of 50).   Current convergence value = 3.00337e-05 (threshold = 1e-08)
  Iteration 37 (of 50).   Current convergence value = 2.92581e-05 (threshold = 1e-08)
  Iteration 38 (of 50).   Current convergence value = 2.85323e-05 (threshold = 1e-08)
  Iteration 39 (of 50).   Current convergence value = 2.7923e-05 (threshold = 1e-08)
  Iteration 40 (of 50).   Current convergence value = 2.73882e-05 (threshold = 1e-08)
  Iteration 41 (of 50).   Current convergence value = 2.69435e-05 (threshold = 1e-08)
  Iteration 42 (of 50).   Current convergence value = 2.65634e-05 (threshold = 1e-08)
  Iteration 43 (of 50).   Current convergence value = 2.6313e-05 (threshold = 1e-08)
  Iteration 44 (of 50).   Current convergence value = 2.61378e-05 (threshold = 1e-08)
  Iteration 45 (of 50).   Current convergence value = 2.60384e-05 (threshold = 1e-08)
  Iteration 46 (of 50).   Current convergence value = 2.59943e-05 (threshold = 1e-08)
  Iteration 47 (of 50).   Current convergence value = 2.6009e-05 (threshold = 1e-08)
  Iteration 48 (of 50).   Current convergence value = 2.59681e-05 (threshold = 1e-08)
  Iteration 49 (of 50).   Current convergence value = 2.60762e-05 (threshold = 1e-08)
  Iteration 50 (of 50).   Current convergence value = 2.6155e-05 (threshold = 1e-08)
Current level = 2
  Iteration 1 (of 50).   Current convergence value = 0.000489027 (threshold = 1e-08)
  Iteration 2 (of 50).   Current convergence value = 0.000467584 (threshold = 1e-08)
  Iteration 3 (of 50).   Current convergence value = 0.000462379 (threshold = 1e-08)
  Iteration 4 (of 50).   Current convergence value = 0.000459851 (threshold = 1e-08)
  Iteration 5 (of 50).   Current convergence value = 0.000455836 (threshold = 1e-08)
  Iteration 6 (of 50).   Current convergence value = 0.000449446 (threshold = 1e-08)
  Iteration 7 (of 50).   Current convergence value = 0.000441531 (threshold = 1e-08)
  Iteration 8 (of 50).   Current convergence value = 0.000432135 (threshold = 1e-08)
  Iteration 9 (of 50).   Current convergence value = 0.000422285 (threshold = 1e-08)
  Iteration 10 (of 50).   Current convergence value = 0.000424275 (threshold = 1e-08)
  Iteration 11 (of 50).   Current convergence value = 0.000418716 (threshold = 1e-08)
  Iteration 12 (of 50).   Current convergence value = 0.000405136 (threshold = 1e-08)
  Iteration 13 (of 50).   Current convergence value = 0.000387253 (threshold = 1e-08)
  Iteration 14 (of 50).   Current convergence value = 0.00036883 (threshold = 1e-08)
  Iteration 15 (of 50).   Current convergence value = 0.000352093 (threshold = 1e-08)
  Iteration 16 (of 50).   Current convergence value = 0.000336372 (threshold = 1e-08)
  Iteration 17 (of 50).   Current convergence value = 0.00032315 (threshold = 1e-08)
  Iteration 18 (of 50).   Current convergence value = 0.000311409 (threshold = 1e-08)
  Iteration 19 (of 50).   Current convergence value = 0.000301645 (threshold = 1e-08)
  Iteration 20 (of 50).   Current convergence value = 0.000271187 (threshold = 1e-08)
  Iteration 21 (of 50).   Current convergence value = 0.000260618 (threshold = 1e-08)
  Iteration 22 (of 50).   Current convergence value = 0.000250648 (threshold = 1e-08)
  Iteration 23 (of 50).   Current convergence value = 0.000241067 (threshold = 1e-08)
  Iteration 24 (of 50).   Current convergence value = 0.000231475 (threshold = 1e-08)
  Iteration 25 (of 50).   Current convergence value = 0.000222817 (threshold = 1e-08)
  Iteration 26 (of 50).   Current convergence value = 0.000215025 (threshold = 1e-08)
  Iteration 27 (of 50).   Current convergence value = 0.000208142 (threshold = 1e-08)
  Iteration 28 (of 50).   Current convergence value = 0.000201781 (threshold = 1e-08)
  Iteration 29 (of 50).   Current convergence value = 0.000196058 (threshold = 1e-08)
  Iteration 30 (of 50).   Current convergence value = 0.000190481 (threshold = 1e-08)
  Iteration 31 (of 50).   Current convergence value = 0.000185469 (threshold = 1e-08)
  Iteration 32 (of 50).   Current convergence value = 0.000180885 (threshold = 1e-08)
  Iteration 33 (of 50).   Current convergence value = 0.000176664 (threshold = 1e-08)
  Iteration 34 (of 50).   Current convergence value = 0.0001725 (threshold = 1e-08)
  Iteration 35 (of 50).   Current convergence value = 0.000168539 (threshold = 1e-08)
  Iteration 36 (of 50).   Current convergence value = 0.000165246 (threshold = 1e-08)
  Iteration 37 (of 50).   Current convergence value = 0.00016178 (threshold = 1e-08)
  Iteration 38 (of 50).   Current convergence value = 0.000158731 (threshold = 1e-08)
  Iteration 39 (of 50).   Current convergence value = 0.000155711 (threshold = 1e-08)
  Iteration 40 (of 50).   Current convergence value = 0.000152785 (threshold = 1e-08)
  Iteration 41 (of 50).   Current convergence value = 0.000150043 (threshold = 1e-08)
  Iteration 42 (of 50).   Current convergence value = 0.000147438 (threshold = 1e-08)
  Iteration 43 (of 50).   Current convergence value = 0.000144833 (threshold = 1e-08)
  Iteration 44 (of 50).   Current convergence value = 0.000142453 (threshold = 1e-08)
  Iteration 45 (of 50).   Current convergence value = 0.00014022 (threshold = 1e-08)
  Iteration 46 (of 50).   Current convergence value = 0.000137588 (threshold = 1e-08)
  Iteration 47 (of 50).   Current convergence value = 0.00013451 (threshold = 1e-08)
  Iteration 48 (of 50).   Current convergence value = 0.000131803 (threshold = 1e-08)
  Iteration 49 (of 50).   Current convergence value = 0.000129002 (threshold = 1e-08)
  Iteration 50 (of 50).   Current convergence value = 0.000126528 (threshold = 1e-08)
Current level = 3
  Iteration 1 (of 40).   Current convergence value = 0.00134893 (threshold = 1e-08)
  Iteration 2 (of 40).   Current convergence value = 0.00109146 (threshold = 1e-08)
  Iteration 3 (of 40).   Current convergence value = 0.0011483 (threshold = 1e-08)
  Iteration 4 (of 40).   Current convergence value = 0.00117766 (threshold = 1e-08)
  Iteration 5 (of 40).   Current convergence value = 0.00122157 (threshold = 1e-08)
  Iteration 6 (of 40).   Current convergence value = 0.00124552 (threshold = 1e-08)
  Iteration 7 (of 40).   Current convergence value = 0.00125698 (threshold = 1e-08)
  Iteration 8 (of 40).   Current convergence value = 0.00126189 (threshold = 1e-08)
  Iteration 9 (of 40).   Current convergence value = 0.00124616 (threshold = 1e-08)
  Iteration 10 (of 40).   Current convergence value = 0.00117044 (threshold = 1e-08)
  Iteration 11 (of 40).   Current convergence value = 0.00108877 (threshold = 1e-08)
  Iteration 12 (of 40).   Current convergence value = 0.0010214 (threshold = 1e-08)
  Iteration 13 (of 40).   Current convergence value = 0.000965825 (threshold = 1e-08)
  Iteration 14 (of 40).   Current convergence value = 0.000920211 (threshold = 1e-08)
  Iteration 15 (of 40).   Current convergence value = 0.000882481 (threshold = 1e-08)
  Iteration 16 (of 40).   Current convergence value = 0.000850563 (threshold = 1e-08)
  Iteration 17 (of 40).   Current convergence value = 0.000824532 (threshold = 1e-08)
  Iteration 18 (of 40).   Current convergence value = 0.000802896 (threshold = 1e-08)
  Iteration 19 (of 40).   Current convergence value = 0.000785425 (threshold = 1e-08)
  Iteration 20 (of 40).   Current convergence value = 0.000770765 (threshold = 1e-08)
  Iteration 21 (of 40).   Current convergence value = 0.000758496 (threshold = 1e-08)
  Iteration 22 (of 40).   Current convergence value = 0.000748502 (threshold = 1e-08)
  Iteration 23 (of 40).   Current convergence value = 0.000740037 (threshold = 1e-08)
  Iteration 24 (of 40).   Current convergence value = 0.000732713 (threshold = 1e-08)
  Iteration 25 (of 40).   Current convergence value = 0.000673622 (threshold = 1e-08)
  Iteration 26 (of 40).   Current convergence value = 0.000623085 (threshold = 1e-08)
  Iteration 27 (of 40).   Current convergence value = 0.000581289 (threshold = 1e-08)
  Iteration 28 (of 40).   Current convergence value = 0.000546088 (threshold = 1e-08)
  Iteration 29 (of 40).   Current convergence value = 0.000515512 (threshold = 1e-08)
  Iteration 30 (of 40).   Current convergence value = 0.000478163 (threshold = 1e-08)
  Iteration 31 (of 40).   Current convergence value = 0.000453985 (threshold = 1e-08)
  Iteration 32 (of 40).   Current convergence value = 0.000426595 (threshold = 1e-08)
  Iteration 33 (of 40).   Current convergence value = 0.000403483 (threshold = 1e-08)
  Iteration 34 (of 40).   Current convergence value = 0.000383479 (threshold = 1e-08)
  Iteration 35 (of 40).   Current convergence value = 0.000365804 (threshold = 1e-08)
  Iteration 36 (of 40).   Current convergence value = 0.00035008 (threshold = 1e-08)
  Iteration 37 (of 40).   Current convergence value = 0.000335931 (threshold = 1e-08)
  Iteration 38 (of 40).   Current convergence value = 0.000323164 (threshold = 1e-08)
  Iteration 39 (of 40).   Current convergence value = 0.000311553 (threshold = 1e-08)
  Iteration 40 (of 40).   Current convergence value = 0.000300991 (threshold = 1e-08)
Current level = 4
  Iteration 1 (of 30).   Current convergence value = 0.00185933 (threshold = 1e-08)
  Iteration 2 (of 30).   Current convergence value = 0.00172155 (threshold = 1e-08)
  Iteration 3 (of 30).   Current convergence value = 0.00164127 (threshold = 1e-08)
  Iteration 4 (of 30).   Current convergence value = 0.00157909 (threshold = 1e-08)
  Iteration 5 (of 30).   Current convergence value = 0.00153175 (threshold = 1e-08)
  Iteration 6 (of 30).   Current convergence value = 0.00148709 (threshold = 1e-08)
  Iteration 7 (of 30).   Current convergence value = 0.00143431 (threshold = 1e-08)
  Iteration 8 (of 30).   Current convergence value = 0.00138013 (threshold = 1e-08)
  Iteration 9 (of 30).   Current convergence value = 0.00132574 (threshold = 1e-08)
  Iteration 10 (of 30).   Current convergence value = 0.00127049 (threshold = 1e-08)
  Iteration 11 (of 30).   Current convergence value = 0.00121401 (threshold = 1e-08)
  Iteration 12 (of 30).   Current convergence value = 0.00116399 (threshold = 1e-08)
  Iteration 13 (of 30).   Current convergence value = 0.0011182 (threshold = 1e-08)
  Iteration 14 (of 30).   Current convergence value = 0.00107457 (threshold = 1e-08)
  Iteration 15 (of 30).   Current convergence value = 0.00102293 (threshold = 1e-08)
  Iteration 16 (of 30).   Current convergence value = 0.000984774 (threshold = 1e-08)
  Iteration 17 (of 30).   Current convergence value = 0.000948822 (threshold = 1e-08)
  Iteration 18 (of 30).   Current convergence value = 0.000914054 (threshold = 1e-08)
  Iteration 19 (of 30).   Current convergence value = 0.000881303 (threshold = 1e-08)
  Iteration 20 (of 30).   Current convergence value = 0.000850218 (threshold = 1e-08)
  Iteration 21 (of 30).   Current convergence value = 0.000820813 (threshold = 1e-08)
  Iteration 22 (of 30).   Current convergence value = 0.000793132 (threshold = 1e-08)
  Iteration 23 (of 30).   Current convergence value = 0.000766433 (threshold = 1e-08)
  Iteration 24 (of 30).   Current convergence value = 0.000741352 (threshold = 1e-08)
  Iteration 25 (of 30).   Current convergence value = 0.000717734 (threshold = 1e-08)
  Iteration 26 (of 30).   Current convergence value = 0.000695539 (threshold = 1e-08)
  Iteration 27 (of 30).   Current convergence value = 0.000674372 (threshold = 1e-08)
  Iteration 28 (of 30).   Current convergence value = 0.000654506 (threshold = 1e-08)
  Iteration 29 (of 30).   Current convergence value = 0.000635753 (threshold = 1e-08)
  Iteration 30 (of 30).   Current convergence value = 0.000618088 (threshold = 1e-08)
   N4BiasFieldCorrectionImageFilter (0x5624b851ce20)
     RTTI typeinfo:   itk::N4BiasFieldCorrectionImageFilter<itk::Image<float, 3u>, itk::Image<float, 3u>, itk::Image<float, 3u> >
     Reference Count: 1
     Modified Time: 565
     Debug: Off
     Object Name: 
     Observers: 
       IterationEvent(Command)
     Inputs: 
       ConfidenceImage: (0)
       MaskImage: (0x5624b85475d0)
       Primary: (0x5624b8542aa0) *
     Indexed Inputs: 
       0: Primary (0x5624b8542aa0)
       1: MaskImage (0x5624b85475d0)
       2: ConfidenceImage (0)
     Required Input Names: Primary
     NumberOfRequiredInputs: 1
     Outputs: 
       Primary: (0x5624b852cef0)
     Indexed Outputs: 
       0: Primary (0x5624b852cef0)
     NumberOfRequiredOutputs: 1
     Number Of Work Units: 32
     ReleaseDataFlag: Off
     ReleaseDataBeforeUpdateFlag: Off
     AbortGenerateData: Off
     Progress: 0
     Multithreader: 
       RTTI typeinfo:   itk::PoolMultiThreader
       Reference Count: 1
       Modified Time: 144
       Debug: Off
       Object Name: 
       Observers: 
         none
       Number of Work Units: 32
       Number of Threads: 8
       Global Maximum Number Of Threads: 128
       Global Default Number Of Threads: 8
       Global Default Threader Type: itk::MultiThreaderBaseEnums::Threader::Pool
       SingleMethod: 0
       SingleData: 0
     DynamicMultiThreading: On
     CoordinateTolerance: 1e-06
     DirectionTolerance: 1e-06
     Use Mask Label: 0
     Mask label: 1
     Number of histogram bins: 200
     Wiener filter noise: 0.01
     Bias field FWHM: 0.15
     Maximum number of iterations: [50, 50, 40, 30]
     Convergence threshold: 1e-08
     Spline order: 3
     Number of fitting levels: [4, 4, 4]
     Number of control points: [4, 5, 5]
     CurrentConvergenceMeasurement: 0.000618088
     CurrentLevel: 4
     ElapsedIterations: 31
     LogBiasFieldControlPointLattice: 
       Image (0x5624bf02bcb0)
         RTTI typeinfo:   itk::Image<itk::Vector<float, 1u>, 3u>
         Reference Count: 1
         Modified Time: 343560
         Debug: Off
         Object Name: 
         Observers: 
           none
         Source: (none)
         Source output name: (none)
         Release Data: Off
         Data Released: False
         Global Release Data: Off
         PipelineMTime: 0
         UpdateMTime: 0
         RealTimeStamp: 0 seconds 
         LargestPossibleRegion: 
           Dimension: 3
           Index: [0, 0, 0]
           Size: [11, 19, 19]
         BufferedRegion: 
           Dimension: 3
           Index: [0, 0, 0]
           Size: [11, 19, 19]
         RequestedRegion: 
           Dimension: 3
           Index: [0, 0, 0]
           Size: [11, 19, 19]
         Spacing: [24.75, 24.875, 24.875]
         Origin: [24.6714, 21.5508, -27.8743]
         Direction: 
-0.999757 0.0169924 -0.0140755
-0.018821 -0.989681 0.142044
-0.0115166 0.142274 0.98976

         IndexToPointMatrix: 
-24.744 0.422686 -0.350128
-0.465819 -24.6183 3.53335
-0.285036 3.53907 24.6203

         PointToIndexMatrix: 
-0.0403942 -0.000760444 -0.000465317
0.000683112 -0.0397862 0.00571957
-0.000565849 0.0057103 0.0397894

         Inverse Direction: 
-0.999757 -0.018821 -0.0115166
0.0169924 -0.989681 0.142274
-0.0140755 0.142044 0.98976

         PixelContainer: 
           ImportImageContainer (0x5624c38b9670)
             RTTI typeinfo:   itk::ImportImageContainer<unsigned long, itk::Vector<float, 1u> >
             Reference Count: 1
             Modified Time: 343561
             Debug: Off
             Object Name: 
             Observers: 
               none
             Pointer: 0x5624c26bd520
             Container manages memory: true
             Size: 3971
             Capacity: 3971
Elapsed time: 316.746
All_Command_lines_OK
Using single precision for computations.
=============================================================================
The composite transform comprises the following transforms (in order): 
  1. Center of mass alignment using fixed image: /home/mpib/nemecz/Projects/miniTRK/Results/01_MRI/GroupTempl/T1w/T_template0.nii.gz and moving image: /home/mpib/nemecz/Projects/miniTRK/Analysis/01_MRI/Preproc/GroupTempl/T1w/sub-572551_T1w.nii.gz (type = Euler3DTransform)
=============================================================================
  number of levels = 4
  number of levels = 4
  number of levels = 4
  fixed image: /home/mpib/nemecz/Projects/miniTRK/Results/01_MRI/GroupTempl/T1w/T_template0.nii.gz
  moving image: /home/mpib/nemecz/Projects/miniTRK/Results/01_MRI/GroupTempl/T1w/T_template0sub-572551_T1wRepaired.nii.gz
  fixed image: /home/mpib/nemecz/Projects/miniTRK/Results/01_MRI/GroupTempl/T1w/T_template0.nii.gz
  moving image: /home/mpib/nemecz/Projects/miniTRK/Results/01_MRI/GroupTempl/T1w/T_template0sub-572551_T1wRepaired.nii.gz
  fixed image: /home/mpib/nemecz/Projects/miniTRK/Results/01_MRI/GroupTempl/T1w/T_template0.nii.gz
  moving image: /home/mpib/nemecz/Projects/miniTRK/Results/01_MRI/GroupTempl/T1w/T_template0sub-572551_T1wRepaired.nii.gz
Dimension = 3
Number of stages = 3
Use Histogram Matching true
Winsorize image intensities true
Lower quantile = 0.01
Upper quantile = 0.99
Stage 1 State
   Image metric = Mattes
     Fixed image = Image (0x555a84717ad0)
  RTTI typeinfo:   itk::Image<float, 3u>
  Reference Count: 2
  Modified Time: 1721
  Debug: Off
  Object Name: 
  Observers: 
    none
  Source: (none)
  Source output name: (none)
  Release Data: Off
  Data Released: False
  Global Release Data: Off
  PipelineMTime: 0
  UpdateMTime: 1506
  RealTimeStamp: 0 seconds 
  LargestPossibleRegion: 
    Dimension: 3
    Index: [0, 0, 0]
    Size: [192, 256, 256]
  BufferedRegion: 
    Dimension: 3
    Index: [0, 0, 0]
    Size: [192, 256, 256]
  RequestedRegion: 
    Dimension: 3
    Index: [0, 0, 0]
    Size: [192, 256, 256]
  Spacing: [1, 1, 1]
  Origin: [95.0313, 100.538, -154.123]
  Direction: 
-0.999853 -0.014134 -0.00966312
0.014129 -0.9999 0.000586045
-0.00967044 0.000449429 0.999953

  IndexToPointMatrix: 
-0.999853 -0.014134 -0.00966312
0.014129 -0.9999 0.000586045
-0.00967044 0.000449429 0.999953

  PointToIndexMatrix: 
-0.999853 0.014129 -0.00967044
-0.014134 -0.9999 0.000449429
-0.00966312 0.000586045 0.999953

  Inverse Direction: 
-0.999853 0.014129 -0.00967044
-0.014134 -0.9999 0.000449429
-0.00966312 0.000586045 0.999953

  PixelContainer: 
    ImportImageContainer (0x555a8471fc80)
      RTTI typeinfo:   itk::ImportImageContainer<unsigned long, float>
      Reference Count: 1
      Modified Time: 1503
      Debug: Off
      Object Name: 
      Observers: 
        none
      Pointer: 0x7fd60b816010
      Container manages memory: true
      Size: 12582912
      Capacity: 12582912

     Moving image = Image (0x555a84718bc0)
  RTTI typeinfo:   itk::Image<float, 3u>
  Reference Count: 2
  Modified Time: 1722
  Debug: Off
  Object Name: 
  Observers: 
    none
  Source: (none)
  Source output name: (none)
  Release Data: Off
  Data Released: False
  Global Release Data: Off
  PipelineMTime: 0
  UpdateMTime: 1719
  RealTimeStamp: 0 seconds 
  LargestPossibleRegion: 
    Dimension: 3
    Index: [0, 0, 0]
    Size: [192, 256, 256]
  BufferedRegion: 
    Dimension: 3
    Index: [0, 0, 0]
    Size: [192, 256, 256]
  RequestedRegion: 
    Dimension: 3
    Index: [0, 0, 0]
    Size: [192, 256, 256]
  Spacing: [1, 1, 1]
  Origin: [91.4053, 86.8994, -173.757]
  Direction: 
-0.999757 0.0169924 -0.0140755
-0.018821 -0.989681 0.142044
-0.0115166 0.142274 0.98976

  IndexToPointMatrix: 
-0.999757 0.0169924 -0.0140755
-0.018821 -0.989681 0.142044
-0.0115166 0.142274 0.98976

  PointToIndexMatrix: 
-0.999757 -0.018821 -0.0115166
0.0169924 -0.989681 0.142274
-0.0140755 0.142044 0.98976

  Inverse Direction: 
-0.999757 -0.018821 -0.0115166
0.0169924 -0.989681 0.142274
-0.0140755 0.142044 0.98976

  PixelContainer: 
    ImportImageContainer (0x555a84724100)
      RTTI typeinfo:   itk::ImportImageContainer<unsigned long, float>
      Reference Count: 1
      Modified Time: 1716
      Debug: Off
      Object Name: 
      Observers: 
        none
      Pointer: 0x7fd608815010
      Container manages memory: true
      Size: 12582912
      Capacity: 12582912

     Weighting = 1
     Sampling strategy = regular
     Number of bins = 32
     Radius = 4
     Sampling percentage  = 0.25
   Transform = Rigid
     Gradient step = 0.1
     Update field sigma (voxel space) = 0
     Total field sigma (voxel space) = 0
     Update field time sigma = 0
     Total field time sigma  = 0
     Number of time indices = 0
     Number of time point samples = 0
Stage 2 State
   Image metric = Mattes
     Fixed image = Image (0x555a84730870)
  RTTI typeinfo:   itk::Image<float, 3u>
  Reference Count: 2
  Modified Time: 2149
  Debug: Off
  Object Name: 
  Observers: 
    none
  Source: (none)
  Source output name: (none)
  Release Data: Off
  Data Released: False
  Global Release Data: Off
  PipelineMTime: 0
  UpdateMTime: 1934
  RealTimeStamp: 0 seconds 
  LargestPossibleRegion: 
    Dimension: 3
    Index: [0, 0, 0]
    Size: [192, 256, 256]
  BufferedRegion: 
    Dimension: 3
    Index: [0, 0, 0]
    Size: [192, 256, 256]
  RequestedRegion: 
    Dimension: 3
    Index: [0, 0, 0]
    Size: [192, 256, 256]
  Spacing: [1, 1, 1]
  Origin: [95.0313, 100.538, -154.123]
  Direction: 
-0.999853 -0.014134 -0.00966312
0.014129 -0.9999 0.000586045
-0.00967044 0.000449429 0.999953

  IndexToPointMatrix: 
-0.999853 -0.014134 -0.00966312
0.014129 -0.9999 0.000586045
-0.00967044 0.000449429 0.999953

  PointToIndexMatrix: 
-0.999853 0.014129 -0.00967044
-0.014134 -0.9999 0.000449429
-0.00966312 0.000586045 0.999953

  Inverse Direction: 
-0.999853 0.014129 -0.00967044
-0.014134 -0.9999 0.000449429
-0.00966312 0.000586045 0.999953

  PixelContainer: 
    ImportImageContainer (0x555a8471b6d0)
      RTTI typeinfo:   itk::ImportImageContainer<unsigned long, float>
      Reference Count: 1
      Modified Time: 1931
      Debug: Off
      Object Name: 
      Observers: 
        none
      Pointer: 0x7fd605814010
      Container manages memory: true
      Size: 12582912
      Capacity: 12582912

     Moving image = Image (0x555a847304c0)
  RTTI typeinfo:   itk::Image<float, 3u>
  Reference Count: 2
  Modified Time: 2150
  Debug: Off
  Object Name: 
  Observers: 
    none
  Source: (none)
  Source output name: (none)
  Release Data: Off
  Data Released: False
  Global Release Data: Off
  PipelineMTime: 0
  UpdateMTime: 2147
  RealTimeStamp: 0 seconds 
  LargestPossibleRegion: 
    Dimension: 3
    Index: [0, 0, 0]
    Size: [192, 256, 256]
  BufferedRegion: 
    Dimension: 3
    Index: [0, 0, 0]
    Size: [192, 256, 256]
  RequestedRegion: 
    Dimension: 3
    Index: [0, 0, 0]
    Size: [192, 256, 256]
  Spacing: [1, 1, 1]
  Origin: [91.4053, 86.8994, -173.757]
  Direction: 
-0.999757 0.0169924 -0.0140755
-0.018821 -0.989681 0.142044
-0.0115166 0.142274 0.98976

  IndexToPointMatrix: 
-0.999757 0.0169924 -0.0140755
-0.018821 -0.989681 0.142044
-0.0115166 0.142274 0.98976

  PointToIndexMatrix: 
-0.999757 -0.018821 -0.0115166
0.0169924 -0.989681 0.142274
-0.0140755 0.142044 0.98976

  Inverse Direction: 
-0.999757 -0.018821 -0.0115166
0.0169924 -0.989681 0.142274
-0.0140755 0.142044 0.98976

  PixelContainer: 
    ImportImageContainer (0x555a847318c0)
      RTTI typeinfo:   itk::ImportImageContainer<unsigned long, float>
      Reference Count: 1
      Modified Time: 2144
      Debug: Off
      Object Name: 
      Observers: 
        none
      Pointer: 0x7fd602813010
      Container manages memory: true
      Size: 12582912
      Capacity: 12582912

     Weighting = 1
     Sampling strategy = regular
     Number of bins = 32
     Radius = 4
     Sampling percentage  = 0.25
   Transform = Affine
     Gradient step = 0.1
     Update field sigma (voxel space) = 0
     Total field sigma (voxel space) = 0
     Update field time sigma = 0
     Total field time sigma  = 0
     Number of time indices = 0
     Number of time point samples = 0
Stage 3 State
   Image metric = CC
     Fixed image = Image (0x555a84737960)
  RTTI typeinfo:   itk::Image<float, 3u>
  Reference Count: 2
  Modified Time: 2577
  Debug: Off
  Object Name: 
  Observers: 
    none
  Source: (none)
  Source output name: (none)
  Release Data: Off
  Data Released: False
  Global Release Data: Off
  PipelineMTime: 0
  UpdateMTime: 2362
  RealTimeStamp: 0 seconds 
  LargestPossibleRegion: 
    Dimension: 3
    Index: [0, 0, 0]
    Size: [192, 256, 256]
  BufferedRegion: 
    Dimension: 3
    Index: [0, 0, 0]
    Size: [192, 256, 256]
  RequestedRegion: 
    Dimension: 3
    Index: [0, 0, 0]
    Size: [192, 256, 256]
  Spacing: [1, 1, 1]
  Origin: [95.0313, 100.538, -154.123]
  Direction: 
-0.999853 -0.014134 -0.00966312
0.014129 -0.9999 0.000586045
-0.00967044 0.000449429 0.999953

  IndexToPointMatrix: 
-0.999853 -0.014134 -0.00966312
0.014129 -0.9999 0.000586045
-0.00967044 0.000449429 0.999953

  PointToIndexMatrix: 
-0.999853 0.014129 -0.00967044
-0.014134 -0.9999 0.000449429
-0.00966312 0.000586045 0.999953

  Inverse Direction: 
-0.999853 0.014129 -0.00967044
-0.014134 -0.9999 0.000449429
-0.00966312 0.000586045 0.999953

  PixelContainer: 
    ImportImageContainer (0x555a84718660)
      RTTI typeinfo:   itk::ImportImageContainer<unsigned long, float>
      Reference Count: 1
      Modified Time: 2359
      Debug: Off
      Object Name: 
      Observers: 
        none
      Pointer: 0x7fd5ff812010
      Container manages memory: true
      Size: 12582912
      Capacity: 12582912

     Moving image = Image (0x555a84739840)
  RTTI typeinfo:   itk::Image<float, 3u>
  Reference Count: 2
  Modified Time: 2578
  Debug: Off
  Object Name: 
  Observers: 
    none
  Source: (none)
  Source output name: (none)
  Release Data: Off
  Data Released: False
  Global Release Data: Off
  PipelineMTime: 0
  UpdateMTime: 2575
  RealTimeStamp: 0 seconds 
  LargestPossibleRegion: 
    Dimension: 3
    Index: [0, 0, 0]
    Size: [192, 256, 256]
  BufferedRegion: 
    Dimension: 3
    Index: [0, 0, 0]
    Size: [192, 256, 256]
  RequestedRegion: 
    Dimension: 3
    Index: [0, 0, 0]
    Size: [192, 256, 256]
  Spacing: [1, 1, 1]
  Origin: [91.4053, 86.8994, -173.757]
  Direction: 
-0.999757 0.0169924 -0.0140755
-0.018821 -0.989681 0.142044
-0.0115166 0.142274 0.98976

  IndexToPointMatrix: 
-0.999757 0.0169924 -0.0140755
-0.018821 -0.989681 0.142044
-0.0115166 0.142274 0.98976

  PointToIndexMatrix: 
-0.999757 -0.018821 -0.0115166
0.0169924 -0.989681 0.142274
-0.0140755 0.142044 0.98976

  Inverse Direction: 
-0.999757 -0.018821 -0.0115166
0.0169924 -0.989681 0.142274
-0.0140755 0.142044 0.98976

  PixelContainer: 
    ImportImageContainer (0x555a84736660)
      RTTI typeinfo:   itk::ImportImageContainer<unsigned long, float>
      Reference Count: 1
      Modified Time: 2572
      Debug: Off
      Object Name: 
      Observers: 
        none
      Pointer: 0x7fd5fc811010
      Container manages memory: true
      Size: 12582912
      Capacity: 12582912

     Weighting = 1
     Sampling strategy = none
     Number of bins = 32
     Radius = 4
     Sampling percentage  = 1
   Transform = SyN
     Gradient step = 0.1
     Update field sigma (voxel space) = 3
     Total field sigma (voxel space) = 0
     Update field time sigma = 0
     Total field time sigma  = 0
     Number of time indices = 0
     Number of time point samples = 0
Registration using 3 total stages.

Stage 0
  iterations = 1000x500x250x0
  convergence threshold = 1e-06
  convergence window size = 10
  number of levels = 4
  using the Mattes MI metric (number of bins = 32, weight = 1)
  preprocessing:  winsorizing the image intensities
  preprocessing:  histogram matching the images
  Shrink factors (level 1 out of 4): [6, 6, 6]
  Shrink factors (level 2 out of 4): [4, 4, 4]
  Shrink factors (level 3 out of 4): [2, 2, 2]
  Shrink factors (level 4 out of 4): [1, 1, 1]
  smoothing sigmas per level: [4, 2, 1, 0]
  regular sampling (percentage = 0.25)

*** Running Euler3DTransform registration ***

DIAGNOSTIC,Iteration,metricValue,convergenceValue,ITERATION_TIME_INDEX,SINCE_LAST
 2DIAGNOSTIC,     1, -8.396555781364e-01, inf, 7.8150e-01, 7.8150e-01, 
 2DIAGNOSTIC,     2, -8.404856920242e-01, inf, 7.8986e-01, 8.3539e-03, 
 2DIAGNOSTIC,     3, -8.418179750443e-01, inf, 7.9804e-01, 8.1849e-03, 
 2DIAGNOSTIC,     4, -8.433826565742e-01, inf, 8.0653e-01, 8.4832e-03, 
 2DIAGNOSTIC,     5, -8.450679779053e-01, inf, 8.1524e-01, 8.7130e-03, 
 2DIAGNOSTIC,     6, -8.464995622635e-01, inf, 8.2347e-01, 8.2271e-03, 
 2DIAGNOSTIC,     7, -8.480383753777e-01, inf, 8.3165e-01, 8.1830e-03, 
 2DIAGNOSTIC,     8, -8.508320450783e-01, inf, 8.4268e-01, 1.1033e-02, 
 2DIAGNOSTIC,     9, -8.537153005600e-01, inf, 8.5763e-01, 1.4944e-02, 
 2DIAGNOSTIC,    10, -8.539015054703e-01, 1.163149601780e-03, 8.6608e-01, 8.4550e-03, 
 2DIAGNOSTIC,    11, -8.550872206688e-01, 1.081294845790e-03, 8.7457e-01, 8.4910e-03, 
 2DIAGNOSTIC,    12, -8.570356369019e-01, 9.934988338500e-04, 8.8237e-01, 7.8011e-03, 
 2DIAGNOSTIC,    13, -8.583378195763e-01, 8.950509945862e-04, 8.9040e-01, 8.0268e-03, 
 2DIAGNOSTIC,    14, -8.587336540222e-01, 7.751960074529e-04, 8.9862e-01, 8.2231e-03, 
 2DIAGNOSTIC,    15, -8.591172695160e-01, 6.479759467766e-04, 9.1086e-01, 1.2239e-02, 
 2DIAGNOSTIC,    16, -8.591685295105e-01, 5.090849008411e-04, 9.1978e-01, 8.9171e-03, 
 2DIAGNOSTIC,    17, -8.591859340668e-01, 3.691262681969e-04, 9.2775e-01, 7.9670e-03, 
 2DIAGNOSTIC,    18, -8.592186570168e-01, 2.617649734020e-04, 9.3662e-01, 8.8711e-03, 
 2DIAGNOSTIC,    19, -8.592610359192e-01, 1.935712061822e-04, 9.4483e-01, 8.2130e-03, 
 2DIAGNOSTIC,    20, -8.592808246613e-01, 1.178968377644e-04, 9.5307e-01, 8.2381e-03, 
 2DIAGNOSTIC,    21, -8.594096302986e-01, 5.895302092540e-05, 9.6218e-01, 9.1059e-03, 
 2DIAGNOSTIC,    22, -8.595440387726e-01, 3.114128412562e-05, 9.7032e-01, 8.1410e-03, 
 2DIAGNOSTIC,    23, -8.597416281700e-01, 2.458204835420e-05, 9.7852e-01, 8.1999e-03, 
 2DIAGNOSTIC,    24, -8.600779175758e-01, 2.637701254571e-05, 9.8875e-01, 1.0232e-02, 
 2DIAGNOSTIC,    25, -8.603895306587e-01, 3.484226544970e-05, 1.0028e+00, 1.4042e-02, 
 2DIAGNOSTIC,    26, -8.604235053062e-01, 4.053805241711e-05, 1.0116e+00, 8.8379e-03, 
 2DIAGNOSTIC,    27, -8.604107499123e-01, 4.222238203511e-05, 1.0215e+00, 9.9189e-03, 
 2DIAGNOSTIC,    28, -8.603819608688e-01, 3.998499596491e-05, 1.0295e+00, 7.9651e-03, 
 2DIAGNOSTIC,    29, -8.603598475456e-01, 3.443138484727e-05, 1.0385e+00, 9.0280e-03, 
 2DIAGNOSTIC,    30, -8.603834509850e-01, 2.652050170582e-05, 1.0475e+00, 8.9672e-03, 
 2DIAGNOSTIC,    31, -8.603975772858e-01, 1.825628714869e-05, 1.0556e+00, 8.0690e-03, 
 2DIAGNOSTIC,    32, -8.603907823563e-01, 1.023811455525e-05, 1.0635e+00, 7.9122e-03, 
 2DIAGNOSTIC,    33, -8.604616522789e-01, 4.495369921642e-06, 1.0715e+00, 8.0481e-03, 
 2DIAGNOSTIC,    34, -8.605254888535e-01, 2.566933517301e-06, 1.0796e+00, 8.1041e-03, 
 2DIAGNOSTIC,    35, -8.607226610184e-01, 5.393698302214e-06, 1.0877e+00, 8.0962e-03, 
 2DIAGNOSTIC,    36, -8.609858155251e-01, 1.033691114571e-05, 1.0969e+00, 9.2039e-03, 
 2DIAGNOSTIC,    37, -8.610364198685e-01, 1.442164102627e-05, 1.1072e+00, 1.0264e-02, 
 2DIAGNOSTIC,    38, -8.611918091774e-01, 1.814580537030e-05, 1.1249e+00, 1.7653e-02, 
 2DIAGNOSTIC,    39, -8.612057566643e-01, 1.994031117647e-05, 1.1351e+00, 1.0257e-02, 
 2DIAGNOSTIC,    40, -8.611838221550e-01, 1.982204412343e-05, 1.1456e+00, 1.0519e-02, 
 2DIAGNOSTIC,    41, -8.611855506897e-01, 1.802323095035e-05, 1.1558e+00, 1.0175e-02, 
 2DIAGNOSTIC,    42, -8.611757755280e-01, 1.452893229725e-05, 1.1651e+00, 9.2599e-03, 
 2DIAGNOSTIC,    43, -8.611592054367e-01, 1.031651390804e-05, 1.1741e+00, 9.0220e-03, 
 2DIAGNOSTIC,    44, -8.611441254616e-01, 5.733948910347e-06, 1.1821e+00, 8.0142e-03, 
 2DIAGNOSTIC,    45, -8.611282110214e-01, 2.183453034377e-06, 1.1903e+00, 8.2121e-03, 
DIAGNOSTIC,Iteration,metricValue,convergenceValue,ITERATION_TIME_INDEX,SINCE_LAST
 2DIAGNOSTIC,     1, -6.860718727112e-01, inf, 1.9983e+00, 8.0799e-01, 
 2DIAGNOSTIC,     2, -6.865850687027e-01, inf, 2.0346e+00, 3.6252e-02, 
 2DIAGNOSTIC,     3, -6.872764229774e-01, inf, 2.0693e+00, 3.4700e-02, 
 2DIAGNOSTIC,     4, -6.881121993065e-01, inf, 2.1013e+00, 3.2040e-02, 
 2DIAGNOSTIC,     5, -6.886557936668e-01, inf, 2.1347e+00, 3.3361e-02, 
 2DIAGNOSTIC,     6, -6.893452405930e-01, inf, 2.1666e+00, 3.1913e-02, 
 2DIAGNOSTIC,     7, -6.901993155479e-01, inf, 2.2075e+00, 4.0897e-02, 
 2DIAGNOSTIC,     8, -6.904101371765e-01, inf, 2.2395e+00, 3.2009e-02, 
 2DIAGNOSTIC,     9, -6.906116008759e-01, inf, 2.2719e+00, 3.2422e-02, 
 2DIAGNOSTIC,    10, -6.908579468727e-01, 4.814847488888e-04, 2.3141e+00, 4.2204e-02, 
 2DIAGNOSTIC,    11, -6.910223960876e-01, 3.884253965225e-04, 2.3464e+00, 3.2345e-02, 
 2DIAGNOSTIC,    12, -6.912203431129e-01, 3.002009179909e-04, 2.3966e+00, 5.0188e-02, 
 2DIAGNOSTIC,    13, -6.914989948273e-01, 2.290586126037e-04, 2.4334e+00, 3.6774e-02, 
 2DIAGNOSTIC,    14, -6.915343403816e-01, 1.731371594360e-04, 2.4701e+00, 3.6681e-02, 
 2DIAGNOSTIC,    15, -6.915425062180e-01, 1.240905985469e-04, 2.5033e+00, 3.3180e-02, 
 2DIAGNOSTIC,    16, -6.915729045868e-01, 8.807190170046e-05, 2.5363e+00, 3.2999e-02, 
 2DIAGNOSTIC,    17, -6.916293501854e-01, 7.032592839096e-05, 2.5740e+00, 3.7729e-02, 
 2DIAGNOSTIC,    18, -6.916569471359e-01, 5.353357119020e-05, 2.6240e+00, 5.0002e-02, 
 2DIAGNOSTIC,    19, -6.916601657867e-01, 3.808550536633e-05, 2.6665e+00, 4.2539e-02, 
 2DIAGNOSTIC,    20, -6.916573047638e-01, 2.587786912045e-05, 2.7005e+00, 3.4002e-02, 
 2DIAGNOSTIC,    21, -6.916512846947e-01, 1.564196463733e-05, 2.7380e+00, 3.7443e-02, 
 2DIAGNOSTIC,    22, -6.916519403458e-01, 8.579168024880e-06, 2.7797e+00, 4.1751e-02, 
 2DIAGNOSTIC,    23, -6.916528344154e-01, 6.446024599427e-06, 2.8174e+00, 3.7691e-02, 
 2DIAGNOSTIC,    24, -6.916440725327e-01, 4.486176749197e-06, 2.8541e+00, 3.6665e-02, 
 2DIAGNOSTIC,    25, -6.916488409042e-01, 2.609497641970e-06, 2.8864e+00, 3.2308e-02, 
 2DIAGNOSTIC,    26, -6.916512250900e-01, 1.249458364327e-06, 2.9188e+00, 3.2365e-02, 
DIAGNOSTIC,Iteration,metricValue,convergenceValue,ITERATION_TIME_INDEX,SINCE_LAST
 2DIAGNOSTIC,     1, -6.255831122398e-01, inf, 4.0630e+00, 1.1443e+00, 
 2DIAGNOSTIC,     2, -6.259066462517e-01, inf, 4.2904e+00, 2.2736e-01, 
 2DIAGNOSTIC,     3, -6.262000203133e-01, inf, 4.4999e+00, 2.0954e-01, 
 2DIAGNOSTIC,     4, -6.263795495033e-01, inf, 4.7157e+00, 2.1576e-01, 
 2DIAGNOSTIC,     5, -6.265414953232e-01, inf, 4.9263e+00, 2.1065e-01, 
 2DIAGNOSTIC,     6, -6.267924904823e-01, inf, 5.1458e+00, 2.1947e-01, 
 2DIAGNOSTIC,     7, -6.270026564598e-01, inf, 5.4074e+00, 2.6162e-01, 
 2DIAGNOSTIC,     8, -6.270880103111e-01, inf, 5.7049e+00, 2.9746e-01, 
 2DIAGNOSTIC,     9, -6.271323561668e-01, inf, 5.9175e+00, 2.1265e-01, 
 2DIAGNOSTIC,    10, -6.271670460701e-01, 1.669522316661e-04, 6.1322e+00, 2.1470e-01, 
 2DIAGNOSTIC,    11, -6.272390484810e-01, 1.264063030249e-04, 6.3624e+00, 2.3013e-01, 
 2DIAGNOSTIC,    12, -6.272963285446e-01, 9.558855526848e-05, 6.6330e+00, 2.7067e-01, 
 2DIAGNOSTIC,    13, -6.273446083069e-01, 7.298341370188e-05, 7.0694e+00, 4.3640e-01, 
 2DIAGNOSTIC,    14, -6.273474693298e-01, 5.314710506354e-05, 7.3091e+00, 2.3968e-01, 
 2DIAGNOSTIC,    15, -6.273494958878e-01, 3.618366463343e-05, 7.5235e+00, 2.1433e-01, 
 2DIAGNOSTIC,    16, -6.273530125618e-01, 2.528731783968e-05, 7.7417e+00, 2.1829e-01, 
 2DIAGNOSTIC,    17, -6.273562312126e-01, 1.914526183100e-05, 7.9807e+00, 2.3899e-01, 
 2DIAGNOSTIC,    18, -6.273584961891e-01, 1.427876122762e-05, 8.2309e+00, 2.5020e-01, 
 2DIAGNOSTIC,    19, -6.273598670959e-01, 9.870751455310e-06, 8.4434e+00, 2.1249e-01, 
 2DIAGNOSTIC,    20, -6.273623704910e-01, 5.971606697130e-06, 8.6849e+00, 2.4146e-01, 
 2DIAGNOSTIC,    21, -6.273615956306e-01, 3.549533403202e-06, 8.9263e+00, 2.4138e-01, 
 2DIAGNOSTIC,    22, -6.273630261421e-01, 2.340394530620e-06, 9.1666e+00, 2.4032e-01, 
 2DIAGNOSTIC,    23, -6.273660659790e-01, 2.162955070162e-06, 9.4110e+00, 2.4446e-01, 
 2DIAGNOSTIC,    24, -6.273689270020e-01, 2.033704959103e-06, 9.6243e+00, 2.1327e-01, 
 2DIAGNOSTIC,    25, -6.273717880249e-01, 1.935311729540e-06, 9.8396e+00, 2.1525e-01, 
 2DIAGNOSTIC,    26, -6.273799538612e-01, 1.985120206882e-06, 1.0052e+01, 2.1265e-01, 
 2DIAGNOSTIC,    27, -6.273871064186e-01, 2.130411985490e-06, 1.0281e+01, 2.2859e-01, 
 2DIAGNOSTIC,    28, -6.273990869522e-01, 2.403730150036e-06, 1.0492e+01, 2.1141e-01, 
 2DIAGNOSTIC,    29, -6.274245381355e-01, 2.953755483759e-06, 1.0849e+01, 3.5640e-01, 
