All_Command_lines_OK
Using single precision for computations.
=============================================================================
The composite transform comprises the following transforms (in order): 
  1. Center of mass alignment using fixed image: /home/mpib/nemecz/Projects/miniTRK/Results/01_MRI/GroupTempl/T1w/T_template0.nii.gz and moving image: /home/mpib/nemecz/Projects/miniTRK/Analysis/01_MRI/Preproc/GroupTempl/T1w/sub-589611_T1w.nii.gz (type = Euler3DTransform)
=============================================================================
  number of levels = 4
  fixed image: /home/mpib/nemecz/Projects/miniTRK/Results/01_MRI/GroupTempl/T1w/T_template0.nii.gz
  moving image: /home/mpib/nemecz/Projects/miniTRK/Analysis/01_MRI/Preproc/GroupTempl/T1w/sub-589611_T1w.nii.gz
Dimension = 3
Number of stages = 1
Use Histogram Matching true
Winsorize image intensities true
Lower quantile = 0.01
Upper quantile = 0.99
Stage 1 State
   Image metric = Mattes
     Fixed image = Image (0x56541eb9dfe0)
  RTTI typeinfo:   itk::Image<float, 3u>
  Reference Count: 2
  Modified Time: 1667
  Debug: Off
  Object Name: 
  Observers: 
    none
  Source: (none)
  Source output name: (none)
  Release Data: Off
  Data Released: False
  Global Release Data: Off
  PipelineMTime: 0
  UpdateMTime: 1452
  RealTimeStamp: 0 seconds 
  LargestPossibleRegion: 
    Dimension: 3
    Index: [0, 0, 0]
    Size: [192, 256, 256]
  BufferedRegion: 
    Dimension: 3
    Index: [0, 0, 0]
    Size: [192, 256, 256]
  RequestedRegion: 
    Dimension: 3
    Index: [0, 0, 0]
    Size: [192, 256, 256]
  Spacing: [1, 1, 1]
  Origin: [95.0313, 100.538, -154.123]
  Direction: 
-0.999853 -0.014134 -0.00966312
0.014129 -0.9999 0.000586045
-0.00967044 0.000449429 0.999953

  IndexToPointMatrix: 
-0.999853 -0.014134 -0.00966312
0.014129 -0.9999 0.000586045
-0.00967044 0.000449429 0.999953

  PointToIndexMatrix: 
-0.999853 0.014129 -0.00967044
-0.014134 -0.9999 0.000449429
-0.00966312 0.000586045 0.999953

  Inverse Direction: 
-0.999853 0.014129 -0.00967044
-0.014134 -0.9999 0.000449429
-0.00966312 0.000586045 0.999953

  PixelContainer: 
    ImportImageContainer (0x56541ebaa970)
      RTTI typeinfo:   itk::ImportImageContainer<unsigned long, float>
      Reference Count: 1
      Modified Time: 1449
      Debug: Off
      Object Name: 
      Observers: 
        none
      Pointer: 0x7fd20fc16010
      Container manages memory: true
      Size: 12582912
      Capacity: 12582912

     Moving image = Image (0x56541ebaa450)
  RTTI typeinfo:   itk::Image<float, 3u>
  Reference Count: 2
  Modified Time: 1668
  Debug: Off
  Object Name: 
  Observers: 
    none
  Source: (none)
  Source output name: (none)
  Release Data: Off
  Data Released: False
  Global Release Data: Off
  PipelineMTime: 0
  UpdateMTime: 1665
  RealTimeStamp: 0 seconds 
  LargestPossibleRegion: 
    Dimension: 3
    Index: [0, 0, 0]
    Size: [192, 256, 256]
  BufferedRegion: 
    Dimension: 3
    Index: [0, 0, 0]
    Size: [192, 256, 256]
  RequestedRegion: 
    Dimension: 3
    Index: [0, 0, 0]
    Size: [192, 256, 256]
  Spacing: [1, 1, 1]
  Origin: [98.7674, 49.8491, -175.216]
  Direction: 
-0.999859 -0.00845455 -0.014537
0.00386012 -0.956737 0.290928
-0.0163677 0.29083 0.956635

  IndexToPointMatrix: 
-0.999859 -0.00845455 -0.014537
0.00386012 -0.956737 0.290928
-0.0163677 0.29083 0.956635

  PointToIndexMatrix: 
-0.999859 0.00386012 -0.0163678
-0.00845456 -0.956737 0.290831
-0.014537 0.290927 0.956635

  Inverse Direction: 
-0.999859 0.00386012 -0.0163678
-0.00845456 -0.956737 0.290831
-0.014537 0.290927 0.956635

  PixelContainer: 
    ImportImageContainer (0x56541eb9f1a0)
      RTTI typeinfo:   itk::ImportImageContainer<unsigned long, float>
      Reference Count: 1
      Modified Time: 1662
      Debug: Off
      Object Name: 
      Observers: 
        none
      Pointer: 0x7fd20cc15010
      Container manages memory: true
      Size: 12582912
      Capacity: 12582912

     Weighting = 1
     Sampling strategy = regular
     Number of bins = 32
     Radius = 4
     Sampling percentage  = 0.25
   Transform = Rigid
     Gradient step = 0.1
     Update field sigma (voxel space) = 0
     Total field sigma (voxel space) = 0
     Update field time sigma = 0
     Total field time sigma  = 0
     Number of time indices = 0
     Number of time point samples = 0
Registration using 1 total stages.

Stage 0
  iterations = 1000x500x250x0
  convergence threshold = 1e-06
  convergence window size = 10
  number of levels = 4
  using the Mattes MI metric (number of bins = 32, weight = 1)
  preprocessing:  winsorizing the image intensities
  preprocessing:  histogram matching the images
  Shrink factors (level 1 out of 4): [6, 6, 6]
  Shrink factors (level 2 out of 4): [4, 4, 4]
  Shrink factors (level 3 out of 4): [2, 2, 2]
  Shrink factors (level 4 out of 4): [1, 1, 1]
  smoothing sigmas per level: [3, 2, 1, 0]
  regular sampling (percentage = 0.25)

*** Running Euler3DTransform registration ***

DIAGNOSTIC,Iteration,metricValue,convergenceValue,ITERATION_TIME_INDEX,SINCE_LAST
 2DIAGNOSTIC,     1, -7.946000695229e-01, inf, 7.5260e-01, 7.5260e-01, 
 2DIAGNOSTIC,     2, -7.975186109543e-01, inf, 7.6063e-01, 8.0259e-03, 
 2DIAGNOSTIC,     3, -8.020896315575e-01, inf, 7.6836e-01, 7.7329e-03, 
 2DIAGNOSTIC,     4, -8.092926740646e-01, inf, 7.7673e-01, 8.3649e-03, 
 2DIAGNOSTIC,     5, -8.198347687721e-01, inf, 7.8515e-01, 8.4279e-03, 
 2DIAGNOSTIC,     6, -8.342478275299e-01, inf, 7.9321e-01, 8.0600e-03, 
 2DIAGNOSTIC,     7, -8.478559851646e-01, inf, 8.0120e-01, 7.9911e-03, 
 2DIAGNOSTIC,     8, -8.513870239258e-01, inf, 8.0965e-01, 8.4410e-03, 
 2DIAGNOSTIC,     9, -8.530531525612e-01, inf, 8.2416e-01, 1.4519e-02, 
 2DIAGNOSTIC,    10, -8.530575633049e-01, 5.574263166636e-03, 8.3213e-01, 7.9610e-03, 
 2DIAGNOSTIC,    11, -8.538961410522e-01, 4.635624587536e-03, 8.3976e-01, 7.6330e-03, 
 2DIAGNOSTIC,    12, -8.547245860100e-01, 3.545197425410e-03, 8.4743e-01, 7.6759e-03, 
 2DIAGNOSTIC,    13, -8.554505109787e-01, 2.447343897074e-03, 8.5512e-01, 7.6809e-03, 
 2DIAGNOSTIC,    14, -8.562939167023e-01, 1.485622138716e-03, 8.6276e-01, 7.6449e-03, 
 2DIAGNOSTIC,    15, -8.574648499489e-01, 7.808658410795e-04, 8.7051e-01, 7.7500e-03, 
 2DIAGNOSTIC,    16, -8.613368868828e-01, 4.753451503348e-04, 8.8651e-01, 1.6001e-02, 
 2DIAGNOSTIC,    17, -8.614426851273e-01, 4.328179347795e-04, 8.9587e-01, 9.3582e-03, 
 2DIAGNOSTIC,    18, -8.614102602005e-01, 4.213194479235e-04, 9.0451e-01, 8.6401e-03, 
 2DIAGNOSTIC,    19, -8.613995909691e-01, 4.028674447909e-04, 9.1230e-01, 7.7929e-03, 
 2DIAGNOSTIC,    20, -8.613899350166e-01, 3.483386826701e-04, 9.2039e-01, 8.0831e-03, 
 2DIAGNOSTIC,    21, -8.614064455032e-01, 2.794221509248e-04, 9.2807e-01, 7.6871e-03, 
 2DIAGNOSTIC,    22, -8.614013195038e-01, 2.034492499661e-04, 9.3590e-01, 7.8299e-03, 
 2DIAGNOSTIC,    23, -8.614220023155e-01, 1.270332722925e-04, 9.4475e-01, 8.8470e-03, 
 2DIAGNOSTIC,    24, -8.613893985748e-01, 5.690105535905e-05, 9.5342e-01, 8.6660e-03, 
 2DIAGNOSTIC,    25, -8.613989949226e-01, 1.662643398959e-06, 9.6105e-01, 7.6370e-03, 
DIAGNOSTIC,Iteration,metricValue,convergenceValue,ITERATION_TIME_INDEX,SINCE_LAST
 2DIAGNOSTIC,     1, -7.521476149559e-01, inf, 1.6021e+00, 6.4101e-01, 
 2DIAGNOSTIC,     2, -7.528811693192e-01, inf, 1.6351e+00, 3.3030e-02, 
 2DIAGNOSTIC,     3, -7.538009285927e-01, inf, 1.6666e+00, 3.1479e-02, 
 2DIAGNOSTIC,     4, -7.548834681511e-01, inf, 1.6975e+00, 3.0983e-02, 
 2DIAGNOSTIC,     5, -7.562010884285e-01, inf, 1.7281e+00, 3.0508e-02, 
 2DIAGNOSTIC,     6, -7.581730484962e-01, inf, 1.7588e+00, 3.0775e-02, 
 2DIAGNOSTIC,     7, -7.619508504868e-01, inf, 1.8028e+00, 4.3962e-02, 
 2DIAGNOSTIC,     8, -7.621188163757e-01, inf, 1.8342e+00, 3.1376e-02, 
 2DIAGNOSTIC,     9, -7.622472047806e-01, inf, 1.8644e+00, 3.0229e-02, 
 2DIAGNOSTIC,    10, -7.623646855354e-01, 1.048398786224e-03, 1.9091e+00, 4.4657e-02, 
 2DIAGNOSTIC,    11, -7.624970078468e-01, 8.772198925726e-04, 1.9448e+00, 3.5752e-02, 
 2DIAGNOSTIC,    12, -7.625038027763e-01, 6.774885696359e-04, 1.9802e+00, 3.5358e-02, 
 2DIAGNOSTIC,    13, -7.625159025192e-01, 4.746585909743e-04, 2.0155e+00, 3.5356e-02, 
 2DIAGNOSTIC,    14, -7.625227570534e-01, 2.884347923100e-04, 2.0463e+00, 3.0817e-02, 
 2DIAGNOSTIC,    15, -7.625298500061e-01, 1.338088040939e-04, 2.0821e+00, 3.5765e-02, 
 2DIAGNOSTIC,    16, -7.625351548195e-01, 3.026199556189e-05, 2.1435e+00, 6.1377e-02, 
 2DIAGNOSTIC,    17, -7.625348567963e-01, 1.943069764820e-05, 2.1748e+00, 3.1305e-02, 
 2DIAGNOSTIC,    18, -7.625345587730e-01, 1.166653601103e-05, 2.2061e+00, 3.1345e-02, 
 2DIAGNOSTIC,    19, -7.625291943550e-01, 6.192666205607e-06, 2.2375e+00, 3.1324e-02, 
 2DIAGNOSTIC,    20, -7.625317573547e-01, 3.026828153452e-06, 2.2683e+00, 3.0869e-02, 
 2DIAGNOSTIC,    21, -7.625404596329e-01, 2.537234422562e-06, 2.3035e+00, 3.5178e-02, 
 2DIAGNOSTIC,    22, -7.625526785851e-01, 2.312360948054e-06, 2.3386e+00, 3.5047e-02, 
 2DIAGNOSTIC,    23, -7.625502943993e-01, 2.181049467254e-06, 2.3741e+00, 3.5582e-02, 
 2DIAGNOSTIC,    24, -7.625465989113e-01, 2.040059598585e-06, 2.4098e+00, 3.5654e-02, 
 2DIAGNOSTIC,    25, -7.625473737717e-01, 1.962102260222e-06, 2.4451e+00, 3.5330e-02, 
 2DIAGNOSTIC,    26, -7.625488042831e-01, 1.916779638123e-06, 2.4761e+00, 3.1025e-02, 
 2DIAGNOSTIC,    27, -7.625549435616e-01, 1.885980850602e-06, 2.5116e+00, 3.5493e-02, 
 2DIAGNOSTIC,    28, -7.625576257706e-01, 1.825225012908e-06, 2.5423e+00, 3.0695e-02, 
 2DIAGNOSTIC,    29, -7.625535130501e-01, 1.585883865118e-06, 2.5779e+00, 3.5555e-02, 
 2DIAGNOSTIC,    30, -7.625561952591e-01, 1.383132598676e-06, 2.6087e+00, 3.0819e-02, 
 2DIAGNOSTIC,    31, -7.625542879105e-01, 1.238123331859e-06, 2.6441e+00, 3.5420e-02, 
 2DIAGNOSTIC,    32, -7.625482678413e-01, 1.153926746156e-06, 2.6798e+00, 3.5702e-02, 
 2DIAGNOSTIC,    33, -7.625453472137e-01, 1.002995304589e-06, 2.7155e+00, 3.5687e-02, 
DIAGNOSTIC,Iteration,metricValue,convergenceValue,ITERATION_TIME_INDEX,SINCE_LAST
 2DIAGNOSTIC,     1, -6.737520098686e-01, inf, 3.8036e+00, 1.0881e+00, 
 2DIAGNOSTIC,     2, -6.740414500237e-01, inf, 4.0135e+00, 2.0987e-01, 
 2DIAGNOSTIC,     3, -6.742166876793e-01, inf, 4.2236e+00, 2.1014e-01, 
 2DIAGNOSTIC,     4, -6.742775440216e-01, inf, 4.4348e+00, 2.1118e-01, 
 2DIAGNOSTIC,     5, -6.743178963661e-01, inf, 4.7900e+00, 3.5514e-01, 
 2DIAGNOSTIC,     6, -6.743184924126e-01, inf, 5.0289e+00, 2.3890e-01, 
 2DIAGNOSTIC,     7, -6.743150353432e-01, inf, 5.2677e+00, 2.3886e-01, 
 2DIAGNOSTIC,     8, -6.743152737617e-01, inf, 5.5671e+00, 2.9936e-01, 
 2DIAGNOSTIC,     9, -6.743149161339e-01, inf, 5.8065e+00, 2.3945e-01, 
 2DIAGNOSTIC,    10, -6.743125319481e-01, 4.053958036820e-05, 6.0462e+00, 2.3966e-01, 
 2DIAGNOSTIC,    11, -6.743122339249e-01, 1.741430241964e-05, 6.3415e+00, 2.9529e-01, 
 2DIAGNOSTIC,    12, -6.743123531342e-01, 6.886484698043e-06, 6.6183e+00, 2.7687e-01, 
 2DIAGNOSTIC,    13, -6.743121743202e-01, 3.230754600736e-06, 6.8857e+00, 2.6740e-01, 
 2DIAGNOSTIC,    14, -6.743121743202e-01, 1.822617718972e-06, 7.1230e+00, 2.3722e-01, 
 2DIAGNOSTIC,    15, -6.743118166924e-01, 1.766868194863e-06, 7.3610e+00, 2.3807e-01, 
 2DIAGNOSTIC,    16, -6.743119359016e-01, 1.772476252881e-06, 7.6001e+00, 2.3910e-01, 
 2DIAGNOSTIC,    17, -6.743120551109e-01, 1.713092615319e-06, 7.8397e+00, 2.3960e-01, 
 2DIAGNOSTIC,    18, -6.743119955063e-01, 1.678443140918e-06, 8.0791e+00, 2.3941e-01, 
 2DIAGNOSTIC,    19, -6.743110418320e-01, 1.628228460504e-06, 8.3188e+00, 2.3965e-01, 
 2DIAGNOSTIC,    20, -6.743113398552e-01, 1.544219003335e-06, 8.5607e+00, 2.4190e-01, 
 2DIAGNOSTIC,    21, -6.743112802505e-01, 1.464798742745e-06, 8.7992e+00, 2.3851e-01, 
 2DIAGNOSTIC,    22, -6.743112802505e-01, 1.399304096594e-06, 9.0413e+00, 2.4213e-01, 
 2DIAGNOSTIC,    23, -6.743114590645e-01, 1.343981921309e-06, 9.2549e+00, 2.1356e-01, 
 2DIAGNOSTIC,    24, -6.743113994598e-01, 1.296291884501e-06, 9.4986e+00, 2.4372e-01, 
 2DIAGNOSTIC,    25, -6.743115186691e-01, 1.251133767255e-06, 9.7079e+00, 2.0927e-01, 
 2DIAGNOSTIC,    26, -6.743117570877e-01, 1.216912778546e-06, 9.9492e+00, 2.4134e-01, 
 2DIAGNOSTIC,    27, -6.743114590645e-01, 1.182875053019e-06, 1.0216e+01, 2.6706e-01, 
 2DIAGNOSTIC,    28, -6.743114590645e-01, 1.150540924755e-06, 1.0452e+01, 2.3564e-01, 
 2DIAGNOSTIC,    29, -6.743113398552e-01, 1.103349518417e-06, 1.0691e+01, 2.3864e-01, 
 2DIAGNOSTIC,    30, -6.743114590645e-01, 1.064567868525e-06, 1.0934e+01, 2.4355e-01, 
 2DIAGNOSTIC,    31, -6.743116974831e-01, 1.030227736010e-06, 1.1173e+01, 2.3909e-01, 
DIAGNOSTIC,Iteration,metricValue,convergenceValue,ITERATION_TIME_INDEX,SINCE_LAST
 2DIAGNOSTIC,     1, -6.098673343658e-01, inf, 1.3564e+01, 2.3904e+00, 
  Elapsed time (stage 0): 1.4759e+01


Total elapsed time: 1.4759e+01
Using single precision for computations.
Input scalar image: /home/mpib/nemecz/Projects/miniTRK/Analysis/01_MRI/Preproc/GroupTempl/T1w/sub-589611_T1w.nii.gz
Reference image: /home/mpib/nemecz/Projects/miniTRK/Results/01_MRI/GroupTempl/T1w/T_template0.nii.gz
=============================================================================
The composite transform comprises the following transforms (in order): 
  1. /home/mpib/nemecz/Projects/miniTRK/Results/01_MRI/GroupTempl/T1w/rigid20_0GenericAffine.mat (type = AffineTransform)
=============================================================================
Default pixel value: 0
Interpolation type: LinearInterpolateImageFunction
Output warped image: /home/mpib/nemecz/Projects/miniTRK/Results/01_MRI/GroupTempl/T1w/rigid20_0_sub-589611_T1w.nii.gz
