
Running N4 for 3-dimensional images.

Mask not read.  Using the entire image as the mask.

Original intensity range:  [0, 861]

***********************************************************
Warning:  Your input image contains nonpositive values
which could cause failure or problematic results.  A
possible workaround would be to:
   1. rescale your image to positive values e.g., [10,100].
   2. run N4 on your rescaled image.
   3. (optional) rescale the N4 output to the original
      intensity range.
***********************************************************

Specified spline distance: 200mm
  original image size:  [192, 256, 256]
  padded image size:  [201, 401, 401]
  number of control points:  [4, 5, 5]

Current level = 1
  Iteration 1 (of 50).   Current convergence value = 0.000418836 (threshold = 1e-08)
  Iteration 2 (of 50).   Current convergence value = 0.000385016 (threshold = 1e-08)
  Iteration 3 (of 50).   Current convergence value = 0.000322059 (threshold = 1e-08)
  Iteration 4 (of 50).   Current convergence value = 0.000247106 (threshold = 1e-08)
  Iteration 5 (of 50).   Current convergence value = 0.000191102 (threshold = 1e-08)
  Iteration 6 (of 50).   Current convergence value = 0.000151061 (threshold = 1e-08)
  Iteration 7 (of 50).   Current convergence value = 0.000122635 (threshold = 1e-08)
  Iteration 8 (of 50).   Current convergence value = 0.000102625 (threshold = 1e-08)
  Iteration 9 (of 50).   Current convergence value = 8.81143e-05 (threshold = 1e-08)
  Iteration 10 (of 50).   Current convergence value = 7.80563e-05 (threshold = 1e-08)
  Iteration 11 (of 50).   Current convergence value = 7.07967e-05 (threshold = 1e-08)
  Iteration 12 (of 50).   Current convergence value = 6.54535e-05 (threshold = 1e-08)
  Iteration 13 (of 50).   Current convergence value = 6.16607e-05 (threshold = 1e-08)
  Iteration 14 (of 50).   Current convergence value = 5.88161e-05 (threshold = 1e-08)
  Iteration 15 (of 50).   Current convergence value = 5.65651e-05 (threshold = 1e-08)
  Iteration 16 (of 50).   Current convergence value = 5.5146e-05 (threshold = 1e-08)
  Iteration 17 (of 50).   Current convergence value = 5.4079e-05 (threshold = 1e-08)
  Iteration 18 (of 50).   Current convergence value = 5.33675e-05 (threshold = 1e-08)
  Iteration 19 (of 50).   Current convergence value = 5.27439e-05 (threshold = 1e-08)
  Iteration 20 (of 50).   Current convergence value = 5.22734e-05 (threshold = 1e-08)
  Iteration 21 (of 50).   Current convergence value = 5.18592e-05 (threshold = 1e-08)
  Iteration 22 (of 50).   Current convergence value = 5.16833e-05 (threshold = 1e-08)
  Iteration 23 (of 50).   Current convergence value = 5.15907e-05 (threshold = 1e-08)
  Iteration 24 (of 50).   Current convergence value = 5.15799e-05 (threshold = 1e-08)
  Iteration 25 (of 50).   Current convergence value = 5.17025e-05 (threshold = 1e-08)
  Iteration 26 (of 50).   Current convergence value = 5.16538e-05 (threshold = 1e-08)
  Iteration 27 (of 50).   Current convergence value = 5.18839e-05 (threshold = 1e-08)
  Iteration 28 (of 50).   Current convergence value = 5.21273e-05 (threshold = 1e-08)
  Iteration 29 (of 50).   Current convergence value = 5.22043e-05 (threshold = 1e-08)
  Iteration 30 (of 50).   Current convergence value = 5.25729e-05 (threshold = 1e-08)
  Iteration 31 (of 50).   Current convergence value = 5.2901e-05 (threshold = 1e-08)
  Iteration 32 (of 50).   Current convergence value = 5.30955e-05 (threshold = 1e-08)
  Iteration 33 (of 50).   Current convergence value = 5.34862e-05 (threshold = 1e-08)
  Iteration 34 (of 50).   Current convergence value = 5.37553e-05 (threshold = 1e-08)
  Iteration 35 (of 50).   Current convergence value = 5.4069e-05 (threshold = 1e-08)
  Iteration 36 (of 50).   Current convergence value = 5.45407e-05 (threshold = 1e-08)
  Iteration 37 (of 50).   Current convergence value = 5.47789e-05 (threshold = 1e-08)
  Iteration 38 (of 50).   Current convergence value = 5.50602e-05 (threshold = 1e-08)
  Iteration 39 (of 50).   Current convergence value = 5.5328e-05 (threshold = 1e-08)
  Iteration 40 (of 50).   Current convergence value = 5.5469e-05 (threshold = 1e-08)
  Iteration 41 (of 50).   Current convergence value = 5.57976e-05 (threshold = 1e-08)
  Iteration 42 (of 50).   Current convergence value = 5.59738e-05 (threshold = 1e-08)
  Iteration 43 (of 50).   Current convergence value = 5.62667e-05 (threshold = 1e-08)
  Iteration 44 (of 50).   Current convergence value = 5.64268e-05 (threshold = 1e-08)
  Iteration 45 (of 50).   Current convergence value = 5.65986e-05 (threshold = 1e-08)
  Iteration 46 (of 50).   Current convergence value = 5.67322e-05 (threshold = 1e-08)
  Iteration 47 (of 50).   Current convergence value = 5.68676e-05 (threshold = 1e-08)
  Iteration 48 (of 50).   Current convergence value = 5.69435e-05 (threshold = 1e-08)
  Iteration 49 (of 50).   Current convergence value = 5.70124e-05 (threshold = 1e-08)
  Iteration 50 (of 50).   Current convergence value = 5.71606e-05 (threshold = 1e-08)
Current level = 2
  Iteration 1 (of 50).   Current convergence value = 0.000466082 (threshold = 1e-08)
  Iteration 2 (of 50).   Current convergence value = 0.000423398 (threshold = 1e-08)
  Iteration 3 (of 50).   Current convergence value = 0.00039872 (threshold = 1e-08)
  Iteration 4 (of 50).   Current convergence value = 0.000376253 (threshold = 1e-08)
  Iteration 5 (of 50).   Current convergence value = 0.000354397 (threshold = 1e-08)
  Iteration 6 (of 50).   Current convergence value = 0.000330226 (threshold = 1e-08)
  Iteration 7 (of 50).   Current convergence value = 0.000305202 (threshold = 1e-08)
  Iteration 8 (of 50).   Current convergence value = 0.000279786 (threshold = 1e-08)
  Iteration 9 (of 50).   Current convergence value = 0.000263622 (threshold = 1e-08)
  Iteration 10 (of 50).   Current convergence value = 0.000251463 (threshold = 1e-08)
  Iteration 11 (of 50).   Current convergence value = 0.000239188 (threshold = 1e-08)
  Iteration 12 (of 50).   Current convergence value = 0.00022825 (threshold = 1e-08)
  Iteration 13 (of 50).   Current convergence value = 0.000219052 (threshold = 1e-08)
  Iteration 14 (of 50).   Current convergence value = 0.000211576 (threshold = 1e-08)
  Iteration 15 (of 50).   Current convergence value = 0.000205608 (threshold = 1e-08)
  Iteration 16 (of 50).   Current convergence value = 0.00020062 (threshold = 1e-08)
  Iteration 17 (of 50).   Current convergence value = 0.000168755 (threshold = 1e-08)
  Iteration 18 (of 50).   Current convergence value = 0.000162022 (threshold = 1e-08)
  Iteration 19 (of 50).   Current convergence value = 0.0001561 (threshold = 1e-08)
  Iteration 20 (of 50).   Current convergence value = 0.000150349 (threshold = 1e-08)
  Iteration 21 (of 50).   Current convergence value = 0.000144769 (threshold = 1e-08)
  Iteration 22 (of 50).   Current convergence value = 0.000139711 (threshold = 1e-08)
  Iteration 23 (of 50).   Current convergence value = 0.000134534 (threshold = 1e-08)
  Iteration 24 (of 50).   Current convergence value = 0.000130017 (threshold = 1e-08)
  Iteration 25 (of 50).   Current convergence value = 0.000125668 (threshold = 1e-08)
  Iteration 26 (of 50).   Current convergence value = 0.000121903 (threshold = 1e-08)
  Iteration 27 (of 50).   Current convergence value = 0.000118536 (threshold = 1e-08)
  Iteration 28 (of 50).   Current convergence value = 0.000115359 (threshold = 1e-08)
  Iteration 29 (of 50).   Current convergence value = 0.000112612 (threshold = 1e-08)
  Iteration 30 (of 50).   Current convergence value = 0.000109907 (threshold = 1e-08)
  Iteration 31 (of 50).   Current convergence value = 0.00010764 (threshold = 1e-08)
  Iteration 32 (of 50).   Current convergence value = 0.000105418 (threshold = 1e-08)
  Iteration 33 (of 50).   Current convergence value = 0.000103406 (threshold = 1e-08)
  Iteration 34 (of 50).   Current convergence value = 0.000101824 (threshold = 1e-08)
  Iteration 35 (of 50).   Current convergence value = 0.000100272 (threshold = 1e-08)
  Iteration 36 (of 50).   Current convergence value = 9.89463e-05 (threshold = 1e-08)
  Iteration 37 (of 50).   Current convergence value = 9.75505e-05 (threshold = 1e-08)
  Iteration 38 (of 50).   Current convergence value = 9.63441e-05 (threshold = 1e-08)
  Iteration 39 (of 50).   Current convergence value = 9.52163e-05 (threshold = 1e-08)
  Iteration 40 (of 50).   Current convergence value = 9.40499e-05 (threshold = 1e-08)
  Iteration 41 (of 50).   Current convergence value = 9.29575e-05 (threshold = 1e-08)
  Iteration 42 (of 50).   Current convergence value = 9.19379e-05 (threshold = 1e-08)
  Iteration 43 (of 50).   Current convergence value = 9.08847e-05 (threshold = 1e-08)
  Iteration 44 (of 50).   Current convergence value = 9.00448e-05 (threshold = 1e-08)
  Iteration 45 (of 50).   Current convergence value = 8.90643e-05 (threshold = 1e-08)
  Iteration 46 (of 50).   Current convergence value = 8.82421e-05 (threshold = 1e-08)
  Iteration 47 (of 50).   Current convergence value = 8.74591e-05 (threshold = 1e-08)
  Iteration 48 (of 50).   Current convergence value = 8.67056e-05 (threshold = 1e-08)
  Iteration 49 (of 50).   Current convergence value = 8.59764e-05 (threshold = 1e-08)
  Iteration 50 (of 50).   Current convergence value = 8.53687e-05 (threshold = 1e-08)
Current level = 3
  Iteration 1 (of 40).   Current convergence value = 0.00110847 (threshold = 1e-08)
  Iteration 2 (of 40).   Current convergence value = 0.000720232 (threshold = 1e-08)
  Iteration 3 (of 40).   Current convergence value = 0.000823722 (threshold = 1e-08)
  Iteration 4 (of 40).   Current convergence value = 0.000897961 (threshold = 1e-08)
  Iteration 5 (of 40).   Current convergence value = 0.000896686 (threshold = 1e-08)
  Iteration 6 (of 40).   Current convergence value = 0.000838239 (threshold = 1e-08)
  Iteration 7 (of 40).   Current convergence value = 0.000790873 (threshold = 1e-08)
  Iteration 8 (of 40).   Current convergence value = 0.00074607 (threshold = 1e-08)
  Iteration 9 (of 40).   Current convergence value = 0.000713311 (threshold = 1e-08)
  Iteration 10 (of 40).   Current convergence value = 0.000683615 (threshold = 1e-08)
  Iteration 11 (of 40).   Current convergence value = 0.000664797 (threshold = 1e-08)
  Iteration 12 (of 40).   Current convergence value = 0.00064808 (threshold = 1e-08)
  Iteration 13 (of 40).   Current convergence value = 0.000632728 (threshold = 1e-08)
  Iteration 14 (of 40).   Current convergence value = 0.000617476 (threshold = 1e-08)
  Iteration 15 (of 40).   Current convergence value = 0.000600442 (threshold = 1e-08)
  Iteration 16 (of 40).   Current convergence value = 0.000578152 (threshold = 1e-08)
  Iteration 17 (of 40).   Current convergence value = 0.000556968 (threshold = 1e-08)
  Iteration 18 (of 40).   Current convergence value = 0.000539496 (threshold = 1e-08)
  Iteration 19 (of 40).   Current convergence value = 0.000524913 (threshold = 1e-08)
  Iteration 20 (of 40).   Current convergence value = 0.000512578 (threshold = 1e-08)
  Iteration 21 (of 40).   Current convergence value = 0.000502048 (threshold = 1e-08)
  Iteration 22 (of 40).   Current convergence value = 0.000493055 (threshold = 1e-08)
  Iteration 23 (of 40).   Current convergence value = 0.000485259 (threshold = 1e-08)
  Iteration 24 (of 40).   Current convergence value = 0.000478252 (threshold = 1e-08)
  Iteration 25 (of 40).   Current convergence value = 0.000472073 (threshold = 1e-08)
  Iteration 26 (of 40).   Current convergence value = 0.000466297 (threshold = 1e-08)
  Iteration 27 (of 40).   Current convergence value = 0.000461163 (threshold = 1e-08)
  Iteration 28 (of 40).   Current convergence value = 0.000456189 (threshold = 1e-08)
  Iteration 29 (of 40).   Current convergence value = 0.000448303 (threshold = 1e-08)
  Iteration 30 (of 40).   Current convergence value = 0.000437561 (threshold = 1e-08)
  Iteration 31 (of 40).   Current convergence value = 0.000414652 (threshold = 1e-08)
  Iteration 32 (of 40).   Current convergence value = 0.000388342 (threshold = 1e-08)
  Iteration 33 (of 40).   Current convergence value = 0.000366642 (threshold = 1e-08)
  Iteration 34 (of 40).   Current convergence value = 0.000348216 (threshold = 1e-08)
  Iteration 35 (of 40).   Current convergence value = 0.000332246 (threshold = 1e-08)
  Iteration 36 (of 40).   Current convergence value = 0.00031825 (threshold = 1e-08)
  Iteration 37 (of 40).   Current convergence value = 0.000305965 (threshold = 1e-08)
  Iteration 38 (of 40).   Current convergence value = 0.00029493 (threshold = 1e-08)
  Iteration 39 (of 40).   Current convergence value = 0.000285088 (threshold = 1e-08)
  Iteration 40 (of 40).   Current convergence value = 0.00027612 (threshold = 1e-08)
Current level = 4
  Iteration 1 (of 30).   Current convergence value = 0.00179241 (threshold = 1e-08)
  Iteration 2 (of 30).   Current convergence value = 0.00163484 (threshold = 1e-08)
  Iteration 3 (of 30).   Current convergence value = 0.00158952 (threshold = 1e-08)
  Iteration 4 (of 30).   Current convergence value = 0.00157949 (threshold = 1e-08)
  Iteration 5 (of 30).   Current convergence value = 0.00156351 (threshold = 1e-08)
  Iteration 6 (of 30).   Current convergence value = 0.00149176 (threshold = 1e-08)
  Iteration 7 (of 30).   Current convergence value = 0.0013587 (threshold = 1e-08)
  Iteration 8 (of 30).   Current convergence value = 0.00126754 (threshold = 1e-08)
  Iteration 9 (of 30).   Current convergence value = 0.00119854 (threshold = 1e-08)
  Iteration 10 (of 30).   Current convergence value = 0.0011225 (threshold = 1e-08)
  Iteration 11 (of 30).   Current convergence value = 0.00106259 (threshold = 1e-08)
  Iteration 12 (of 30).   Current convergence value = 0.00101386 (threshold = 1e-08)
  Iteration 13 (of 30).   Current convergence value = 0.000972426 (threshold = 1e-08)
  Iteration 14 (of 30).   Current convergence value = 0.000936098 (threshold = 1e-08)
  Iteration 15 (of 30).   Current convergence value = 0.000904201 (threshold = 1e-08)
  Iteration 16 (of 30).   Current convergence value = 0.000875724 (threshold = 1e-08)
  Iteration 17 (of 30).   Current convergence value = 0.00085048 (threshold = 1e-08)
  Iteration 18 (of 30).   Current convergence value = 0.000829133 (threshold = 1e-08)
  Iteration 19 (of 30).   Current convergence value = 0.000812018 (threshold = 1e-08)
  Iteration 20 (of 30).   Current convergence value = 0.000799285 (threshold = 1e-08)
  Iteration 21 (of 30).   Current convergence value = 0.000792479 (threshold = 1e-08)
  Iteration 22 (of 30).   Current convergence value = 0.000790578 (threshold = 1e-08)
  Iteration 23 (of 30).   Current convergence value = 0.000794574 (threshold = 1e-08)
  Iteration 24 (of 30).   Current convergence value = 0.000803638 (threshold = 1e-08)
  Iteration 25 (of 30).   Current convergence value = 0.000751382 (threshold = 1e-08)
  Iteration 26 (of 30).   Current convergence value = 0.000712217 (threshold = 1e-08)
  Iteration 27 (of 30).   Current convergence value = 0.000681803 (threshold = 1e-08)
  Iteration 28 (of 30).   Current convergence value = 0.000657717 (threshold = 1e-08)
  Iteration 29 (of 30).   Current convergence value = 0.000638084 (threshold = 1e-08)
  Iteration 30 (of 30).   Current convergence value = 0.000622168 (threshold = 1e-08)
   N4BiasFieldCorrectionImageFilter (0x56437dc48e20)
     RTTI typeinfo:   itk::N4BiasFieldCorrectionImageFilter<itk::Image<float, 3u>, itk::Image<float, 3u>, itk::Image<float, 3u> >
     Reference Count: 1
     Modified Time: 565
     Debug: Off
     Object Name: 
     Observers: 
       IterationEvent(Command)
     Inputs: 
       ConfidenceImage: (0)
       MaskImage: (0x56437dc735e0)
       Primary: (0x56437dc6eb30) *
     Indexed Inputs: 
       0: Primary (0x56437dc6eb30)
       1: MaskImage (0x56437dc735e0)
       2: ConfidenceImage (0)
     Required Input Names: Primary
     NumberOfRequiredInputs: 1
     Outputs: 
       Primary: (0x56437dc58ef0)
     Indexed Outputs: 
       0: Primary (0x56437dc58ef0)
     NumberOfRequiredOutputs: 1
     Number Of Work Units: 32
     ReleaseDataFlag: Off
     ReleaseDataBeforeUpdateFlag: Off
     AbortGenerateData: Off
     Progress: 0
     Multithreader: 
       RTTI typeinfo:   itk::PoolMultiThreader
       Reference Count: 1
       Modified Time: 144
       Debug: Off
       Object Name: 
       Observers: 
         none
       Number of Work Units: 32
       Number of Threads: 8
       Global Maximum Number Of Threads: 128
       Global Default Number Of Threads: 8
       Global Default Threader Type: itk::MultiThreaderBaseEnums::Threader::Pool
       SingleMethod: 0
       SingleData: 0
     DynamicMultiThreading: On
     CoordinateTolerance: 1e-06
     DirectionTolerance: 1e-06
     Use Mask Label: 0
     Mask label: 1
     Number of histogram bins: 200
     Wiener filter noise: 0.01
     Bias field FWHM: 0.15
     Maximum number of iterations: [50, 50, 40, 30]
     Convergence threshold: 1e-08
     Spline order: 3
     Number of fitting levels: [4, 4, 4]
     Number of control points: [4, 5, 5]
     CurrentConvergenceMeasurement: 0.000622168
     CurrentLevel: 4
     ElapsedIterations: 31
     LogBiasFieldControlPointLattice: 
       Image (0x56438474b200)
         RTTI typeinfo:   itk::Image<itk::Vector<float, 1u>, 3u>
         Reference Count: 1
         Modified Time: 343560
         Debug: Off
         Object Name: 
         Observers: 
           none
         Source: (none)
         Source output name: (none)
         Release Data: Off
         Data Released: False
         Global Release Data: Off
         PipelineMTime: 0
         UpdateMTime: 0
         RealTimeStamp: 0 seconds 
         LargestPossibleRegion: 
           Dimension: 3
           Index: [0, 0, 0]
           Size: [11, 19, 19]
         BufferedRegion: 
           Dimension: 3
           Index: [0, 0, 0]
           Size: [11, 19, 19]
         RequestedRegion: 
           Dimension: 3
           Index: [0, 0, 0]
           Size: [11, 19, 19]
         Spacing: [24.75, 24.875, 24.875]
         Origin: [26.3933, 20.0338, -27.4251]
         Direction: 
-0.998711 -0.0460974 -0.0212455
0.042647 -0.989056 0.141245
-0.027524 0.140157 0.989747

         IndexToPointMatrix: 
-24.7181 -1.14667 -0.528482
1.05551 -24.6028 3.51347
-0.681219 3.4864 24.6199

         PointToIndexMatrix: 
-0.040352 0.00172311 -0.00111208
-0.00185316 -0.039761 0.00563445
-0.00085409 0.00567819 0.0397888

         Inverse Direction: 
-0.998711 0.042647 -0.027524
-0.0460974 -0.989056 0.140157
-0.0212455 0.141245 0.989747

         PixelContainer: 
           ImportImageContainer (0x564387e10f80)
             RTTI typeinfo:   itk::ImportImageContainer<unsigned long, itk::Vector<float, 1u> >
             Reference Count: 1
             Modified Time: 343561
             Debug: Off
             Object Name: 
             Observers: 
               none
             Pointer: 0x564387de28c0
             Container manages memory: true
             Size: 3971
             Capacity: 3971
Elapsed time: 315.174
All_Command_lines_OK
Using single precision for computations.
=============================================================================
The composite transform comprises the following transforms (in order): 
  1. Center of mass alignment using fixed image: /home/mpib/nemecz/Projects/miniTRK/Results/01_MRI/GroupTempl/T1w/T_template0.nii.gz and moving image: /home/mpib/nemecz/Projects/miniTRK/Analysis/01_MRI/Preproc/GroupTempl/T1w/sub-449900_T1w.nii.gz (type = Euler3DTransform)
=============================================================================
  number of levels = 4
  number of levels = 4
  number of levels = 4
  fixed image: /home/mpib/nemecz/Projects/miniTRK/Results/01_MRI/GroupTempl/T1w/T_template0.nii.gz
  moving image: /home/mpib/nemecz/Projects/miniTRK/Results/01_MRI/GroupTempl/T1w/T_template0sub-449900_T1wRepaired.nii.gz
  fixed image: /home/mpib/nemecz/Projects/miniTRK/Results/01_MRI/GroupTempl/T1w/T_template0.nii.gz
  moving image: /home/mpib/nemecz/Projects/miniTRK/Results/01_MRI/GroupTempl/T1w/T_template0sub-449900_T1wRepaired.nii.gz
  fixed image: /home/mpib/nemecz/Projects/miniTRK/Results/01_MRI/GroupTempl/T1w/T_template0.nii.gz
  moving image: /home/mpib/nemecz/Projects/miniTRK/Results/01_MRI/GroupTempl/T1w/T_template0sub-449900_T1wRepaired.nii.gz
Dimension = 3
Number of stages = 3
Use Histogram Matching true
Winsorize image intensities true
Lower quantile = 0.01
Upper quantile = 0.99
Stage 1 State
   Image metric = Mattes
     Fixed image = Image (0x560140fcaad0)
  RTTI typeinfo:   itk::Image<float, 3u>
  Reference Count: 2
  Modified Time: 1721
  Debug: Off
  Object Name: 
  Observers: 
    none
  Source: (none)
  Source output name: (none)
  Release Data: Off
  Data Released: False
  Global Release Data: Off
  PipelineMTime: 0
  UpdateMTime: 1506
  RealTimeStamp: 0 seconds 
  LargestPossibleRegion: 
    Dimension: 3
    Index: [0, 0, 0]
    Size: [192, 256, 256]
  BufferedRegion: 
    Dimension: 3
    Index: [0, 0, 0]
    Size: [192, 256, 256]
  RequestedRegion: 
    Dimension: 3
    Index: [0, 0, 0]
    Size: [192, 256, 256]
  Spacing: [1, 1, 1]
  Origin: [95.0313, 100.538, -154.123]
  Direction: 
-0.999853 -0.014134 -0.00966312
0.014129 -0.9999 0.000586045
-0.00967044 0.000449429 0.999953

  IndexToPointMatrix: 
-0.999853 -0.014134 -0.00966312
0.014129 -0.9999 0.000586045
-0.00967044 0.000449429 0.999953

  PointToIndexMatrix: 
-0.999853 0.014129 -0.00967044
-0.014134 -0.9999 0.000449429
-0.00966312 0.000586045 0.999953

  Inverse Direction: 
-0.999853 0.014129 -0.00967044
-0.014134 -0.9999 0.000449429
-0.00966312 0.000586045 0.999953

  PixelContainer: 
    ImportImageContainer (0x560140fd2c80)
      RTTI typeinfo:   itk::ImportImageContainer<unsigned long, float>
      Reference Count: 1
      Modified Time: 1503
      Debug: Off
      Object Name: 
      Observers: 
        none
      Pointer: 0x7fc046c16010
      Container manages memory: true
      Size: 12582912
      Capacity: 12582912

     Moving image = Image (0x560140fcbbc0)
  RTTI typeinfo:   itk::Image<float, 3u>
  Reference Count: 2
  Modified Time: 1722
  Debug: Off
  Object Name: 
  Observers: 
    none
  Source: (none)
  Source output name: (none)
  Release Data: Off
  Data Released: False
  Global Release Data: Off
  PipelineMTime: 0
  UpdateMTime: 1719
  RealTimeStamp: 0 seconds 
  LargestPossibleRegion: 
    Dimension: 3
    Index: [0, 0, 0]
    Size: [192, 256, 256]
  BufferedRegion: 
    Dimension: 3
    Index: [0, 0, 0]
    Size: [192, 256, 256]
  RequestedRegion: 
    Dimension: 3
    Index: [0, 0, 0]
    Size: [192, 256, 256]
  Spacing: [1, 1, 1]
  Origin: [103.265, 74.7231, -171.779]
  Direction: 
-0.998711 -0.0460974 -0.0212455
0.042647 -0.989056 0.141245
-0.027524 0.140157 0.989747

  IndexToPointMatrix: 
-0.998711 -0.0460974 -0.0212455
0.042647 -0.989056 0.141245
-0.027524 0.140157 0.989747

  PointToIndexMatrix: 
-0.998711 0.042647 -0.027524
-0.0460974 -0.989056 0.140157
-0.0212455 0.141245 0.989747

  Inverse Direction: 
-0.998711 0.042647 -0.027524
-0.0460974 -0.989056 0.140157
-0.0212455 0.141245 0.989747

  PixelContainer: 
    ImportImageContainer (0x560140fd7100)
      RTTI typeinfo:   itk::ImportImageContainer<unsigned long, float>
      Reference Count: 1
      Modified Time: 1716
      Debug: Off
      Object Name: 
      Observers: 
        none
      Pointer: 0x7fc043c15010
      Container manages memory: true
      Size: 12582912
      Capacity: 12582912

     Weighting = 1
     Sampling strategy = regular
     Number of bins = 32
     Radius = 4
     Sampling percentage  = 0.25
   Transform = Rigid
     Gradient step = 0.1
     Update field sigma (voxel space) = 0
     Total field sigma (voxel space) = 0
     Update field time sigma = 0
     Total field time sigma  = 0
     Number of time indices = 0
     Number of time point samples = 0
Stage 2 State
   Image metric = Mattes
     Fixed image = Image (0x560140fe3870)
  RTTI typeinfo:   itk::Image<float, 3u>
  Reference Count: 2
  Modified Time: 2149
  Debug: Off
  Object Name: 
  Observers: 
    none
  Source: (none)
  Source output name: (none)
  Release Data: Off
  Data Released: False
  Global Release Data: Off
  PipelineMTime: 0
  UpdateMTime: 1934
  RealTimeStamp: 0 seconds 
  LargestPossibleRegion: 
    Dimension: 3
    Index: [0, 0, 0]
    Size: [192, 256, 256]
  BufferedRegion: 
    Dimension: 3
    Index: [0, 0, 0]
    Size: [192, 256, 256]
  RequestedRegion: 
    Dimension: 3
    Index: [0, 0, 0]
    Size: [192, 256, 256]
  Spacing: [1, 1, 1]
  Origin: [95.0313, 100.538, -154.123]
  Direction: 
-0.999853 -0.014134 -0.00966312
0.014129 -0.9999 0.000586045
-0.00967044 0.000449429 0.999953

  IndexToPointMatrix: 
-0.999853 -0.014134 -0.00966312
0.014129 -0.9999 0.000586045
-0.00967044 0.000449429 0.999953

  PointToIndexMatrix: 
-0.999853 0.014129 -0.00967044
-0.014134 -0.9999 0.000449429
-0.00966312 0.000586045 0.999953

  Inverse Direction: 
-0.999853 0.014129 -0.00967044
-0.014134 -0.9999 0.000449429
-0.00966312 0.000586045 0.999953

  PixelContainer: 
    ImportImageContainer (0x560140fce6d0)
      RTTI typeinfo:   itk::ImportImageContainer<unsigned long, float>
      Reference Count: 1
      Modified Time: 1931
      Debug: Off
      Object Name: 
      Observers: 
        none
      Pointer: 0x7fc040c14010
      Container manages memory: true
      Size: 12582912
      Capacity: 12582912

     Moving image = Image (0x560140fe34c0)
  RTTI typeinfo:   itk::Image<float, 3u>
  Reference Count: 2
  Modified Time: 2150
  Debug: Off
  Object Name: 
  Observers: 
    none
  Source: (none)
  Source output name: (none)
  Release Data: Off
  Data Released: False
  Global Release Data: Off
  PipelineMTime: 0
  UpdateMTime: 2147
  RealTimeStamp: 0 seconds 
  LargestPossibleRegion: 
    Dimension: 3
    Index: [0, 0, 0]
    Size: [192, 256, 256]
  BufferedRegion: 
    Dimension: 3
    Index: [0, 0, 0]
    Size: [192, 256, 256]
  RequestedRegion: 
    Dimension: 3
    Index: [0, 0, 0]
    Size: [192, 256, 256]
  Spacing: [1, 1, 1]
  Origin: [103.265, 74.7231, -171.779]
  Direction: 
-0.998711 -0.0460974 -0.0212455
0.042647 -0.989056 0.141245
-0.027524 0.140157 0.989747

  IndexToPointMatrix: 
-0.998711 -0.0460974 -0.0212455
0.042647 -0.989056 0.141245
-0.027524 0.140157 0.989747

  PointToIndexMatrix: 
-0.998711 0.042647 -0.027524
-0.0460974 -0.989056 0.140157
-0.0212455 0.141245 0.989747

  Inverse Direction: 
-0.998711 0.042647 -0.027524
-0.0460974 -0.989056 0.140157
-0.0212455 0.141245 0.989747

  PixelContainer: 
    ImportImageContainer (0x560140fe48c0)
      RTTI typeinfo:   itk::ImportImageContainer<unsigned long, float>
      Reference Count: 1
      Modified Time: 2144
      Debug: Off
      Object Name: 
      Observers: 
        none
      Pointer: 0x7fc03dc13010
      Container manages memory: true
      Size: 12582912
      Capacity: 12582912

     Weighting = 1
     Sampling strategy = regular
     Number of bins = 32
     Radius = 4
     Sampling percentage  = 0.25
   Transform = Affine
     Gradient step = 0.1
     Update field sigma (voxel space) = 0
     Total field sigma (voxel space) = 0
     Update field time sigma = 0
     Total field time sigma  = 0
     Number of time indices = 0
     Number of time point samples = 0
Stage 3 State
   Image metric = CC
     Fixed image = Image (0x560140fea960)
  RTTI typeinfo:   itk::Image<float, 3u>
  Reference Count: 2
  Modified Time: 2577
  Debug: Off
  Object Name: 
  Observers: 
    none
  Source: (none)
  Source output name: (none)
  Release Data: Off
  Data Released: False
  Global Release Data: Off
  PipelineMTime: 0
  UpdateMTime: 2362
  RealTimeStamp: 0 seconds 
  LargestPossibleRegion: 
    Dimension: 3
    Index: [0, 0, 0]
    Size: [192, 256, 256]
  BufferedRegion: 
    Dimension: 3
    Index: [0, 0, 0]
    Size: [192, 256, 256]
  RequestedRegion: 
    Dimension: 3
    Index: [0, 0, 0]
    Size: [192, 256, 256]
  Spacing: [1, 1, 1]
  Origin: [95.0313, 100.538, -154.123]
  Direction: 
-0.999853 -0.014134 -0.00966312
0.014129 -0.9999 0.000586045
-0.00967044 0.000449429 0.999953

  IndexToPointMatrix: 
-0.999853 -0.014134 -0.00966312
0.014129 -0.9999 0.000586045
-0.00967044 0.000449429 0.999953

  PointToIndexMatrix: 
-0.999853 0.014129 -0.00967044
-0.014134 -0.9999 0.000449429
-0.00966312 0.000586045 0.999953

  Inverse Direction: 
-0.999853 0.014129 -0.00967044
-0.014134 -0.9999 0.000449429
-0.00966312 0.000586045 0.999953

  PixelContainer: 
    ImportImageContainer (0x560140fcb660)
      RTTI typeinfo:   itk::ImportImageContainer<unsigned long, float>
      Reference Count: 1
      Modified Time: 2359
      Debug: Off
      Object Name: 
      Observers: 
        none
      Pointer: 0x7fc03ac12010
      Container manages memory: true
      Size: 12582912
      Capacity: 12582912

     Moving image = Image (0x560140fec840)
  RTTI typeinfo:   itk::Image<float, 3u>
  Reference Count: 2
  Modified Time: 2578
  Debug: Off
  Object Name: 
  Observers: 
    none
  Source: (none)
  Source output name: (none)
  Release Data: Off
  Data Released: False
  Global Release Data: Off
  PipelineMTime: 0
  UpdateMTime: 2575
  RealTimeStamp: 0 seconds 
  LargestPossibleRegion: 
    Dimension: 3
    Index: [0, 0, 0]
    Size: [192, 256, 256]
  BufferedRegion: 
    Dimension: 3
    Index: [0, 0, 0]
    Size: [192, 256, 256]
  RequestedRegion: 
    Dimension: 3
    Index: [0, 0, 0]
    Size: [192, 256, 256]
  Spacing: [1, 1, 1]
  Origin: [103.265, 74.7231, -171.779]
  Direction: 
-0.998711 -0.0460974 -0.0212455
0.042647 -0.989056 0.141245
-0.027524 0.140157 0.989747

  IndexToPointMatrix: 
-0.998711 -0.0460974 -0.0212455
0.042647 -0.989056 0.141245
-0.027524 0.140157 0.989747

  PointToIndexMatrix: 
-0.998711 0.042647 -0.027524
-0.0460974 -0.989056 0.140157
-0.0212455 0.141245 0.989747

  Inverse Direction: 
-0.998711 0.042647 -0.027524
-0.0460974 -0.989056 0.140157
-0.0212455 0.141245 0.989747

  PixelContainer: 
    ImportImageContainer (0x560140fe9660)
      RTTI typeinfo:   itk::ImportImageContainer<unsigned long, float>
      Reference Count: 1
      Modified Time: 2572
      Debug: Off
      Object Name: 
      Observers: 
        none
      Pointer: 0x7fc037c11010
      Container manages memory: true
      Size: 12582912
      Capacity: 12582912

     Weighting = 1
     Sampling strategy = none
     Number of bins = 32
     Radius = 4
     Sampling percentage  = 1
   Transform = SyN
     Gradient step = 0.1
     Update field sigma (voxel space) = 3
     Total field sigma (voxel space) = 0
     Update field time sigma = 0
     Total field time sigma  = 0
     Number of time indices = 0
     Number of time point samples = 0
Registration using 3 total stages.

Stage 0
  iterations = 1000x500x250x0
  convergence threshold = 1e-06
  convergence window size = 10
  number of levels = 4
  using the Mattes MI metric (number of bins = 32, weight = 1)
  preprocessing:  winsorizing the image intensities
  preprocessing:  histogram matching the images
  Shrink factors (level 1 out of 4): [6, 6, 6]
  Shrink factors (level 2 out of 4): [4, 4, 4]
  Shrink factors (level 3 out of 4): [2, 2, 2]
  Shrink factors (level 4 out of 4): [1, 1, 1]
  smoothing sigmas per level: [4, 2, 1, 0]
  regular sampling (percentage = 0.25)

*** Running Euler3DTransform registration ***

DIAGNOSTIC,Iteration,metricValue,convergenceValue,ITERATION_TIME_INDEX,SINCE_LAST
 2DIAGNOSTIC,     1, -9.978063106537e-01, inf, 6.1424e-01, 6.1424e-01, 
 2DIAGNOSTIC,     2, -9.994546771049e-01, inf, 6.2259e-01, 8.3480e-03, 
 2DIAGNOSTIC,     3, -1.001557230949e+00, inf, 6.3080e-01, 8.2109e-03, 
 2DIAGNOSTIC,     4, -1.004220247269e+00, inf, 6.3886e-01, 8.0681e-03, 
 2DIAGNOSTIC,     5, -1.006379008293e+00, inf, 6.4724e-01, 8.3709e-03, 
 2DIAGNOSTIC,     6, -1.008726596832e+00, inf, 6.5512e-01, 7.8859e-03, 
 2DIAGNOSTIC,     7, -1.011737465858e+00, inf, 6.6332e-01, 8.2009e-03, 
 2DIAGNOSTIC,     8, -1.015736341476e+00, inf, 6.7350e-01, 1.0180e-02, 
 2DIAGNOSTIC,     9, -1.016863584518e+00, inf, 6.8602e-01, 1.2522e-02, 
 2DIAGNOSTIC,    10, -1.017155170441e+00, 1.368181314319e-03, 7.0418e-01, 1.8159e-02, 
 2DIAGNOSTIC,    11, -1.018836140633e+00, 1.200091326609e-03, 7.1289e-01, 8.7039e-03, 
 2DIAGNOSTIC,    12, -1.023141622543e+00, 1.090066158213e-03, 7.2114e-01, 8.2510e-03, 
 2DIAGNOSTIC,    13, -1.023475527763e+00, 9.475635015406e-04, 7.2947e-01, 8.3320e-03, 
 2DIAGNOSTIC,    14, -1.023968935013e+00, 8.041728870012e-04, 7.4056e-01, 1.1090e-02, 
 2DIAGNOSTIC,    15, -1.024193763733e+00, 6.530143436976e-04, 7.5054e-01, 9.9819e-03, 
 2DIAGNOSTIC,    16, -1.024291276932e+00, 5.030915490352e-04, 7.5973e-01, 9.1901e-03, 
 2DIAGNOSTIC,    17, -1.024552941322e+00, 3.760391846299e-04, 7.6869e-01, 8.9591e-03, 
 2DIAGNOSTIC,    18, -1.024758100510e+00, 2.936701930594e-04, 7.7941e-01, 1.0714e-02, 
 2DIAGNOSTIC,    19, -1.025061368942e+00, 2.151287480956e-04, 7.8819e-01, 8.7860e-03, 
 2DIAGNOSTIC,    20, -1.024976611137e+00, 1.275990944123e-04, 7.9600e-01, 7.8099e-03, 
 2DIAGNOSTIC,    21, -1.024941205978e+00, 5.725432856707e-05, 8.0394e-01, 7.9398e-03, 
 2DIAGNOSTIC,    22, -1.024990558624e+00, 4.348404763732e-05, 8.1179e-01, 7.8511e-03, 
 2DIAGNOSTIC,    23, -1.024998664856e+00, 3.091862527071e-05, 8.2263e-01, 1.0839e-02, 
 2DIAGNOSTIC,    24, -1.025001525879e+00, 2.233898885606e-05, 8.3128e-01, 8.6510e-03, 
 2DIAGNOSTIC,    25, -1.024961471558e+00, 1.459838222218e-05, 8.3898e-01, 7.6959e-03, 
 2DIAGNOSTIC,    26, -1.024964332581e+00, 7.304040082090e-06, 8.4793e-01, 8.9531e-03, 
 2DIAGNOSTIC,    27, -1.024964809418e+00, 2.641614855747e-06, 8.5676e-01, 8.8332e-03, 
DIAGNOSTIC,Iteration,metricValue,convergenceValue,ITERATION_TIME_INDEX,SINCE_LAST
 2DIAGNOSTIC,     1, -7.812757492065e-01, inf, 1.5232e+00, 6.6643e-01, 
 2DIAGNOSTIC,     2, -7.825810313225e-01, inf, 1.5558e+00, 3.2591e-02, 
 2DIAGNOSTIC,     3, -7.840507626534e-01, inf, 1.5870e+00, 3.1210e-02, 
 2DIAGNOSTIC,     4, -7.851514816284e-01, inf, 1.6186e+00, 3.1635e-02, 
 2DIAGNOSTIC,     5, -7.856983542442e-01, inf, 1.6493e+00, 3.0662e-02, 
 2DIAGNOSTIC,     6, -7.859139442444e-01, inf, 1.6801e+00, 3.0856e-02, 
 2DIAGNOSTIC,     7, -7.861255407333e-01, inf, 1.7109e+00, 3.0792e-02, 
 2DIAGNOSTIC,     8, -7.862551212311e-01, inf, 1.7605e+00, 4.9591e-02, 
 2DIAGNOSTIC,     9, -7.862707972527e-01, inf, 1.7942e+00, 3.3687e-02, 
 2DIAGNOSTIC,    10, -7.862961292267e-01, 3.754555655178e-04, 1.8303e+00, 3.6071e-02, 
 2DIAGNOSTIC,    11, -7.863070368767e-01, 2.256406442029e-04, 1.8664e+00, 3.6138e-02, 
 2DIAGNOSTIC,    12, -7.863378524780e-01, 1.204209474963e-04, 1.9088e+00, 4.2383e-02, 
 2DIAGNOSTIC,    13, -7.863551378250e-01, 6.148616375867e-05, 1.9456e+00, 3.6823e-02, 
 2DIAGNOSTIC,    14, -7.863637804985e-01, 3.402622678550e-05, 1.9821e+00, 3.6505e-02, 
 2DIAGNOSTIC,    15, -7.863674163818e-01, 2.057570782199e-05, 2.0203e+00, 3.8134e-02, 
 2DIAGNOSTIC,    16, -7.863692045212e-01, 1.193356729345e-05, 2.0517e+00, 3.1402e-02, 
 2DIAGNOSTIC,    17, -7.863780856133e-01, 8.009483281057e-06, 2.0835e+00, 3.1829e-02, 
 2DIAGNOSTIC,    18, -7.863883376122e-01, 6.753850811947e-06, 2.1197e+00, 3.6179e-02, 
 2DIAGNOSTIC,    19, -7.863966226578e-01, 5.615802820103e-06, 2.1511e+00, 3.1460e-02, 
 2DIAGNOSTIC,    20, -7.864168286324e-01, 5.054109351477e-06, 2.1871e+00, 3.5990e-02, 
 2DIAGNOSTIC,    21, -7.864099144936e-01, 4.276354502508e-06, 2.2271e+00, 4.0006e-02, 
 2DIAGNOSTIC,    22, -7.864266037941e-01, 4.093494681001e-06, 2.2740e+00, 4.6850e-02, 
 2DIAGNOSTIC,    23, -7.864269018173e-01, 3.945358457713e-06, 2.3104e+00, 3.6376e-02, 
 2DIAGNOSTIC,    24, -7.864279150963e-01, 3.713324758792e-06, 2.3422e+00, 3.1835e-02, 
 2DIAGNOSTIC,    25, -7.864362001419e-01, 3.449989435467e-06, 2.3830e+00, 4.0770e-02, 
 2DIAGNOSTIC,    26, -7.864370346069e-01, 3.035384452232e-06, 2.4190e+00, 3.6055e-02, 
 2DIAGNOSTIC,    27, -7.864365577698e-01, 2.593123099359e-06, 2.4549e+00, 3.5916e-02, 
 2DIAGNOSTIC,    28, -7.864448428154e-01, 2.288258428962e-06, 2.4910e+00, 3.6067e-02, 
 2DIAGNOSTIC,    29, -7.864454388618e-01, 1.998100515266e-06, 2.5270e+00, 3.5958e-02, 
 2DIAGNOSTIC,    30, -7.864449024200e-01, 1.883271124825e-06, 2.5635e+00, 3.6544e-02, 
 2DIAGNOSTIC,    31, -7.864457368851e-01, 1.623085381652e-06, 2.6138e+00, 5.0338e-02, 
 2DIAGNOSTIC,    32, -7.864458560944e-01, 1.513649181106e-06, 2.6497e+00, 3.5895e-02, 
 2DIAGNOSTIC,    33, -7.864456176758e-01, 1.361645558973e-06, 2.6946e+00, 4.4849e-02, 
 2DIAGNOSTIC,    34, -7.864455580711e-01, 1.188342253045e-06, 2.7305e+00, 3.5925e-02, 
 2DIAGNOSTIC,    35, -7.864453196526e-01, 1.085250346478e-06, 2.7684e+00, 3.7881e-02, 
DIAGNOSTIC,Iteration,metricValue,convergenceValue,ITERATION_TIME_INDEX,SINCE_LAST
 2DIAGNOSTIC,     1, -6.848732233047e-01, inf, 3.7305e+00, 9.6215e-01, 
 2DIAGNOSTIC,     2, -6.854255795479e-01, inf, 3.9685e+00, 2.3797e-01, 
 2DIAGNOSTIC,     3, -6.856561303139e-01, inf, 4.1737e+00, 2.0519e-01, 
 2DIAGNOSTIC,     4, -6.857618689537e-01, inf, 4.3907e+00, 2.1695e-01, 
 2DIAGNOSTIC,     5, -6.858338713646e-01, inf, 4.5972e+00, 2.0654e-01, 
 2DIAGNOSTIC,     6, -6.859244704247e-01, inf, 4.8690e+00, 2.7185e-01, 
 2DIAGNOSTIC,     7, -6.859468221664e-01, inf, 5.1457e+00, 2.7670e-01, 
 2DIAGNOSTIC,     8, -6.859652996063e-01, inf, 5.3768e+00, 2.3105e-01, 
 2DIAGNOSTIC,     9, -6.860142946243e-01, inf, 5.6381e+00, 2.6135e-01, 
 2DIAGNOSTIC,    10, -6.860281825066e-01, 8.556021202821e-05, 5.9255e+00, 2.8734e-01, 
 2DIAGNOSTIC,    11, -6.860278248787e-01, 4.695686948253e-05, 6.2424e+00, 3.1692e-01, 
 2DIAGNOSTIC,    12, -6.860274672508e-01, 2.976519135700e-05, 6.4929e+00, 2.5051e-01, 
 2DIAGNOSTIC,    13, -6.860271096230e-01, 2.007635703194e-05, 6.7262e+00, 2.3327e-01, 
 2DIAGNOSTIC,    14, -6.860262751579e-01, 1.323006472376e-05, 6.9700e+00, 2.4378e-01, 
 2DIAGNOSTIC,    15, -6.860260367393e-01, 8.211987733375e-06, 7.1704e+00, 2.0047e-01, 
 2DIAGNOSTIC,    16, -6.860267519951e-01, 5.636271907861e-06, 7.4652e+00, 2.9475e-01, 
 2DIAGNOSTIC,    17, -6.860257387161e-01, 3.554310978870e-06, 7.8168e+00, 3.5158e-01, 
 2DIAGNOSTIC,    18, -6.860259771347e-01, 1.951535296030e-06, 8.0690e+00, 2.5229e-01, 
 2DIAGNOSTIC,    19, -6.860258579254e-01, 1.557697487442e-06, 8.3325e+00, 2.6347e-01, 
 2DIAGNOSTIC,    20, -6.860258579254e-01, 1.501730935161e-06, 8.5682e+00, 2.3572e-01, 
 2DIAGNOSTIC,    21, -6.860257983208e-01, 1.450914510315e-06, 8.8115e+00, 2.4327e-01, 
 2DIAGNOSTIC,    22, -6.860257983208e-01, 1.404151817042e-06, 9.0428e+00, 2.3129e-01, 
 2DIAGNOSTIC,    23, -6.860257387161e-01, 1.358452209388e-06, 9.2760e+00, 2.3317e-01, 
 2DIAGNOSTIC,    24, -6.860258579254e-01, 1.306554167968e-06, 9.5098e+00, 2.3387e-01, 
 2DIAGNOSTIC,    25, -6.860258579254e-01, 1.256114160242e-06, 9.7471e+00, 2.3723e-01, 
 2DIAGNOSTIC,    26, -6.860257983208e-01, 1.222056084771e-06, 9.9832e+00, 2.3608e-01, 
 2DIAGNOSTIC,    27, -6.860257387161e-01, 1.174142653326e-06, 1.0219e+01, 2.3618e-01, 
 2DIAGNOSTIC,    28, -6.860256791115e-01, 1.132751890509e-06, 1.0468e+01, 2.4883e-01, 
 2DIAGNOSTIC,    29, -6.860256791115e-01, 1.092806201086e-06, 1.0708e+01, 2.4005e-01, 
 2DIAGNOSTIC,    30, -6.860256791115e-01, 1.055908796843e-06, 1.0941e+01, 2.3264e-01, 
 2DIAGNOSTIC,    31, -6.860257387161e-01, 1.021844468596e-06, 1.1176e+01, 2.3496e-01, 
DIAGNOSTIC,Iteration,metricValue,convergenceValue,ITERATION_TIME_INDEX,SINCE_LAST
 2DIAGNOSTIC,     1, -6.105177998543e-01, inf, 1.3709e+01, 2.5337e+00, 
  Elapsed time (stage 0): 1.4959e+01


Stage 1
  iterations = 1000x500x250x0
  convergence threshold = 1.0000e-06
  convergence window size = 10
  number of levels = 4
  using the Mattes MI metric (number of bins = 32, weight = 1.0000e+00)
  preprocessing:  winsorizing the image intensities
  preprocessing:  histogram matching the images
  Shrink factors (level 1 out of 4): [6, 6, 6]
  Shrink factors (level 2 out of 4): [4, 4, 4]
  Shrink factors (level 3 out of 4): [2, 2, 2]
