
Running N4 for 3-dimensional images.

Mask not read.  Using the entire image as the mask.

Original intensity range:  [0, 970]

***********************************************************
Warning:  Your input image contains nonpositive values
which could cause failure or problematic results.  A
possible workaround would be to:
   1. rescale your image to positive values e.g., [10,100].
   2. run N4 on your rescaled image.
   3. (optional) rescale the N4 output to the original
      intensity range.
***********************************************************

Specified spline distance: 200mm
  original image size:  [192, 256, 256]
  padded image size:  [201, 401, 401]
  number of control points:  [4, 5, 5]

Current level = 1
  Iteration 1 (of 50).   Current convergence value = 0.000753183 (threshold = 1e-08)
  Iteration 2 (of 50).   Current convergence value = 0.000478587 (threshold = 1e-08)
  Iteration 3 (of 50).   Current convergence value = 0.00031201 (threshold = 1e-08)
  Iteration 4 (of 50).   Current convergence value = 0.000229922 (threshold = 1e-08)
  Iteration 5 (of 50).   Current convergence value = 0.00017976 (threshold = 1e-08)
  Iteration 6 (of 50).   Current convergence value = 0.000146589 (threshold = 1e-08)
  Iteration 7 (of 50).   Current convergence value = 0.000125082 (threshold = 1e-08)
  Iteration 8 (of 50).   Current convergence value = 0.000111464 (threshold = 1e-08)
  Iteration 9 (of 50).   Current convergence value = 0.000102596 (threshold = 1e-08)
  Iteration 10 (of 50).   Current convergence value = 9.66927e-05 (threshold = 1e-08)
  Iteration 11 (of 50).   Current convergence value = 9.24853e-05 (threshold = 1e-08)
  Iteration 12 (of 50).   Current convergence value = 8.89471e-05 (threshold = 1e-08)
  Iteration 13 (of 50).   Current convergence value = 8.53954e-05 (threshold = 1e-08)
  Iteration 14 (of 50).   Current convergence value = 8.23178e-05 (threshold = 1e-08)
  Iteration 15 (of 50).   Current convergence value = 7.87035e-05 (threshold = 1e-08)
  Iteration 16 (of 50).   Current convergence value = 7.50839e-05 (threshold = 1e-08)
  Iteration 17 (of 50).   Current convergence value = 7.1545e-05 (threshold = 1e-08)
  Iteration 18 (of 50).   Current convergence value = 6.81101e-05 (threshold = 1e-08)
  Iteration 19 (of 50).   Current convergence value = 6.47995e-05 (threshold = 1e-08)
  Iteration 20 (of 50).   Current convergence value = 6.13694e-05 (threshold = 1e-08)
  Iteration 21 (of 50).   Current convergence value = 5.85053e-05 (threshold = 1e-08)
  Iteration 22 (of 50).   Current convergence value = 5.5572e-05 (threshold = 1e-08)
  Iteration 23 (of 50).   Current convergence value = 5.2859e-05 (threshold = 1e-08)
  Iteration 24 (of 50).   Current convergence value = 5.02659e-05 (threshold = 1e-08)
  Iteration 25 (of 50).   Current convergence value = 4.80539e-05 (threshold = 1e-08)
  Iteration 26 (of 50).   Current convergence value = 4.58481e-05 (threshold = 1e-08)
  Iteration 27 (of 50).   Current convergence value = 4.38956e-05 (threshold = 1e-08)
  Iteration 28 (of 50).   Current convergence value = 4.20903e-05 (threshold = 1e-08)
  Iteration 29 (of 50).   Current convergence value = 4.04717e-05 (threshold = 1e-08)
  Iteration 30 (of 50).   Current convergence value = 3.90886e-05 (threshold = 1e-08)
  Iteration 31 (of 50).   Current convergence value = 3.78432e-05 (threshold = 1e-08)
  Iteration 32 (of 50).   Current convergence value = 3.67245e-05 (threshold = 1e-08)
  Iteration 33 (of 50).   Current convergence value = 3.58133e-05 (threshold = 1e-08)
  Iteration 34 (of 50).   Current convergence value = 3.5082e-05 (threshold = 1e-08)
  Iteration 35 (of 50).   Current convergence value = 3.44978e-05 (threshold = 1e-08)
  Iteration 36 (of 50).   Current convergence value = 3.40658e-05 (threshold = 1e-08)
  Iteration 37 (of 50).   Current convergence value = 3.3751e-05 (threshold = 1e-08)
  Iteration 38 (of 50).   Current convergence value = 3.35453e-05 (threshold = 1e-08)
  Iteration 39 (of 50).   Current convergence value = 3.34458e-05 (threshold = 1e-08)
  Iteration 40 (of 50).   Current convergence value = 3.34589e-05 (threshold = 1e-08)
  Iteration 41 (of 50).   Current convergence value = 3.34998e-05 (threshold = 1e-08)
  Iteration 42 (of 50).   Current convergence value = 3.365e-05 (threshold = 1e-08)
  Iteration 43 (of 50).   Current convergence value = 3.3896e-05 (threshold = 1e-08)
  Iteration 44 (of 50).   Current convergence value = 3.41114e-05 (threshold = 1e-08)
  Iteration 45 (of 50).   Current convergence value = 3.44145e-05 (threshold = 1e-08)
  Iteration 46 (of 50).   Current convergence value = 3.47485e-05 (threshold = 1e-08)
  Iteration 47 (of 50).   Current convergence value = 3.51689e-05 (threshold = 1e-08)
  Iteration 48 (of 50).   Current convergence value = 3.54825e-05 (threshold = 1e-08)
  Iteration 49 (of 50).   Current convergence value = 3.58395e-05 (threshold = 1e-08)
  Iteration 50 (of 50).   Current convergence value = 3.63029e-05 (threshold = 1e-08)
Current level = 2
  Iteration 1 (of 50).   Current convergence value = 0.000542103 (threshold = 1e-08)
  Iteration 2 (of 50).   Current convergence value = 0.000511062 (threshold = 1e-08)
  Iteration 3 (of 50).   Current convergence value = 0.000496915 (threshold = 1e-08)
  Iteration 4 (of 50).   Current convergence value = 0.000483468 (threshold = 1e-08)
  Iteration 5 (of 50).   Current convergence value = 0.000468581 (threshold = 1e-08)
  Iteration 6 (of 50).   Current convergence value = 0.000451708 (threshold = 1e-08)
  Iteration 7 (of 50).   Current convergence value = 0.000433795 (threshold = 1e-08)
  Iteration 8 (of 50).   Current convergence value = 0.000415924 (threshold = 1e-08)
  Iteration 9 (of 50).   Current convergence value = 0.000398557 (threshold = 1e-08)
  Iteration 10 (of 50).   Current convergence value = 0.00038126 (threshold = 1e-08)
  Iteration 11 (of 50).   Current convergence value = 0.00036481 (threshold = 1e-08)
  Iteration 12 (of 50).   Current convergence value = 0.000349732 (threshold = 1e-08)
  Iteration 13 (of 50).   Current convergence value = 0.000335943 (threshold = 1e-08)
  Iteration 14 (of 50).   Current convergence value = 0.000323285 (threshold = 1e-08)
  Iteration 15 (of 50).   Current convergence value = 0.000311882 (threshold = 1e-08)
  Iteration 16 (of 50).   Current convergence value = 0.000301566 (threshold = 1e-08)
  Iteration 17 (of 50).   Current convergence value = 0.000292142 (threshold = 1e-08)
  Iteration 18 (of 50).   Current convergence value = 0.000283739 (threshold = 1e-08)
  Iteration 19 (of 50).   Current convergence value = 0.000276373 (threshold = 1e-08)
  Iteration 20 (of 50).   Current convergence value = 0.000269354 (threshold = 1e-08)
  Iteration 21 (of 50).   Current convergence value = 0.000261632 (threshold = 1e-08)
  Iteration 22 (of 50).   Current convergence value = 0.000254818 (threshold = 1e-08)
  Iteration 23 (of 50).   Current convergence value = 0.000248448 (threshold = 1e-08)
  Iteration 24 (of 50).   Current convergence value = 0.000242686 (threshold = 1e-08)
  Iteration 25 (of 50).   Current convergence value = 0.000237363 (threshold = 1e-08)
  Iteration 26 (of 50).   Current convergence value = 0.000232231 (threshold = 1e-08)
  Iteration 27 (of 50).   Current convergence value = 0.0002276 (threshold = 1e-08)
  Iteration 28 (of 50).   Current convergence value = 0.000223346 (threshold = 1e-08)
  Iteration 29 (of 50).   Current convergence value = 0.000219531 (threshold = 1e-08)
  Iteration 30 (of 50).   Current convergence value = 0.000215773 (threshold = 1e-08)
  Iteration 31 (of 50).   Current convergence value = 0.000212312 (threshold = 1e-08)
  Iteration 32 (of 50).   Current convergence value = 0.000208903 (threshold = 1e-08)
  Iteration 33 (of 50).   Current convergence value = 0.000205746 (threshold = 1e-08)
  Iteration 34 (of 50).   Current convergence value = 0.000202747 (threshold = 1e-08)
  Iteration 35 (of 50).   Current convergence value = 0.000199816 (threshold = 1e-08)
  Iteration 36 (of 50).   Current convergence value = 0.000197312 (threshold = 1e-08)
  Iteration 37 (of 50).   Current convergence value = 0.000194725 (threshold = 1e-08)
  Iteration 38 (of 50).   Current convergence value = 0.000192143 (threshold = 1e-08)
  Iteration 39 (of 50).   Current convergence value = 0.00018977 (threshold = 1e-08)
  Iteration 40 (of 50).   Current convergence value = 0.000187496 (threshold = 1e-08)
  Iteration 41 (of 50).   Current convergence value = 0.000185319 (threshold = 1e-08)
  Iteration 42 (of 50).   Current convergence value = 0.000183251 (threshold = 1e-08)
  Iteration 43 (of 50).   Current convergence value = 0.000181262 (threshold = 1e-08)
  Iteration 44 (of 50).   Current convergence value = 0.000179457 (threshold = 1e-08)
  Iteration 45 (of 50).   Current convergence value = 0.000177666 (threshold = 1e-08)
  Iteration 46 (of 50).   Current convergence value = 0.000175872 (threshold = 1e-08)
  Iteration 47 (of 50).   Current convergence value = 0.00017417 (threshold = 1e-08)
  Iteration 48 (of 50).   Current convergence value = 0.000172522 (threshold = 1e-08)
  Iteration 49 (of 50).   Current convergence value = 0.00017088 (threshold = 1e-08)
  Iteration 50 (of 50).   Current convergence value = 0.000169348 (threshold = 1e-08)
Current level = 3
  Iteration 1 (of 40).   Current convergence value = 0.0016237 (threshold = 1e-08)
  Iteration 2 (of 40).   Current convergence value = 0.00150976 (threshold = 1e-08)
  Iteration 3 (of 40).   Current convergence value = 0.00144705 (threshold = 1e-08)
  Iteration 4 (of 40).   Current convergence value = 0.00143016 (threshold = 1e-08)
  Iteration 5 (of 40).   Current convergence value = 0.00138929 (threshold = 1e-08)
  Iteration 6 (of 40).   Current convergence value = 0.00134522 (threshold = 1e-08)
  Iteration 7 (of 40).   Current convergence value = 0.00127756 (threshold = 1e-08)
  Iteration 8 (of 40).   Current convergence value = 0.0012116 (threshold = 1e-08)
  Iteration 9 (of 40).   Current convergence value = 0.00115364 (threshold = 1e-08)
  Iteration 10 (of 40).   Current convergence value = 0.00110372 (threshold = 1e-08)
  Iteration 11 (of 40).   Current convergence value = 0.00106056 (threshold = 1e-08)
  Iteration 12 (of 40).   Current convergence value = 0.00102396 (threshold = 1e-08)
  Iteration 13 (of 40).   Current convergence value = 0.000993165 (threshold = 1e-08)
  Iteration 14 (of 40).   Current convergence value = 0.000982391 (threshold = 1e-08)
  Iteration 15 (of 40).   Current convergence value = 0.000977912 (threshold = 1e-08)
  Iteration 16 (of 40).   Current convergence value = 0.00097747 (threshold = 1e-08)
  Iteration 17 (of 40).   Current convergence value = 0.000979846 (threshold = 1e-08)
  Iteration 18 (of 40).   Current convergence value = 0.000970398 (threshold = 1e-08)
  Iteration 19 (of 40).   Current convergence value = 0.00090347 (threshold = 1e-08)
  Iteration 20 (of 40).   Current convergence value = 0.000849988 (threshold = 1e-08)
  Iteration 21 (of 40).   Current convergence value = 0.000806563 (threshold = 1e-08)
  Iteration 22 (of 40).   Current convergence value = 0.000758798 (threshold = 1e-08)
  Iteration 23 (of 40).   Current convergence value = 0.000713628 (threshold = 1e-08)
  Iteration 24 (of 40).   Current convergence value = 0.000676532 (threshold = 1e-08)
  Iteration 25 (of 40).   Current convergence value = 0.000645497 (threshold = 1e-08)
  Iteration 26 (of 40).   Current convergence value = 0.000619641 (threshold = 1e-08)
  Iteration 27 (of 40).   Current convergence value = 0.000597735 (threshold = 1e-08)
  Iteration 28 (of 40).   Current convergence value = 0.000579893 (threshold = 1e-08)
  Iteration 29 (of 40).   Current convergence value = 0.000564588 (threshold = 1e-08)
  Iteration 30 (of 40).   Current convergence value = 0.000549278 (threshold = 1e-08)
  Iteration 31 (of 40).   Current convergence value = 0.000536289 (threshold = 1e-08)
  Iteration 32 (of 40).   Current convergence value = 0.000525469 (threshold = 1e-08)
  Iteration 33 (of 40).   Current convergence value = 0.000516315 (threshold = 1e-08)
  Iteration 34 (of 40).   Current convergence value = 0.000508793 (threshold = 1e-08)
  Iteration 35 (of 40).   Current convergence value = 0.00050207 (threshold = 1e-08)
  Iteration 36 (of 40).   Current convergence value = 0.000484039 (threshold = 1e-08)
  Iteration 37 (of 40).   Current convergence value = 0.00046866 (threshold = 1e-08)
  Iteration 38 (of 40).   Current convergence value = 0.000456854 (threshold = 1e-08)
  Iteration 39 (of 40).   Current convergence value = 0.000447516 (threshold = 1e-08)
  Iteration 40 (of 40).   Current convergence value = 0.000439761 (threshold = 1e-08)
Current level = 4
  Iteration 1 (of 30).   Current convergence value = 0.0019372 (threshold = 1e-08)
  Iteration 2 (of 30).   Current convergence value = 0.00196002 (threshold = 1e-08)
  Iteration 3 (of 30).   Current convergence value = 0.00224742 (threshold = 1e-08)
  Iteration 4 (of 30).   Current convergence value = 0.00236862 (threshold = 1e-08)
  Iteration 5 (of 30).   Current convergence value = 0.00218988 (threshold = 1e-08)
  Iteration 6 (of 30).   Current convergence value = 0.00209976 (threshold = 1e-08)
  Iteration 7 (of 30).   Current convergence value = 0.00204525 (threshold = 1e-08)
  Iteration 8 (of 30).   Current convergence value = 0.00200609 (threshold = 1e-08)
  Iteration 9 (of 30).   Current convergence value = 0.0019652 (threshold = 1e-08)
  Iteration 10 (of 30).   Current convergence value = 0.0019277 (threshold = 1e-08)
  Iteration 11 (of 30).   Current convergence value = 0.0018767 (threshold = 1e-08)
  Iteration 12 (of 30).   Current convergence value = 0.00183965 (threshold = 1e-08)
  Iteration 13 (of 30).   Current convergence value = 0.00182661 (threshold = 1e-08)
  Iteration 14 (of 30).   Current convergence value = 0.00179499 (threshold = 1e-08)
  Iteration 15 (of 30).   Current convergence value = 0.00172826 (threshold = 1e-08)
  Iteration 16 (of 30).   Current convergence value = 0.0016311 (threshold = 1e-08)
  Iteration 17 (of 30).   Current convergence value = 0.00160288 (threshold = 1e-08)
  Iteration 18 (of 30).   Current convergence value = 0.00164347 (threshold = 1e-08)
  Iteration 19 (of 30).   Current convergence value = 0.00166686 (threshold = 1e-08)
  Iteration 20 (of 30).   Current convergence value = 0.00167233 (threshold = 1e-08)
  Iteration 21 (of 30).   Current convergence value = 0.0015555 (threshold = 1e-08)
  Iteration 22 (of 30).   Current convergence value = 0.00141331 (threshold = 1e-08)
  Iteration 23 (of 30).   Current convergence value = 0.00130495 (threshold = 1e-08)
  Iteration 24 (of 30).   Current convergence value = 0.00117272 (threshold = 1e-08)
  Iteration 25 (of 30).   Current convergence value = 0.00101455 (threshold = 1e-08)
  Iteration 26 (of 30).   Current convergence value = 0.000865994 (threshold = 1e-08)
  Iteration 27 (of 30).   Current convergence value = 0.000819227 (threshold = 1e-08)
  Iteration 28 (of 30).   Current convergence value = 0.00079716 (threshold = 1e-08)
  Iteration 29 (of 30).   Current convergence value = 0.000785454 (threshold = 1e-08)
  Iteration 30 (of 30).   Current convergence value = 0.000794557 (threshold = 1e-08)
   N4BiasFieldCorrectionImageFilter (0x55b8899a1e20)
     RTTI typeinfo:   itk::N4BiasFieldCorrectionImageFilter<itk::Image<float, 3u>, itk::Image<float, 3u>, itk::Image<float, 3u> >
     Reference Count: 1
     Modified Time: 565
     Debug: Off
     Object Name: 
     Observers: 
       IterationEvent(Command)
     Inputs: 
       ConfidenceImage: (0)
       MaskImage: (0x55b8899cc630)
       Primary: (0x55b8899c7a30) *
     Indexed Inputs: 
       0: Primary (0x55b8899c7a30)
       1: MaskImage (0x55b8899cc630)
       2: ConfidenceImage (0)
     Required Input Names: Primary
     NumberOfRequiredInputs: 1
     Outputs: 
       Primary: (0x55b8899b1ef0)
     Indexed Outputs: 
       0: Primary (0x55b8899b1ef0)
     NumberOfRequiredOutputs: 1
     Number Of Work Units: 32
     ReleaseDataFlag: Off
     ReleaseDataBeforeUpdateFlag: Off
     AbortGenerateData: Off
     Progress: 0
     Multithreader: 
       RTTI typeinfo:   itk::PoolMultiThreader
       Reference Count: 1
       Modified Time: 144
       Debug: Off
       Object Name: 
       Observers: 
         none
       Number of Work Units: 32
       Number of Threads: 8
       Global Maximum Number Of Threads: 128
       Global Default Number Of Threads: 8
       Global Default Threader Type: itk::MultiThreaderBaseEnums::Threader::Pool
       SingleMethod: 0
       SingleData: 0
     DynamicMultiThreading: On
     CoordinateTolerance: 1e-06
     DirectionTolerance: 1e-06
     Use Mask Label: 0
     Mask label: 1
     Number of histogram bins: 200
     Wiener filter noise: 0.01
     Bias field FWHM: 0.15
     Maximum number of iterations: [50, 50, 40, 30]
     Convergence threshold: 1e-08
     Spline order: 3
     Number of fitting levels: [4, 4, 4]
     Number of control points: [4, 5, 5]
     CurrentConvergenceMeasurement: 0.000794557
     CurrentLevel: 4
     ElapsedIterations: 31
     LogBiasFieldControlPointLattice: 
       Image (0x55b8904a3310)
         RTTI typeinfo:   itk::Image<itk::Vector<float, 1u>, 3u>
         Reference Count: 1
         Modified Time: 343560
         Debug: Off
         Object Name: 
         Observers: 
           none
         Source: (none)
         Source output name: (none)
         Release Data: Off
         Data Released: False
         Global Release Data: Off
         PipelineMTime: 0
         UpdateMTime: 0
         RealTimeStamp: 0 seconds 
         LargestPossibleRegion: 
           Dimension: 3
           Index: [0, 0, 0]
           Size: [11, 19, 19]
         BufferedRegion: 
           Dimension: 3
           Index: [0, 0, 0]
           Size: [11, 19, 19]
         RequestedRegion: 
           Dimension: 3
           Index: [0, 0, 0]
           Size: [11, 19, 19]
         Spacing: [24.75, 24.875, 24.875]
         Origin: [25.1949, 20.171, -28.4331]
         Direction: 
-0.999368 -0.0326182 0.0141036
0.034311 -0.988989 0.143957
0.00925269 0.14435 0.989483

         IndexToPointMatrix: 
-24.7344 -0.811378 0.350827
0.849198 -24.6011 3.58093
0.229004 3.59071 24.6134

         PointToIndexMatrix: 
-0.0403785 0.0013863 0.000373846
-0.00131128 -0.0397583 0.00580302
0.000566979 0.00578722 0.0397782

         Inverse Direction: 
-0.999368 0.034311 0.00925269
-0.0326182 -0.988989 0.14435
0.0141036 0.143957 0.989483

         PixelContainer: 
           ImportImageContainer (0x55b8904b3de0)
             RTTI typeinfo:   itk::ImportImageContainer<unsigned long, itk::Vector<float, 1u> >
             Reference Count: 1
             Modified Time: 343561
             Debug: Off
             Object Name: 
             Observers: 
               none
             Pointer: 0x55b893b5bd20
             Container manages memory: true
             Size: 3971
             Capacity: 3971
Elapsed time: 270.377
All_Command_lines_OK
Using single precision for computations.
=============================================================================
The composite transform comprises the following transforms (in order): 
  1. Center of mass alignment using fixed image: /home/mpib/nemecz/Projects/miniTRK/Results/01_MRI/GroupTempl/T1w/T_template0.nii.gz and moving image: /home/mpib/nemecz/Projects/miniTRK/Analysis/01_MRI/Preproc/GroupTempl/T1w/sub-876066_T1w.nii.gz (type = Euler3DTransform)
=============================================================================
  number of levels = 4
  number of levels = 4
  number of levels = 4
  fixed image: /home/mpib/nemecz/Projects/miniTRK/Results/01_MRI/GroupTempl/T1w/T_template0.nii.gz
  moving image: /home/mpib/nemecz/Projects/miniTRK/Results/01_MRI/GroupTempl/T1w/T_template0sub-876066_T1wRepaired.nii.gz
  fixed image: /home/mpib/nemecz/Projects/miniTRK/Results/01_MRI/GroupTempl/T1w/T_template0.nii.gz
  moving image: /home/mpib/nemecz/Projects/miniTRK/Results/01_MRI/GroupTempl/T1w/T_template0sub-876066_T1wRepaired.nii.gz
  fixed image: /home/mpib/nemecz/Projects/miniTRK/Results/01_MRI/GroupTempl/T1w/T_template0.nii.gz
  moving image: /home/mpib/nemecz/Projects/miniTRK/Results/01_MRI/GroupTempl/T1w/T_template0sub-876066_T1wRepaired.nii.gz
Dimension = 3
Number of stages = 3
Use Histogram Matching true
Winsorize image intensities true
Lower quantile = 0.01
Upper quantile = 0.99
Stage 1 State
   Image metric = Mattes
     Fixed image = Image (0x55c641557ad0)
  RTTI typeinfo:   itk::Image<float, 3u>
  Reference Count: 2
  Modified Time: 1721
  Debug: Off
  Object Name: 
  Observers: 
    none
  Source: (none)
  Source output name: (none)
  Release Data: Off
  Data Released: False
  Global Release Data: Off
  PipelineMTime: 0
  UpdateMTime: 1506
  RealTimeStamp: 0 seconds 
  LargestPossibleRegion: 
    Dimension: 3
    Index: [0, 0, 0]
    Size: [192, 256, 256]
  BufferedRegion: 
    Dimension: 3
    Index: [0, 0, 0]
    Size: [192, 256, 256]
  RequestedRegion: 
    Dimension: 3
    Index: [0, 0, 0]
    Size: [192, 256, 256]
  Spacing: [1, 1, 1]
  Origin: [95.0313, 100.538, -154.123]
  Direction: 
-0.999853 -0.014134 -0.00966312
0.014129 -0.9999 0.000586045
-0.00967044 0.000449429 0.999953

  IndexToPointMatrix: 
-0.999853 -0.014134 -0.00966312
0.014129 -0.9999 0.000586045
-0.00967044 0.000449429 0.999953

  PointToIndexMatrix: 
-0.999853 0.014129 -0.00967044
-0.014134 -0.9999 0.000449429
-0.00966312 0.000586045 0.999953

  Inverse Direction: 
-0.999853 0.014129 -0.00967044
-0.014134 -0.9999 0.000449429
-0.00966312 0.000586045 0.999953

  PixelContainer: 
    ImportImageContainer (0x55c64155fc80)
      RTTI typeinfo:   itk::ImportImageContainer<unsigned long, float>
      Reference Count: 1
      Modified Time: 1503
      Debug: Off
      Object Name: 
      Observers: 
        none
      Pointer: 0x7f679d816010
      Container manages memory: true
      Size: 12582912
      Capacity: 12582912

     Moving image = Image (0x55c641558bc0)
  RTTI typeinfo:   itk::Image<float, 3u>
  Reference Count: 2
  Modified Time: 1722
  Debug: Off
  Object Name: 
  Observers: 
    none
  Source: (none)
  Source output name: (none)
  Release Data: Off
  Data Released: False
  Global Release Data: Off
  PipelineMTime: 0
  UpdateMTime: 1719
  RealTimeStamp: 0 seconds 
  LargestPossibleRegion: 
    Dimension: 3
    Index: [0, 0, 0]
    Size: [192, 256, 256]
  BufferedRegion: 
    Dimension: 3
    Index: [0, 0, 0]
    Size: [192, 256, 256]
  RequestedRegion: 
    Dimension: 3
    Index: [0, 0, 0]
    Size: [192, 256, 256]
  Spacing: [1, 1, 1]
  Origin: [93.2246, 67.1787, -169.05]
  Direction: 
-0.999368 -0.0326182 0.0141036
0.034311 -0.988989 0.143957
0.00925269 0.14435 0.989483

  IndexToPointMatrix: 
-0.999368 -0.0326182 0.0141036
0.034311 -0.988989 0.143957
0.00925269 0.14435 0.989483

  PointToIndexMatrix: 
-0.999368 0.034311 0.00925269
-0.0326182 -0.988989 0.14435
0.0141036 0.143957 0.989483

  Inverse Direction: 
-0.999368 0.034311 0.00925269
-0.0326182 -0.988989 0.14435
0.0141036 0.143957 0.989483

  PixelContainer: 
    ImportImageContainer (0x55c641564100)
      RTTI typeinfo:   itk::ImportImageContainer<unsigned long, float>
      Reference Count: 1
      Modified Time: 1716
      Debug: Off
      Object Name: 
      Observers: 
        none
      Pointer: 0x7f679a815010
      Container manages memory: true
      Size: 12582912
      Capacity: 12582912

     Weighting = 1
     Sampling strategy = regular
     Number of bins = 32
     Radius = 4
     Sampling percentage  = 0.25
   Transform = Rigid
     Gradient step = 0.1
     Update field sigma (voxel space) = 0
     Total field sigma (voxel space) = 0
     Update field time sigma = 0
     Total field time sigma  = 0
     Number of time indices = 0
     Number of time point samples = 0
Stage 2 State
   Image metric = Mattes
     Fixed image = Image (0x55c641570870)
  RTTI typeinfo:   itk::Image<float, 3u>
  Reference Count: 2
  Modified Time: 2149
  Debug: Off
  Object Name: 
  Observers: 
    none
  Source: (none)
  Source output name: (none)
  Release Data: Off
  Data Released: False
  Global Release Data: Off
  PipelineMTime: 0
  UpdateMTime: 1934
  RealTimeStamp: 0 seconds 
  LargestPossibleRegion: 
    Dimension: 3
    Index: [0, 0, 0]
    Size: [192, 256, 256]
  BufferedRegion: 
    Dimension: 3
    Index: [0, 0, 0]
    Size: [192, 256, 256]
  RequestedRegion: 
    Dimension: 3
    Index: [0, 0, 0]
    Size: [192, 256, 256]
  Spacing: [1, 1, 1]
  Origin: [95.0313, 100.538, -154.123]
  Direction: 
-0.999853 -0.014134 -0.00966312
0.014129 -0.9999 0.000586045
-0.00967044 0.000449429 0.999953

  IndexToPointMatrix: 
-0.999853 -0.014134 -0.00966312
0.014129 -0.9999 0.000586045
-0.00967044 0.000449429 0.999953

  PointToIndexMatrix: 
-0.999853 0.014129 -0.00967044
-0.014134 -0.9999 0.000449429
-0.00966312 0.000586045 0.999953

  Inverse Direction: 
-0.999853 0.014129 -0.00967044
-0.014134 -0.9999 0.000449429
-0.00966312 0.000586045 0.999953

  PixelContainer: 
    ImportImageContainer (0x55c64155b6d0)
      RTTI typeinfo:   itk::ImportImageContainer<unsigned long, float>
      Reference Count: 1
      Modified Time: 1931
      Debug: Off
      Object Name: 
      Observers: 
        none
      Pointer: 0x7f6797814010
      Container manages memory: true
      Size: 12582912
      Capacity: 12582912

     Moving image = Image (0x55c6415704c0)
  RTTI typeinfo:   itk::Image<float, 3u>
  Reference Count: 2
  Modified Time: 2150
  Debug: Off
  Object Name: 
  Observers: 
    none
  Source: (none)
  Source output name: (none)
  Release Data: Off
  Data Released: False
  Global Release Data: Off
  PipelineMTime: 0
  UpdateMTime: 2147
  RealTimeStamp: 0 seconds 
  LargestPossibleRegion: 
    Dimension: 3
    Index: [0, 0, 0]
    Size: [192, 256, 256]
  BufferedRegion: 
    Dimension: 3
    Index: [0, 0, 0]
    Size: [192, 256, 256]
  RequestedRegion: 
    Dimension: 3
    Index: [0, 0, 0]
    Size: [192, 256, 256]
  Spacing: [1, 1, 1]
  Origin: [93.2246, 67.1787, -169.05]
  Direction: 
-0.999368 -0.0326182 0.0141036
0.034311 -0.988989 0.143957
0.00925269 0.14435 0.989483

  IndexToPointMatrix: 
-0.999368 -0.0326182 0.0141036
0.034311 -0.988989 0.143957
0.00925269 0.14435 0.989483

  PointToIndexMatrix: 
-0.999368 0.034311 0.00925269
-0.0326182 -0.988989 0.14435
0.0141036 0.143957 0.989483

  Inverse Direction: 
-0.999368 0.034311 0.00925269
-0.0326182 -0.988989 0.14435
0.0141036 0.143957 0.989483

  PixelContainer: 
    ImportImageContainer (0x55c6415718c0)
      RTTI typeinfo:   itk::ImportImageContainer<unsigned long, float>
      Reference Count: 1
      Modified Time: 2144
      Debug: Off
      Object Name: 
      Observers: 
        none
      Pointer: 0x7f6794813010
      Container manages memory: true
      Size: 12582912
      Capacity: 12582912

     Weighting = 1
     Sampling strategy = regular
     Number of bins = 32
     Radius = 4
     Sampling percentage  = 0.25
   Transform = Affine
     Gradient step = 0.1
     Update field sigma (voxel space) = 0
     Total field sigma (voxel space) = 0
     Update field time sigma = 0
     Total field time sigma  = 0
     Number of time indices = 0
     Number of time point samples = 0
Stage 3 State
   Image metric = CC
     Fixed image = Image (0x55c641577960)
  RTTI typeinfo:   itk::Image<float, 3u>
  Reference Count: 2
  Modified Time: 2577
  Debug: Off
  Object Name: 
  Observers: 
    none
  Source: (none)
  Source output name: (none)
  Release Data: Off
  Data Released: False
  Global Release Data: Off
  PipelineMTime: 0
  UpdateMTime: 2362
  RealTimeStamp: 0 seconds 
  LargestPossibleRegion: 
    Dimension: 3
    Index: [0, 0, 0]
    Size: [192, 256, 256]
  BufferedRegion: 
    Dimension: 3
    Index: [0, 0, 0]
    Size: [192, 256, 256]
  RequestedRegion: 
    Dimension: 3
    Index: [0, 0, 0]
    Size: [192, 256, 256]
  Spacing: [1, 1, 1]
  Origin: [95.0313, 100.538, -154.123]
  Direction: 
-0.999853 -0.014134 -0.00966312
0.014129 -0.9999 0.000586045
-0.00967044 0.000449429 0.999953

  IndexToPointMatrix: 
-0.999853 -0.014134 -0.00966312
0.014129 -0.9999 0.000586045
-0.00967044 0.000449429 0.999953

  PointToIndexMatrix: 
-0.999853 0.014129 -0.00967044
-0.014134 -0.9999 0.000449429
-0.00966312 0.000586045 0.999953

  Inverse Direction: 
-0.999853 0.014129 -0.00967044
-0.014134 -0.9999 0.000449429
-0.00966312 0.000586045 0.999953

  PixelContainer: 
    ImportImageContainer (0x55c641558660)
      RTTI typeinfo:   itk::ImportImageContainer<unsigned long, float>
      Reference Count: 1
      Modified Time: 2359
      Debug: Off
      Object Name: 
      Observers: 
        none
      Pointer: 0x7f6791812010
      Container manages memory: true
      Size: 12582912
      Capacity: 12582912

     Moving image = Image (0x55c641579840)
  RTTI typeinfo:   itk::Image<float, 3u>
  Reference Count: 2
  Modified Time: 2578
  Debug: Off
  Object Name: 
  Observers: 
    none
  Source: (none)
  Source output name: (none)
  Release Data: Off
  Data Released: False
  Global Release Data: Off
  PipelineMTime: 0
  UpdateMTime: 2575
  RealTimeStamp: 0 seconds 
  LargestPossibleRegion: 
    Dimension: 3
    Index: [0, 0, 0]
    Size: [192, 256, 256]
  BufferedRegion: 
    Dimension: 3
    Index: [0, 0, 0]
    Size: [192, 256, 256]
  RequestedRegion: 
    Dimension: 3
    Index: [0, 0, 0]
    Size: [192, 256, 256]
  Spacing: [1, 1, 1]
  Origin: [93.2246, 67.1787, -169.05]
  Direction: 
-0.999368 -0.0326182 0.0141036
0.034311 -0.988989 0.143957
0.00925269 0.14435 0.989483

  IndexToPointMatrix: 
-0.999368 -0.0326182 0.0141036
0.034311 -0.988989 0.143957
0.00925269 0.14435 0.989483

  PointToIndexMatrix: 
-0.999368 0.034311 0.00925269
-0.0326182 -0.988989 0.14435
0.0141036 0.143957 0.989483

  Inverse Direction: 
-0.999368 0.034311 0.00925269
-0.0326182 -0.988989 0.14435
0.0141036 0.143957 0.989483

  PixelContainer: 
    ImportImageContainer (0x55c641576660)
      RTTI typeinfo:   itk::ImportImageContainer<unsigned long, float>
      Reference Count: 1
      Modified Time: 2572
      Debug: Off
      Object Name: 
      Observers: 
        none
      Pointer: 0x7f678e811010
      Container manages memory: true
      Size: 12582912
      Capacity: 12582912

     Weighting = 1
     Sampling strategy = none
     Number of bins = 32
     Radius = 4
     Sampling percentage  = 1
   Transform = SyN
     Gradient step = 0.1
     Update field sigma (voxel space) = 3
     Total field sigma (voxel space) = 0
     Update field time sigma = 0
     Total field time sigma  = 0
     Number of time indices = 0
     Number of time point samples = 0
Registration using 3 total stages.

Stage 0
  iterations = 1000x500x250x0
  convergence threshold = 1e-06
  convergence window size = 10
  number of levels = 4
  using the Mattes MI metric (number of bins = 32, weight = 1)
  preprocessing:  winsorizing the image intensities
  preprocessing:  histogram matching the images
  Shrink factors (level 1 out of 4): [6, 6, 6]
  Shrink factors (level 2 out of 4): [4, 4, 4]
  Shrink factors (level 3 out of 4): [2, 2, 2]
  Shrink factors (level 4 out of 4): [1, 1, 1]
  smoothing sigmas per level: [4, 2, 1, 0]
  regular sampling (percentage = 0.25)

*** Running Euler3DTransform registration ***

DIAGNOSTIC,Iteration,metricValue,convergenceValue,ITERATION_TIME_INDEX,SINCE_LAST
 2DIAGNOSTIC,     1, -9.362076520920e-01, inf, 6.1044e-01, 6.1044e-01, 
 2DIAGNOSTIC,     2, -9.378600120544e-01, inf, 6.1953e-01, 9.0909e-03, 
 2DIAGNOSTIC,     3, -9.405168294907e-01, inf, 6.2811e-01, 8.5819e-03, 
 2DIAGNOSTIC,     4, -9.435182809830e-01, inf, 6.3685e-01, 8.7380e-03, 
 2DIAGNOSTIC,     5, -9.468778371811e-01, inf, 6.4565e-01, 8.8010e-03, 
 2DIAGNOSTIC,     6, -9.499443173409e-01, inf, 6.5466e-01, 9.0108e-03, 
 2DIAGNOSTIC,     7, -9.541106224060e-01, inf, 6.6374e-01, 9.0780e-03, 
 2DIAGNOSTIC,     8, -9.625638127327e-01, inf, 6.7277e-01, 9.0339e-03, 
 2DIAGNOSTIC,     9, -9.655673503876e-01, inf, 6.8630e-01, 1.3528e-02, 
 2DIAGNOSTIC,    10, -9.664160013199e-01, 2.256425097585e-03, 6.9499e-01, 8.6911e-03, 
 2DIAGNOSTIC,    11, -9.667930006981e-01, 2.040096325800e-03, 7.0326e-01, 8.2741e-03, 
 2DIAGNOSTIC,    12, -9.676128625870e-01, 1.737973769195e-03, 7.1481e-01, 1.1547e-02, 
 2DIAGNOSTIC,    13, -9.679811596870e-01, 1.391847617924e-03, 7.2429e-01, 9.4762e-03, 
 2DIAGNOSTIC,    14, -9.680658578873e-01, 1.033816603012e-03, 7.3456e-01, 1.0274e-02, 
 2DIAGNOSTIC,    15, -9.680834412575e-01, 6.987075903453e-04, 7.4273e-01, 8.1708e-03, 
 2DIAGNOSTIC,    16, -9.680660367012e-01, 3.992229467258e-04, 7.5197e-01, 9.2380e-03, 
 2DIAGNOSTIC,    17, -9.680404067039e-01, 1.674979139352e-04, 7.6129e-01, 9.3169e-03, 
 2DIAGNOSTIC,    18, -9.680461883545e-01, 8.460222306894e-05, 7.6949e-01, 8.2011e-03, 
 2DIAGNOSTIC,    19, -9.680151939392e-01, 4.907351831207e-05, 7.7796e-01, 8.4748e-03, 
 2DIAGNOSTIC,    20, -9.680307507515e-01, 2.560920802352e-05, 7.8670e-01, 8.7411e-03, 
 2DIAGNOSTIC,    21, -9.680178761482e-01, 7.044850917737e-06, 7.9608e-01, 9.3760e-03, 
DIAGNOSTIC,Iteration,metricValue,convergenceValue,ITERATION_TIME_INDEX,SINCE_LAST
 2DIAGNOSTIC,     1, -7.541656494141e-01, inf, 1.3099e+00, 5.1378e-01, 
 2DIAGNOSTIC,     2, -7.553674578667e-01, inf, 1.3422e+00, 3.2325e-02, 
 2DIAGNOSTIC,     3, -7.566616535187e-01, inf, 1.3733e+00, 3.1130e-02, 
 2DIAGNOSTIC,     4, -7.576134800911e-01, inf, 1.4047e+00, 3.1407e-02, 
 2DIAGNOSTIC,     5, -7.582686543465e-01, inf, 1.4397e+00, 3.4947e-02, 
 2DIAGNOSTIC,     6, -7.586298584938e-01, inf, 1.4682e+00, 2.8583e-02, 
 2DIAGNOSTIC,     7, -7.588321566582e-01, inf, 1.5093e+00, 4.1096e-02, 
 2DIAGNOSTIC,     8, -7.589694857597e-01, inf, 1.5478e+00, 3.8415e-02, 
 2DIAGNOSTIC,     9, -7.589831352234e-01, inf, 1.5759e+00, 2.8192e-02, 
 2DIAGNOSTIC,    10, -7.590680718422e-01, 3.899309085682e-04, 1.6079e+00, 3.1929e-02, 
 2DIAGNOSTIC,    11, -7.590990066528e-01, 2.468844759278e-04, 1.6359e+00, 2.8001e-02, 
 2DIAGNOSTIC,    12, -7.591256499290e-01, 1.436104503227e-04, 1.6642e+00, 2.8288e-02, 
 2DIAGNOSTIC,    13, -7.591752409935e-01, 8.182953024516e-05, 1.6957e+00, 3.1503e-02, 
 2DIAGNOSTIC,    14, -7.591820359230e-01, 4.700649878941e-05, 1.7272e+00, 3.1542e-02, 
 2DIAGNOSTIC,    15, -7.591755390167e-01, 2.879989551730e-05, 1.7552e+00, 2.8004e-02, 
 2DIAGNOSTIC,    16, -7.591870427132e-01, 1.906873876578e-05, 1.7878e+00, 3.2630e-02, 
 2DIAGNOSTIC,    17, -7.592020034790e-01, 1.362592774967e-05, 1.8184e+00, 3.0558e-02, 
 2DIAGNOSTIC,    18, -7.592352032661e-01, 1.124895334215e-05, 1.8575e+00, 3.9078e-02, 
 2DIAGNOSTIC,    19, -7.592484354973e-01, 8.725222869543e-06, 1.8891e+00, 3.1605e-02, 
 2DIAGNOSTIC,    20, -7.592442035675e-01, 7.321591056098e-06, 1.9246e+00, 3.5516e-02, 
 2DIAGNOSTIC,    21, -7.592446804047e-01, 6.088212558097e-06, 1.9568e+00, 3.2158e-02, 
 2DIAGNOSTIC,    22, -7.592452168465e-01, 4.973913291906e-06, 1.9895e+00, 3.2775e-02, 
 2DIAGNOSTIC,    23, -7.592481374741e-01, 4.468586212170e-06, 2.0226e+00, 3.3040e-02, 
 2DIAGNOSTIC,    24, -7.592504024506e-01, 3.860357537633e-06, 2.0542e+00, 3.1670e-02, 
 2DIAGNOSTIC,    25, -7.592542171478e-01, 3.028572791663e-06, 2.0923e+00, 3.8065e-02, 
 2DIAGNOSTIC,    26, -7.592491507530e-01, 2.190810846514e-06, 2.1268e+00, 3.4479e-02, 
 2DIAGNOSTIC,    27, -7.592436075211e-01, 1.445713905923e-06, 2.1538e+00, 2.7007e-02, 
 2DIAGNOSTIC,    28, -7.592378258705e-01, 1.091253579943e-06, 2.1820e+00, 2.8160e-02, 
DIAGNOSTIC,Iteration,metricValue,convergenceValue,ITERATION_TIME_INDEX,SINCE_LAST
 2DIAGNOSTIC,     1, -6.644443273544e-01, inf, 3.1434e+00, 9.6147e-01, 
 2DIAGNOSTIC,     2, -6.646183133125e-01, inf, 3.3634e+00, 2.2002e-01, 
 2DIAGNOSTIC,     3, -6.646921038628e-01, inf, 3.5831e+00, 2.1964e-01, 
 2DIAGNOSTIC,     4, -6.647261977196e-01, inf, 3.9182e+00, 3.3507e-01, 
 2DIAGNOSTIC,     5, -6.647272706032e-01, inf, 4.1764e+00, 2.5822e-01, 
 2DIAGNOSTIC,     6, -6.647288203239e-01, inf, 4.4432e+00, 2.6680e-01, 
 2DIAGNOSTIC,     7, -6.647304892540e-01, inf, 4.7129e+00, 2.6976e-01, 
 2DIAGNOSTIC,     8, -6.647305488586e-01, inf, 4.9781e+00, 2.6513e-01, 
 2DIAGNOSTIC,     9, -6.647301912308e-01, inf, 5.2309e+00, 2.5283e-01, 
 2DIAGNOSTIC,    10, -6.647321581841e-01, 2.091814167215e-05, 5.4512e+00, 2.2030e-01, 
 2DIAGNOSTIC,    11, -6.647338271141e-01, 8.921366315917e-06, 5.7048e+00, 2.5362e-01, 
 2DIAGNOSTIC,    12, -6.647312045097e-01, 4.427121439221e-06, 5.9582e+00, 2.5342e-01, 
 2DIAGNOSTIC,    13, -6.647310853004e-01, 2.860151425921e-06, 6.2162e+00, 2.5794e-01, 
 2DIAGNOSTIC,    14, -6.647306680679e-01, 2.508434135962e-06, 6.6013e+00, 3.8516e-01, 
 2DIAGNOSTIC,    15, -6.647298932076e-01, 2.187877271353e-06, 6.8635e+00, 2.6214e-01, 
 2DIAGNOSTIC,    16, -6.647301316261e-01, 1.947325927176e-06, 7.1496e+00, 2.8616e-01, 
 2DIAGNOSTIC,    17, -6.647300124168e-01, 1.778860678314e-06, 7.4155e+00, 2.6586e-01, 
 2DIAGNOSTIC,    18, -6.647298932076e-01, 1.637855461922e-06, 7.6787e+00, 2.6314e-01, 
 2DIAGNOSTIC,    19, -6.647292971611e-01, 1.500813027633e-06, 7.9344e+00, 2.5571e-01, 
 2DIAGNOSTIC,    20, -6.647287011147e-01, 1.421746560482e-06, 8.1878e+00, 2.5341e-01, 
 2DIAGNOSTIC,    21, -6.647290587425e-01, 1.408708385497e-06, 8.4106e+00, 2.2284e-01, 
 2DIAGNOSTIC,    22, -6.647298336029e-01, 1.370076233798e-06, 8.6632e+00, 2.5259e-01, 
 2DIAGNOSTIC,    23, -6.647296547890e-01, 1.336058062407e-06, 8.9200e+00, 2.5679e-01, 
 2DIAGNOSTIC,    24, -6.647300124168e-01, 1.309221147494e-06, 9.1763e+00, 2.5630e-01, 
 2DIAGNOSTIC,    25, -6.647298336029e-01, 1.269761469302e-06, 9.4287e+00, 2.5240e-01, 
 2DIAGNOSTIC,    26, -6.647304296494e-01, 1.247179739039e-06, 9.8013e+00, 3.7258e-01, 
 2DIAGNOSTIC,    27, -6.647303104401e-01, 1.219621026394e-06, 1.0060e+01, 2.5895e-01, 
 2DIAGNOSTIC,    28, -6.647301912308e-01, 1.186819417853e-06, 1.0326e+01, 2.6587e-01, 
 2DIAGNOSTIC,    29, -6.647295951843e-01, 1.134519266088e-06, 1.0581e+01, 2.5496e-01, 
 2DIAGNOSTIC,    30, -6.647297739983e-01, 1.076335934158e-06, 1.0840e+01, 2.5852e-01, 
 2DIAGNOSTIC,    31, -6.647295951843e-01, 1.022284664032e-06, 1.1094e+01, 2.5484e-01, 
DIAGNOSTIC,Iteration,metricValue,convergenceValue,ITERATION_TIME_INDEX,SINCE_LAST
 2DIAGNOSTIC,     1, -5.992353558540e-01, inf, 1.3601e+01, 2.5064e+00, 
  Elapsed time (stage 0): 1.4940e+01


Stage 1
  iterations = 1000x500x250x0
  convergence threshold = 1.0000e-06
  convergence window size = 10
  number of levels = 4
  using the Mattes MI metric (number of bins = 32, weight = 1.0000e+00)
  preprocessing:  winsorizing the image intensities
  preprocessing:  histogram matching the images
  Shrink factors (level 1 out of 4): [6, 6, 6]
  Shrink factors (level 2 out of 4): [4, 4, 4]
  Shrink factors (level 3 out of 4): [2, 2, 2]
  Shrink factors (level 4 out of 4): [1, 1, 1]
  smoothing sigmas per level: [4, 2, 1, 0]
  regular sampling (percentage = 2.5000e-01)

*** Running AffineTransform registration ***

DIAGNOSTIC,Iteration,metricValue,convergenceValue,ITERATION_TIME_INDEX,SINCE_LAST
 2DIAGNOSTIC,     1, -9.597776532173e-01, inf, 6.1361e-01, 6.1361e-01, 
 2DIAGNOSTIC,     2, -9.619281291962e-01, inf, 6.2482e-01, 1.1207e-02, 
 2DIAGNOSTIC,     3, -9.653125405312e-01, inf, 6.3564e-01, 1.0827e-02, 
 2DIAGNOSTIC,     4, -9.702686667442e-01, inf, 6.4683e-01, 1.1189e-02, 
 2DIAGNOSTIC,     5, -9.781634211540e-01, inf, 6.5726e-01, 1.0425e-02, 
 2DIAGNOSTIC,     6, -9.900102019310e-01, inf, 6.6729e-01, 1.0031e-02, 
 2DIAGNOSTIC,     7, -1.005673885345e+00, inf, 6.7760e-01, 1.0315e-02, 
 2DIAGNOSTIC,     8, -1.020475387573e+00, inf, 6.9200e-01, 1.4392e-02, 
 2DIAGNOSTIC,     9, -1.024550318718e+00, inf, 7.0471e-01, 1.2712e-02, 
 2DIAGNOSTIC,    10, -1.024762749672e+00, 5.081452429295e-03, 7.1520e-01, 1.0492e-02, 
 2DIAGNOSTIC,    11, -1.025145411491e+00, 4.570808261633e-03, 7.2581e-01, 1.0614e-02, 
 2DIAGNOSTIC,    12, -1.025741219521e+00, 3.799296682701e-03, 7.3631e-01, 1.0501e-02, 
