All_Command_lines_OK
Using single precision for computations.
=============================================================================
The composite transform comprises the following transforms (in order): 
  1. Center of mass alignment using fixed image: /home/mpib/nemecz/Projects/miniTRK/Results/01_MRI/GroupTempl/T1w/T_template0.nii.gz and moving image: /home/mpib/nemecz/Projects/miniTRK/Analysis/01_MRI/Preproc/GroupTempl/T1w/sub-193847_T1w.nii.gz (type = Euler3DTransform)
=============================================================================
  number of levels = 4
  fixed image: /home/mpib/nemecz/Projects/miniTRK/Results/01_MRI/GroupTempl/T1w/T_template0.nii.gz
  moving image: /home/mpib/nemecz/Projects/miniTRK/Analysis/01_MRI/Preproc/GroupTempl/T1w/sub-193847_T1w.nii.gz
Dimension = 3
Number of stages = 1
Use Histogram Matching true
Winsorize image intensities true
Lower quantile = 0.01
Upper quantile = 0.99
Stage 1 State
   Image metric = Mattes
     Fixed image = Image (0x55649599cfe0)
  RTTI typeinfo:   itk::Image<float, 3u>
  Reference Count: 2
  Modified Time: 1667
  Debug: Off
  Object Name: 
  Observers: 
    none
  Source: (none)
  Source output name: (none)
  Release Data: Off
  Data Released: False
  Global Release Data: Off
  PipelineMTime: 0
  UpdateMTime: 1452
  RealTimeStamp: 0 seconds 
  LargestPossibleRegion: 
    Dimension: 3
    Index: [0, 0, 0]
    Size: [192, 256, 256]
  BufferedRegion: 
    Dimension: 3
    Index: [0, 0, 0]
    Size: [192, 256, 256]
  RequestedRegion: 
    Dimension: 3
    Index: [0, 0, 0]
    Size: [192, 256, 256]
  Spacing: [1, 1, 1]
  Origin: [95.0313, 100.538, -154.123]
  Direction: 
-0.999853 -0.014134 -0.00966312
0.014129 -0.9999 0.000586045
-0.00967044 0.000449429 0.999953

  IndexToPointMatrix: 
-0.999853 -0.014134 -0.00966312
0.014129 -0.9999 0.000586045
-0.00967044 0.000449429 0.999953

  PointToIndexMatrix: 
-0.999853 0.014129 -0.00967044
-0.014134 -0.9999 0.000449429
-0.00966312 0.000586045 0.999953

  Inverse Direction: 
-0.999853 0.014129 -0.00967044
-0.014134 -0.9999 0.000449429
-0.00966312 0.000586045 0.999953

  PixelContainer: 
    ImportImageContainer (0x5564959a9970)
      RTTI typeinfo:   itk::ImportImageContainer<unsigned long, float>
      Reference Count: 1
      Modified Time: 1449
      Debug: Off
      Object Name: 
      Observers: 
        none
      Pointer: 0x7fbe7ea16010
      Container manages memory: true
      Size: 12582912
      Capacity: 12582912

     Moving image = Image (0x5564959a05c0)
  RTTI typeinfo:   itk::Image<float, 3u>
  Reference Count: 2
  Modified Time: 1668
  Debug: Off
  Object Name: 
  Observers: 
    none
  Source: (none)
  Source output name: (none)
  Release Data: Off
  Data Released: False
  Global Release Data: Off
  PipelineMTime: 0
  UpdateMTime: 1665
  RealTimeStamp: 0 seconds 
  LargestPossibleRegion: 
    Dimension: 3
    Index: [0, 0, 0]
    Size: [192, 256, 256]
  BufferedRegion: 
    Dimension: 3
    Index: [0, 0, 0]
    Size: [192, 256, 256]
  RequestedRegion: 
    Dimension: 3
    Index: [0, 0, 0]
    Size: [192, 256, 256]
  Spacing: [1, 1, 1]
  Origin: [93.1805, 92.9992, -159.088]
  Direction: 
-0.999981 0.00608391 0.000950037
-0.00601799 -0.998273 0.058442
0.00130395 0.0584352 0.99829

  IndexToPointMatrix: 
-0.999981 0.00608391 0.000950037
-0.00601799 -0.998273 0.058442
0.00130395 0.0584352 0.99829

  PointToIndexMatrix: 
-0.999981 -0.00601799 0.00130395
0.00608391 -0.998273 0.0584352
0.000950037 0.058442 0.99829

  Inverse Direction: 
-0.999981 -0.00601799 0.00130395
0.00608391 -0.998273 0.0584352
0.000950037 0.058442 0.99829

  PixelContainer: 
    ImportImageContainer (0x55649599e1a0)
      RTTI typeinfo:   itk::ImportImageContainer<unsigned long, float>
      Reference Count: 1
      Modified Time: 1662
      Debug: Off
      Object Name: 
      Observers: 
        none
      Pointer: 0x7fbe7ba15010
      Container manages memory: true
      Size: 12582912
      Capacity: 12582912

     Weighting = 1
     Sampling strategy = regular
     Number of bins = 32
     Radius = 4
     Sampling percentage  = 0.25
   Transform = Rigid
     Gradient step = 0.1
     Update field sigma (voxel space) = 0
     Total field sigma (voxel space) = 0
     Update field time sigma = 0
     Total field time sigma  = 0
     Number of time indices = 0
     Number of time point samples = 0
Registration using 1 total stages.

Stage 0
  iterations = 1000x500x250x0
  convergence threshold = 1e-06
  convergence window size = 10
  number of levels = 4
  using the Mattes MI metric (number of bins = 32, weight = 1)
  preprocessing:  winsorizing the image intensities
  preprocessing:  histogram matching the images
  Shrink factors (level 1 out of 4): [6, 6, 6]
  Shrink factors (level 2 out of 4): [4, 4, 4]
  Shrink factors (level 3 out of 4): [2, 2, 2]
  Shrink factors (level 4 out of 4): [1, 1, 1]
  smoothing sigmas per level: [3, 2, 1, 0]
  regular sampling (percentage = 0.25)

*** Running Euler3DTransform registration ***

DIAGNOSTIC,Iteration,metricValue,convergenceValue,ITERATION_TIME_INDEX,SINCE_LAST
 2DIAGNOSTIC,     1, -8.097293972969e-01, inf, 5.9900e-01, 5.9900e-01, 
 2DIAGNOSTIC,     2, -8.114610910416e-01, inf, 6.0926e-01, 1.0265e-02, 
 2DIAGNOSTIC,     3, -8.143040537834e-01, inf, 6.1899e-01, 9.7260e-03, 
 2DIAGNOSTIC,     4, -8.174234032631e-01, inf, 6.2889e-01, 9.9030e-03, 
 2DIAGNOSTIC,     5, -8.209214210510e-01, inf, 6.3863e-01, 9.7361e-03, 
 2DIAGNOSTIC,     6, -8.236297965050e-01, inf, 6.4770e-01, 9.0671e-03, 
 2DIAGNOSTIC,     7, -8.260471224785e-01, inf, 6.5673e-01, 9.0349e-03, 
 2DIAGNOSTIC,     8, -8.278895020485e-01, inf, 6.6571e-01, 8.9760e-03, 
 2DIAGNOSTIC,     9, -8.306407332420e-01, inf, 6.7415e-01, 8.4460e-03, 
 2DIAGNOSTIC,    10, -8.335124254227e-01, 1.890298444778e-03, 6.8718e-01, 1.3022e-02, 
 2DIAGNOSTIC,    11, -8.347902894020e-01, 1.668594661169e-03, 6.9563e-01, 8.4598e-03, 
 2DIAGNOSTIC,    12, -8.355062007904e-01, 1.405382645316e-03, 7.0376e-01, 8.1220e-03, 
 2DIAGNOSTIC,    13, -8.368410468102e-01, 1.166967558675e-03, 7.1328e-01, 9.5270e-03, 
 2DIAGNOSTIC,    14, -8.386079668999e-01, 9.749137680046e-04, 7.2396e-01, 1.0675e-02, 
 2DIAGNOSTIC,    15, -8.386482596397e-01, 7.988286088221e-04, 7.3189e-01, 7.9319e-03, 
 2DIAGNOSTIC,    16, -8.394071459770e-01, 6.465594633482e-04, 7.4031e-01, 8.4240e-03, 
 2DIAGNOSTIC,    17, -8.406875729561e-01, 5.280176410452e-04, 7.4949e-01, 9.1770e-03, 
 2DIAGNOSTIC,    18, -8.411065340042e-01, 4.157688526902e-04, 7.6068e-01, 1.1186e-02, 
 2DIAGNOSTIC,    19, -8.411509394646e-01, 3.262324607931e-04, 7.6996e-01, 9.2790e-03, 
 2DIAGNOSTIC,    20, -8.411024212837e-01, 2.640990423970e-04, 7.7815e-01, 8.1899e-03, 
 2DIAGNOSTIC,    21, -8.411539196968e-01, 2.054278738797e-04, 7.8603e-01, 7.8790e-03, 
 2DIAGNOSTIC,    22, -8.412602543831e-01, 1.452281430829e-04, 7.9490e-01, 8.8732e-03, 
 2DIAGNOSTIC,    23, -8.412600159645e-01, 9.592245623935e-05, 8.0411e-01, 9.2130e-03, 
 2DIAGNOSTIC,    24, -8.412624001503e-01, 6.750836473657e-05, 8.1441e-01, 1.0295e-02, 
 2DIAGNOSTIC,    25, -8.412142992020e-01, 3.511038084980e-05, 8.2381e-01, 9.4049e-03, 
 2DIAGNOSTIC,    26, -8.411650657654e-01, 1.096353662433e-05, 8.3198e-01, 8.1689e-03, 
 2DIAGNOSTIC,    27, -8.411208391190e-01, 3.158506387990e-06, 8.4161e-01, 9.6259e-03, 
 2DIAGNOSTIC,    28, -8.411663174629e-01, 1.368994389850e-06, 8.5079e-01, 9.1782e-03, 
DIAGNOSTIC,Iteration,metricValue,convergenceValue,ITERATION_TIME_INDEX,SINCE_LAST
 2DIAGNOSTIC,     1, -7.267730832100e-01, inf, 1.5062e+00, 6.5539e-01, 
 2DIAGNOSTIC,     2, -7.284126877785e-01, inf, 1.5370e+00, 3.0863e-02, 
 2DIAGNOSTIC,     3, -7.306621670723e-01, inf, 1.5670e+00, 2.9976e-02, 
 2DIAGNOSTIC,     4, -7.329350709915e-01, inf, 1.5948e+00, 2.7753e-02, 
 2DIAGNOSTIC,     5, -7.344328761101e-01, inf, 1.6221e+00, 2.7294e-02, 
 2DIAGNOSTIC,     6, -7.348603606224e-01, inf, 1.6499e+00, 2.7817e-02, 
 2DIAGNOSTIC,     7, -7.355741858482e-01, inf, 1.6770e+00, 2.7151e-02, 
 2DIAGNOSTIC,     8, -7.360659837723e-01, inf, 1.7120e+00, 3.5015e-02, 
 2DIAGNOSTIC,     9, -7.364190816879e-01, inf, 1.7466e+00, 3.4516e-02, 
 2DIAGNOSTIC,    10, -7.364888787270e-01, 8.484161226079e-04, 1.7751e+00, 2.8550e-02, 
 2DIAGNOSTIC,    11, -7.365866303444e-01, 5.872471956536e-04, 1.8081e+00, 3.3031e-02, 
 2DIAGNOSTIC,    12, -7.366425991058e-01, 3.713302430697e-04, 1.8489e+00, 4.0749e-02, 
 2DIAGNOSTIC,    13, -7.367483973503e-01, 2.240763278678e-04, 1.8899e+00, 4.1025e-02, 
 2DIAGNOSTIC,    14, -7.367550730705e-01, 1.398664026055e-04, 1.9230e+00, 3.3038e-02, 
 2DIAGNOSTIC,    15, -7.367504239082e-01, 9.297518408857e-05, 1.9628e+00, 3.9846e-02, 
 2DIAGNOSTIC,    16, -7.367454171181e-01, 5.363329182728e-05, 1.9959e+00, 3.3145e-02, 
 2DIAGNOSTIC,    17, -7.367318868637e-01, 2.988287815242e-05, 2.0287e+00, 3.2746e-02, 
 2DIAGNOSTIC,    18, -7.367255091667e-01, 1.641906237637e-05, 2.0727e+00, 4.3972e-02, 
 2DIAGNOSTIC,    19, -7.367252707481e-01, 1.019169940264e-05, 2.1092e+00, 3.6521e-02, 
 2DIAGNOSTIC,    20, -7.367257475853e-01, 5.144234364707e-06, 2.1474e+00, 3.8175e-02, 
 2DIAGNOSTIC,    21, -7.367253303528e-01, 2.036511887127e-06, 2.1802e+00, 3.2890e-02, 
DIAGNOSTIC,Iteration,metricValue,convergenceValue,ITERATION_TIME_INDEX,SINCE_LAST
 2DIAGNOSTIC,     1, -6.341530084610e-01, inf, 3.1365e+00, 9.5622e-01, 
 2DIAGNOSTIC,     2, -6.343485713005e-01, inf, 3.3623e+00, 2.2580e-01, 
 2DIAGNOSTIC,     3, -6.345413327217e-01, inf, 3.5941e+00, 2.3182e-01, 
 2DIAGNOSTIC,     4, -6.346822977066e-01, inf, 3.8271e+00, 2.3302e-01, 
 2DIAGNOSTIC,     5, -6.347452998161e-01, inf, 4.1000e+00, 2.7291e-01, 
 2DIAGNOSTIC,     6, -6.347832679749e-01, inf, 4.3534e+00, 2.5342e-01, 
 2DIAGNOSTIC,     7, -6.347867250443e-01, inf, 4.6132e+00, 2.5978e-01, 
 2DIAGNOSTIC,     8, -6.348013877869e-01, inf, 4.8680e+00, 2.5480e-01, 
 2DIAGNOSTIC,     9, -6.347993016243e-01, inf, 5.1510e+00, 2.8296e-01, 
 2DIAGNOSTIC,    10, -6.347943544388e-01, 6.017702253303e-05, 5.4098e+00, 2.5883e-01, 
 2DIAGNOSTIC,    11, -6.347916126251e-01, 3.436078986851e-05, 5.7385e+00, 3.2873e-01, 
 2DIAGNOSTIC,    12, -6.347889900208e-01, 1.711196091492e-05, 5.9953e+00, 2.5674e-01, 
 2DIAGNOSTIC,    13, -6.347898244858e-01, 7.778509825584e-06, 6.2529e+00, 2.5761e-01, 
 2DIAGNOSTIC,    14, -6.347886919975e-01, 3.722439942067e-06, 6.5217e+00, 2.6880e-01, 
 2DIAGNOSTIC,    15, -6.347880363464e-01, 1.915012717291e-06, 6.8118e+00, 2.9011e-01, 
 2DIAGNOSTIC,    16, -6.347870230675e-01, 1.390519287270e-06, 7.0997e+00, 2.8789e-01, 
 2DIAGNOSTIC,    17, -6.347873210907e-01, 1.069248014574e-06, 7.3552e+00, 2.5556e-01, 
 2DIAGNOSTIC,    18, -6.347866058350e-01, 1.202863813887e-06, 7.6120e+00, 2.5676e-01, 
 2DIAGNOSTIC,    19, -6.347862482071e-01, 1.319305624747e-06, 7.8739e+00, 2.6188e-01, 
 2DIAGNOSTIC,    20, -6.347860693932e-01, 1.344264660474e-06, 8.0991e+00, 2.2524e-01, 
 2DIAGNOSTIC,    21, -6.347861886024e-01, 1.335466436103e-06, 8.3593e+00, 2.6019e-01, 
 2DIAGNOSTIC,    22, -6.347862482071e-01, 1.290873456128e-06, 8.6187e+00, 2.5936e-01, 
 2DIAGNOSTIC,    23, -6.347860693932e-01, 1.277775709241e-06, 8.8775e+00, 2.5880e-01, 
 2DIAGNOSTIC,    24, -6.347860693932e-01, 1.255054485227e-06, 9.1075e+00, 2.3003e-01, 
 2DIAGNOSTIC,    25, -6.347861886024e-01, 1.231586225003e-06, 9.3706e+00, 2.6310e-01, 
 2DIAGNOSTIC,    26, -6.347864270210e-01, 1.199895677928e-06, 9.6317e+00, 2.6106e-01, 
 2DIAGNOSTIC,    27, -6.347869038582e-01, 1.185749965771e-06, 9.8858e+00, 2.5412e-01, 
 2DIAGNOSTIC,    28, -6.347869038582e-01, 1.160532747235e-06, 1.0160e+01, 2.7391e-01, 
 2DIAGNOSTIC,    29, -6.347865462303e-01, 1.123978222495e-06, 1.0436e+01, 2.7657e-01, 
 2DIAGNOSTIC,    30, -6.347861289978e-01, 1.078553395928e-06, 1.0667e+01, 2.3059e-01, 
 2DIAGNOSTIC,    31, -6.347863674164e-01, 1.039471044351e-06, 1.0929e+01, 2.6238e-01, 
 2DIAGNOSTIC,    32, -6.347871422768e-01, 1.012976326820e-06, 1.1181e+01, 2.5150e-01, 
DIAGNOSTIC,Iteration,metricValue,convergenceValue,ITERATION_TIME_INDEX,SINCE_LAST
 2DIAGNOSTIC,     1, -5.662159323692e-01, inf, 1.3698e+01, 2.5171e+00, 
  Elapsed time (stage 0): 1.4872e+01


Total elapsed time: 1.4873e+01
Using single precision for computations.
Input scalar image: /home/mpib/nemecz/Projects/miniTRK/Analysis/01_MRI/Preproc/GroupTempl/T1w/sub-193847_T1w.nii.gz
Reference image: /home/mpib/nemecz/Projects/miniTRK/Results/01_MRI/GroupTempl/T1w/T_template0.nii.gz
=============================================================================
The composite transform comprises the following transforms (in order): 
  1. /home/mpib/nemecz/Projects/miniTRK/Results/01_MRI/GroupTempl/T1w/rigid2_0GenericAffine.mat (type = AffineTransform)
=============================================================================
Default pixel value: 0
Interpolation type: LinearInterpolateImageFunction
Output warped image: /home/mpib/nemecz/Projects/miniTRK/Results/01_MRI/GroupTempl/T1w/rigid2_0_sub-193847_T1w.nii.gz
