
Running N4 for 3-dimensional images.

Mask not read.  Using the entire image as the mask.

Original intensity range:  [0, 976]

***********************************************************
Warning:  Your input image contains nonpositive values
which could cause failure or problematic results.  A
possible workaround would be to:
   1. rescale your image to positive values e.g., [10,100].
   2. run N4 on your rescaled image.
   3. (optional) rescale the N4 output to the original
      intensity range.
***********************************************************

Specified spline distance: 200mm
  original image size:  [192, 256, 256]
  padded image size:  [201, 401, 401]
  number of control points:  [4, 5, 5]

Current level = 1
  Iteration 1 (of 50).   Current convergence value = 0.000531802 (threshold = 1e-08)
  Iteration 2 (of 50).   Current convergence value = 0.000494191 (threshold = 1e-08)
  Iteration 3 (of 50).   Current convergence value = 0.000395001 (threshold = 1e-08)
  Iteration 4 (of 50).   Current convergence value = 0.000313375 (threshold = 1e-08)
  Iteration 5 (of 50).   Current convergence value = 0.000249241 (threshold = 1e-08)
  Iteration 6 (of 50).   Current convergence value = 0.000199973 (threshold = 1e-08)
  Iteration 7 (of 50).   Current convergence value = 0.000162356 (threshold = 1e-08)
  Iteration 8 (of 50).   Current convergence value = 0.000132707 (threshold = 1e-08)
  Iteration 9 (of 50).   Current convergence value = 0.000109525 (threshold = 1e-08)
  Iteration 10 (of 50).   Current convergence value = 9.10113e-05 (threshold = 1e-08)
  Iteration 11 (of 50).   Current convergence value = 7.6215e-05 (threshold = 1e-08)
  Iteration 12 (of 50).   Current convergence value = 6.47117e-05 (threshold = 1e-08)
  Iteration 13 (of 50).   Current convergence value = 5.64801e-05 (threshold = 1e-08)
  Iteration 14 (of 50).   Current convergence value = 5.02927e-05 (threshold = 1e-08)
  Iteration 15 (of 50).   Current convergence value = 4.58731e-05 (threshold = 1e-08)
  Iteration 16 (of 50).   Current convergence value = 4.24119e-05 (threshold = 1e-08)
  Iteration 17 (of 50).   Current convergence value = 3.95777e-05 (threshold = 1e-08)
  Iteration 18 (of 50).   Current convergence value = 3.72891e-05 (threshold = 1e-08)
  Iteration 19 (of 50).   Current convergence value = 3.54772e-05 (threshold = 1e-08)
  Iteration 20 (of 50).   Current convergence value = 3.4136e-05 (threshold = 1e-08)
  Iteration 21 (of 50).   Current convergence value = 3.32474e-05 (threshold = 1e-08)
  Iteration 22 (of 50).   Current convergence value = 3.25725e-05 (threshold = 1e-08)
  Iteration 23 (of 50).   Current convergence value = 3.19259e-05 (threshold = 1e-08)
  Iteration 24 (of 50).   Current convergence value = 3.15036e-05 (threshold = 1e-08)
  Iteration 25 (of 50).   Current convergence value = 3.11166e-05 (threshold = 1e-08)
  Iteration 26 (of 50).   Current convergence value = 3.07482e-05 (threshold = 1e-08)
  Iteration 27 (of 50).   Current convergence value = 3.04362e-05 (threshold = 1e-08)
  Iteration 28 (of 50).   Current convergence value = 3.00898e-05 (threshold = 1e-08)
  Iteration 29 (of 50).   Current convergence value = 2.9879e-05 (threshold = 1e-08)
  Iteration 30 (of 50).   Current convergence value = 2.97234e-05 (threshold = 1e-08)
  Iteration 31 (of 50).   Current convergence value = 2.96613e-05 (threshold = 1e-08)
  Iteration 32 (of 50).   Current convergence value = 2.97041e-05 (threshold = 1e-08)
  Iteration 33 (of 50).   Current convergence value = 2.9726e-05 (threshold = 1e-08)
  Iteration 34 (of 50).   Current convergence value = 2.97725e-05 (threshold = 1e-08)
  Iteration 35 (of 50).   Current convergence value = 2.98852e-05 (threshold = 1e-08)
  Iteration 36 (of 50).   Current convergence value = 2.99357e-05 (threshold = 1e-08)
  Iteration 37 (of 50).   Current convergence value = 3.006e-05 (threshold = 1e-08)
  Iteration 38 (of 50).   Current convergence value = 3.01841e-05 (threshold = 1e-08)
  Iteration 39 (of 50).   Current convergence value = 3.02282e-05 (threshold = 1e-08)
  Iteration 40 (of 50).   Current convergence value = 3.05632e-05 (threshold = 1e-08)
  Iteration 41 (of 50).   Current convergence value = 3.07869e-05 (threshold = 1e-08)
  Iteration 42 (of 50).   Current convergence value = 3.11497e-05 (threshold = 1e-08)
  Iteration 43 (of 50).   Current convergence value = 3.13361e-05 (threshold = 1e-08)
  Iteration 44 (of 50).   Current convergence value = 3.1639e-05 (threshold = 1e-08)
  Iteration 45 (of 50).   Current convergence value = 3.1793e-05 (threshold = 1e-08)
  Iteration 46 (of 50).   Current convergence value = 3.208e-05 (threshold = 1e-08)
  Iteration 47 (of 50).   Current convergence value = 3.23479e-05 (threshold = 1e-08)
  Iteration 48 (of 50).   Current convergence value = 3.26535e-05 (threshold = 1e-08)
  Iteration 49 (of 50).   Current convergence value = 3.29007e-05 (threshold = 1e-08)
  Iteration 50 (of 50).   Current convergence value = 3.30893e-05 (threshold = 1e-08)
Current level = 2
  Iteration 1 (of 50).   Current convergence value = 0.000376621 (threshold = 1e-08)
  Iteration 2 (of 50).   Current convergence value = 0.00035982 (threshold = 1e-08)
  Iteration 3 (of 50).   Current convergence value = 0.00034862 (threshold = 1e-08)
  Iteration 4 (of 50).   Current convergence value = 0.000340255 (threshold = 1e-08)
  Iteration 5 (of 50).   Current convergence value = 0.000333443 (threshold = 1e-08)
  Iteration 6 (of 50).   Current convergence value = 0.000327138 (threshold = 1e-08)
  Iteration 7 (of 50).   Current convergence value = 0.000321211 (threshold = 1e-08)
  Iteration 8 (of 50).   Current convergence value = 0.000315978 (threshold = 1e-08)
  Iteration 9 (of 50).   Current convergence value = 0.000310521 (threshold = 1e-08)
  Iteration 10 (of 50).   Current convergence value = 0.000305254 (threshold = 1e-08)
  Iteration 11 (of 50).   Current convergence value = 0.0003003 (threshold = 1e-08)
  Iteration 12 (of 50).   Current convergence value = 0.000295515 (threshold = 1e-08)
  Iteration 13 (of 50).   Current convergence value = 0.00029054 (threshold = 1e-08)
  Iteration 14 (of 50).   Current convergence value = 0.000285866 (threshold = 1e-08)
  Iteration 15 (of 50).   Current convergence value = 0.00028174 (threshold = 1e-08)
  Iteration 16 (of 50).   Current convergence value = 0.00027796 (threshold = 1e-08)
  Iteration 17 (of 50).   Current convergence value = 0.000274034 (threshold = 1e-08)
  Iteration 18 (of 50).   Current convergence value = 0.000270582 (threshold = 1e-08)
  Iteration 19 (of 50).   Current convergence value = 0.000267266 (threshold = 1e-08)
  Iteration 20 (of 50).   Current convergence value = 0.000264121 (threshold = 1e-08)
  Iteration 21 (of 50).   Current convergence value = 0.000261079 (threshold = 1e-08)
  Iteration 22 (of 50).   Current convergence value = 0.000258152 (threshold = 1e-08)
  Iteration 23 (of 50).   Current convergence value = 0.000255425 (threshold = 1e-08)
  Iteration 24 (of 50).   Current convergence value = 0.000252362 (threshold = 1e-08)
  Iteration 25 (of 50).   Current convergence value = 0.000249111 (threshold = 1e-08)
  Iteration 26 (of 50).   Current convergence value = 0.000245976 (threshold = 1e-08)
  Iteration 27 (of 50).   Current convergence value = 0.000242906 (threshold = 1e-08)
  Iteration 28 (of 50).   Current convergence value = 0.000239814 (threshold = 1e-08)
  Iteration 29 (of 50).   Current convergence value = 0.000236782 (threshold = 1e-08)
  Iteration 30 (of 50).   Current convergence value = 0.000233977 (threshold = 1e-08)
  Iteration 31 (of 50).   Current convergence value = 0.000231276 (threshold = 1e-08)
  Iteration 32 (of 50).   Current convergence value = 0.000228756 (threshold = 1e-08)
  Iteration 33 (of 50).   Current convergence value = 0.00022628 (threshold = 1e-08)
  Iteration 34 (of 50).   Current convergence value = 0.000223899 (threshold = 1e-08)
  Iteration 35 (of 50).   Current convergence value = 0.000221423 (threshold = 1e-08)
  Iteration 36 (of 50).   Current convergence value = 0.000219115 (threshold = 1e-08)
  Iteration 37 (of 50).   Current convergence value = 0.00021672 (threshold = 1e-08)
  Iteration 38 (of 50).   Current convergence value = 0.000214358 (threshold = 1e-08)
  Iteration 39 (of 50).   Current convergence value = 0.000212297 (threshold = 1e-08)
  Iteration 40 (of 50).   Current convergence value = 0.000210254 (threshold = 1e-08)
  Iteration 41 (of 50).   Current convergence value = 0.000208205 (threshold = 1e-08)
  Iteration 42 (of 50).   Current convergence value = 0.000206128 (threshold = 1e-08)
  Iteration 43 (of 50).   Current convergence value = 0.000204238 (threshold = 1e-08)
  Iteration 44 (of 50).   Current convergence value = 0.000202377 (threshold = 1e-08)
  Iteration 45 (of 50).   Current convergence value = 0.00020061 (threshold = 1e-08)
  Iteration 46 (of 50).   Current convergence value = 0.000198896 (threshold = 1e-08)
  Iteration 47 (of 50).   Current convergence value = 0.000197279 (threshold = 1e-08)
  Iteration 48 (of 50).   Current convergence value = 0.000195528 (threshold = 1e-08)
  Iteration 49 (of 50).   Current convergence value = 0.000193908 (threshold = 1e-08)
  Iteration 50 (of 50).   Current convergence value = 0.00019234 (threshold = 1e-08)
Current level = 3
  Iteration 1 (of 40).   Current convergence value = 0.00127021 (threshold = 1e-08)
  Iteration 2 (of 40).   Current convergence value = 0.00120193 (threshold = 1e-08)
  Iteration 3 (of 40).   Current convergence value = 0.00118744 (threshold = 1e-08)
  Iteration 4 (of 40).   Current convergence value = 0.00119531 (threshold = 1e-08)
  Iteration 5 (of 40).   Current convergence value = 0.00121763 (threshold = 1e-08)
  Iteration 6 (of 40).   Current convergence value = 0.00123563 (threshold = 1e-08)
  Iteration 7 (of 40).   Current convergence value = 0.00124125 (threshold = 1e-08)
  Iteration 8 (of 40).   Current convergence value = 0.00123197 (threshold = 1e-08)
  Iteration 9 (of 40).   Current convergence value = 0.00122203 (threshold = 1e-08)
  Iteration 10 (of 40).   Current convergence value = 0.00121232 (threshold = 1e-08)
  Iteration 11 (of 40).   Current convergence value = 0.00120179 (threshold = 1e-08)
  Iteration 12 (of 40).   Current convergence value = 0.00118833 (threshold = 1e-08)
  Iteration 13 (of 40).   Current convergence value = 0.00115233 (threshold = 1e-08)
  Iteration 14 (of 40).   Current convergence value = 0.00112085 (threshold = 1e-08)
  Iteration 15 (of 40).   Current convergence value = 0.00109171 (threshold = 1e-08)
  Iteration 16 (of 40).   Current convergence value = 0.00106849 (threshold = 1e-08)
  Iteration 17 (of 40).   Current convergence value = 0.00105119 (threshold = 1e-08)
  Iteration 18 (of 40).   Current convergence value = 0.00103919 (threshold = 1e-08)
  Iteration 19 (of 40).   Current convergence value = 0.00103151 (threshold = 1e-08)
  Iteration 20 (of 40).   Current convergence value = 0.00102775 (threshold = 1e-08)
  Iteration 21 (of 40).   Current convergence value = 0.00102698 (threshold = 1e-08)
  Iteration 22 (of 40).   Current convergence value = 0.00102731 (threshold = 1e-08)
  Iteration 23 (of 40).   Current convergence value = 0.00101051 (threshold = 1e-08)
  Iteration 24 (of 40).   Current convergence value = 0.000974293 (threshold = 1e-08)
  Iteration 25 (of 40).   Current convergence value = 0.000913884 (threshold = 1e-08)
  Iteration 26 (of 40).   Current convergence value = 0.000864464 (threshold = 1e-08)
  Iteration 27 (of 40).   Current convergence value = 0.000823664 (threshold = 1e-08)
  Iteration 28 (of 40).   Current convergence value = 0.000789956 (threshold = 1e-08)
  Iteration 29 (of 40).   Current convergence value = 0.000761376 (threshold = 1e-08)
  Iteration 30 (of 40).   Current convergence value = 0.000737747 (threshold = 1e-08)
  Iteration 31 (of 40).   Current convergence value = 0.000718081 (threshold = 1e-08)
  Iteration 32 (of 40).   Current convergence value = 0.00070198 (threshold = 1e-08)
  Iteration 33 (of 40).   Current convergence value = 0.000689356 (threshold = 1e-08)
  Iteration 34 (of 40).   Current convergence value = 0.000679384 (threshold = 1e-08)
  Iteration 35 (of 40).   Current convergence value = 0.000671917 (threshold = 1e-08)
  Iteration 36 (of 40).   Current convergence value = 0.000666839 (threshold = 1e-08)
  Iteration 37 (of 40).   Current convergence value = 0.000663414 (threshold = 1e-08)
  Iteration 38 (of 40).   Current convergence value = 0.000661843 (threshold = 1e-08)
  Iteration 39 (of 40).   Current convergence value = 0.000661615 (threshold = 1e-08)
  Iteration 40 (of 40).   Current convergence value = 0.000662803 (threshold = 1e-08)
Current level = 4
  Iteration 1 (of 30).   Current convergence value = 0.00218229 (threshold = 1e-08)
  Iteration 2 (of 30).   Current convergence value = 0.00197827 (threshold = 1e-08)
  Iteration 3 (of 30).   Current convergence value = 0.00176069 (threshold = 1e-08)
  Iteration 4 (of 30).   Current convergence value = 0.00158782 (threshold = 1e-08)
  Iteration 5 (of 30).   Current convergence value = 0.0014387 (threshold = 1e-08)
  Iteration 6 (of 30).   Current convergence value = 0.00132536 (threshold = 1e-08)
  Iteration 7 (of 30).   Current convergence value = 0.0012369 (threshold = 1e-08)
  Iteration 8 (of 30).   Current convergence value = 0.00116153 (threshold = 1e-08)
  Iteration 9 (of 30).   Current convergence value = 0.00109849 (threshold = 1e-08)
  Iteration 10 (of 30).   Current convergence value = 0.00104313 (threshold = 1e-08)
  Iteration 11 (of 30).   Current convergence value = 0.000993362 (threshold = 1e-08)
  Iteration 12 (of 30).   Current convergence value = 0.000948274 (threshold = 1e-08)
  Iteration 13 (of 30).   Current convergence value = 0.000907293 (threshold = 1e-08)
  Iteration 14 (of 30).   Current convergence value = 0.000870141 (threshold = 1e-08)
  Iteration 15 (of 30).   Current convergence value = 0.000836668 (threshold = 1e-08)
  Iteration 16 (of 30).   Current convergence value = 0.000806692 (threshold = 1e-08)
  Iteration 17 (of 30).   Current convergence value = 0.000780792 (threshold = 1e-08)
  Iteration 18 (of 30).   Current convergence value = 0.000758657 (threshold = 1e-08)
  Iteration 19 (of 30).   Current convergence value = 0.000741767 (threshold = 1e-08)
  Iteration 20 (of 30).   Current convergence value = 0.000725687 (threshold = 1e-08)
  Iteration 21 (of 30).   Current convergence value = 0.000712904 (threshold = 1e-08)
  Iteration 22 (of 30).   Current convergence value = 0.000703847 (threshold = 1e-08)
  Iteration 23 (of 30).   Current convergence value = 0.000665179 (threshold = 1e-08)
  Iteration 24 (of 30).   Current convergence value = 0.000623987 (threshold = 1e-08)
  Iteration 25 (of 30).   Current convergence value = 0.000589326 (threshold = 1e-08)
  Iteration 26 (of 30).   Current convergence value = 0.00056178 (threshold = 1e-08)
  Iteration 27 (of 30).   Current convergence value = 0.000536854 (threshold = 1e-08)
  Iteration 28 (of 30).   Current convergence value = 0.000515022 (threshold = 1e-08)
  Iteration 29 (of 30).   Current convergence value = 0.000495834 (threshold = 1e-08)
  Iteration 30 (of 30).   Current convergence value = 0.000478648 (threshold = 1e-08)
   N4BiasFieldCorrectionImageFilter (0x556c3a6c8e20)
     RTTI typeinfo:   itk::N4BiasFieldCorrectionImageFilter<itk::Image<float, 3u>, itk::Image<float, 3u>, itk::Image<float, 3u> >
     Reference Count: 1
     Modified Time: 565
     Debug: Off
     Object Name: 
     Observers: 
       IterationEvent(Command)
     Inputs: 
       ConfidenceImage: (0)
       MaskImage: (0x556c3a6f3580)
       Primary: (0x556c3a6ee9e0) *
     Indexed Inputs: 
       0: Primary (0x556c3a6ee9e0)
       1: MaskImage (0x556c3a6f3580)
       2: ConfidenceImage (0)
     Required Input Names: Primary
     NumberOfRequiredInputs: 1
     Outputs: 
       Primary: (0x556c3a6d8ef0)
     Indexed Outputs: 
       0: Primary (0x556c3a6d8ef0)
     NumberOfRequiredOutputs: 1
     Number Of Work Units: 32
     ReleaseDataFlag: Off
     ReleaseDataBeforeUpdateFlag: Off
     AbortGenerateData: Off
     Progress: 0
     Multithreader: 
       RTTI typeinfo:   itk::PoolMultiThreader
       Reference Count: 1
       Modified Time: 144
       Debug: Off
       Object Name: 
       Observers: 
         none
       Number of Work Units: 32
       Number of Threads: 8
       Global Maximum Number Of Threads: 128
       Global Default Number Of Threads: 8
       Global Default Threader Type: itk::MultiThreaderBaseEnums::Threader::Pool
       SingleMethod: 0
       SingleData: 0
     DynamicMultiThreading: On
     CoordinateTolerance: 1e-06
     DirectionTolerance: 1e-06
     Use Mask Label: 0
     Mask label: 1
     Number of histogram bins: 200
     Wiener filter noise: 0.01
     Bias field FWHM: 0.15
     Maximum number of iterations: [50, 50, 40, 30]
     Convergence threshold: 1e-08
     Spline order: 3
     Number of fitting levels: [4, 4, 4]
     Number of control points: [4, 5, 5]
     CurrentConvergenceMeasurement: 0.000478648
     CurrentLevel: 4
     ElapsedIterations: 31
     LogBiasFieldControlPointLattice: 
       Image (0x556c45a68b90)
         RTTI typeinfo:   itk::Image<itk::Vector<float, 1u>, 3u>
         Reference Count: 1
         Modified Time: 343560
         Debug: Off
         Object Name: 
         Observers: 
           none
         Source: (none)
         Source output name: (none)
         Release Data: Off
         Data Released: False
         Global Release Data: Off
         PipelineMTime: 0
         UpdateMTime: 0
         RealTimeStamp: 0 seconds 
         LargestPossibleRegion: 
           Dimension: 3
           Index: [0, 0, 0]
           Size: [11, 19, 19]
         BufferedRegion: 
           Dimension: 3
           Index: [0, 0, 0]
           Size: [11, 19, 19]
         RequestedRegion: 
           Dimension: 3
           Index: [0, 0, 0]
           Size: [11, 19, 19]
         Spacing: [24.75, 24.875, 24.875]
         Origin: [23.9501, 21.9976, -28.153]
         Direction: 
-0.999708 0.00972689 0.0221373
-0.00709597 -0.993228 0.115964
0.0231153 0.115773 0.993007

         IndexToPointMatrix: 
-24.7428 0.241956 0.550665
-0.175625 -24.7065 2.8846
0.572105 2.87985 24.701

         PointToIndexMatrix: 
-0.0403922 -0.000286706 0.000933953
0.000391031 -0.0399288 0.00465419
0.000889941 0.00466187 0.0399199

         Inverse Direction: 
-0.999708 -0.00709597 0.0231153
0.00972689 -0.993228 0.115773
0.0221373 0.115964 0.993007

         PixelContainer: 
           ImportImageContainer (0x556c411ca420)
             RTTI typeinfo:   itk::ImportImageContainer<unsigned long, itk::Vector<float, 1u> >
             Reference Count: 1
             Modified Time: 343561
             Debug: Off
             Object Name: 
             Observers: 
               none
             Pointer: 0x556c448946a0
             Container manages memory: true
             Size: 3971
             Capacity: 3971
Elapsed time: 282.745
All_Command_lines_OK
Using single precision for computations.
=============================================================================
The composite transform comprises the following transforms (in order): 
  1. Center of mass alignment using fixed image: /home/mpib/nemecz/Projects/miniTRK/Results/01_MRI/GroupTempl/T1w/T_template0.nii.gz and moving image: /home/mpib/nemecz/Projects/miniTRK/Analysis/01_MRI/Preproc/GroupTempl/T1w/sub-396248_T1w.nii.gz (type = Euler3DTransform)
=============================================================================
  number of levels = 4
  number of levels = 4
  number of levels = 4
  fixed image: /home/mpib/nemecz/Projects/miniTRK/Results/01_MRI/GroupTempl/T1w/T_template0.nii.gz
  moving image: /home/mpib/nemecz/Projects/miniTRK/Results/01_MRI/GroupTempl/T1w/T_template0sub-396248_T1wRepaired.nii.gz
  fixed image: /home/mpib/nemecz/Projects/miniTRK/Results/01_MRI/GroupTempl/T1w/T_template0.nii.gz
  moving image: /home/mpib/nemecz/Projects/miniTRK/Results/01_MRI/GroupTempl/T1w/T_template0sub-396248_T1wRepaired.nii.gz
  fixed image: /home/mpib/nemecz/Projects/miniTRK/Results/01_MRI/GroupTempl/T1w/T_template0.nii.gz
  moving image: /home/mpib/nemecz/Projects/miniTRK/Results/01_MRI/GroupTempl/T1w/T_template0sub-396248_T1wRepaired.nii.gz
Dimension = 3
Number of stages = 3
Use Histogram Matching true
Winsorize image intensities true
Lower quantile = 0.01
Upper quantile = 0.99
Stage 1 State
   Image metric = Mattes
     Fixed image = Image (0x55bca3904ad0)
  RTTI typeinfo:   itk::Image<float, 3u>
  Reference Count: 2
  Modified Time: 1721
  Debug: Off
  Object Name: 
  Observers: 
    none
  Source: (none)
  Source output name: (none)
  Release Data: Off
  Data Released: False
  Global Release Data: Off
  PipelineMTime: 0
  UpdateMTime: 1506
  RealTimeStamp: 0 seconds 
  LargestPossibleRegion: 
    Dimension: 3
    Index: [0, 0, 0]
    Size: [192, 256, 256]
  BufferedRegion: 
    Dimension: 3
    Index: [0, 0, 0]
    Size: [192, 256, 256]
  RequestedRegion: 
    Dimension: 3
    Index: [0, 0, 0]
    Size: [192, 256, 256]
  Spacing: [1, 1, 1]
  Origin: [95.0313, 100.538, -154.123]
  Direction: 
-0.999853 -0.014134 -0.00966312
0.014129 -0.9999 0.000586045
-0.00967044 0.000449429 0.999953

  IndexToPointMatrix: 
-0.999853 -0.014134 -0.00966312
0.014129 -0.9999 0.000586045
-0.00967044 0.000449429 0.999953

  PointToIndexMatrix: 
-0.999853 0.014129 -0.00967044
-0.014134 -0.9999 0.000449429
-0.00966312 0.000586045 0.999953

  Inverse Direction: 
-0.999853 0.014129 -0.00967044
-0.014134 -0.9999 0.000449429
-0.00966312 0.000586045 0.999953

  PixelContainer: 
    ImportImageContainer (0x55bca390cc80)
      RTTI typeinfo:   itk::ImportImageContainer<unsigned long, float>
      Reference Count: 1
      Modified Time: 1503
      Debug: Off
      Object Name: 
      Observers: 
        none
      Pointer: 0x7f576d816010
      Container manages memory: true
      Size: 12582912
      Capacity: 12582912

     Moving image = Image (0x55bca3910e40)
  RTTI typeinfo:   itk::Image<float, 3u>
  Reference Count: 2
  Modified Time: 1722
  Debug: Off
  Object Name: 
  Observers: 
    none
  Source: (none)
  Source output name: (none)
  Release Data: Off
  Data Released: False
  Global Release Data: Off
  PipelineMTime: 0
  UpdateMTime: 1719
  RealTimeStamp: 0 seconds 
  LargestPossibleRegion: 
    Dimension: 3
    Index: [0, 0, 0]
    Size: [192, 256, 256]
  BufferedRegion: 
    Dimension: 3
    Index: [0, 0, 0]
    Size: [192, 256, 256]
  RequestedRegion: 
    Dimension: 3
    Index: [0, 0, 0]
    Size: [192, 256, 256]
  Spacing: [1, 1, 1]
  Origin: [90.0925, 91.1377, -159.943]
  Direction: 
-0.999708 0.00972689 0.0221373
-0.00709597 -0.993228 0.115964
0.0231153 0.115773 0.993007

  IndexToPointMatrix: 
-0.999708 0.00972689 0.0221373
-0.00709597 -0.993228 0.115964
0.0231153 0.115773 0.993007

  PointToIndexMatrix: 
-0.999708 -0.00709597 0.0231153
0.00972689 -0.993228 0.115773
0.0221373 0.115964 0.993007

  Inverse Direction: 
-0.999708 -0.00709597 0.0231153
0.00972689 -0.993228 0.115773
0.0221373 0.115964 0.993007

  PixelContainer: 
    ImportImageContainer (0x55bca39082d0)
      RTTI typeinfo:   itk::ImportImageContainer<unsigned long, float>
      Reference Count: 1
      Modified Time: 1716
      Debug: Off
      Object Name: 
      Observers: 
        none
      Pointer: 0x7f576a815010
      Container manages memory: true
      Size: 12582912
      Capacity: 12582912

     Weighting = 1
     Sampling strategy = regular
     Number of bins = 32
     Radius = 4
     Sampling percentage  = 0.25
   Transform = Rigid
     Gradient step = 0.1
     Update field sigma (voxel space) = 0
     Total field sigma (voxel space) = 0
     Update field time sigma = 0
     Total field time sigma  = 0
     Number of time indices = 0
     Number of time point samples = 0
Stage 2 State
   Image metric = Mattes
     Fixed image = Image (0x55bca391d8d0)
  RTTI typeinfo:   itk::Image<float, 3u>
  Reference Count: 2
  Modified Time: 2149
  Debug: Off
  Object Name: 
  Observers: 
    none
  Source: (none)
  Source output name: (none)
  Release Data: Off
  Data Released: False
  Global Release Data: Off
  PipelineMTime: 0
  UpdateMTime: 1934
  RealTimeStamp: 0 seconds 
  LargestPossibleRegion: 
    Dimension: 3
    Index: [0, 0, 0]
    Size: [192, 256, 256]
  BufferedRegion: 
    Dimension: 3
    Index: [0, 0, 0]
    Size: [192, 256, 256]
  RequestedRegion: 
    Dimension: 3
    Index: [0, 0, 0]
    Size: [192, 256, 256]
  Spacing: [1, 1, 1]
  Origin: [95.0313, 100.538, -154.123]
  Direction: 
-0.999853 -0.014134 -0.00966312
0.014129 -0.9999 0.000586045
-0.00967044 0.000449429 0.999953

  IndexToPointMatrix: 
-0.999853 -0.014134 -0.00966312
0.014129 -0.9999 0.000586045
-0.00967044 0.000449429 0.999953

  PointToIndexMatrix: 
-0.999853 0.014129 -0.00967044
-0.014134 -0.9999 0.000449429
-0.00966312 0.000586045 0.999953

  Inverse Direction: 
-0.999853 0.014129 -0.00967044
-0.014134 -0.9999 0.000449429
-0.00966312 0.000586045 0.999953

  PixelContainer: 
    ImportImageContainer (0x55bca390d6a0)
      RTTI typeinfo:   itk::ImportImageContainer<unsigned long, float>
      Reference Count: 1
      Modified Time: 1931
      Debug: Off
      Object Name: 
      Observers: 
        none
      Pointer: 0x7f5767814010
      Container manages memory: true
      Size: 12582912
      Capacity: 12582912

     Moving image = Image (0x55bca391d530)
  RTTI typeinfo:   itk::Image<float, 3u>
  Reference Count: 2
  Modified Time: 2150
  Debug: Off
  Object Name: 
  Observers: 
    none
  Source: (none)
  Source output name: (none)
  Release Data: Off
  Data Released: False
  Global Release Data: Off
  PipelineMTime: 0
  UpdateMTime: 2147
  RealTimeStamp: 0 seconds 
  LargestPossibleRegion: 
    Dimension: 3
    Index: [0, 0, 0]
    Size: [192, 256, 256]
  BufferedRegion: 
    Dimension: 3
    Index: [0, 0, 0]
    Size: [192, 256, 256]
  RequestedRegion: 
    Dimension: 3
    Index: [0, 0, 0]
    Size: [192, 256, 256]
  Spacing: [1, 1, 1]
  Origin: [90.0925, 91.1377, -159.943]
  Direction: 
-0.999708 0.00972689 0.0221373
-0.00709597 -0.993228 0.115964
0.0231153 0.115773 0.993007

  IndexToPointMatrix: 
-0.999708 0.00972689 0.0221373
-0.00709597 -0.993228 0.115964
0.0231153 0.115773 0.993007

  PointToIndexMatrix: 
-0.999708 -0.00709597 0.0231153
0.00972689 -0.993228 0.115773
0.0221373 0.115964 0.993007

  Inverse Direction: 
-0.999708 -0.00709597 0.0231153
0.00972689 -0.993228 0.115773
0.0221373 0.115964 0.993007

  PixelContainer: 
    ImportImageContainer (0x55bca391e8a0)
      RTTI typeinfo:   itk::ImportImageContainer<unsigned long, float>
      Reference Count: 1
      Modified Time: 2144
      Debug: Off
      Object Name: 
      Observers: 
        none
      Pointer: 0x7f5764813010
      Container manages memory: true
      Size: 12582912
      Capacity: 12582912

     Weighting = 1
     Sampling strategy = regular
     Number of bins = 32
     Radius = 4
     Sampling percentage  = 0.25
   Transform = Affine
     Gradient step = 0.1
     Update field sigma (voxel space) = 0
     Total field sigma (voxel space) = 0
     Update field time sigma = 0
     Total field time sigma  = 0
     Number of time indices = 0
     Number of time point samples = 0
Stage 3 State
   Image metric = CC
     Fixed image = Image (0x55bca3924a00)
  RTTI typeinfo:   itk::Image<float, 3u>
  Reference Count: 2
  Modified Time: 2577
  Debug: Off
  Object Name: 
  Observers: 
    none
  Source: (none)
  Source output name: (none)
  Release Data: Off
  Data Released: False
  Global Release Data: Off
  PipelineMTime: 0
  UpdateMTime: 2362
  RealTimeStamp: 0 seconds 
  LargestPossibleRegion: 
    Dimension: 3
    Index: [0, 0, 0]
    Size: [192, 256, 256]
  BufferedRegion: 
    Dimension: 3
    Index: [0, 0, 0]
    Size: [192, 256, 256]
  RequestedRegion: 
    Dimension: 3
    Index: [0, 0, 0]
    Size: [192, 256, 256]
  Spacing: [1, 1, 1]
  Origin: [95.0313, 100.538, -154.123]
  Direction: 
-0.999853 -0.014134 -0.00966312
0.014129 -0.9999 0.000586045
-0.00967044 0.000449429 0.999953

  IndexToPointMatrix: 
-0.999853 -0.014134 -0.00966312
0.014129 -0.9999 0.000586045
-0.00967044 0.000449429 0.999953

  PointToIndexMatrix: 
-0.999853 0.014129 -0.00967044
-0.014134 -0.9999 0.000449429
-0.00966312 0.000586045 0.999953

  Inverse Direction: 
-0.999853 0.014129 -0.00967044
-0.014134 -0.9999 0.000449429
-0.00966312 0.000586045 0.999953

  PixelContainer: 
    ImportImageContainer (0x55bca3906b50)
      RTTI typeinfo:   itk::ImportImageContainer<unsigned long, float>
      Reference Count: 1
      Modified Time: 2359
      Debug: Off
      Object Name: 
      Observers: 
        none
      Pointer: 0x7f5761812010
      Container manages memory: true
      Size: 12582912
      Capacity: 12582912

     Moving image = Image (0x55bca3921d50)
  RTTI typeinfo:   itk::Image<float, 3u>
  Reference Count: 2
  Modified Time: 2578
  Debug: Off
  Object Name: 
  Observers: 
    none
  Source: (none)
  Source output name: (none)
  Release Data: Off
  Data Released: False
  Global Release Data: Off
  PipelineMTime: 0
  UpdateMTime: 2575
  RealTimeStamp: 0 seconds 
  LargestPossibleRegion: 
    Dimension: 3
    Index: [0, 0, 0]
    Size: [192, 256, 256]
  BufferedRegion: 
    Dimension: 3
    Index: [0, 0, 0]
    Size: [192, 256, 256]
  RequestedRegion: 
    Dimension: 3
    Index: [0, 0, 0]
    Size: [192, 256, 256]
  Spacing: [1, 1, 1]
  Origin: [90.0925, 91.1377, -159.943]
  Direction: 
-0.999708 0.00972689 0.0221373
-0.00709597 -0.993228 0.115964
0.0231153 0.115773 0.993007

  IndexToPointMatrix: 
-0.999708 0.00972689 0.0221373
-0.00709597 -0.993228 0.115964
0.0231153 0.115773 0.993007

  PointToIndexMatrix: 
-0.999708 -0.00709597 0.0231153
0.00972689 -0.993228 0.115773
0.0221373 0.115964 0.993007

  Inverse Direction: 
-0.999708 -0.00709597 0.0231153
0.00972689 -0.993228 0.115773
0.0221373 0.115964 0.993007

  PixelContainer: 
    ImportImageContainer (0x55bca3920b00)
      RTTI typeinfo:   itk::ImportImageContainer<unsigned long, float>
      Reference Count: 1
      Modified Time: 2572
      Debug: Off
      Object Name: 
      Observers: 
        none
      Pointer: 0x7f575e811010
      Container manages memory: true
      Size: 12582912
      Capacity: 12582912

     Weighting = 1
     Sampling strategy = none
     Number of bins = 32
     Radius = 4
     Sampling percentage  = 1
   Transform = SyN
     Gradient step = 0.1
     Update field sigma (voxel space) = 3
     Total field sigma (voxel space) = 0
     Update field time sigma = 0
     Total field time sigma  = 0
     Number of time indices = 0
     Number of time point samples = 0
Registration using 3 total stages.

Stage 0
  iterations = 1000x500x250x0
  convergence threshold = 1e-06
  convergence window size = 10
  number of levels = 4
  using the Mattes MI metric (number of bins = 32, weight = 1)
  preprocessing:  winsorizing the image intensities
  preprocessing:  histogram matching the images
  Shrink factors (level 1 out of 4): [6, 6, 6]
  Shrink factors (level 2 out of 4): [4, 4, 4]
  Shrink factors (level 3 out of 4): [2, 2, 2]
  Shrink factors (level 4 out of 4): [1, 1, 1]
  smoothing sigmas per level: [4, 2, 1, 0]
  regular sampling (percentage = 0.25)

*** Running Euler3DTransform registration ***

DIAGNOSTIC,Iteration,metricValue,convergenceValue,ITERATION_TIME_INDEX,SINCE_LAST
 2DIAGNOSTIC,     1, -8.701961040497e-01, inf, 1.2403e+00, 1.2403e+00, 
 2DIAGNOSTIC,     2, -8.709550499916e-01, inf, 1.2563e+00, 1.6048e-02, 
 2DIAGNOSTIC,     3, -8.717786073685e-01, inf, 1.2731e+00, 1.6760e-02, 
 2DIAGNOSTIC,     4, -8.725064992905e-01, inf, 1.2938e+00, 2.0727e-02, 
 2DIAGNOSTIC,     5, -8.728470802307e-01, inf, 1.3104e+00, 1.6561e-02, 
 2DIAGNOSTIC,     6, -8.731641769409e-01, inf, 1.3294e+00, 1.9056e-02, 
 2DIAGNOSTIC,     7, -8.733451366425e-01, inf, 1.3460e+00, 1.6620e-02, 
 2DIAGNOSTIC,     8, -8.734486103058e-01, inf, 1.3651e+00, 1.9061e-02, 
 2DIAGNOSTIC,     9, -8.737101554871e-01, inf, 1.3837e+00, 1.8569e-02, 
 2DIAGNOSTIC,    10, -8.737697005272e-01, 2.506242890377e-04, 1.4014e+00, 1.7707e-02, 
 2DIAGNOSTIC,    11, -8.738412261009e-01, 1.740611187415e-04, 1.4218e+00, 2.0414e-02, 
 2DIAGNOSTIC,    12, -8.740012645721e-01, 1.195660006488e-04, 1.4442e+00, 2.2457e-02, 
 2DIAGNOSTIC,    13, -8.739870786667e-01, 8.273740240838e-05, 1.4641e+00, 1.9812e-02, 
 2DIAGNOSTIC,    14, -8.740496039391e-01, 6.216006295290e-05, 1.4887e+00, 2.4623e-02, 
 2DIAGNOSTIC,    15, -8.740929961205e-01, 4.704756429419e-05, 1.5069e+00, 1.8185e-02, 
 2DIAGNOSTIC,    16, -8.740739822388e-01, 3.572195782908e-05, 1.5232e+00, 1.6308e-02, 
 2DIAGNOSTIC,    17, -8.740270137787e-01, 2.519686859159e-05, 1.5402e+00, 1.7071e-02, 
 2DIAGNOSTIC,    18, -8.740699291229e-01, 1.625526056159e-05, 1.5576e+00, 1.7371e-02, 
 2DIAGNOSTIC,    19, -8.740891814232e-01, 1.169755432784e-05, 1.5751e+00, 1.7534e-02, 
 2DIAGNOSTIC,    20, -8.741497397423e-01, 8.585757313995e-06, 1.5923e+00, 1.7164e-02, 
 2DIAGNOSTIC,    21, -8.741474151611e-01, 6.126282642072e-06, 1.6180e+00, 2.5735e-02, 
 2DIAGNOSTIC,    22, -8.741318583488e-01, 5.651716492139e-06, 1.6347e+00, 1.6695e-02, 
 2DIAGNOSTIC,    23, -8.741116523743e-01, 4.327259375714e-06, 1.6549e+00, 2.0174e-02, 
 2DIAGNOSTIC,    24, -8.741152286530e-01, 3.698312184497e-06, 1.6743e+00, 1.9426e-02, 
 2DIAGNOSTIC,    25, -8.741191029549e-01, 3.499101239868e-06, 1.6939e+00, 1.9558e-02, 
 2DIAGNOSTIC,    26, -8.740642666817e-01, 2.202411906183e-06, 1.7115e+00, 1.7583e-02, 
DIAGNOSTIC,Iteration,metricValue,convergenceValue,ITERATION_TIME_INDEX,SINCE_LAST
 2DIAGNOSTIC,     1, -6.727194786072e-01, inf, 2.9904e+00, 1.2789e+00, 
 2DIAGNOSTIC,     2, -6.732401251793e-01, inf, 3.0456e+00, 5.5241e-02, 
 2DIAGNOSTIC,     3, -6.739527583122e-01, inf, 3.0994e+00, 5.3820e-02, 
 2DIAGNOSTIC,     4, -6.745856404305e-01, inf, 3.1499e+00, 5.0512e-02, 
 2DIAGNOSTIC,     5, -6.749768257141e-01, inf, 3.1976e+00, 4.7637e-02, 
 2DIAGNOSTIC,     6, -6.752299666405e-01, inf, 3.2459e+00, 4.8337e-02, 
 2DIAGNOSTIC,     7, -6.755446195602e-01, inf, 3.3082e+00, 6.2310e-02, 
 2DIAGNOSTIC,     8, -6.756055355072e-01, inf, 3.3722e+00, 6.4039e-02, 
 2DIAGNOSTIC,     9, -6.757444143295e-01, inf, 3.4347e+00, 6.2484e-02, 
 2DIAGNOSTIC,    10, -6.759148240089e-01, 2.994184033014e-04, 3.4905e+00, 5.5794e-02, 
 2DIAGNOSTIC,    11, -6.759402751923e-01, 2.162695163861e-04, 3.5459e+00, 5.5390e-02, 
 2DIAGNOSTIC,    12, -6.759573221207e-01, 1.464100205339e-04, 3.5944e+00, 4.8533e-02, 
 2DIAGNOSTIC,    13, -6.759897470474e-01, 9.815878729569e-05, 3.6493e+00, 5.4819e-02, 
 2DIAGNOSTIC,    14, -6.760462522507e-01, 6.865030445624e-05, 3.7053e+00, 5.6019e-02, 
 2DIAGNOSTIC,    15, -6.760327816010e-01, 4.742832607008e-05, 3.7523e+00, 4.7060e-02, 
 2DIAGNOSTIC,    16, -6.760296225548e-01, 3.113802449661e-05, 3.8085e+00, 5.6116e-02, 
 2DIAGNOSTIC,    17, -6.760718822479e-01, 2.299506559211e-05, 3.8860e+00, 7.7545e-02, 
 2DIAGNOSTIC,    18, -6.760663986206e-01, 1.501393035142e-05, 3.9418e+00, 5.5766e-02, 
 2DIAGNOSTIC,    19, -6.760555505753e-01, 9.377927199239e-06, 3.9973e+00, 5.5558e-02, 
 2DIAGNOSTIC,    20, -6.760588288307e-01, 7.265182375704e-06, 4.0619e+00, 6.4568e-02, 
 2DIAGNOSTIC,    21, -6.760568022728e-01, 5.303862508299e-06, 4.1170e+00, 5.5112e-02, 
 2DIAGNOSTIC,    22, -6.760479211807e-01, 3.300074467916e-06, 4.1657e+00, 4.8689e-02, 
 2DIAGNOSTIC,    23, -6.760511994362e-01, 1.921615421452e-06, 4.2133e+00, 4.7586e-02, 
 2DIAGNOSTIC,    24, -6.760573387146e-01, 1.723401510390e-06, 4.2613e+00, 4.8013e-02, 
 2DIAGNOSTIC,    25, -6.760669350624e-01, 1.442333655177e-06, 4.3169e+00, 5.5618e-02, 
 2DIAGNOSTIC,    26, -6.760700941086e-01, 1.141983716479e-06, 4.3726e+00, 5.5716e-02, 
 2DIAGNOSTIC,    27, -6.760733127594e-01, 1.585740506016e-06, 4.4211e+00, 4.8471e-02, 
 2DIAGNOSTIC,    28, -6.760740876198e-01, 1.894302499750e-06, 4.4768e+00, 5.5669e-02, 
 2DIAGNOSTIC,    29, -6.760804057121e-01, 2.039285391220e-06, 4.5327e+00, 5.5963e-02, 
 2DIAGNOSTIC,    30, -6.760723590851e-01, 2.014342271650e-06, 4.6105e+00, 7.7800e-02, 
 2DIAGNOSTIC,    31, -6.760740280151e-01, 1.904220084725e-06, 4.6656e+00, 5.5088e-02, 
 2DIAGNOSTIC,    32, -6.760692000389e-01, 1.537975208521e-06, 4.7214e+00, 5.5747e-02, 
 2DIAGNOSTIC,    33, -6.760650873184e-01, 1.131383783104e-06, 4.7765e+00, 5.5158e-02, 
DIAGNOSTIC,Iteration,metricValue,convergenceValue,ITERATION_TIME_INDEX,SINCE_LAST
 2DIAGNOSTIC,     1, -5.945305228233e-01, inf, 6.5262e+00, 1.7497e+00, 
 2DIAGNOSTIC,     2, -5.945841670036e-01, inf, 6.8758e+00, 3.4961e-01, 
 2DIAGNOSTIC,     3, -5.945945978165e-01, inf, 7.2698e+00, 3.9404e-01, 
 2DIAGNOSTIC,     4, -5.945907235146e-01, inf, 7.7961e+00, 5.2621e-01, 
 2DIAGNOSTIC,     5, -5.945891141891e-01, inf, 8.3239e+00, 5.2782e-01, 
 2DIAGNOSTIC,     6, -5.945896506310e-01, inf, 8.7159e+00, 3.9204e-01, 
 2DIAGNOSTIC,     7, -5.945891737938e-01, inf, 9.0667e+00, 3.5081e-01, 
 2DIAGNOSTIC,     8, -5.945895314217e-01, inf, 9.3737e+00, 3.0696e-01, 
 2DIAGNOSTIC,     9, -5.945888161659e-01, inf, 9.7269e+00, 3.5321e-01, 
 2DIAGNOSTIC,    10, -5.945886373520e-01, 5.952603714832e-06, 1.0119e+01, 3.9240e-01, 
 2DIAGNOSTIC,    11, -5.945882797241e-01, 2.791134647850e-06, 1.0601e+01, 4.8187e-01, 
 2DIAGNOSTIC,    12, -5.945882797241e-01, 2.287650659127e-06, 1.0956e+01, 3.5467e-01, 
 2DIAGNOSTIC,    13, -5.945880413055e-01, 2.272556912430e-06, 1.1367e+01, 4.1143e-01, 
 2DIAGNOSTIC,    14, -5.945879220963e-01, 2.141062168448e-06, 1.1718e+01, 3.5050e-01, 
 2DIAGNOSTIC,    15, -5.945878624916e-01, 1.985639300983e-06, 1.2069e+01, 3.5099e-01, 
 2DIAGNOSTIC,    16, -5.945879220963e-01, 1.880114723463e-06, 1.2463e+01, 3.9434e-01, 
 2DIAGNOSTIC,    17, -5.945878028870e-01, 1.779517106115e-06, 1.2814e+01, 3.5083e-01, 
 2DIAGNOSTIC,    18, -5.945877432823e-01, 1.707014234853e-06, 1.3119e+01, 3.0461e-01, 
 2DIAGNOSTIC,    19, -5.945878624916e-01, 1.632858015910e-06, 1.3469e+01, 3.5053e-01, 
 2DIAGNOSTIC,    20, -5.945878624916e-01, 1.565723096064e-06, 1.3820e+01, 3.5129e-01, 
 2DIAGNOSTIC,    21, -5.945878028870e-01, 1.497686866969e-06, 1.4172e+01, 3.5173e-01, 
 2DIAGNOSTIC,    22, -5.945876836777e-01, 1.435059289179e-06, 1.4524e+01, 3.5158e-01, 
 2DIAGNOSTIC,    23, -5.945876836777e-01, 1.374091084472e-06, 1.4873e+01, 3.4953e-01, 
 2DIAGNOSTIC,    24, -5.945877432823e-01, 1.317781652688e-06, 1.5268e+01, 3.9453e-01, 
 2DIAGNOSTIC,    25, -5.945877432823e-01, 1.265401692763e-06, 1.5618e+01, 3.5076e-01, 
 2DIAGNOSTIC,    26, -5.945877432823e-01, 1.218930378855e-06, 1.5971e+01, 3.5278e-01, 
 2DIAGNOSTIC,    27, -5.945876240730e-01, 1.172219867840e-06, 1.6339e+01, 3.6803e-01, 
 2DIAGNOSTIC,    28, -5.945876836777e-01, 1.129391989707e-06, 1.6688e+01, 3.4877e-01, 
 2DIAGNOSTIC,    29, -5.945876836777e-01, 1.092001184588e-06, 1.7039e+01, 3.5051e-01, 
 2DIAGNOSTIC,    30, -5.945876240730e-01, 1.056597625393e-06, 1.7388e+01, 3.4967e-01, 
 2DIAGNOSTIC,    31, -5.945875644684e-01, 1.022109586302e-06, 1.7739e+01, 3.5095e-01, 
DIAGNOSTIC,Iteration,metricValue,convergenceValue,ITERATION_TIME_INDEX,SINCE_LAST
 2DIAGNOSTIC,     1, -5.483019948006e-01, inf, 2.0463e+01, 2.7238e+00, 
  Elapsed time (stage 0): 2.1748e+01


Stage 1
  iterations = 1000x500x250x0
  convergence threshold = 1.0000e-06
  convergence window size = 10
  number of levels = 4
  using the Mattes MI metric (number of bins = 32, weight = 1.0000e+00)
  preprocessing:  winsorizing the image intensities
  preprocessing:  histogram matching the images
  Shrink factors (level 1 out of 4): [6, 6, 6]
  Shrink factors (level 2 out of 4): [4, 4, 4]
  Shrink factors (level 3 out of 4): [2, 2, 2]
  Shrink factors (level 4 out of 4): [1, 1, 1]
  smoothing sigmas per level: [4, 2, 1, 0]
  regular sampling (percentage = 2.5000e-01)

*** Running AffineTransform registration ***

DIAGNOSTIC,Iteration,metricValue,convergenceValue,ITERATION_TIME_INDEX,SINCE_LAST
