
Running N4 for 3-dimensional images.

Mask not read.  Using the entire image as the mask.

Original intensity range:  [0, 903]

***********************************************************
Warning:  Your input image contains nonpositive values
which could cause failure or problematic results.  A
possible workaround would be to:
   1. rescale your image to positive values e.g., [10,100].
   2. run N4 on your rescaled image.
   3. (optional) rescale the N4 output to the original
      intensity range.
***********************************************************

Specified spline distance: 200mm
  original image size:  [192, 256, 256]
  padded image size:  [201, 401, 401]
  number of control points:  [4, 5, 5]

Current level = 1
  Iteration 1 (of 50).   Current convergence value = 0.00030702 (threshold = 1e-08)
  Iteration 2 (of 50).   Current convergence value = 0.00024114 (threshold = 1e-08)
  Iteration 3 (of 50).   Current convergence value = 0.000199095 (threshold = 1e-08)
  Iteration 4 (of 50).   Current convergence value = 0.0001794 (threshold = 1e-08)
  Iteration 5 (of 50).   Current convergence value = 0.000167603 (threshold = 1e-08)
  Iteration 6 (of 50).   Current convergence value = 0.000159714 (threshold = 1e-08)
  Iteration 7 (of 50).   Current convergence value = 0.000154134 (threshold = 1e-08)
  Iteration 8 (of 50).   Current convergence value = 0.000149528 (threshold = 1e-08)
  Iteration 9 (of 50).   Current convergence value = 0.000145837 (threshold = 1e-08)
  Iteration 10 (of 50).   Current convergence value = 0.00014252 (threshold = 1e-08)
  Iteration 11 (of 50).   Current convergence value = 0.000139711 (threshold = 1e-08)
  Iteration 12 (of 50).   Current convergence value = 0.000137246 (threshold = 1e-08)
  Iteration 13 (of 50).   Current convergence value = 0.000134824 (threshold = 1e-08)
  Iteration 14 (of 50).   Current convergence value = 0.000132421 (threshold = 1e-08)
  Iteration 15 (of 50).   Current convergence value = 0.000130318 (threshold = 1e-08)
  Iteration 16 (of 50).   Current convergence value = 0.000128258 (threshold = 1e-08)
  Iteration 17 (of 50).   Current convergence value = 0.000126335 (threshold = 1e-08)
  Iteration 18 (of 50).   Current convergence value = 0.00012444 (threshold = 1e-08)
  Iteration 19 (of 50).   Current convergence value = 0.000122595 (threshold = 1e-08)
  Iteration 20 (of 50).   Current convergence value = 0.000120864 (threshold = 1e-08)
  Iteration 21 (of 50).   Current convergence value = 0.000119197 (threshold = 1e-08)
  Iteration 22 (of 50).   Current convergence value = 0.000117561 (threshold = 1e-08)
  Iteration 23 (of 50).   Current convergence value = 0.000116088 (threshold = 1e-08)
  Iteration 24 (of 50).   Current convergence value = 0.000114594 (threshold = 1e-08)
  Iteration 25 (of 50).   Current convergence value = 0.000113174 (threshold = 1e-08)
  Iteration 26 (of 50).   Current convergence value = 0.000111906 (threshold = 1e-08)
  Iteration 27 (of 50).   Current convergence value = 0.000110693 (threshold = 1e-08)
  Iteration 28 (of 50).   Current convergence value = 0.000109483 (threshold = 1e-08)
  Iteration 29 (of 50).   Current convergence value = 0.000108299 (threshold = 1e-08)
  Iteration 30 (of 50).   Current convergence value = 0.000107271 (threshold = 1e-08)
  Iteration 31 (of 50).   Current convergence value = 0.000106258 (threshold = 1e-08)
  Iteration 32 (of 50).   Current convergence value = 0.000105213 (threshold = 1e-08)
  Iteration 33 (of 50).   Current convergence value = 0.000104192 (threshold = 1e-08)
  Iteration 34 (of 50).   Current convergence value = 0.000103231 (threshold = 1e-08)
  Iteration 35 (of 50).   Current convergence value = 0.000102248 (threshold = 1e-08)
  Iteration 36 (of 50).   Current convergence value = 0.000101384 (threshold = 1e-08)
  Iteration 37 (of 50).   Current convergence value = 0.000100603 (threshold = 1e-08)
  Iteration 38 (of 50).   Current convergence value = 9.97364e-05 (threshold = 1e-08)
  Iteration 39 (of 50).   Current convergence value = 9.90464e-05 (threshold = 1e-08)
  Iteration 40 (of 50).   Current convergence value = 9.82478e-05 (threshold = 1e-08)
  Iteration 41 (of 50).   Current convergence value = 9.74428e-05 (threshold = 1e-08)
  Iteration 42 (of 50).   Current convergence value = 9.67021e-05 (threshold = 1e-08)
  Iteration 43 (of 50).   Current convergence value = 9.59862e-05 (threshold = 1e-08)
  Iteration 44 (of 50).   Current convergence value = 9.53295e-05 (threshold = 1e-08)
  Iteration 45 (of 50).   Current convergence value = 9.45687e-05 (threshold = 1e-08)
  Iteration 46 (of 50).   Current convergence value = 9.38878e-05 (threshold = 1e-08)
  Iteration 47 (of 50).   Current convergence value = 9.32613e-05 (threshold = 1e-08)
  Iteration 48 (of 50).   Current convergence value = 9.26385e-05 (threshold = 1e-08)
  Iteration 49 (of 50).   Current convergence value = 9.21566e-05 (threshold = 1e-08)
  Iteration 50 (of 50).   Current convergence value = 9.16238e-05 (threshold = 1e-08)
Current level = 2
  Iteration 1 (of 50).   Current convergence value = 0.000489475 (threshold = 1e-08)
  Iteration 2 (of 50).   Current convergence value = 0.000399632 (threshold = 1e-08)
  Iteration 3 (of 50).   Current convergence value = 0.000338536 (threshold = 1e-08)
  Iteration 4 (of 50).   Current convergence value = 0.0002925 (threshold = 1e-08)
  Iteration 5 (of 50).   Current convergence value = 0.00025177 (threshold = 1e-08)
  Iteration 6 (of 50).   Current convergence value = 0.000218479 (threshold = 1e-08)
  Iteration 7 (of 50).   Current convergence value = 0.000194324 (threshold = 1e-08)
  Iteration 8 (of 50).   Current convergence value = 0.00018236 (threshold = 1e-08)
  Iteration 9 (of 50).   Current convergence value = 0.000173287 (threshold = 1e-08)
  Iteration 10 (of 50).   Current convergence value = 0.000158211 (threshold = 1e-08)
  Iteration 11 (of 50).   Current convergence value = 0.000145741 (threshold = 1e-08)
  Iteration 12 (of 50).   Current convergence value = 0.000134843 (threshold = 1e-08)
  Iteration 13 (of 50).   Current convergence value = 0.000125235 (threshold = 1e-08)
  Iteration 14 (of 50).   Current convergence value = 0.000116491 (threshold = 1e-08)
  Iteration 15 (of 50).   Current convergence value = 0.000108609 (threshold = 1e-08)
  Iteration 16 (of 50).   Current convergence value = 0.000101684 (threshold = 1e-08)
  Iteration 17 (of 50).   Current convergence value = 9.54105e-05 (threshold = 1e-08)
  Iteration 18 (of 50).   Current convergence value = 9.00008e-05 (threshold = 1e-08)
  Iteration 19 (of 50).   Current convergence value = 8.77655e-05 (threshold = 1e-08)
  Iteration 20 (of 50).   Current convergence value = 8.73092e-05 (threshold = 1e-08)
  Iteration 21 (of 50).   Current convergence value = 8.70411e-05 (threshold = 1e-08)
  Iteration 22 (of 50).   Current convergence value = 8.67964e-05 (threshold = 1e-08)
  Iteration 23 (of 50).   Current convergence value = 8.65729e-05 (threshold = 1e-08)
  Iteration 24 (of 50).   Current convergence value = 8.61528e-05 (threshold = 1e-08)
  Iteration 25 (of 50).   Current convergence value = 8.58709e-05 (threshold = 1e-08)
  Iteration 26 (of 50).   Current convergence value = 8.55455e-05 (threshold = 1e-08)
  Iteration 27 (of 50).   Current convergence value = 8.5123e-05 (threshold = 1e-08)
  Iteration 28 (of 50).   Current convergence value = 8.46688e-05 (threshold = 1e-08)
  Iteration 29 (of 50).   Current convergence value = 8.40965e-05 (threshold = 1e-08)
  Iteration 30 (of 50).   Current convergence value = 8.35904e-05 (threshold = 1e-08)
  Iteration 31 (of 50).   Current convergence value = 8.30936e-05 (threshold = 1e-08)
  Iteration 32 (of 50).   Current convergence value = 8.23691e-05 (threshold = 1e-08)
  Iteration 33 (of 50).   Current convergence value = 8.17222e-05 (threshold = 1e-08)
  Iteration 34 (of 50).   Current convergence value = 8.12659e-05 (threshold = 1e-08)
  Iteration 35 (of 50).   Current convergence value = 8.04464e-05 (threshold = 1e-08)
  Iteration 36 (of 50).   Current convergence value = 7.97446e-05 (threshold = 1e-08)
  Iteration 37 (of 50).   Current convergence value = 7.89852e-05 (threshold = 1e-08)
  Iteration 38 (of 50).   Current convergence value = 7.82943e-05 (threshold = 1e-08)
  Iteration 39 (of 50).   Current convergence value = 7.77772e-05 (threshold = 1e-08)
  Iteration 40 (of 50).   Current convergence value = 7.71093e-05 (threshold = 1e-08)
  Iteration 41 (of 50).   Current convergence value = 7.63532e-05 (threshold = 1e-08)
  Iteration 42 (of 50).   Current convergence value = 7.57032e-05 (threshold = 1e-08)
  Iteration 43 (of 50).   Current convergence value = 7.50075e-05 (threshold = 1e-08)
  Iteration 44 (of 50).   Current convergence value = 7.45672e-05 (threshold = 1e-08)
  Iteration 45 (of 50).   Current convergence value = 7.37944e-05 (threshold = 1e-08)
  Iteration 46 (of 50).   Current convergence value = 7.31648e-05 (threshold = 1e-08)
  Iteration 47 (of 50).   Current convergence value = 7.26388e-05 (threshold = 1e-08)
  Iteration 48 (of 50).   Current convergence value = 7.21438e-05 (threshold = 1e-08)
  Iteration 49 (of 50).   Current convergence value = 7.15815e-05 (threshold = 1e-08)
  Iteration 50 (of 50).   Current convergence value = 7.11005e-05 (threshold = 1e-08)
Current level = 3
  Iteration 1 (of 40).   Current convergence value = 0.00159141 (threshold = 1e-08)
  Iteration 2 (of 40).   Current convergence value = 0.0011345 (threshold = 1e-08)
  Iteration 3 (of 40).   Current convergence value = 0.000888056 (threshold = 1e-08)
  Iteration 4 (of 40).   Current convergence value = 0.000746371 (threshold = 1e-08)
  Iteration 5 (of 40).   Current convergence value = 0.000654627 (threshold = 1e-08)
  Iteration 6 (of 40).   Current convergence value = 0.000587109 (threshold = 1e-08)
  Iteration 7 (of 40).   Current convergence value = 0.00054072 (threshold = 1e-08)
  Iteration 8 (of 40).   Current convergence value = 0.000507839 (threshold = 1e-08)
  Iteration 9 (of 40).   Current convergence value = 0.000484368 (threshold = 1e-08)
  Iteration 10 (of 40).   Current convergence value = 0.000465445 (threshold = 1e-08)
  Iteration 11 (of 40).   Current convergence value = 0.0004501 (threshold = 1e-08)
  Iteration 12 (of 40).   Current convergence value = 0.000436987 (threshold = 1e-08)
  Iteration 13 (of 40).   Current convergence value = 0.000425673 (threshold = 1e-08)
  Iteration 14 (of 40).   Current convergence value = 0.000415577 (threshold = 1e-08)
  Iteration 15 (of 40).   Current convergence value = 0.000406626 (threshold = 1e-08)
  Iteration 16 (of 40).   Current convergence value = 0.000398465 (threshold = 1e-08)
  Iteration 17 (of 40).   Current convergence value = 0.000390845 (threshold = 1e-08)
  Iteration 18 (of 40).   Current convergence value = 0.000383642 (threshold = 1e-08)
  Iteration 19 (of 40).   Current convergence value = 0.000376802 (threshold = 1e-08)
  Iteration 20 (of 40).   Current convergence value = 0.000370336 (threshold = 1e-08)
  Iteration 21 (of 40).   Current convergence value = 0.000364083 (threshold = 1e-08)
  Iteration 22 (of 40).   Current convergence value = 0.000357823 (threshold = 1e-08)
  Iteration 23 (of 40).   Current convergence value = 0.000351711 (threshold = 1e-08)
  Iteration 24 (of 40).   Current convergence value = 0.000345783 (threshold = 1e-08)
  Iteration 25 (of 40).   Current convergence value = 0.000340076 (threshold = 1e-08)
  Iteration 26 (of 40).   Current convergence value = 0.000334496 (threshold = 1e-08)
  Iteration 27 (of 40).   Current convergence value = 0.000329004 (threshold = 1e-08)
  Iteration 28 (of 40).   Current convergence value = 0.000323608 (threshold = 1e-08)
  Iteration 29 (of 40).   Current convergence value = 0.000318343 (threshold = 1e-08)
  Iteration 30 (of 40).   Current convergence value = 0.000313165 (threshold = 1e-08)
  Iteration 31 (of 40).   Current convergence value = 0.000308051 (threshold = 1e-08)
  Iteration 32 (of 40).   Current convergence value = 0.000302994 (threshold = 1e-08)
  Iteration 33 (of 40).   Current convergence value = 0.000298034 (threshold = 1e-08)
  Iteration 34 (of 40).   Current convergence value = 0.000293123 (threshold = 1e-08)
  Iteration 35 (of 40).   Current convergence value = 0.000288304 (threshold = 1e-08)
  Iteration 36 (of 40).   Current convergence value = 0.000283584 (threshold = 1e-08)
  Iteration 37 (of 40).   Current convergence value = 0.000278972 (threshold = 1e-08)
  Iteration 38 (of 40).   Current convergence value = 0.000274256 (threshold = 1e-08)
  Iteration 39 (of 40).   Current convergence value = 0.000269617 (threshold = 1e-08)
  Iteration 40 (of 40).   Current convergence value = 0.000265016 (threshold = 1e-08)
Current level = 4
  Iteration 1 (of 30).   Current convergence value = 0.00211392 (threshold = 1e-08)
  Iteration 2 (of 30).   Current convergence value = 0.00192992 (threshold = 1e-08)
  Iteration 3 (of 30).   Current convergence value = 0.0018224 (threshold = 1e-08)
  Iteration 4 (of 30).   Current convergence value = 0.00174591 (threshold = 1e-08)
  Iteration 5 (of 30).   Current convergence value = 0.0016861 (threshold = 1e-08)
  Iteration 6 (of 30).   Current convergence value = 0.00163563 (threshold = 1e-08)
  Iteration 7 (of 30).   Current convergence value = 0.00159332 (threshold = 1e-08)
  Iteration 8 (of 30).   Current convergence value = 0.00155399 (threshold = 1e-08)
  Iteration 9 (of 30).   Current convergence value = 0.00151569 (threshold = 1e-08)
  Iteration 10 (of 30).   Current convergence value = 0.00146864 (threshold = 1e-08)
  Iteration 11 (of 30).   Current convergence value = 0.00139528 (threshold = 1e-08)
  Iteration 12 (of 30).   Current convergence value = 0.00131956 (threshold = 1e-08)
  Iteration 13 (of 30).   Current convergence value = 0.00124526 (threshold = 1e-08)
  Iteration 14 (of 30).   Current convergence value = 0.0011722 (threshold = 1e-08)
  Iteration 15 (of 30).   Current convergence value = 0.00109975 (threshold = 1e-08)
  Iteration 16 (of 30).   Current convergence value = 0.00103033 (threshold = 1e-08)
  Iteration 17 (of 30).   Current convergence value = 0.000964889 (threshold = 1e-08)
  Iteration 18 (of 30).   Current convergence value = 0.000905735 (threshold = 1e-08)
  Iteration 19 (of 30).   Current convergence value = 0.000855489 (threshold = 1e-08)
  Iteration 20 (of 30).   Current convergence value = 0.000816985 (threshold = 1e-08)
  Iteration 21 (of 30).   Current convergence value = 0.000792813 (threshold = 1e-08)
  Iteration 22 (of 30).   Current convergence value = 0.000784256 (threshold = 1e-08)
  Iteration 23 (of 30).   Current convergence value = 0.000780737 (threshold = 1e-08)
  Iteration 24 (of 30).   Current convergence value = 0.000800158 (threshold = 1e-08)
  Iteration 25 (of 30).   Current convergence value = 0.000840884 (threshold = 1e-08)
  Iteration 26 (of 30).   Current convergence value = 0.000889586 (threshold = 1e-08)
  Iteration 27 (of 30).   Current convergence value = 0.000938181 (threshold = 1e-08)
  Iteration 28 (of 30).   Current convergence value = 0.000988774 (threshold = 1e-08)
  Iteration 29 (of 30).   Current convergence value = 0.00103892 (threshold = 1e-08)
  Iteration 30 (of 30).   Current convergence value = 0.0010766 (threshold = 1e-08)
   N4BiasFieldCorrectionImageFilter (0x55c62ffb4e20)
     RTTI typeinfo:   itk::N4BiasFieldCorrectionImageFilter<itk::Image<float, 3u>, itk::Image<float, 3u>, itk::Image<float, 3u> >
     Reference Count: 1
     Modified Time: 565
     Debug: Off
     Object Name: 
     Observers: 
       IterationEvent(Command)
     Inputs: 
       ConfidenceImage: (0)
       MaskImage: (0x55c62ffdf5e0)
       Primary: (0x55c62ffdaae0) *
     Indexed Inputs: 
       0: Primary (0x55c62ffdaae0)
       1: MaskImage (0x55c62ffdf5e0)
       2: ConfidenceImage (0)
     Required Input Names: Primary
     NumberOfRequiredInputs: 1
     Outputs: 
       Primary: (0x55c62ffc4ef0)
     Indexed Outputs: 
       0: Primary (0x55c62ffc4ef0)
     NumberOfRequiredOutputs: 1
     Number Of Work Units: 32
     ReleaseDataFlag: Off
     ReleaseDataBeforeUpdateFlag: Off
     AbortGenerateData: Off
     Progress: 0
     Multithreader: 
       RTTI typeinfo:   itk::PoolMultiThreader
       Reference Count: 1
       Modified Time: 144
       Debug: Off
       Object Name: 
       Observers: 
         none
       Number of Work Units: 32
       Number of Threads: 8
       Global Maximum Number Of Threads: 128
       Global Default Number Of Threads: 8
       Global Default Threader Type: itk::MultiThreaderBaseEnums::Threader::Pool
       SingleMethod: 0
       SingleData: 0
     DynamicMultiThreading: On
     CoordinateTolerance: 1e-06
     DirectionTolerance: 1e-06
     Use Mask Label: 0
     Mask label: 1
     Number of histogram bins: 200
     Wiener filter noise: 0.01
     Bias field FWHM: 0.15
     Maximum number of iterations: [50, 50, 40, 30]
     Convergence threshold: 1e-08
     Spline order: 3
     Number of fitting levels: [4, 4, 4]
     Number of control points: [4, 5, 5]
     CurrentConvergenceMeasurement: 0.0010766
     CurrentLevel: 4
     ElapsedIterations: 31
     LogBiasFieldControlPointLattice: 
       Image (0x55c63ce9f530)
         RTTI typeinfo:   itk::Image<itk::Vector<float, 1u>, 3u>
         Reference Count: 1
         Modified Time: 343560
         Debug: Off
         Object Name: 
         Observers: 
           none
         Source: (none)
         Source output name: (none)
         Release Data: Off
         Data Released: False
         Global Release Data: Off
         PipelineMTime: 0
         UpdateMTime: 0
         RealTimeStamp: 0 seconds 
         LargestPossibleRegion: 
           Dimension: 3
           Index: [0, 0, 0]
           Size: [11, 19, 19]
         BufferedRegion: 
           Dimension: 3
           Index: [0, 0, 0]
           Size: [11, 19, 19]
         RequestedRegion: 
           Dimension: 3
           Index: [0, 0, 0]
           Size: [11, 19, 19]
         Spacing: [24.75, 24.875, 24.875]
         Origin: [24.2447, 24.07, -26.1328]
         Direction: 
-0.999396 -0.0126458 0.0323599
0.013262 -0.999733 0.0188993
0.0321123 0.0193171 0.999298

         IndexToPointMatrix: 
-24.7351 -0.314564 0.804952
0.328235 -24.8684 0.47012
0.794779 0.480513 24.8575

         PointToIndexMatrix: 
-0.0403796 0.000535839 0.00129747
-0.000508374 -0.0401903 0.000776564
0.0013009 0.000759773 0.0401728

         Inverse Direction: 
-0.999396 0.013262 0.0321123
-0.0126458 -0.999733 0.019317
0.0323599 0.0188994 0.999298

         PixelContainer: 
           ImportImageContainer (0x55c636ac0b10)
             RTTI typeinfo:   itk::ImportImageContainer<unsigned long, itk::Vector<float, 1u> >
             Reference Count: 1
             Modified Time: 343561
             Debug: Off
             Object Name: 
             Observers: 
               none
             Pointer: 0x55c63a150ac0
             Container manages memory: true
             Size: 3971
             Capacity: 3971
Elapsed time: 268.855
All_Command_lines_OK
Using single precision for computations.
=============================================================================
The composite transform comprises the following transforms (in order): 
  1. Center of mass alignment using fixed image: /home/mpib/nemecz/Projects/miniTRK/Results/01_MRI/GroupTempl/T1w/T_template0.nii.gz and moving image: /home/mpib/nemecz/Projects/miniTRK/Analysis/01_MRI/Preproc/GroupTempl/T1w/sub-279828_T1w.nii.gz (type = Euler3DTransform)
=============================================================================
  number of levels = 4
  number of levels = 4
  number of levels = 4
  fixed image: /home/mpib/nemecz/Projects/miniTRK/Results/01_MRI/GroupTempl/T1w/T_template0.nii.gz
  moving image: /home/mpib/nemecz/Projects/miniTRK/Results/01_MRI/GroupTempl/T1w/T_template0sub-279828_T1wRepaired.nii.gz
  fixed image: /home/mpib/nemecz/Projects/miniTRK/Results/01_MRI/GroupTempl/T1w/T_template0.nii.gz
  moving image: /home/mpib/nemecz/Projects/miniTRK/Results/01_MRI/GroupTempl/T1w/T_template0sub-279828_T1wRepaired.nii.gz
  fixed image: /home/mpib/nemecz/Projects/miniTRK/Results/01_MRI/GroupTempl/T1w/T_template0.nii.gz
  moving image: /home/mpib/nemecz/Projects/miniTRK/Results/01_MRI/GroupTempl/T1w/T_template0sub-279828_T1wRepaired.nii.gz
Dimension = 3
Number of stages = 3
Use Histogram Matching true
Winsorize image intensities true
Lower quantile = 0.01
Upper quantile = 0.99
Stage 1 State
   Image metric = Mattes
     Fixed image = Image (0x55bf25bc7ad0)
  RTTI typeinfo:   itk::Image<float, 3u>
  Reference Count: 2
  Modified Time: 1721
  Debug: Off
  Object Name: 
  Observers: 
    none
  Source: (none)
  Source output name: (none)
  Release Data: Off
  Data Released: False
  Global Release Data: Off
  PipelineMTime: 0
  UpdateMTime: 1506
  RealTimeStamp: 0 seconds 
  LargestPossibleRegion: 
    Dimension: 3
    Index: [0, 0, 0]
    Size: [192, 256, 256]
  BufferedRegion: 
    Dimension: 3
    Index: [0, 0, 0]
    Size: [192, 256, 256]
  RequestedRegion: 
    Dimension: 3
    Index: [0, 0, 0]
    Size: [192, 256, 256]
  Spacing: [1, 1, 1]
  Origin: [95.0313, 100.538, -154.123]
  Direction: 
-0.999853 -0.014134 -0.00966312
0.014129 -0.9999 0.000586045
-0.00967044 0.000449429 0.999953

  IndexToPointMatrix: 
-0.999853 -0.014134 -0.00966312
0.014129 -0.9999 0.000586045
-0.00967044 0.000449429 0.999953

  PointToIndexMatrix: 
-0.999853 0.014129 -0.00967044
-0.014134 -0.9999 0.000449429
-0.00966312 0.000586045 0.999953

  Inverse Direction: 
-0.999853 0.014129 -0.00967044
-0.014134 -0.9999 0.000449429
-0.00966312 0.000586045 0.999953

  PixelContainer: 
    ImportImageContainer (0x55bf25bcfc80)
      RTTI typeinfo:   itk::ImportImageContainer<unsigned long, float>
      Reference Count: 1
      Modified Time: 1503
      Debug: Off
      Object Name: 
      Observers: 
        none
      Pointer: 0x7fa91ae16010
      Container manages memory: true
      Size: 12582912
      Capacity: 12582912

     Moving image = Image (0x55bf25bc8bc0)
  RTTI typeinfo:   itk::Image<float, 3u>
  Reference Count: 2
  Modified Time: 1722
  Debug: Off
  Object Name: 
  Observers: 
    none
  Source: (none)
  Source output name: (none)
  Release Data: Off
  Data Released: False
  Global Release Data: Off
  PipelineMTime: 0
  UpdateMTime: 1719
  RealTimeStamp: 0 seconds 
  LargestPossibleRegion: 
    Dimension: 3
    Index: [0, 0, 0]
    Size: [192, 256, 256]
  BufferedRegion: 
    Dimension: 3
    Index: [0, 0, 0]
    Size: [192, 256, 256]
  RequestedRegion: 
    Dimension: 3
    Index: [0, 0, 0]
    Size: [192, 256, 256]
  Spacing: [1, 1, 1]
  Origin: [91.0557, 95.1537, -155.739]
  Direction: 
-0.999396 -0.0126458 0.0323599
0.013262 -0.999733 0.0188993
0.0321123 0.0193171 0.999298

  IndexToPointMatrix: 
-0.999396 -0.0126458 0.0323599
0.013262 -0.999733 0.0188993
0.0321123 0.0193171 0.999298

  PointToIndexMatrix: 
-0.999396 0.013262 0.0321123
-0.0126458 -0.999733 0.0193171
0.0323599 0.0188993 0.999298

  Inverse Direction: 
-0.999396 0.013262 0.0321123
-0.0126458 -0.999733 0.0193171
0.0323599 0.0188993 0.999298

  PixelContainer: 
    ImportImageContainer (0x55bf25bd4100)
      RTTI typeinfo:   itk::ImportImageContainer<unsigned long, float>
      Reference Count: 1
      Modified Time: 1716
      Debug: Off
      Object Name: 
      Observers: 
        none
      Pointer: 0x7fa917e15010
      Container manages memory: true
      Size: 12582912
      Capacity: 12582912

     Weighting = 1
     Sampling strategy = regular
     Number of bins = 32
     Radius = 4
     Sampling percentage  = 0.25
   Transform = Rigid
     Gradient step = 0.1
     Update field sigma (voxel space) = 0
     Total field sigma (voxel space) = 0
     Update field time sigma = 0
     Total field time sigma  = 0
     Number of time indices = 0
     Number of time point samples = 0
Stage 2 State
   Image metric = Mattes
     Fixed image = Image (0x55bf25be0870)
  RTTI typeinfo:   itk::Image<float, 3u>
  Reference Count: 2
  Modified Time: 2149
  Debug: Off
  Object Name: 
  Observers: 
    none
  Source: (none)
  Source output name: (none)
  Release Data: Off
  Data Released: False
  Global Release Data: Off
  PipelineMTime: 0
  UpdateMTime: 1934
  RealTimeStamp: 0 seconds 
  LargestPossibleRegion: 
    Dimension: 3
    Index: [0, 0, 0]
    Size: [192, 256, 256]
  BufferedRegion: 
    Dimension: 3
    Index: [0, 0, 0]
    Size: [192, 256, 256]
  RequestedRegion: 
    Dimension: 3
    Index: [0, 0, 0]
    Size: [192, 256, 256]
  Spacing: [1, 1, 1]
  Origin: [95.0313, 100.538, -154.123]
  Direction: 
-0.999853 -0.014134 -0.00966312
0.014129 -0.9999 0.000586045
-0.00967044 0.000449429 0.999953

  IndexToPointMatrix: 
-0.999853 -0.014134 -0.00966312
0.014129 -0.9999 0.000586045
-0.00967044 0.000449429 0.999953

  PointToIndexMatrix: 
-0.999853 0.014129 -0.00967044
-0.014134 -0.9999 0.000449429
-0.00966312 0.000586045 0.999953

  Inverse Direction: 
-0.999853 0.014129 -0.00967044
-0.014134 -0.9999 0.000449429
-0.00966312 0.000586045 0.999953

  PixelContainer: 
    ImportImageContainer (0x55bf25bcb6d0)
      RTTI typeinfo:   itk::ImportImageContainer<unsigned long, float>
      Reference Count: 1
      Modified Time: 1931
      Debug: Off
      Object Name: 
      Observers: 
        none
      Pointer: 0x7fa914e14010
      Container manages memory: true
      Size: 12582912
      Capacity: 12582912

     Moving image = Image (0x55bf25be04c0)
  RTTI typeinfo:   itk::Image<float, 3u>
  Reference Count: 2
  Modified Time: 2150
  Debug: Off
  Object Name: 
  Observers: 
    none
  Source: (none)
  Source output name: (none)
  Release Data: Off
  Data Released: False
  Global Release Data: Off
  PipelineMTime: 0
  UpdateMTime: 2147
  RealTimeStamp: 0 seconds 
  LargestPossibleRegion: 
    Dimension: 3
    Index: [0, 0, 0]
    Size: [192, 256, 256]
  BufferedRegion: 
    Dimension: 3
    Index: [0, 0, 0]
    Size: [192, 256, 256]
  RequestedRegion: 
    Dimension: 3
    Index: [0, 0, 0]
    Size: [192, 256, 256]
  Spacing: [1, 1, 1]
  Origin: [91.0557, 95.1537, -155.739]
  Direction: 
-0.999396 -0.0126458 0.0323599
0.013262 -0.999733 0.0188993
0.0321123 0.0193171 0.999298

  IndexToPointMatrix: 
-0.999396 -0.0126458 0.0323599
0.013262 -0.999733 0.0188993
0.0321123 0.0193171 0.999298

  PointToIndexMatrix: 
-0.999396 0.013262 0.0321123
-0.0126458 -0.999733 0.0193171
0.0323599 0.0188993 0.999298

  Inverse Direction: 
-0.999396 0.013262 0.0321123
-0.0126458 -0.999733 0.0193171
0.0323599 0.0188993 0.999298

  PixelContainer: 
    ImportImageContainer (0x55bf25be18c0)
      RTTI typeinfo:   itk::ImportImageContainer<unsigned long, float>
      Reference Count: 1
      Modified Time: 2144
      Debug: Off
      Object Name: 
      Observers: 
        none
      Pointer: 0x7fa911e13010
      Container manages memory: true
      Size: 12582912
      Capacity: 12582912

     Weighting = 1
     Sampling strategy = regular
     Number of bins = 32
     Radius = 4
     Sampling percentage  = 0.25
   Transform = Affine
     Gradient step = 0.1
     Update field sigma (voxel space) = 0
     Total field sigma (voxel space) = 0
     Update field time sigma = 0
     Total field time sigma  = 0
     Number of time indices = 0
     Number of time point samples = 0
Stage 3 State
   Image metric = CC
     Fixed image = Image (0x55bf25be7960)
  RTTI typeinfo:   itk::Image<float, 3u>
  Reference Count: 2
  Modified Time: 2577
  Debug: Off
  Object Name: 
  Observers: 
    none
  Source: (none)
  Source output name: (none)
  Release Data: Off
  Data Released: False
  Global Release Data: Off
  PipelineMTime: 0
  UpdateMTime: 2362
  RealTimeStamp: 0 seconds 
  LargestPossibleRegion: 
    Dimension: 3
    Index: [0, 0, 0]
    Size: [192, 256, 256]
  BufferedRegion: 
    Dimension: 3
    Index: [0, 0, 0]
    Size: [192, 256, 256]
  RequestedRegion: 
    Dimension: 3
    Index: [0, 0, 0]
    Size: [192, 256, 256]
  Spacing: [1, 1, 1]
  Origin: [95.0313, 100.538, -154.123]
  Direction: 
-0.999853 -0.014134 -0.00966312
0.014129 -0.9999 0.000586045
-0.00967044 0.000449429 0.999953

  IndexToPointMatrix: 
-0.999853 -0.014134 -0.00966312
0.014129 -0.9999 0.000586045
-0.00967044 0.000449429 0.999953

  PointToIndexMatrix: 
-0.999853 0.014129 -0.00967044
-0.014134 -0.9999 0.000449429
-0.00966312 0.000586045 0.999953

  Inverse Direction: 
-0.999853 0.014129 -0.00967044
-0.014134 -0.9999 0.000449429
-0.00966312 0.000586045 0.999953

  PixelContainer: 
    ImportImageContainer (0x55bf25bc8660)
      RTTI typeinfo:   itk::ImportImageContainer<unsigned long, float>
      Reference Count: 1
      Modified Time: 2359
      Debug: Off
      Object Name: 
      Observers: 
        none
      Pointer: 0x7fa90ee12010
      Container manages memory: true
      Size: 12582912
      Capacity: 12582912

     Moving image = Image (0x55bf25be9840)
  RTTI typeinfo:   itk::Image<float, 3u>
  Reference Count: 2
  Modified Time: 2578
  Debug: Off
  Object Name: 
  Observers: 
    none
  Source: (none)
  Source output name: (none)
  Release Data: Off
  Data Released: False
  Global Release Data: Off
  PipelineMTime: 0
  UpdateMTime: 2575
  RealTimeStamp: 0 seconds 
  LargestPossibleRegion: 
    Dimension: 3
    Index: [0, 0, 0]
    Size: [192, 256, 256]
  BufferedRegion: 
    Dimension: 3
    Index: [0, 0, 0]
    Size: [192, 256, 256]
  RequestedRegion: 
    Dimension: 3
    Index: [0, 0, 0]
    Size: [192, 256, 256]
  Spacing: [1, 1, 1]
  Origin: [91.0557, 95.1537, -155.739]
  Direction: 
-0.999396 -0.0126458 0.0323599
0.013262 -0.999733 0.0188993
0.0321123 0.0193171 0.999298

  IndexToPointMatrix: 
-0.999396 -0.0126458 0.0323599
0.013262 -0.999733 0.0188993
0.0321123 0.0193171 0.999298

  PointToIndexMatrix: 
-0.999396 0.013262 0.0321123
-0.0126458 -0.999733 0.0193171
0.0323599 0.0188993 0.999298

  Inverse Direction: 
-0.999396 0.013262 0.0321123
-0.0126458 -0.999733 0.0193171
0.0323599 0.0188993 0.999298

  PixelContainer: 
    ImportImageContainer (0x55bf25be6660)
      RTTI typeinfo:   itk::ImportImageContainer<unsigned long, float>
      Reference Count: 1
      Modified Time: 2572
      Debug: Off
      Object Name: 
      Observers: 
        none
      Pointer: 0x7fa90be11010
      Container manages memory: true
      Size: 12582912
      Capacity: 12582912

     Weighting = 1
     Sampling strategy = none
     Number of bins = 32
     Radius = 4
     Sampling percentage  = 1
   Transform = SyN
     Gradient step = 0.1
     Update field sigma (voxel space) = 3
     Total field sigma (voxel space) = 0
     Update field time sigma = 0
     Total field time sigma  = 0
     Number of time indices = 0
     Number of time point samples = 0
Registration using 3 total stages.

Stage 0
  iterations = 1000x500x250x0
  convergence threshold = 1e-06
  convergence window size = 10
  number of levels = 4
  using the Mattes MI metric (number of bins = 32, weight = 1)
  preprocessing:  winsorizing the image intensities
  preprocessing:  histogram matching the images
  Shrink factors (level 1 out of 4): [6, 6, 6]
  Shrink factors (level 2 out of 4): [4, 4, 4]
  Shrink factors (level 3 out of 4): [2, 2, 2]
  Shrink factors (level 4 out of 4): [1, 1, 1]
  smoothing sigmas per level: [4, 2, 1, 0]
  regular sampling (percentage = 0.25)

*** Running Euler3DTransform registration ***

DIAGNOSTIC,Iteration,metricValue,convergenceValue,ITERATION_TIME_INDEX,SINCE_LAST
 2DIAGNOSTIC,     1, -8.180156946182e-01, inf, 5.8429e-01, 5.8429e-01, 
 2DIAGNOSTIC,     2, -8.223014473915e-01, inf, 5.9488e-01, 1.0593e-02, 
 2DIAGNOSTIC,     3, -8.296279311180e-01, inf, 6.0488e-01, 1.0001e-02, 
 2DIAGNOSTIC,     4, -8.411576151848e-01, inf, 6.1448e-01, 9.6009e-03, 
 2DIAGNOSTIC,     5, -8.577101230621e-01, inf, 6.2421e-01, 9.7330e-03, 
 2DIAGNOSTIC,     6, -8.776382803917e-01, inf, 6.3288e-01, 8.6641e-03, 
 2DIAGNOSTIC,     7, -8.927040696144e-01, inf, 6.4071e-01, 7.8290e-03, 
 2DIAGNOSTIC,     8, -9.014022946358e-01, inf, 6.4861e-01, 7.9060e-03, 
 2DIAGNOSTIC,     9, -9.096139669418e-01, inf, 6.5657e-01, 7.9520e-03, 
 2DIAGNOSTIC,    10, -9.323773980141e-01, 8.788463659585e-03, 6.6582e-01, 9.2549e-03, 
 2DIAGNOSTIC,    11, -9.349449276924e-01, 8.080946281552e-03, 6.7678e-01, 1.0957e-02, 
 2DIAGNOSTIC,    12, -9.363545775414e-01, 6.935757584870e-03, 6.8555e-01, 8.7712e-03, 
 2DIAGNOSTIC,    13, -9.370437264442e-01, 5.560210440308e-03, 6.9346e-01, 7.9150e-03, 
 2DIAGNOSTIC,    14, -9.395788311958e-01, 4.205517470837e-03, 7.0356e-01, 1.0096e-02, 
 2DIAGNOSTIC,    15, -9.419516324997e-01, 3.045576857403e-03, 7.1239e-01, 8.8348e-03, 
 2DIAGNOSTIC,    16, -9.434352517128e-01, 2.178080147132e-03, 7.2124e-01, 8.8410e-03, 
 2DIAGNOSTIC,    17, -9.439538121223e-01, 1.512334682047e-03, 7.2987e-01, 8.6329e-03, 
 2DIAGNOSTIC,    18, -9.438850879669e-01, 9.380736155435e-04, 7.3862e-01, 8.7521e-03, 
 2DIAGNOSTIC,    19, -9.438808560371e-01, 4.662406863645e-04, 7.4733e-01, 8.7070e-03, 
 2DIAGNOSTIC,    20, -9.438686370850e-01, 3.565337683540e-04, 7.5596e-01, 8.6291e-03, 
 2DIAGNOSTIC,    21, -9.438645243645e-01, 2.625788620207e-04, 7.6455e-01, 8.5921e-03, 
 2DIAGNOSTIC,    22, -9.438609480858e-01, 1.736820850056e-04, 7.7333e-01, 8.7841e-03, 
 2DIAGNOSTIC,    23, -9.438582658768e-01, 8.576569234719e-05, 7.8203e-01, 8.6999e-03, 
 2DIAGNOSTIC,    24, -9.438087344170e-01, 2.931436938525e-05, 7.9077e-01, 8.7368e-03, 
 2DIAGNOSTIC,    25, -9.438211917877e-01, 4.186984824628e-06, 7.9848e-01, 7.7109e-03, 
DIAGNOSTIC,Iteration,metricValue,convergenceValue,ITERATION_TIME_INDEX,SINCE_LAST
 2DIAGNOSTIC,     1, -7.607066631317e-01, inf, 1.4082e+00, 6.0970e-01, 
 2DIAGNOSTIC,     2, -7.616585493088e-01, inf, 1.4439e+00, 3.5686e-02, 
 2DIAGNOSTIC,     3, -7.624129056931e-01, inf, 1.4763e+00, 3.2464e-02, 
 2DIAGNOSTIC,     4, -7.629321813583e-01, inf, 1.5090e+00, 3.2685e-02, 
 2DIAGNOSTIC,     5, -7.631049156189e-01, inf, 1.5397e+00, 3.0639e-02, 
 2DIAGNOSTIC,     6, -7.631749510765e-01, inf, 1.5763e+00, 3.6600e-02, 
 2DIAGNOSTIC,     7, -7.632144689560e-01, inf, 1.6106e+00, 3.4306e-02, 
 2DIAGNOSTIC,     8, -7.632889747620e-01, inf, 1.6571e+00, 4.6497e-02, 
 2DIAGNOSTIC,     9, -7.633483409882e-01, inf, 1.7050e+00, 4.7981e-02, 
 2DIAGNOSTIC,    10, -7.633302211761e-01, 1.842129131546e-04, 1.7402e+00, 3.5131e-02, 
 2DIAGNOSTIC,    11, -7.633361816406e-01, 9.989238606067e-05, 1.7713e+00, 3.1137e-02, 
 2DIAGNOSTIC,    12, -7.633281946182e-01, 4.983501639799e-05, 1.8063e+00, 3.4959e-02, 
 2DIAGNOSTIC,    13, -7.633272409439e-01, 2.443402263452e-05, 1.8370e+00, 3.0718e-02, 
 2DIAGNOSTIC,    14, -7.633351683617e-01, 1.457223334000e-05, 1.8720e+00, 3.5013e-02, 
 2DIAGNOSTIC,    15, -7.633327245712e-01, 9.116976798396e-06, 1.9041e+00, 3.2066e-02, 
 2DIAGNOSTIC,    16, -7.633462548256e-01, 5.668611720466e-06, 1.9345e+00, 3.0456e-02, 
 2DIAGNOSTIC,    17, -7.633460760117e-01, 3.108040800726e-06, 1.9726e+00, 3.8116e-02, 
 2DIAGNOSTIC,    18, -7.633412480354e-01, 2.125105538653e-06, 2.0068e+00, 3.4142e-02, 
 2DIAGNOSTIC,    19, -7.633355855942e-01, 2.279096179336e-06, 2.0372e+00, 3.0465e-02, 
 2DIAGNOSTIC,    20, -7.633320689201e-01, 1.954462732101e-06, 2.0717e+00, 3.4432e-02, 
 2DIAGNOSTIC,    21, -7.633430361748e-01, 1.928604206114e-06, 2.1029e+00, 3.1201e-02, 
 2DIAGNOSTIC,    22, -7.633401155472e-01, 1.675161570347e-06, 2.1329e+00, 3.0066e-02, 
 2DIAGNOSTIC,    23, -7.633489370346e-01, 1.553422180223e-06, 2.1627e+00, 2.9736e-02, 
 2DIAGNOSTIC,    24, -7.633618116379e-01, 1.752576963554e-06, 2.1973e+00, 3.4621e-02, 
 2DIAGNOSTIC,    25, -7.633705139160e-01, 1.977945657927e-06, 2.2323e+00, 3.4974e-02, 
 2DIAGNOSTIC,    26, -7.633764743805e-01, 2.395179535597e-06, 2.2669e+00, 3.4605e-02, 
 2DIAGNOSTIC,    27, -7.633688449860e-01, 2.565288468759e-06, 2.2971e+00, 3.0205e-02, 
 2DIAGNOSTIC,    28, -7.633709311485e-01, 2.563214138718e-06, 2.3316e+00, 3.4561e-02, 
 2DIAGNOSTIC,    29, -7.633780241013e-01, 2.442950744808e-06, 2.3670e+00, 3.5410e-02, 
 2DIAGNOSTIC,    30, -7.633666396141e-01, 2.009481249843e-06, 2.4026e+00, 3.5550e-02, 
 2DIAGNOSTIC,    31, -7.633796334267e-01, 1.810917410694e-06, 2.4382e+00, 3.5594e-02, 
 2DIAGNOSTIC,    32, -7.633673548698e-01, 1.370635004605e-06, 2.4737e+00, 3.5512e-02, 
 2DIAGNOSTIC,    33, -7.633805871010e-01, 1.171600729322e-06, 2.5179e+00, 4.4179e-02, 
 2DIAGNOSTIC,    34, -7.633746266365e-01, 1.032643126564e-06, 2.5489e+00, 3.1037e-02, 
DIAGNOSTIC,Iteration,metricValue,convergenceValue,ITERATION_TIME_INDEX,SINCE_LAST
 2DIAGNOSTIC,     1, -6.776525974274e-01, inf, 3.4389e+00, 8.9003e-01, 
 2DIAGNOSTIC,     2, -6.780929565430e-01, inf, 3.6520e+00, 2.1309e-01, 
 2DIAGNOSTIC,     3, -6.781883239746e-01, inf, 3.8946e+00, 2.4255e-01, 
 2DIAGNOSTIC,     4, -6.781958341599e-01, inf, 4.1112e+00, 2.1662e-01, 
 2DIAGNOSTIC,     5, -6.782082915306e-01, inf, 4.3258e+00, 2.1459e-01, 
 2DIAGNOSTIC,     6, -6.782351136208e-01, inf, 4.5709e+00, 2.4509e-01, 
 2DIAGNOSTIC,     7, -6.782494783401e-01, inf, 4.8710e+00, 3.0011e-01, 
 2DIAGNOSTIC,     8, -6.782561540604e-01, inf, 5.0876e+00, 2.1659e-01, 
 2DIAGNOSTIC,     9, -6.783013939857e-01, inf, 5.3339e+00, 2.4627e-01, 
 2DIAGNOSTIC,    10, -6.783222556114e-01, 4.210731640342e-05, 5.5852e+00, 2.5132e-01, 
 2DIAGNOSTIC,    11, -6.783256530762e-01, 1.998025982175e-05, 5.8343e+00, 2.4907e-01, 
 2DIAGNOSTIC,    12, -6.783294081688e-01, 1.545212035126e-05, 6.0789e+00, 2.4463e-01, 
 2DIAGNOSTIC,    13, -6.783263087273e-01, 1.344923293800e-05, 6.3235e+00, 2.4457e-01, 
 2DIAGNOSTIC,    14, -6.783295273781e-01, 1.104010607378e-05, 6.5661e+00, 2.4265e-01, 
 2DIAGNOSTIC,    15, -6.783295273781e-01, 8.469391104882e-06, 6.8107e+00, 2.4456e-01, 
 2DIAGNOSTIC,    16, -6.783293485641e-01, 6.342120286718e-06, 7.0581e+00, 2.4745e-01, 
 2DIAGNOSTIC,    17, -6.783291101456e-01, 4.429501132108e-06, 7.2751e+00, 2.1696e-01, 
 2DIAGNOSTIC,    18, -6.783299446106e-01, 2.645598215167e-06, 7.5196e+00, 2.4454e-01, 
 2DIAGNOSTIC,    19, -6.783322691917e-01, 2.004602720262e-06, 7.7631e+00, 2.4352e-01, 
 2DIAGNOSTIC,    20, -6.783346533775e-01, 1.880415538835e-06, 8.0062e+00, 2.4305e-01, 
 2DIAGNOSTIC,    21, -6.783358454704e-01, 1.830346150200e-06, 8.3083e+00, 3.0210e-01, 
 2DIAGNOSTIC,    22, -6.783350706100e-01, 1.815225687096e-06, 8.5525e+00, 2.4427e-01, 
 2DIAGNOSTIC,    23, -6.783354282379e-01, 1.716167389532e-06, 8.7681e+00, 2.1557e-01, 
 2DIAGNOSTIC,    24, -6.783354878426e-01, 1.650384433560e-06, 9.0130e+00, 2.4484e-01, 
 2DIAGNOSTIC,    25, -6.783364415169e-01, 1.574548150529e-06, 9.2555e+00, 2.4257e-01, 
 2DIAGNOSTIC,    26, -6.783360838890e-01, 1.467622837481e-06, 9.4982e+00, 2.4267e-01, 
 2DIAGNOSTIC,    27, -6.783360242844e-01, 1.342137920801e-06, 9.7417e+00, 2.4353e-01, 
 2DIAGNOSTIC,    28, -6.783366799355e-01, 1.232325757883e-06, 9.9843e+00, 2.4258e-01, 
 2DIAGNOSTIC,    29, -6.783379912376e-01, 1.172125848825e-06, 1.0199e+01, 2.1518e-01, 
 2DIAGNOSTIC,    30, -6.783383488655e-01, 1.145968326455e-06, 1.0442e+01, 2.4284e-01, 
 2DIAGNOSTIC,    31, -6.783388853073e-01, 1.137391905104e-06, 1.0685e+01, 2.4255e-01, 
 2DIAGNOSTIC,    32, -6.783387660980e-01, 1.107322077587e-06, 1.0927e+01, 2.4261e-01, 
 2DIAGNOSTIC,    33, -6.783384680748e-01, 1.069145923793e-06, 1.1167e+01, 2.3965e-01, 
 2DIAGNOSTIC,    34, -6.783396005630e-01, 1.037398533299e-06, 1.1462e+01, 2.9442e-01, 
 2DIAGNOSTIC,    35, -6.783394813538e-01, 1.007421019494e-06, 1.1701e+01, 2.3900e-01, 
DIAGNOSTIC,Iteration,metricValue,convergenceValue,ITERATION_TIME_INDEX,SINCE_LAST
 2DIAGNOSTIC,     1, -6.156600713730e-01, inf, 1.4191e+01, 2.4900e+00, 
  Elapsed time (stage 0): 1.5365e+01


Stage 1
  iterations = 1000x500x250x0
  convergence threshold = 1.0000e-06
  convergence window size = 10
  number of levels = 4
  using the Mattes MI metric (number of bins = 32, weight = 1.0000e+00)
  preprocessing:  winsorizing the image intensities
  preprocessing:  histogram matching the images
  Shrink factors (level 1 out of 4): [6, 6, 6]
