
Running N4 for 3-dimensional images.

Mask not read.  Using the entire image as the mask.

Original intensity range:  [0, 858]

***********************************************************
Warning:  Your input image contains nonpositive values
which could cause failure or problematic results.  A
possible workaround would be to:
   1. rescale your image to positive values e.g., [10,100].
   2. run N4 on your rescaled image.
   3. (optional) rescale the N4 output to the original
      intensity range.
***********************************************************

Specified spline distance: 200mm
  original image size:  [192, 256, 256]
  padded image size:  [201, 401, 401]
  number of control points:  [4, 5, 5]

Current level = 1
  Iteration 1 (of 50).   Current convergence value = 0.000603367 (threshold = 1e-08)
  Iteration 2 (of 50).   Current convergence value = 0.000392286 (threshold = 1e-08)
  Iteration 3 (of 50).   Current convergence value = 0.000259229 (threshold = 1e-08)
  Iteration 4 (of 50).   Current convergence value = 0.000175741 (threshold = 1e-08)
  Iteration 5 (of 50).   Current convergence value = 0.000126781 (threshold = 1e-08)
  Iteration 6 (of 50).   Current convergence value = 0.000102595 (threshold = 1e-08)
  Iteration 7 (of 50).   Current convergence value = 9.38614e-05 (threshold = 1e-08)
  Iteration 8 (of 50).   Current convergence value = 9.2793e-05 (threshold = 1e-08)
  Iteration 9 (of 50).   Current convergence value = 9.45793e-05 (threshold = 1e-08)
  Iteration 10 (of 50).   Current convergence value = 9.67677e-05 (threshold = 1e-08)
  Iteration 11 (of 50).   Current convergence value = 9.86623e-05 (threshold = 1e-08)
  Iteration 12 (of 50).   Current convergence value = 9.99548e-05 (threshold = 1e-08)
  Iteration 13 (of 50).   Current convergence value = 0.000100678 (threshold = 1e-08)
  Iteration 14 (of 50).   Current convergence value = 0.000101098 (threshold = 1e-08)
  Iteration 15 (of 50).   Current convergence value = 0.000101165 (threshold = 1e-08)
  Iteration 16 (of 50).   Current convergence value = 0.000100925 (threshold = 1e-08)
  Iteration 17 (of 50).   Current convergence value = 0.000100459 (threshold = 1e-08)
  Iteration 18 (of 50).   Current convergence value = 9.97755e-05 (threshold = 1e-08)
  Iteration 19 (of 50).   Current convergence value = 9.92064e-05 (threshold = 1e-08)
  Iteration 20 (of 50).   Current convergence value = 9.84934e-05 (threshold = 1e-08)
  Iteration 21 (of 50).   Current convergence value = 9.77393e-05 (threshold = 1e-08)
  Iteration 22 (of 50).   Current convergence value = 9.69152e-05 (threshold = 1e-08)
  Iteration 23 (of 50).   Current convergence value = 9.61456e-05 (threshold = 1e-08)
  Iteration 24 (of 50).   Current convergence value = 9.52949e-05 (threshold = 1e-08)
  Iteration 25 (of 50).   Current convergence value = 9.46177e-05 (threshold = 1e-08)
  Iteration 26 (of 50).   Current convergence value = 9.38829e-05 (threshold = 1e-08)
  Iteration 27 (of 50).   Current convergence value = 9.31705e-05 (threshold = 1e-08)
  Iteration 28 (of 50).   Current convergence value = 9.25079e-05 (threshold = 1e-08)
  Iteration 29 (of 50).   Current convergence value = 9.17902e-05 (threshold = 1e-08)
  Iteration 30 (of 50).   Current convergence value = 9.11548e-05 (threshold = 1e-08)
  Iteration 31 (of 50).   Current convergence value = 9.04666e-05 (threshold = 1e-08)
  Iteration 32 (of 50).   Current convergence value = 8.871e-05 (threshold = 1e-08)
  Iteration 33 (of 50).   Current convergence value = 8.73266e-05 (threshold = 1e-08)
  Iteration 34 (of 50).   Current convergence value = 8.59479e-05 (threshold = 1e-08)
  Iteration 35 (of 50).   Current convergence value = 8.47246e-05 (threshold = 1e-08)
  Iteration 36 (of 50).   Current convergence value = 8.34563e-05 (threshold = 1e-08)
  Iteration 37 (of 50).   Current convergence value = 8.22431e-05 (threshold = 1e-08)
  Iteration 38 (of 50).   Current convergence value = 8.13541e-05 (threshold = 1e-08)
  Iteration 39 (of 50).   Current convergence value = 8.02833e-05 (threshold = 1e-08)
  Iteration 40 (of 50).   Current convergence value = 7.90909e-05 (threshold = 1e-08)
  Iteration 41 (of 50).   Current convergence value = 7.81409e-05 (threshold = 1e-08)
  Iteration 42 (of 50).   Current convergence value = 7.73106e-05 (threshold = 1e-08)
  Iteration 43 (of 50).   Current convergence value = 7.62489e-05 (threshold = 1e-08)
  Iteration 44 (of 50).   Current convergence value = 7.5344e-05 (threshold = 1e-08)
  Iteration 45 (of 50).   Current convergence value = 7.45316e-05 (threshold = 1e-08)
  Iteration 46 (of 50).   Current convergence value = 7.35393e-05 (threshold = 1e-08)
  Iteration 47 (of 50).   Current convergence value = 7.26322e-05 (threshold = 1e-08)
  Iteration 48 (of 50).   Current convergence value = 7.18595e-05 (threshold = 1e-08)
  Iteration 49 (of 50).   Current convergence value = 7.11543e-05 (threshold = 1e-08)
  Iteration 50 (of 50).   Current convergence value = 7.00899e-05 (threshold = 1e-08)
Current level = 2
  Iteration 1 (of 50).   Current convergence value = 0.000490681 (threshold = 1e-08)
  Iteration 2 (of 50).   Current convergence value = 0.000398231 (threshold = 1e-08)
  Iteration 3 (of 50).   Current convergence value = 0.000339872 (threshold = 1e-08)
  Iteration 4 (of 50).   Current convergence value = 0.000293245 (threshold = 1e-08)
  Iteration 5 (of 50).   Current convergence value = 0.00025424 (threshold = 1e-08)
  Iteration 6 (of 50).   Current convergence value = 0.000220597 (threshold = 1e-08)
  Iteration 7 (of 50).   Current convergence value = 0.000195871 (threshold = 1e-08)
  Iteration 8 (of 50).   Current convergence value = 0.000179913 (threshold = 1e-08)
  Iteration 9 (of 50).   Current convergence value = 0.000160901 (threshold = 1e-08)
  Iteration 10 (of 50).   Current convergence value = 0.000145263 (threshold = 1e-08)
  Iteration 11 (of 50).   Current convergence value = 0.000131869 (threshold = 1e-08)
  Iteration 12 (of 50).   Current convergence value = 0.000119923 (threshold = 1e-08)
  Iteration 13 (of 50).   Current convergence value = 0.000109822 (threshold = 1e-08)
  Iteration 14 (of 50).   Current convergence value = 0.000101257 (threshold = 1e-08)
  Iteration 15 (of 50).   Current convergence value = 9.46665e-05 (threshold = 1e-08)
  Iteration 16 (of 50).   Current convergence value = 9.32121e-05 (threshold = 1e-08)
  Iteration 17 (of 50).   Current convergence value = 9.25472e-05 (threshold = 1e-08)
  Iteration 18 (of 50).   Current convergence value = 9.22694e-05 (threshold = 1e-08)
  Iteration 19 (of 50).   Current convergence value = 9.23826e-05 (threshold = 1e-08)
  Iteration 20 (of 50).   Current convergence value = 9.26082e-05 (threshold = 1e-08)
  Iteration 21 (of 50).   Current convergence value = 9.28253e-05 (threshold = 1e-08)
  Iteration 22 (of 50).   Current convergence value = 9.3009e-05 (threshold = 1e-08)
  Iteration 23 (of 50).   Current convergence value = 9.30766e-05 (threshold = 1e-08)
  Iteration 24 (of 50).   Current convergence value = 9.29079e-05 (threshold = 1e-08)
  Iteration 25 (of 50).   Current convergence value = 9.28492e-05 (threshold = 1e-08)
  Iteration 26 (of 50).   Current convergence value = 9.25623e-05 (threshold = 1e-08)
  Iteration 27 (of 50).   Current convergence value = 9.23405e-05 (threshold = 1e-08)
  Iteration 28 (of 50).   Current convergence value = 9.19291e-05 (threshold = 1e-08)
  Iteration 29 (of 50).   Current convergence value = 9.12644e-05 (threshold = 1e-08)
  Iteration 30 (of 50).   Current convergence value = 9.09751e-05 (threshold = 1e-08)
  Iteration 31 (of 50).   Current convergence value = 9.0233e-05 (threshold = 1e-08)
  Iteration 32 (of 50).   Current convergence value = 8.96522e-05 (threshold = 1e-08)
  Iteration 33 (of 50).   Current convergence value = 8.912e-05 (threshold = 1e-08)
  Iteration 34 (of 50).   Current convergence value = 8.85651e-05 (threshold = 1e-08)
  Iteration 35 (of 50).   Current convergence value = 8.78581e-05 (threshold = 1e-08)
  Iteration 36 (of 50).   Current convergence value = 8.7267e-05 (threshold = 1e-08)
  Iteration 37 (of 50).   Current convergence value = 8.65885e-05 (threshold = 1e-08)
  Iteration 38 (of 50).   Current convergence value = 8.60489e-05 (threshold = 1e-08)
  Iteration 39 (of 50).   Current convergence value = 8.5161e-05 (threshold = 1e-08)
  Iteration 40 (of 50).   Current convergence value = 8.44045e-05 (threshold = 1e-08)
  Iteration 41 (of 50).   Current convergence value = 8.37755e-05 (threshold = 1e-08)
  Iteration 42 (of 50).   Current convergence value = 8.30914e-05 (threshold = 1e-08)
  Iteration 43 (of 50).   Current convergence value = 8.24354e-05 (threshold = 1e-08)
  Iteration 44 (of 50).   Current convergence value = 8.16778e-05 (threshold = 1e-08)
  Iteration 45 (of 50).   Current convergence value = 8.0808e-05 (threshold = 1e-08)
  Iteration 46 (of 50).   Current convergence value = 8.016e-05 (threshold = 1e-08)
  Iteration 47 (of 50).   Current convergence value = 7.94732e-05 (threshold = 1e-08)
  Iteration 48 (of 50).   Current convergence value = 7.87156e-05 (threshold = 1e-08)
  Iteration 49 (of 50).   Current convergence value = 7.79158e-05 (threshold = 1e-08)
  Iteration 50 (of 50).   Current convergence value = 7.73732e-05 (threshold = 1e-08)
Current level = 3
  Iteration 1 (of 40).   Current convergence value = 0.00163087 (threshold = 1e-08)
  Iteration 2 (of 40).   Current convergence value = 0.00121637 (threshold = 1e-08)
  Iteration 3 (of 40).   Current convergence value = 0.000978354 (threshold = 1e-08)
  Iteration 4 (of 40).   Current convergence value = 0.000819847 (threshold = 1e-08)
  Iteration 5 (of 40).   Current convergence value = 0.000708156 (threshold = 1e-08)
  Iteration 6 (of 40).   Current convergence value = 0.000628665 (threshold = 1e-08)
  Iteration 7 (of 40).   Current convergence value = 0.00057692 (threshold = 1e-08)
  Iteration 8 (of 40).   Current convergence value = 0.000537307 (threshold = 1e-08)
  Iteration 9 (of 40).   Current convergence value = 0.000503906 (threshold = 1e-08)
  Iteration 10 (of 40).   Current convergence value = 0.000477402 (threshold = 1e-08)
  Iteration 11 (of 40).   Current convergence value = 0.0004558 (threshold = 1e-08)
  Iteration 12 (of 40).   Current convergence value = 0.000436873 (threshold = 1e-08)
  Iteration 13 (of 40).   Current convergence value = 0.00042042 (threshold = 1e-08)
  Iteration 14 (of 40).   Current convergence value = 0.000406171 (threshold = 1e-08)
  Iteration 15 (of 40).   Current convergence value = 0.000393554 (threshold = 1e-08)
  Iteration 16 (of 40).   Current convergence value = 0.000382178 (threshold = 1e-08)
  Iteration 17 (of 40).   Current convergence value = 0.000372072 (threshold = 1e-08)
  Iteration 18 (of 40).   Current convergence value = 0.000362821 (threshold = 1e-08)
  Iteration 19 (of 40).   Current convergence value = 0.000354391 (threshold = 1e-08)
  Iteration 20 (of 40).   Current convergence value = 0.000346635 (threshold = 1e-08)
  Iteration 21 (of 40).   Current convergence value = 0.00033969 (threshold = 1e-08)
  Iteration 22 (of 40).   Current convergence value = 0.000333602 (threshold = 1e-08)
  Iteration 23 (of 40).   Current convergence value = 0.000327992 (threshold = 1e-08)
  Iteration 24 (of 40).   Current convergence value = 0.000322766 (threshold = 1e-08)
  Iteration 25 (of 40).   Current convergence value = 0.000317952 (threshold = 1e-08)
  Iteration 26 (of 40).   Current convergence value = 0.000313454 (threshold = 1e-08)
  Iteration 27 (of 40).   Current convergence value = 0.000309246 (threshold = 1e-08)
  Iteration 28 (of 40).   Current convergence value = 0.000305272 (threshold = 1e-08)
  Iteration 29 (of 40).   Current convergence value = 0.000301587 (threshold = 1e-08)
  Iteration 30 (of 40).   Current convergence value = 0.000298116 (threshold = 1e-08)
  Iteration 31 (of 40).   Current convergence value = 0.00029486 (threshold = 1e-08)
  Iteration 32 (of 40).   Current convergence value = 0.000291835 (threshold = 1e-08)
  Iteration 33 (of 40).   Current convergence value = 0.000289017 (threshold = 1e-08)
  Iteration 34 (of 40).   Current convergence value = 0.000286367 (threshold = 1e-08)
  Iteration 35 (of 40).   Current convergence value = 0.000283939 (threshold = 1e-08)
  Iteration 36 (of 40).   Current convergence value = 0.000278264 (threshold = 1e-08)
  Iteration 37 (of 40).   Current convergence value = 0.000269858 (threshold = 1e-08)
  Iteration 38 (of 40).   Current convergence value = 0.000262334 (threshold = 1e-08)
  Iteration 39 (of 40).   Current convergence value = 0.000255509 (threshold = 1e-08)
  Iteration 40 (of 40).   Current convergence value = 0.000248696 (threshold = 1e-08)
Current level = 4
  Iteration 1 (of 30).   Current convergence value = 0.00218906 (threshold = 1e-08)
  Iteration 2 (of 30).   Current convergence value = 0.00191072 (threshold = 1e-08)
  Iteration 3 (of 30).   Current convergence value = 0.00177759 (threshold = 1e-08)
  Iteration 4 (of 30).   Current convergence value = 0.00167647 (threshold = 1e-08)
  Iteration 5 (of 30).   Current convergence value = 0.00158796 (threshold = 1e-08)
  Iteration 6 (of 30).   Current convergence value = 0.00145317 (threshold = 1e-08)
  Iteration 7 (of 30).   Current convergence value = 0.00140384 (threshold = 1e-08)
  Iteration 8 (of 30).   Current convergence value = 0.0013051 (threshold = 1e-08)
  Iteration 9 (of 30).   Current convergence value = 0.00122445 (threshold = 1e-08)
  Iteration 10 (of 30).   Current convergence value = 0.00114601 (threshold = 1e-08)
  Iteration 11 (of 30).   Current convergence value = 0.00104433 (threshold = 1e-08)
  Iteration 12 (of 30).   Current convergence value = 0.000974868 (threshold = 1e-08)
  Iteration 13 (of 30).   Current convergence value = 0.00091813 (threshold = 1e-08)
  Iteration 14 (of 30).   Current convergence value = 0.000867309 (threshold = 1e-08)
  Iteration 15 (of 30).   Current convergence value = 0.000820778 (threshold = 1e-08)
  Iteration 16 (of 30).   Current convergence value = 0.000775086 (threshold = 1e-08)
  Iteration 17 (of 30).   Current convergence value = 0.000731949 (threshold = 1e-08)
  Iteration 18 (of 30).   Current convergence value = 0.000693393 (threshold = 1e-08)
  Iteration 19 (of 30).   Current convergence value = 0.000658419 (threshold = 1e-08)
  Iteration 20 (of 30).   Current convergence value = 0.000625857 (threshold = 1e-08)
  Iteration 21 (of 30).   Current convergence value = 0.000596083 (threshold = 1e-08)
  Iteration 22 (of 30).   Current convergence value = 0.000568813 (threshold = 1e-08)
  Iteration 23 (of 30).   Current convergence value = 0.000544215 (threshold = 1e-08)
  Iteration 24 (of 30).   Current convergence value = 0.000521451 (threshold = 1e-08)
  Iteration 25 (of 30).   Current convergence value = 0.000500399 (threshold = 1e-08)
  Iteration 26 (of 30).   Current convergence value = 0.000480854 (threshold = 1e-08)
  Iteration 27 (of 30).   Current convergence value = 0.000462962 (threshold = 1e-08)
  Iteration 28 (of 30).   Current convergence value = 0.00044646 (threshold = 1e-08)
  Iteration 29 (of 30).   Current convergence value = 0.000431407 (threshold = 1e-08)
  Iteration 30 (of 30).   Current convergence value = 0.000417552 (threshold = 1e-08)
   N4BiasFieldCorrectionImageFilter (0x559ca0f8ee20)
     RTTI typeinfo:   itk::N4BiasFieldCorrectionImageFilter<itk::Image<float, 3u>, itk::Image<float, 3u>, itk::Image<float, 3u> >
     Reference Count: 1
     Modified Time: 565
     Debug: Off
     Object Name: 
     Observers: 
       IterationEvent(Command)
     Inputs: 
       ConfidenceImage: (0)
       MaskImage: (0x559ca0fb95c0)
       Primary: (0x559ca0fb4a40) *
     Indexed Inputs: 
       0: Primary (0x559ca0fb4a40)
       1: MaskImage (0x559ca0fb95c0)
       2: ConfidenceImage (0)
     Required Input Names: Primary
     NumberOfRequiredInputs: 1
     Outputs: 
       Primary: (0x559ca0f9eef0)
     Indexed Outputs: 
       0: Primary (0x559ca0f9eef0)
     NumberOfRequiredOutputs: 1
     Number Of Work Units: 32
     ReleaseDataFlag: Off
     ReleaseDataBeforeUpdateFlag: Off
     AbortGenerateData: Off
     Progress: 0
     Multithreader: 
       RTTI typeinfo:   itk::PoolMultiThreader
       Reference Count: 1
       Modified Time: 144
       Debug: Off
       Object Name: 
       Observers: 
         none
       Number of Work Units: 32
       Number of Threads: 8
       Global Maximum Number Of Threads: 128
       Global Default Number Of Threads: 8
       Global Default Threader Type: itk::MultiThreaderBaseEnums::Threader::Pool
       SingleMethod: 0
       SingleData: 0
     DynamicMultiThreading: On
     CoordinateTolerance: 1e-06
     DirectionTolerance: 1e-06
     Use Mask Label: 0
     Mask label: 1
     Number of histogram bins: 200
     Wiener filter noise: 0.01
     Bias field FWHM: 0.15
     Maximum number of iterations: [50, 50, 40, 30]
     Convergence threshold: 1e-08
     Spline order: 3
     Number of fitting levels: [4, 4, 4]
     Number of control points: [4, 5, 5]
     CurrentConvergenceMeasurement: 0.000417552
     CurrentLevel: 4
     ElapsedIterations: 31
     LogBiasFieldControlPointLattice: 
       Image (0x559cac32ae20)
         RTTI typeinfo:   itk::Image<itk::Vector<float, 1u>, 3u>
         Reference Count: 1
         Modified Time: 343560
         Debug: Off
         Object Name: 
         Observers: 
           none
         Source: (none)
         Source output name: (none)
         Release Data: Off
         Data Released: False
         Global Release Data: Off
         PipelineMTime: 0
         UpdateMTime: 0
         RealTimeStamp: 0 seconds 
         LargestPossibleRegion: 
           Dimension: 3
           Index: [0, 0, 0]
           Size: [11, 19, 19]
         BufferedRegion: 
           Dimension: 3
           Index: [0, 0, 0]
           Size: [11, 19, 19]
         RequestedRegion: 
           Dimension: 3
           Index: [0, 0, 0]
           Size: [11, 19, 19]
         Spacing: [24.75, 24.875, 24.875]
         Origin: [27.7069, 22.1642, -24.314]
         Direction: 
-0.994236 -0.0191072 -0.105498
0.00900504 -0.995397 0.0954152
-0.106836 0.0939152 0.989831

         IndexToPointMatrix: 
-24.6073 -0.475292 -2.62426
0.222875 -24.7605 2.37345
-2.64418 2.33614 24.6221

         PointToIndexMatrix: 
-0.0401711 0.00036384 -0.00431659
-0.000768129 -0.040016 0.00377549
-0.00424113 0.00383579 0.0397922

         Inverse Direction: 
-0.994236 0.00900504 -0.106836
-0.0191072 -0.995397 0.0939152
-0.105498 0.0954152 0.989831

         PixelContainer: 
           ImportImageContainer (0x559cac32b440)
             RTTI typeinfo:   itk::ImportImageContainer<unsigned long, itk::Vector<float, 1u> >
             Reference Count: 1
             Modified Time: 343561
             Debug: Off
             Object Name: 
             Observers: 
               none
             Pointer: 0x559cab12af00
             Container manages memory: true
             Size: 3971
             Capacity: 3971
Elapsed time: 266.186
All_Command_lines_OK
Using single precision for computations.
=============================================================================
The composite transform comprises the following transforms (in order): 
  1. Center of mass alignment using fixed image: /home/mpib/nemecz/Projects/miniTRK/Results/01_MRI/GroupTempl/T1w/T_template0.nii.gz and moving image: /home/mpib/nemecz/Projects/miniTRK/Analysis/01_MRI/Preproc/GroupTempl/T1w/sub-205693_T1w.nii.gz (type = Euler3DTransform)
=============================================================================
  number of levels = 4
  number of levels = 4
  number of levels = 4
  fixed image: /home/mpib/nemecz/Projects/miniTRK/Results/01_MRI/GroupTempl/T1w/T_template0.nii.gz
  moving image: /home/mpib/nemecz/Projects/miniTRK/Results/01_MRI/GroupTempl/T1w/T_template0sub-205693_T1wRepaired.nii.gz
  fixed image: /home/mpib/nemecz/Projects/miniTRK/Results/01_MRI/GroupTempl/T1w/T_template0.nii.gz
  moving image: /home/mpib/nemecz/Projects/miniTRK/Results/01_MRI/GroupTempl/T1w/T_template0sub-205693_T1wRepaired.nii.gz
  fixed image: /home/mpib/nemecz/Projects/miniTRK/Results/01_MRI/GroupTempl/T1w/T_template0.nii.gz
  moving image: /home/mpib/nemecz/Projects/miniTRK/Results/01_MRI/GroupTempl/T1w/T_template0sub-205693_T1wRepaired.nii.gz
Dimension = 3
Number of stages = 3
Use Histogram Matching true
Winsorize image intensities true
Lower quantile = 0.01
Upper quantile = 0.99
Stage 1 State
   Image metric = Mattes
     Fixed image = Image (0x55c931175ad0)
  RTTI typeinfo:   itk::Image<float, 3u>
  Reference Count: 2
  Modified Time: 1721
  Debug: Off
  Object Name: 
  Observers: 
    none
  Source: (none)
  Source output name: (none)
  Release Data: Off
  Data Released: False
  Global Release Data: Off
  PipelineMTime: 0
  UpdateMTime: 1506
  RealTimeStamp: 0 seconds 
  LargestPossibleRegion: 
    Dimension: 3
    Index: [0, 0, 0]
    Size: [192, 256, 256]
  BufferedRegion: 
    Dimension: 3
    Index: [0, 0, 0]
    Size: [192, 256, 256]
  RequestedRegion: 
    Dimension: 3
    Index: [0, 0, 0]
    Size: [192, 256, 256]
  Spacing: [1, 1, 1]
  Origin: [95.0313, 100.538, -154.123]
  Direction: 
-0.999853 -0.014134 -0.00966312
0.014129 -0.9999 0.000586045
-0.00967044 0.000449429 0.999953

  IndexToPointMatrix: 
-0.999853 -0.014134 -0.00966312
0.014129 -0.9999 0.000586045
-0.00967044 0.000449429 0.999953

  PointToIndexMatrix: 
-0.999853 0.014129 -0.00967044
-0.014134 -0.9999 0.000449429
-0.00966312 0.000586045 0.999953

  Inverse Direction: 
-0.999853 0.014129 -0.00967044
-0.014134 -0.9999 0.000449429
-0.00966312 0.000586045 0.999953

  PixelContainer: 
    ImportImageContainer (0x55c93117dc80)
      RTTI typeinfo:   itk::ImportImageContainer<unsigned long, float>
      Reference Count: 1
      Modified Time: 1503
      Debug: Off
      Object Name: 
      Observers: 
        none
      Pointer: 0x7f9f51a16010
      Container manages memory: true
      Size: 12582912
      Capacity: 12582912

     Moving image = Image (0x55c931176b40)
  RTTI typeinfo:   itk::Image<float, 3u>
  Reference Count: 2
  Modified Time: 1722
  Debug: Off
  Object Name: 
  Observers: 
    none
  Source: (none)
  Source output name: (none)
  Release Data: Off
  Data Released: False
  Global Release Data: Off
  PipelineMTime: 0
  UpdateMTime: 1719
  RealTimeStamp: 0 seconds 
  LargestPossibleRegion: 
    Dimension: 3
    Index: [0, 0, 0]
    Size: [192, 256, 256]
  BufferedRegion: 
    Dimension: 3
    Index: [0, 0, 0]
    Size: [192, 256, 256]
  RequestedRegion: 
    Dimension: 3
    Index: [0, 0, 0]
    Size: [192, 256, 256]
  Spacing: [1, 1, 1]
  Origin: [111.603, 84.6504, -151.519]
  Direction: 
-0.994236 -0.0191072 -0.105498
0.00900504 -0.995397 0.0954152
-0.106836 0.0939152 0.989831

  IndexToPointMatrix: 
-0.994236 -0.0191072 -0.105498
0.00900504 -0.995397 0.0954152
-0.106836 0.0939152 0.989831

  PointToIndexMatrix: 
-0.994236 0.00900503 -0.106836
-0.0191072 -0.995397 0.0939152
-0.105498 0.0954152 0.989831

  Inverse Direction: 
-0.994236 0.00900503 -0.106836
-0.0191072 -0.995397 0.0939152
-0.105498 0.0954152 0.989831

  PixelContainer: 
    ImportImageContainer (0x55c931179610)
      RTTI typeinfo:   itk::ImportImageContainer<unsigned long, float>
      Reference Count: 1
      Modified Time: 1716
      Debug: Off
      Object Name: 
      Observers: 
        none
      Pointer: 0x7f9f4ea15010
      Container manages memory: true
      Size: 12582912
      Capacity: 12582912

     Weighting = 1
     Sampling strategy = regular
     Number of bins = 32
     Radius = 4
     Sampling percentage  = 0.25
   Transform = Rigid
     Gradient step = 0.1
     Update field sigma (voxel space) = 0
     Total field sigma (voxel space) = 0
     Update field time sigma = 0
     Total field time sigma  = 0
     Number of time indices = 0
     Number of time point samples = 0
Stage 2 State
   Image metric = Mattes
     Fixed image = Image (0x55c93118e8a0)
  RTTI typeinfo:   itk::Image<float, 3u>
  Reference Count: 2
  Modified Time: 2149
  Debug: Off
  Object Name: 
  Observers: 
    none
  Source: (none)
  Source output name: (none)
  Release Data: Off
  Data Released: False
  Global Release Data: Off
  PipelineMTime: 0
  UpdateMTime: 1934
  RealTimeStamp: 0 seconds 
  LargestPossibleRegion: 
    Dimension: 3
    Index: [0, 0, 0]
    Size: [192, 256, 256]
  BufferedRegion: 
    Dimension: 3
    Index: [0, 0, 0]
    Size: [192, 256, 256]
  RequestedRegion: 
    Dimension: 3
    Index: [0, 0, 0]
    Size: [192, 256, 256]
  Spacing: [1, 1, 1]
  Origin: [95.0313, 100.538, -154.123]
  Direction: 
-0.999853 -0.014134 -0.00966312
0.014129 -0.9999 0.000586045
-0.00967044 0.000449429 0.999953

  IndexToPointMatrix: 
-0.999853 -0.014134 -0.00966312
0.014129 -0.9999 0.000586045
-0.00967044 0.000449429 0.999953

  PointToIndexMatrix: 
-0.999853 0.014129 -0.00967044
-0.014134 -0.9999 0.000449429
-0.00966312 0.000586045 0.999953

  Inverse Direction: 
-0.999853 0.014129 -0.00967044
-0.014134 -0.9999 0.000449429
-0.00966312 0.000586045 0.999953

  PixelContainer: 
    ImportImageContainer (0x55c93117e6a0)
      RTTI typeinfo:   itk::ImportImageContainer<unsigned long, float>
      Reference Count: 1
      Modified Time: 1931
      Debug: Off
      Object Name: 
      Observers: 
        none
      Pointer: 0x7f9f4ba14010
      Container manages memory: true
      Size: 12582912
      Capacity: 12582912

     Moving image = Image (0x55c93118e510)
  RTTI typeinfo:   itk::Image<float, 3u>
  Reference Count: 2
  Modified Time: 2150
  Debug: Off
  Object Name: 
  Observers: 
    none
  Source: (none)
  Source output name: (none)
  Release Data: Off
  Data Released: False
  Global Release Data: Off
  PipelineMTime: 0
  UpdateMTime: 2147
  RealTimeStamp: 0 seconds 
  LargestPossibleRegion: 
    Dimension: 3
    Index: [0, 0, 0]
    Size: [192, 256, 256]
  BufferedRegion: 
    Dimension: 3
    Index: [0, 0, 0]
    Size: [192, 256, 256]
  RequestedRegion: 
    Dimension: 3
    Index: [0, 0, 0]
    Size: [192, 256, 256]
  Spacing: [1, 1, 1]
  Origin: [111.603, 84.6504, -151.519]
  Direction: 
-0.994236 -0.0191072 -0.105498
0.00900504 -0.995397 0.0954152
-0.106836 0.0939152 0.989831

  IndexToPointMatrix: 
-0.994236 -0.0191072 -0.105498
0.00900504 -0.995397 0.0954152
-0.106836 0.0939152 0.989831

  PointToIndexMatrix: 
-0.994236 0.00900503 -0.106836
-0.0191072 -0.995397 0.0939152
-0.105498 0.0954152 0.989831

  Inverse Direction: 
-0.994236 0.00900503 -0.106836
-0.0191072 -0.995397 0.0939152
-0.105498 0.0954152 0.989831

  PixelContainer: 
    ImportImageContainer (0x55c93118fbb0)
      RTTI typeinfo:   itk::ImportImageContainer<unsigned long, float>
      Reference Count: 1
      Modified Time: 2144
      Debug: Off
      Object Name: 
      Observers: 
        none
      Pointer: 0x7f9f48a13010
      Container manages memory: true
      Size: 12582912
      Capacity: 12582912

     Weighting = 1
     Sampling strategy = regular
     Number of bins = 32
     Radius = 4
     Sampling percentage  = 0.25
   Transform = Affine
     Gradient step = 0.1
     Update field sigma (voxel space) = 0
     Total field sigma (voxel space) = 0
     Update field time sigma = 0
     Total field time sigma  = 0
     Number of time indices = 0
     Number of time point samples = 0
Stage 3 State
   Image metric = CC
     Fixed image = Image (0x55c931195990)
  RTTI typeinfo:   itk::Image<float, 3u>
  Reference Count: 2
  Modified Time: 2577
  Debug: Off
  Object Name: 
  Observers: 
    none
  Source: (none)
  Source output name: (none)
  Release Data: Off
  Data Released: False
  Global Release Data: Off
  PipelineMTime: 0
  UpdateMTime: 2362
  RealTimeStamp: 0 seconds 
  LargestPossibleRegion: 
    Dimension: 3
    Index: [0, 0, 0]
    Size: [192, 256, 256]
  BufferedRegion: 
    Dimension: 3
    Index: [0, 0, 0]
    Size: [192, 256, 256]
  RequestedRegion: 
    Dimension: 3
    Index: [0, 0, 0]
    Size: [192, 256, 256]
  Spacing: [1, 1, 1]
  Origin: [95.0313, 100.538, -154.123]
  Direction: 
-0.999853 -0.014134 -0.00966312
0.014129 -0.9999 0.000586045
-0.00967044 0.000449429 0.999953

  IndexToPointMatrix: 
-0.999853 -0.014134 -0.00966312
0.014129 -0.9999 0.000586045
-0.00967044 0.000449429 0.999953

  PointToIndexMatrix: 
-0.999853 0.014129 -0.00967044
-0.014134 -0.9999 0.000449429
-0.00966312 0.000586045 0.999953

  Inverse Direction: 
-0.999853 0.014129 -0.00967044
-0.014134 -0.9999 0.000449429
-0.00966312 0.000586045 0.999953

  PixelContainer: 
    ImportImageContainer (0x55c930feabf0)
      RTTI typeinfo:   itk::ImportImageContainer<unsigned long, float>
      Reference Count: 1
      Modified Time: 2359
      Debug: Off
      Object Name: 
      Observers: 
        none
      Pointer: 0x7f9f45a12010
      Container manages memory: true
      Size: 12582912
      Capacity: 12582912

     Moving image = Image (0x55c93118d2d0)
  RTTI typeinfo:   itk::Image<float, 3u>
  Reference Count: 2
  Modified Time: 2578
  Debug: Off
  Object Name: 
  Observers: 
    none
  Source: (none)
  Source output name: (none)
  Release Data: Off
  Data Released: False
  Global Release Data: Off
  PipelineMTime: 0
  UpdateMTime: 2575
  RealTimeStamp: 0 seconds 
  LargestPossibleRegion: 
    Dimension: 3
    Index: [0, 0, 0]
    Size: [192, 256, 256]
  BufferedRegion: 
    Dimension: 3
    Index: [0, 0, 0]
    Size: [192, 256, 256]
  RequestedRegion: 
    Dimension: 3
    Index: [0, 0, 0]
    Size: [192, 256, 256]
  Spacing: [1, 1, 1]
  Origin: [111.603, 84.6504, -151.519]
  Direction: 
-0.994236 -0.0191072 -0.105498
0.00900504 -0.995397 0.0954152
-0.106836 0.0939152 0.989831

  IndexToPointMatrix: 
-0.994236 -0.0191072 -0.105498
0.00900504 -0.995397 0.0954152
-0.106836 0.0939152 0.989831

  PointToIndexMatrix: 
-0.994236 0.00900503 -0.106836
-0.0191072 -0.995397 0.0939152
-0.105498 0.0954152 0.989831

  Inverse Direction: 
-0.994236 0.00900503 -0.106836
-0.0191072 -0.995397 0.0939152
-0.105498 0.0954152 0.989831

  PixelContainer: 
    ImportImageContainer (0x55c9311946b0)
      RTTI typeinfo:   itk::ImportImageContainer<unsigned long, float>
      Reference Count: 1
      Modified Time: 2572
      Debug: Off
      Object Name: 
      Observers: 
        none
      Pointer: 0x7f9f42a11010
      Container manages memory: true
      Size: 12582912
      Capacity: 12582912

     Weighting = 1
     Sampling strategy = none
     Number of bins = 32
     Radius = 4
     Sampling percentage  = 1
   Transform = SyN
     Gradient step = 0.1
     Update field sigma (voxel space) = 3
     Total field sigma (voxel space) = 0
     Update field time sigma = 0
     Total field time sigma  = 0
     Number of time indices = 0
     Number of time point samples = 0
Registration using 3 total stages.

Stage 0
  iterations = 1000x500x250x0
  convergence threshold = 1e-06
  convergence window size = 10
  number of levels = 4
  using the Mattes MI metric (number of bins = 32, weight = 1)
  preprocessing:  winsorizing the image intensities
  preprocessing:  histogram matching the images
  Shrink factors (level 1 out of 4): [6, 6, 6]
  Shrink factors (level 2 out of 4): [4, 4, 4]
  Shrink factors (level 3 out of 4): [2, 2, 2]
  Shrink factors (level 4 out of 4): [1, 1, 1]
  smoothing sigmas per level: [4, 2, 1, 0]
  regular sampling (percentage = 0.25)

*** Running Euler3DTransform registration ***

DIAGNOSTIC,Iteration,metricValue,convergenceValue,ITERATION_TIME_INDEX,SINCE_LAST
 2DIAGNOSTIC,     1, -8.480188846588e-01, inf, 6.6618e-01, 6.6618e-01, 
 2DIAGNOSTIC,     2, -8.497343659401e-01, inf, 6.7539e-01, 9.2039e-03, 
 2DIAGNOSTIC,     3, -8.524412512779e-01, inf, 6.8481e-01, 9.4290e-03, 
 2DIAGNOSTIC,     4, -8.562154173851e-01, inf, 6.9282e-01, 8.0030e-03, 
 2DIAGNOSTIC,     5, -8.604613542557e-01, inf, 7.0109e-01, 8.2700e-03, 
 2DIAGNOSTIC,     6, -8.640141487122e-01, inf, 7.0915e-01, 8.0671e-03, 
 2DIAGNOSTIC,     7, -8.674714565277e-01, inf, 7.1663e-01, 7.4751e-03, 
 2DIAGNOSTIC,     8, -8.716719746590e-01, inf, 7.2404e-01, 7.4079e-03, 
 2DIAGNOSTIC,     9, -8.798159360886e-01, inf, 7.3236e-01, 8.3230e-03, 
 2DIAGNOSTIC,    10, -8.833965063095e-01, 2.669752575457e-03, 7.4611e-01, 1.3752e-02, 
 2DIAGNOSTIC,    11, -8.840295076370e-01, 2.502796007320e-03, 7.5368e-01, 7.5648e-03, 
 2DIAGNOSTIC,    12, -8.862371444702e-01, 2.250130288303e-03, 7.6119e-01, 7.5150e-03, 
 2DIAGNOSTIC,    13, -8.878503441811e-01, 1.940243877470e-03, 7.6875e-01, 7.5581e-03, 
 2DIAGNOSTIC,    14, -8.884528875351e-01, 1.597238588147e-03, 7.7637e-01, 7.6170e-03, 
 2DIAGNOSTIC,    15, -8.894290924072e-01, 1.267926767468e-03, 7.8392e-01, 7.5562e-03, 
 2DIAGNOSTIC,    16, -8.927025198936e-01, 1.004579942673e-03, 7.9248e-01, 8.5609e-03, 
 2DIAGNOSTIC,    17, -8.949216008186e-01, 7.876381278038e-04, 8.0296e-01, 1.0474e-02, 
 2DIAGNOSTIC,    18, -8.954990506172e-01, 6.049667135812e-04, 8.1057e-01, 7.6098e-03, 
 2DIAGNOSTIC,    19, -8.964822888374e-01, 5.416455678642e-04, 8.1823e-01, 7.6590e-03, 
 2DIAGNOSTIC,    20, -9.006200432777e-01, 5.598746356554e-04, 8.2693e-01, 8.7051e-03, 
 2DIAGNOSTIC,    21, -9.024987220764e-01, 5.599614232779e-04, 8.3446e-01, 7.5271e-03, 
 2DIAGNOSTIC,    22, -9.025809764862e-01, 5.406667478383e-04, 8.4407e-01, 9.6059e-03, 
 2DIAGNOSTIC,    23, -9.025602936745e-01, 4.966413252987e-04, 8.5731e-01, 1.3249e-02, 
 2DIAGNOSTIC,    24, -9.025613665581e-01, 4.187164595351e-04, 8.6596e-01, 8.6441e-03, 
 2DIAGNOSTIC,    25, -9.025871753693e-01, 3.191536816303e-04, 8.7346e-01, 7.4980e-03, 
 2DIAGNOSTIC,    26, -9.025861620903e-01, 2.369426947553e-04, 8.8093e-01, 7.4770e-03, 
 2DIAGNOSTIC,    27, -9.026669859886e-01, 1.668056793278e-04, 8.8848e-01, 7.5450e-03, 
 2DIAGNOSTIC,    28, -9.026530385017e-01, 9.321705147158e-05, 8.9699e-01, 8.5080e-03, 
 2DIAGNOSTIC,    29, -9.026964306831e-01, 2.644678534125e-05, 9.0580e-01, 8.8139e-03, 
 2DIAGNOSTIC,    30, -9.026594161987e-01, 5.099423560750e-06, 9.1329e-01, 7.4890e-03, 
 2DIAGNOSTIC,    31, -9.026612043381e-01, 4.207533947920e-06, 9.2073e-01, 7.4410e-03, 
 2DIAGNOSTIC,    32, -9.027028083801e-01, 4.312491910241e-06, 9.2926e-01, 8.5330e-03, 
 2DIAGNOSTIC,    33, -9.027388691902e-01, 4.230412287143e-06, 9.3675e-01, 7.4871e-03, 
 2DIAGNOSTIC,    34, -9.027979969978e-01, 4.407163032738e-06, 9.4421e-01, 7.4630e-03, 
 2DIAGNOSTIC,    35, -9.029225707054e-01, 5.626079655485e-06, 9.5273e-01, 8.5208e-03, 
 2DIAGNOSTIC,    36, -9.028936028481e-01, 6.026563823980e-06, 9.6221e-01, 9.4800e-03, 
 2DIAGNOSTIC,    37, -9.029100537300e-01, 6.781501269870e-06, 9.7082e-01, 8.6091e-03, 
 2DIAGNOSTIC,    38, -9.028919935226e-01, 6.652373485849e-06, 9.7840e-01, 7.5731e-03, 
 2DIAGNOSTIC,    39, -9.028836488724e-01, 6.267498065426e-06, 9.8799e-01, 9.5952e-03, 
 2DIAGNOSTIC,    40, -9.028574824333e-01, 4.872130375588e-06, 9.9659e-01, 8.6019e-03, 
 2DIAGNOSTIC,    41, -9.028689861298e-01, 3.265454324719e-06, 1.0043e+00, 7.6730e-03, 
 2DIAGNOSTIC,    42, -9.028508067131e-01, 1.684002086222e-06, 1.0122e+00, 7.9548e-03, 
DIAGNOSTIC,Iteration,metricValue,convergenceValue,ITERATION_TIME_INDEX,SINCE_LAST
 2DIAGNOSTIC,     1, -6.976421475410e-01, inf, 1.6040e+00, 5.9181e-01, 
 2DIAGNOSTIC,     2, -6.986286640167e-01, inf, 1.6333e+00, 2.9282e-02, 
 2DIAGNOSTIC,     3, -6.994497179985e-01, inf, 1.6610e+00, 2.7718e-02, 
 2DIAGNOSTIC,     4, -7.000721096992e-01, inf, 1.6887e+00, 2.7706e-02, 
 2DIAGNOSTIC,     5, -7.005841135979e-01, inf, 1.7166e+00, 2.7827e-02, 
 2DIAGNOSTIC,     6, -7.008984088898e-01, inf, 1.7442e+00, 2.7618e-02, 
 2DIAGNOSTIC,     7, -7.013633847237e-01, inf, 1.7752e+00, 3.1000e-02, 
 2DIAGNOSTIC,     8, -7.014782428741e-01, inf, 1.8114e+00, 3.6195e-02, 
 2DIAGNOSTIC,     9, -7.015966773033e-01, inf, 1.8537e+00, 4.2316e-02, 
 2DIAGNOSTIC,    10, -7.016016840935e-01, 3.534630814102e-04, 1.8831e+00, 2.9377e-02, 
 2DIAGNOSTIC,    11, -7.016912698746e-01, 2.429231826682e-04, 1.9111e+00, 2.7996e-02, 
 2DIAGNOSTIC,    12, -7.017707228661e-01, 1.647550088819e-04, 1.9389e+00, 2.7849e-02, 
 2DIAGNOSTIC,    13, -7.018482685089e-01, 1.116672137869e-04, 1.9675e+00, 2.8629e-02, 
 2DIAGNOSTIC,    14, -7.019667029381e-01, 7.755620754324e-05, 1.9954e+00, 2.7883e-02, 
 2DIAGNOSTIC,    15, -7.020999193192e-01, 5.847541251569e-05, 2.0375e+00, 4.2055e-02, 
 2DIAGNOSTIC,    16, -7.021383047104e-01, 4.522575545707e-05, 2.0706e+00, 3.3129e-02, 
 2DIAGNOSTIC,    17, -7.021487951279e-01, 4.086565968464e-05, 2.0989e+00, 2.8303e-02, 
 2DIAGNOSTIC,    18, -7.021725177765e-01, 3.647416451713e-05, 2.1268e+00, 2.7913e-02, 
 2DIAGNOSTIC,    19, -7.021795511246e-01, 3.199644197593e-05, 2.1586e+00, 3.1825e-02, 
 2DIAGNOSTIC,    20, -7.022020220757e-01, 2.564739406807e-05, 2.1908e+00, 3.2190e-02, 
 2DIAGNOSTIC,    21, -7.022016048431e-01, 1.936924672918e-05, 2.2193e+00, 2.8411e-02, 
 2DIAGNOSTIC,    22, -7.022259831429e-01, 1.393367801938e-05, 2.2582e+00, 3.8907e-02, 
 2DIAGNOSTIC,    23, -7.022019028664e-01, 8.710683687241e-06, 2.2871e+00, 2.8916e-02, 
 2DIAGNOSTIC,    24, -7.022346854210e-01, 5.747730938310e-06, 2.3195e+00, 3.2384e-02, 
 2DIAGNOSTIC,    25, -7.023012042046e-01, 5.814830728923e-06, 2.3512e+00, 3.1746e-02, 
 2DIAGNOSTIC,    26, -7.022851109505e-01, 5.766434696852e-06, 2.3828e+00, 3.1549e-02, 
 2DIAGNOSTIC,    27, -7.023221254349e-01, 6.025439688528e-06, 2.4142e+00, 3.1413e-02, 
 2DIAGNOSTIC,    28, -7.023033499718e-01, 5.881704510102e-06, 2.4463e+00, 3.2108e-02, 
 2DIAGNOSTIC,    29, -7.023058533669e-01, 5.429661541712e-06, 2.4775e+00, 3.1193e-02, 
 2DIAGNOSTIC,    30, -7.023143172264e-01, 5.002936177334e-06, 2.5088e+00, 3.1369e-02, 
 2DIAGNOSTIC,    31, -7.023237347603e-01, 4.334039658715e-06, 2.5365e+00, 2.7683e-02, 
 2DIAGNOSTIC,    32, -7.023269534111e-01, 3.762647565964e-06, 2.5718e+00, 3.5271e-02, 
 2DIAGNOSTIC,    33, -7.023352980614e-01, 2.769359980448e-06, 2.6036e+00, 3.1774e-02, 
 2DIAGNOSTIC,    34, -7.023368477821e-01, 2.053839352811e-06, 2.6315e+00, 2.7985e-02, 
 2DIAGNOSTIC,    35, -7.023317217827e-01, 1.989635393329e-06, 2.6593e+00, 2.7789e-02, 
 2DIAGNOSTIC,    36, -7.023204565048e-01, 1.505570594418e-06, 2.6905e+00, 3.1173e-02, 
 2DIAGNOSTIC,    37, -7.023429274559e-01, 1.649291789363e-06, 2.7325e+00, 4.1993e-02, 
 2DIAGNOSTIC,    38, -7.023298740387e-01, 1.362157945550e-06, 2.7639e+00, 3.1348e-02, 
 2DIAGNOSTIC,    39, -7.023298740387e-01, 1.069377503882e-06, 2.8024e+00, 3.8509e-02, 
DIAGNOSTIC,Iteration,metricValue,convergenceValue,ITERATION_TIME_INDEX,SINCE_LAST
 2DIAGNOSTIC,     1, -6.102807521820e-01, inf, 3.8040e+00, 1.0016e+00, 
 2DIAGNOSTIC,     2, -6.105787754059e-01, inf, 4.0256e+00, 2.2161e-01, 
 2DIAGNOSTIC,     3, -6.107699871063e-01, inf, 4.2467e+00, 2.2104e-01, 
 2DIAGNOSTIC,     4, -6.109474897385e-01, inf, 4.4677e+00, 2.2107e-01, 
 2DIAGNOSTIC,     5, -6.113140583038e-01, inf, 4.6895e+00, 2.2181e-01, 
 2DIAGNOSTIC,     6, -6.117954850197e-01, inf, 4.9107e+00, 2.2120e-01, 
 2DIAGNOSTIC,     7, -6.123667955399e-01, inf, 5.2540e+00, 3.4328e-01, 
 2DIAGNOSTIC,     8, -6.124414205551e-01, inf, 5.4760e+00, 2.2201e-01, 
 2DIAGNOSTIC,     9, -6.125971078873e-01, inf, 5.7278e+00, 2.5182e-01, 
 2DIAGNOSTIC,    10, -6.129550337791e-01, 2.984089660458e-04, 6.0096e+00, 2.8174e-01, 
 2DIAGNOSTIC,    11, -6.131203770638e-01, 2.659943711478e-04, 6.2613e+00, 2.5168e-01, 
 2DIAGNOSTIC,    12, -6.132607460022e-01, 2.321025531273e-04, 6.5138e+00, 2.5255e-01, 
 2DIAGNOSTIC,    13, -6.132968664169e-01, 1.910928403959e-04, 6.8639e+00, 3.5005e-01, 
 2DIAGNOSTIC,    14, -6.132986545563e-01, 1.448915718356e-04, 7.1768e+00, 3.1295e-01, 
 2DIAGNOSTIC,    15, -6.132970452309e-01, 1.028219994623e-04, 7.4291e+00, 2.5232e-01, 
 2DIAGNOSTIC,    16, -6.132965087891e-01, 7.024795922916e-05, 7.6819e+00, 2.5281e-01, 
 2DIAGNOSTIC,    17, -6.132977008820e-01, 5.092882202007e-05, 7.9951e+00, 3.1318e-01, 
 2DIAGNOSTIC,    18, -6.132969856262e-01, 3.116856532870e-05, 8.2483e+00, 2.5322e-01, 
 2DIAGNOSTIC,    19, -6.132972836494e-01, 1.442806478735e-05, 8.5318e+00, 2.8343e-01, 
