All_Command_lines_OK
Using single precision for computations.
=============================================================================
The composite transform comprises the following transforms (in order): 
  1. Center of mass alignment using fixed image: /home/mpib/nemecz/Projects/miniTRK/Results/01_MRI/GroupTempl/T1w/T_template0.nii.gz and moving image: /home/mpib/nemecz/Projects/miniTRK/Analysis/01_MRI/Preproc/GroupTempl/T1w/sub-672857_T1w.nii.gz (type = Euler3DTransform)
=============================================================================
  number of levels = 4
  fixed image: /home/mpib/nemecz/Projects/miniTRK/Results/01_MRI/GroupTempl/T1w/T_template0.nii.gz
  moving image: /home/mpib/nemecz/Projects/miniTRK/Analysis/01_MRI/Preproc/GroupTempl/T1w/sub-672857_T1w.nii.gz
Dimension = 3
Number of stages = 1
Use Histogram Matching true
Winsorize image intensities true
Lower quantile = 0.01
Upper quantile = 0.99
Stage 1 State
   Image metric = Mattes
     Fixed image = Image (0x55cffabd0fe0)
  RTTI typeinfo:   itk::Image<float, 3u>
  Reference Count: 2
  Modified Time: 1667
  Debug: Off
  Object Name: 
  Observers: 
    none
  Source: (none)
  Source output name: (none)
  Release Data: Off
  Data Released: False
  Global Release Data: Off
  PipelineMTime: 0
  UpdateMTime: 1452
  RealTimeStamp: 0 seconds 
  LargestPossibleRegion: 
    Dimension: 3
    Index: [0, 0, 0]
    Size: [192, 256, 256]
  BufferedRegion: 
    Dimension: 3
    Index: [0, 0, 0]
    Size: [192, 256, 256]
  RequestedRegion: 
    Dimension: 3
    Index: [0, 0, 0]
    Size: [192, 256, 256]
  Spacing: [1, 1, 1]
  Origin: [95.0313, 100.538, -154.123]
  Direction: 
-0.999853 -0.014134 -0.00966312
0.014129 -0.9999 0.000586045
-0.00967044 0.000449429 0.999953

  IndexToPointMatrix: 
-0.999853 -0.014134 -0.00966312
0.014129 -0.9999 0.000586045
-0.00967044 0.000449429 0.999953

  PointToIndexMatrix: 
-0.999853 0.014129 -0.00967044
-0.014134 -0.9999 0.000449429
-0.00966312 0.000586045 0.999953

  Inverse Direction: 
-0.999853 0.014129 -0.00967044
-0.014134 -0.9999 0.000449429
-0.00966312 0.000586045 0.999953

  PixelContainer: 
    ImportImageContainer (0x55cffabdd970)
      RTTI typeinfo:   itk::ImportImageContainer<unsigned long, float>
      Reference Count: 1
      Modified Time: 1449
      Debug: Off
      Object Name: 
      Observers: 
        none
      Pointer: 0x7fd567016010
      Container manages memory: true
      Size: 12582912
      Capacity: 12582912

     Moving image = Image (0x55cffabdd450)
  RTTI typeinfo:   itk::Image<float, 3u>
  Reference Count: 2
  Modified Time: 1668
  Debug: Off
  Object Name: 
  Observers: 
    none
  Source: (none)
  Source output name: (none)
  Release Data: Off
  Data Released: False
  Global Release Data: Off
  PipelineMTime: 0
  UpdateMTime: 1665
  RealTimeStamp: 0 seconds 
  LargestPossibleRegion: 
    Dimension: 3
    Index: [0, 0, 0]
    Size: [192, 256, 256]
  BufferedRegion: 
    Dimension: 3
    Index: [0, 0, 0]
    Size: [192, 256, 256]
  RequestedRegion: 
    Dimension: 3
    Index: [0, 0, 0]
    Size: [192, 256, 256]
  Spacing: [1, 1, 1]
  Origin: [108.501, 82.5541, -156.466]
  Direction: 
-0.997411 -0.0194065 -0.0692468
0.010783 -0.992373 0.122798
-0.0711017 0.121734 0.990013

  IndexToPointMatrix: 
-0.997411 -0.0194065 -0.0692468
0.010783 -0.992373 0.122798
-0.0711017 0.121734 0.990013

  PointToIndexMatrix: 
-0.997411 0.010783 -0.0711017
-0.0194065 -0.992373 0.121733
-0.0692468 0.122799 0.990013

  Inverse Direction: 
-0.997411 0.010783 -0.0711017
-0.0194065 -0.992373 0.121733
-0.0692468 0.122799 0.990013

  PixelContainer: 
    ImportImageContainer (0x55cffabd21a0)
      RTTI typeinfo:   itk::ImportImageContainer<unsigned long, float>
      Reference Count: 1
      Modified Time: 1662
      Debug: Off
      Object Name: 
      Observers: 
        none
      Pointer: 0x7fd564015010
      Container manages memory: true
      Size: 12582912
      Capacity: 12582912

     Weighting = 1
     Sampling strategy = regular
     Number of bins = 32
     Radius = 4
     Sampling percentage  = 0.25
   Transform = Rigid
     Gradient step = 0.1
     Update field sigma (voxel space) = 0
     Total field sigma (voxel space) = 0
     Update field time sigma = 0
     Total field time sigma  = 0
     Number of time indices = 0
     Number of time point samples = 0
Registration using 1 total stages.

Stage 0
  iterations = 1000x500x250x0
  convergence threshold = 1e-06
  convergence window size = 10
  number of levels = 4
  using the Mattes MI metric (number of bins = 32, weight = 1)
  preprocessing:  winsorizing the image intensities
  preprocessing:  histogram matching the images
  Shrink factors (level 1 out of 4): [6, 6, 6]
  Shrink factors (level 2 out of 4): [4, 4, 4]
  Shrink factors (level 3 out of 4): [2, 2, 2]
  Shrink factors (level 4 out of 4): [1, 1, 1]
  smoothing sigmas per level: [3, 2, 1, 0]
  regular sampling (percentage = 0.25)

*** Running Euler3DTransform registration ***

DIAGNOSTIC,Iteration,metricValue,convergenceValue,ITERATION_TIME_INDEX,SINCE_LAST
 2DIAGNOSTIC,     1, -7.390853762627e-01, inf, 7.8493e-01, 7.8493e-01, 
 2DIAGNOSTIC,     2, -7.414081692696e-01, inf, 7.9257e-01, 7.6380e-03, 
 2DIAGNOSTIC,     3, -7.455827593803e-01, inf, 8.0035e-01, 7.7791e-03, 
 2DIAGNOSTIC,     4, -7.524214982986e-01, inf, 8.0796e-01, 7.6149e-03, 
 2DIAGNOSTIC,     5, -7.641718983650e-01, inf, 8.1567e-01, 7.7081e-03, 
 2DIAGNOSTIC,     6, -7.804211974144e-01, inf, 8.2491e-01, 9.2351e-03, 
 2DIAGNOSTIC,     7, -7.967048883438e-01, inf, 8.3370e-01, 8.7881e-03, 
 2DIAGNOSTIC,     8, -8.051913976669e-01, inf, 8.4275e-01, 9.0508e-03, 
 2DIAGNOSTIC,     9, -8.091046214104e-01, inf, 8.5280e-01, 1.0052e-02, 
 2DIAGNOSTIC,    10, -8.096224069595e-01, 7.155960891396e-03, 8.6088e-01, 8.0819e-03, 
 2DIAGNOSTIC,    11, -8.134407997131e-01, 6.300686858594e-03, 8.7011e-01, 9.2311e-03, 
 2DIAGNOSTIC,    12, -8.184221982956e-01, 5.242452956736e-03, 8.8051e-01, 1.0401e-02, 
 2DIAGNOSTIC,    13, -8.209993839264e-01, 4.067283123732e-03, 8.8875e-01, 8.2371e-03, 
 2DIAGNOSTIC,    14, -8.212872147560e-01, 2.884939545766e-03, 8.9673e-01, 7.9770e-03, 
 2DIAGNOSTIC,    15, -8.213816881180e-01, 1.887004938908e-03, 9.0542e-01, 8.6970e-03, 
 2DIAGNOSTIC,    16, -8.220582604408e-01, 1.218343037181e-03, 9.1422e-01, 8.7981e-03, 
 2DIAGNOSTIC,    17, -8.224518895149e-01, 8.644866175018e-04, 9.2311e-01, 8.8871e-03, 
 2DIAGNOSTIC,    18, -8.226162195206e-01, 6.414916133508e-04, 9.3101e-01, 7.9050e-03, 
 2DIAGNOSTIC,    19, -8.229688405991e-01, 4.657465324271e-04, 9.4238e-01, 1.1363e-02, 
 2DIAGNOSTIC,    20, -8.230059146881e-01, 2.747178659774e-04, 9.5036e-01, 7.9880e-03, 
 2DIAGNOSTIC,    21, -8.230522274971e-01, 1.405688817613e-04, 9.6099e-01, 1.0624e-02, 
 2DIAGNOSTIC,    22, -8.230558633804e-01, 8.532116044080e-05, 9.6931e-01, 8.3210e-03, 
 2DIAGNOSTIC,    23, -8.230608701706e-01, 6.700567610096e-05, 9.7703e-01, 7.7190e-03, 
 2DIAGNOSTIC,    24, -8.230369687080e-01, 4.809988604393e-05, 9.8497e-01, 7.9379e-03, 
 2DIAGNOSTIC,    25, -8.231080174446e-01, 2.851626595657e-05, 9.9290e-01, 7.9348e-03, 
 2DIAGNOSTIC,    26, -8.231476545334e-01, 1.757117024681e-05, 1.0006e+00, 7.7250e-03, 
 2DIAGNOSTIC,    27, -8.233249783516e-01, 1.338299534837e-05, 1.0122e+00, 1.1550e-02, 
 2DIAGNOSTIC,    28, -8.233442306519e-01, 1.051249455486e-05, 1.0211e+00, 8.9140e-03, 
 2DIAGNOSTIC,    29, -8.234361410141e-01, 1.239321227331e-05, 1.0299e+00, 8.8449e-03, 
 2DIAGNOSTIC,    30, -8.235200643539e-01, 1.447955673939e-05, 1.0375e+00, 7.6010e-03, 
 2DIAGNOSTIC,    31, -8.237503767014e-01, 1.827048799896e-05, 1.0461e+00, 8.5528e-03, 
 2DIAGNOSTIC,    32, -8.238031268120e-01, 2.073680843750e-05, 1.0562e+00, 1.0103e-02, 
 2DIAGNOSTIC,    33, -8.239786624908e-01, 2.314304765605e-05, 1.0675e+00, 1.1311e-02, 
 2DIAGNOSTIC,    34, -8.239836096764e-01, 2.309356932528e-05, 1.0762e+00, 8.6830e-03, 
 2DIAGNOSTIC,    35, -8.239318132401e-01, 2.115303686878e-05, 1.0850e+00, 8.7979e-03, 
 2DIAGNOSTIC,    36, -8.239024877548e-01, 1.746768612065e-05, 1.0935e+00, 8.5390e-03, 
 2DIAGNOSTIC,    37, -8.238731622696e-01, 1.381158472213e-05, 1.1022e+00, 8.6710e-03, 
 2DIAGNOSTIC,    38, -8.238740563393e-01, 9.292804861616e-06, 1.1104e+00, 8.2080e-03, 
 2DIAGNOSTIC,    39, -8.238743543625e-01, 5.033271918364e-06, 1.1198e+00, 9.3901e-03, 
 2DIAGNOSTIC,    40, -8.238749504089e-01, 1.307380557591e-06, 1.1286e+00, 8.8449e-03, 
DIAGNOSTIC,Iteration,metricValue,convergenceValue,ITERATION_TIME_INDEX,SINCE_LAST
 2DIAGNOSTIC,     1, -7.182624340057e-01, inf, 2.0160e+00, 8.8737e-01, 
 2DIAGNOSTIC,     2, -7.186436653137e-01, inf, 2.0488e+00, 3.2835e-02, 
 2DIAGNOSTIC,     3, -7.188636064529e-01, inf, 2.0827e+00, 3.3859e-02, 
 2DIAGNOSTIC,     4, -7.190551757812e-01, inf, 2.1132e+00, 3.0512e-02, 
 2DIAGNOSTIC,     5, -7.192672491074e-01, inf, 2.1434e+00, 3.0207e-02, 
 2DIAGNOSTIC,     6, -7.195305228233e-01, inf, 2.1774e+00, 3.3980e-02, 
 2DIAGNOSTIC,     7, -7.196553349495e-01, inf, 2.2240e+00, 4.6591e-02, 
 2DIAGNOSTIC,     8, -7.196969389915e-01, inf, 2.2569e+00, 3.2954e-02, 
 2DIAGNOSTIC,     9, -7.196916937828e-01, inf, 2.3019e+00, 4.4963e-02, 
 2DIAGNOSTIC,    10, -7.197324633598e-01, 1.333595428150e-04, 2.3391e+00, 3.7199e-02, 
 2DIAGNOSTIC,    11, -7.197316884995e-01, 9.323996346211e-05, 2.3766e+00, 3.7454e-02, 
 2DIAGNOSTIC,    12, -7.197288870811e-01, 6.405977183022e-05, 2.4092e+00, 3.2597e-02, 
 2DIAGNOSTIC,    13, -7.197260856628e-01, 4.045475725434e-05, 2.4483e+00, 3.9121e-02, 
 2DIAGNOSTIC,    14, -7.197319865227e-01, 2.231420330645e-05, 2.4827e+00, 3.4438e-02, 
 2DIAGNOSTIC,    15, -7.197204232216e-01, 9.879504432320e-06, 2.5140e+00, 3.1319e-02, 
 2DIAGNOSTIC,    16, -7.197117805481e-01, 4.502944648266e-06, 2.5454e+00, 3.1332e-02, 
 2DIAGNOSTIC,    17, -7.197064161301e-01, 2.295855210832e-06, 2.5772e+00, 3.1873e-02, 
 2DIAGNOSTIC,    18, -7.197153568268e-01, 1.415727524545e-06, 2.6127e+00, 3.5509e-02, 
DIAGNOSTIC,Iteration,metricValue,convergenceValue,ITERATION_TIME_INDEX,SINCE_LAST
 2DIAGNOSTIC,     1, -6.204090714455e-01, inf, 3.7501e+00, 1.1374e+00, 
 2DIAGNOSTIC,     2, -6.206204295158e-01, inf, 3.9736e+00, 2.2346e-01, 
 2DIAGNOSTIC,     3, -6.207461357117e-01, inf, 4.1821e+00, 2.0852e-01, 
 2DIAGNOSTIC,     4, -6.207985877991e-01, inf, 4.3867e+00, 2.0458e-01, 
 2DIAGNOSTIC,     5, -6.208161115646e-01, inf, 4.6591e+00, 2.7244e-01, 
 2DIAGNOSTIC,     6, -6.208146810532e-01, inf, 4.9293e+00, 2.7014e-01, 
 2DIAGNOSTIC,     7, -6.208100318909e-01, inf, 5.2470e+00, 3.1776e-01, 
 2DIAGNOSTIC,     8, -6.208105683327e-01, inf, 5.4560e+00, 2.0899e-01, 
 2DIAGNOSTIC,     9, -6.208093762398e-01, inf, 5.7960e+00, 3.3997e-01, 
 2DIAGNOSTIC,    10, -6.208098530769e-01, 3.139353066217e-05, 6.0729e+00, 2.7689e-01, 
 2DIAGNOSTIC,    11, -6.208088397980e-01, 1.322656044067e-05, 6.3546e+00, 2.8169e-01, 
 2DIAGNOSTIC,    12, -6.208090186119e-01, 5.133190370543e-06, 6.5853e+00, 2.3067e-01, 
 2DIAGNOSTIC,    13, -6.208088994026e-01, 2.437712055325e-06, 6.8532e+00, 2.6793e-01, 
 2DIAGNOSTIC,    14, -6.208089590073e-01, 1.826163611440e-06, 7.1394e+00, 2.8624e-01, 
 2DIAGNOSTIC,    15, -6.208089590073e-01, 1.871570134426e-06, 7.3774e+00, 2.3796e-01, 
 2DIAGNOSTIC,    16, -6.208088994026e-01, 1.895344212244e-06, 7.6405e+00, 2.6314e-01, 
 2DIAGNOSTIC,    17, -6.208081245422e-01, 1.778311911949e-06, 7.8825e+00, 2.4199e-01, 
 2DIAGNOSTIC,    18, -6.208081841469e-01, 1.699202584859e-06, 8.1154e+00, 2.3291e-01, 
 2DIAGNOSTIC,    19, -6.208081841469e-01, 1.605151396689e-06, 8.3508e+00, 2.3535e-01, 
 2DIAGNOSTIC,    20, -6.208082437515e-01, 1.539608433632e-06, 8.5846e+00, 2.3384e-01, 
 2DIAGNOSTIC,    21, -6.208081245422e-01, 1.460314024371e-06, 8.8179e+00, 2.3323e-01, 
 2DIAGNOSTIC,    22, -6.208082437515e-01, 1.399964503435e-06, 9.0492e+00, 2.3130e-01, 
 2DIAGNOSTIC,    23, -6.208082437515e-01, 1.346702219962e-06, 9.2806e+00, 2.3150e-01, 
 2DIAGNOSTIC,    24, -6.208081841469e-01, 1.301017732658e-06, 9.4847e+00, 2.0408e-01, 
 2DIAGNOSTIC,    25, -6.208082437515e-01, 1.262310433958e-06, 9.7150e+00, 2.3029e-01, 
 2DIAGNOSTIC,    26, -6.208081841469e-01, 1.225819914907e-06, 9.9230e+00, 2.0795e-01, 
 2DIAGNOSTIC,    27, -6.208081245422e-01, 1.177650801765e-06, 1.0153e+01, 2.3046e-01, 
 2DIAGNOSTIC,    28, -6.208081245422e-01, 1.133956175181e-06, 1.0396e+01, 2.4230e-01, 
 2DIAGNOSTIC,    29, -6.208081841469e-01, 1.094386107070e-06, 1.0627e+01, 2.3176e-01, 
 2DIAGNOSTIC,    30, -6.208082437515e-01, 1.059538817572e-06, 1.0859e+01, 2.3186e-01, 
 2DIAGNOSTIC,    31, -6.208082437515e-01, 1.025193114401e-06, 1.1120e+01, 2.6055e-01, 
DIAGNOSTIC,Iteration,metricValue,convergenceValue,ITERATION_TIME_INDEX,SINCE_LAST
 2DIAGNOSTIC,     1, -5.559704303741e-01, inf, 1.3676e+01, 2.5558e+00, 
  Elapsed time (stage 0): 1.4876e+01


Total elapsed time: 1.4876e+01
Using single precision for computations.
Input scalar image: /home/mpib/nemecz/Projects/miniTRK/Analysis/01_MRI/Preproc/GroupTempl/T1w/sub-672857_T1w.nii.gz
Reference image: /home/mpib/nemecz/Projects/miniTRK/Results/01_MRI/GroupTempl/T1w/T_template0.nii.gz
=============================================================================
The composite transform comprises the following transforms (in order): 
  1. /home/mpib/nemecz/Projects/miniTRK/Results/01_MRI/GroupTempl/T1w/rigid24_0GenericAffine.mat (type = AffineTransform)
=============================================================================
Default pixel value: 0
Interpolation type: LinearInterpolateImageFunction
Output warped image: /home/mpib/nemecz/Projects/miniTRK/Results/01_MRI/GroupTempl/T1w/rigid24_0_sub-672857_T1w.nii.gz
