
Running N4 for 3-dimensional images.

Mask not read.  Using the entire image as the mask.

Original intensity range:  [0, 862]

***********************************************************
Warning:  Your input image contains nonpositive values
which could cause failure or problematic results.  A
possible workaround would be to:
   1. rescale your image to positive values e.g., [10,100].
   2. run N4 on your rescaled image.
   3. (optional) rescale the N4 output to the original
      intensity range.
***********************************************************

Specified spline distance: 200mm
  original image size:  [192, 256, 256]
  padded image size:  [201, 401, 401]
  number of control points:  [4, 5, 5]

Current level = 1
  Iteration 1 (of 50).   Current convergence value = 0.000477535 (threshold = 1e-08)
  Iteration 2 (of 50).   Current convergence value = 0.000427143 (threshold = 1e-08)
  Iteration 3 (of 50).   Current convergence value = 0.000418638 (threshold = 1e-08)
  Iteration 4 (of 50).   Current convergence value = 0.000412508 (threshold = 1e-08)
  Iteration 5 (of 50).   Current convergence value = 0.000401537 (threshold = 1e-08)
  Iteration 6 (of 50).   Current convergence value = 0.000381494 (threshold = 1e-08)
  Iteration 7 (of 50).   Current convergence value = 0.000348409 (threshold = 1e-08)
  Iteration 8 (of 50).   Current convergence value = 0.000310354 (threshold = 1e-08)
  Iteration 9 (of 50).   Current convergence value = 0.000275332 (threshold = 1e-08)
  Iteration 10 (of 50).   Current convergence value = 0.000246136 (threshold = 1e-08)
  Iteration 11 (of 50).   Current convergence value = 0.000222333 (threshold = 1e-08)
  Iteration 12 (of 50).   Current convergence value = 0.000202806 (threshold = 1e-08)
  Iteration 13 (of 50).   Current convergence value = 0.000186303 (threshold = 1e-08)
  Iteration 14 (of 50).   Current convergence value = 0.000172785 (threshold = 1e-08)
  Iteration 15 (of 50).   Current convergence value = 0.000161186 (threshold = 1e-08)
  Iteration 16 (of 50).   Current convergence value = 0.000151114 (threshold = 1e-08)
  Iteration 17 (of 50).   Current convergence value = 0.000142613 (threshold = 1e-08)
  Iteration 18 (of 50).   Current convergence value = 0.000135027 (threshold = 1e-08)
  Iteration 19 (of 50).   Current convergence value = 0.000128424 (threshold = 1e-08)
  Iteration 20 (of 50).   Current convergence value = 0.000122717 (threshold = 1e-08)
  Iteration 21 (of 50).   Current convergence value = 0.000117819 (threshold = 1e-08)
  Iteration 22 (of 50).   Current convergence value = 0.000113676 (threshold = 1e-08)
  Iteration 23 (of 50).   Current convergence value = 0.000109972 (threshold = 1e-08)
  Iteration 24 (of 50).   Current convergence value = 0.000107298 (threshold = 1e-08)
  Iteration 25 (of 50).   Current convergence value = 0.00010495 (threshold = 1e-08)
  Iteration 26 (of 50).   Current convergence value = 0.000102829 (threshold = 1e-08)
  Iteration 27 (of 50).   Current convergence value = 0.000101048 (threshold = 1e-08)
  Iteration 28 (of 50).   Current convergence value = 9.96259e-05 (threshold = 1e-08)
  Iteration 29 (of 50).   Current convergence value = 9.83165e-05 (threshold = 1e-08)
  Iteration 30 (of 50).   Current convergence value = 9.71654e-05 (threshold = 1e-08)
  Iteration 31 (of 50).   Current convergence value = 9.58184e-05 (threshold = 1e-08)
  Iteration 32 (of 50).   Current convergence value = 9.47211e-05 (threshold = 1e-08)
  Iteration 33 (of 50).   Current convergence value = 9.35133e-05 (threshold = 1e-08)
  Iteration 34 (of 50).   Current convergence value = 9.26073e-05 (threshold = 1e-08)
  Iteration 35 (of 50).   Current convergence value = 9.15208e-05 (threshold = 1e-08)
  Iteration 36 (of 50).   Current convergence value = 9.04797e-05 (threshold = 1e-08)
  Iteration 37 (of 50).   Current convergence value = 8.97138e-05 (threshold = 1e-08)
  Iteration 38 (of 50).   Current convergence value = 8.88229e-05 (threshold = 1e-08)
  Iteration 39 (of 50).   Current convergence value = 8.78996e-05 (threshold = 1e-08)
  Iteration 40 (of 50).   Current convergence value = 8.69354e-05 (threshold = 1e-08)
  Iteration 41 (of 50).   Current convergence value = 8.62184e-05 (threshold = 1e-08)
  Iteration 42 (of 50).   Current convergence value = 8.55674e-05 (threshold = 1e-08)
  Iteration 43 (of 50).   Current convergence value = 8.48769e-05 (threshold = 1e-08)
  Iteration 44 (of 50).   Current convergence value = 8.42742e-05 (threshold = 1e-08)
  Iteration 45 (of 50).   Current convergence value = 8.37919e-05 (threshold = 1e-08)
  Iteration 46 (of 50).   Current convergence value = 8.3369e-05 (threshold = 1e-08)
  Iteration 47 (of 50).   Current convergence value = 8.29499e-05 (threshold = 1e-08)
  Iteration 48 (of 50).   Current convergence value = 8.2476e-05 (threshold = 1e-08)
  Iteration 49 (of 50).   Current convergence value = 8.21428e-05 (threshold = 1e-08)
  Iteration 50 (of 50).   Current convergence value = 8.18851e-05 (threshold = 1e-08)
Current level = 2
  Iteration 1 (of 50).   Current convergence value = 0.000539941 (threshold = 1e-08)
  Iteration 2 (of 50).   Current convergence value = 0.000496687 (threshold = 1e-08)
  Iteration 3 (of 50).   Current convergence value = 0.00046259 (threshold = 1e-08)
  Iteration 4 (of 50).   Current convergence value = 0.000435539 (threshold = 1e-08)
  Iteration 5 (of 50).   Current convergence value = 0.0004135 (threshold = 1e-08)
  Iteration 6 (of 50).   Current convergence value = 0.000394671 (threshold = 1e-08)
  Iteration 7 (of 50).   Current convergence value = 0.00037826 (threshold = 1e-08)
  Iteration 8 (of 50).   Current convergence value = 0.000363477 (threshold = 1e-08)
  Iteration 9 (of 50).   Current convergence value = 0.00034969 (threshold = 1e-08)
  Iteration 10 (of 50).   Current convergence value = 0.000336569 (threshold = 1e-08)
  Iteration 11 (of 50).   Current convergence value = 0.000325018 (threshold = 1e-08)
  Iteration 12 (of 50).   Current convergence value = 0.000314118 (threshold = 1e-08)
  Iteration 13 (of 50).   Current convergence value = 0.00030446 (threshold = 1e-08)
  Iteration 14 (of 50).   Current convergence value = 0.000295362 (threshold = 1e-08)
  Iteration 15 (of 50).   Current convergence value = 0.000287075 (threshold = 1e-08)
  Iteration 16 (of 50).   Current convergence value = 0.000279491 (threshold = 1e-08)
  Iteration 17 (of 50).   Current convergence value = 0.000272186 (threshold = 1e-08)
  Iteration 18 (of 50).   Current convergence value = 0.000265532 (threshold = 1e-08)
  Iteration 19 (of 50).   Current convergence value = 0.000259337 (threshold = 1e-08)
  Iteration 20 (of 50).   Current convergence value = 0.000253812 (threshold = 1e-08)
  Iteration 21 (of 50).   Current convergence value = 0.000248852 (threshold = 1e-08)
  Iteration 22 (of 50).   Current convergence value = 0.000243875 (threshold = 1e-08)
  Iteration 23 (of 50).   Current convergence value = 0.000239206 (threshold = 1e-08)
  Iteration 24 (of 50).   Current convergence value = 0.000234957 (threshold = 1e-08)
  Iteration 25 (of 50).   Current convergence value = 0.00023076 (threshold = 1e-08)
  Iteration 26 (of 50).   Current convergence value = 0.000226846 (threshold = 1e-08)
  Iteration 27 (of 50).   Current convergence value = 0.000222956 (threshold = 1e-08)
  Iteration 28 (of 50).   Current convergence value = 0.000219209 (threshold = 1e-08)
  Iteration 29 (of 50).   Current convergence value = 0.000215546 (threshold = 1e-08)
  Iteration 30 (of 50).   Current convergence value = 0.000212145 (threshold = 1e-08)
  Iteration 31 (of 50).   Current convergence value = 0.000208894 (threshold = 1e-08)
  Iteration 32 (of 50).   Current convergence value = 0.000205919 (threshold = 1e-08)
  Iteration 33 (of 50).   Current convergence value = 0.000203026 (threshold = 1e-08)
  Iteration 34 (of 50).   Current convergence value = 0.000200252 (threshold = 1e-08)
  Iteration 35 (of 50).   Current convergence value = 0.000197873 (threshold = 1e-08)
  Iteration 36 (of 50).   Current convergence value = 0.000195367 (threshold = 1e-08)
  Iteration 37 (of 50).   Current convergence value = 0.000192827 (threshold = 1e-08)
  Iteration 38 (of 50).   Current convergence value = 0.000190508 (threshold = 1e-08)
  Iteration 39 (of 50).   Current convergence value = 0.0001881 (threshold = 1e-08)
  Iteration 40 (of 50).   Current convergence value = 0.000185978 (threshold = 1e-08)
  Iteration 41 (of 50).   Current convergence value = 0.000183791 (threshold = 1e-08)
  Iteration 42 (of 50).   Current convergence value = 0.000181682 (threshold = 1e-08)
  Iteration 43 (of 50).   Current convergence value = 0.000179609 (threshold = 1e-08)
  Iteration 44 (of 50).   Current convergence value = 0.000177534 (threshold = 1e-08)
  Iteration 45 (of 50).   Current convergence value = 0.000175599 (threshold = 1e-08)
  Iteration 46 (of 50).   Current convergence value = 0.000173707 (threshold = 1e-08)
  Iteration 47 (of 50).   Current convergence value = 0.000171844 (threshold = 1e-08)
  Iteration 48 (of 50).   Current convergence value = 0.00017004 (threshold = 1e-08)
  Iteration 49 (of 50).   Current convergence value = 0.000168367 (threshold = 1e-08)
  Iteration 50 (of 50).   Current convergence value = 0.000166543 (threshold = 1e-08)
Current level = 3
  Iteration 1 (of 40).   Current convergence value = 0.00153864 (threshold = 1e-08)
  Iteration 2 (of 40).   Current convergence value = 0.00147945 (threshold = 1e-08)
  Iteration 3 (of 40).   Current convergence value = 0.00146798 (threshold = 1e-08)
  Iteration 4 (of 40).   Current convergence value = 0.00145385 (threshold = 1e-08)
  Iteration 5 (of 40).   Current convergence value = 0.00143095 (threshold = 1e-08)
  Iteration 6 (of 40).   Current convergence value = 0.00142054 (threshold = 1e-08)
  Iteration 7 (of 40).   Current convergence value = 0.00140992 (threshold = 1e-08)
  Iteration 8 (of 40).   Current convergence value = 0.00140113 (threshold = 1e-08)
  Iteration 9 (of 40).   Current convergence value = 0.00139671 (threshold = 1e-08)
  Iteration 10 (of 40).   Current convergence value = 0.00139698 (threshold = 1e-08)
  Iteration 11 (of 40).   Current convergence value = 0.00139582 (threshold = 1e-08)
  Iteration 12 (of 40).   Current convergence value = 0.00139724 (threshold = 1e-08)
  Iteration 13 (of 40).   Current convergence value = 0.00132715 (threshold = 1e-08)
  Iteration 14 (of 40).   Current convergence value = 0.00124546 (threshold = 1e-08)
  Iteration 15 (of 40).   Current convergence value = 0.00118191 (threshold = 1e-08)
  Iteration 16 (of 40).   Current convergence value = 0.00113177 (threshold = 1e-08)
  Iteration 17 (of 40).   Current convergence value = 0.00109099 (threshold = 1e-08)
  Iteration 18 (of 40).   Current convergence value = 0.00105774 (threshold = 1e-08)
  Iteration 19 (of 40).   Current convergence value = 0.00103136 (threshold = 1e-08)
  Iteration 20 (of 40).   Current convergence value = 0.00101085 (threshold = 1e-08)
  Iteration 21 (of 40).   Current convergence value = 0.000995331 (threshold = 1e-08)
  Iteration 22 (of 40).   Current convergence value = 0.000984521 (threshold = 1e-08)
  Iteration 23 (of 40).   Current convergence value = 0.000978122 (threshold = 1e-08)
  Iteration 24 (of 40).   Current convergence value = 0.000975453 (threshold = 1e-08)
  Iteration 25 (of 40).   Current convergence value = 0.000975818 (threshold = 1e-08)
  Iteration 26 (of 40).   Current convergence value = 0.000978467 (threshold = 1e-08)
  Iteration 27 (of 40).   Current convergence value = 0.000946898 (threshold = 1e-08)
  Iteration 28 (of 40).   Current convergence value = 0.000891251 (threshold = 1e-08)
  Iteration 29 (of 40).   Current convergence value = 0.000846039 (threshold = 1e-08)
  Iteration 30 (of 40).   Current convergence value = 0.000808542 (threshold = 1e-08)
  Iteration 31 (of 40).   Current convergence value = 0.000777534 (threshold = 1e-08)
  Iteration 32 (of 40).   Current convergence value = 0.000751169 (threshold = 1e-08)
  Iteration 33 (of 40).   Current convergence value = 0.00071718 (threshold = 1e-08)
  Iteration 34 (of 40).   Current convergence value = 0.000682983 (threshold = 1e-08)
  Iteration 35 (of 40).   Current convergence value = 0.000654406 (threshold = 1e-08)
  Iteration 36 (of 40).   Current convergence value = 0.000630131 (threshold = 1e-08)
  Iteration 37 (of 40).   Current convergence value = 0.0006095 (threshold = 1e-08)
  Iteration 38 (of 40).   Current convergence value = 0.000591926 (threshold = 1e-08)
  Iteration 39 (of 40).   Current convergence value = 0.000577088 (threshold = 1e-08)
  Iteration 40 (of 40).   Current convergence value = 0.000564515 (threshold = 1e-08)
Current level = 4
  Iteration 1 (of 30).   Current convergence value = 0.00202692 (threshold = 1e-08)
  Iteration 2 (of 30).   Current convergence value = 0.00169988 (threshold = 1e-08)
  Iteration 3 (of 30).   Current convergence value = 0.00157642 (threshold = 1e-08)
  Iteration 4 (of 30).   Current convergence value = 0.00145508 (threshold = 1e-08)
  Iteration 5 (of 30).   Current convergence value = 0.00137534 (threshold = 1e-08)
  Iteration 6 (of 30).   Current convergence value = 0.00131668 (threshold = 1e-08)
  Iteration 7 (of 30).   Current convergence value = 0.00126631 (threshold = 1e-08)
  Iteration 8 (of 30).   Current convergence value = 0.00119931 (threshold = 1e-08)
  Iteration 9 (of 30).   Current convergence value = 0.0011333 (threshold = 1e-08)
  Iteration 10 (of 30).   Current convergence value = 0.00108056 (threshold = 1e-08)
  Iteration 11 (of 30).   Current convergence value = 0.00103486 (threshold = 1e-08)
  Iteration 12 (of 30).   Current convergence value = 0.000993502 (threshold = 1e-08)
  Iteration 13 (of 30).   Current convergence value = 0.000955969 (threshold = 1e-08)
  Iteration 14 (of 30).   Current convergence value = 0.000921736 (threshold = 1e-08)
  Iteration 15 (of 30).   Current convergence value = 0.000890158 (threshold = 1e-08)
  Iteration 16 (of 30).   Current convergence value = 0.000860742 (threshold = 1e-08)
  Iteration 17 (of 30).   Current convergence value = 0.000833111 (threshold = 1e-08)
  Iteration 18 (of 30).   Current convergence value = 0.000807225 (threshold = 1e-08)
  Iteration 19 (of 30).   Current convergence value = 0.000782898 (threshold = 1e-08)
  Iteration 20 (of 30).   Current convergence value = 0.000759346 (threshold = 1e-08)
  Iteration 21 (of 30).   Current convergence value = 0.000736355 (threshold = 1e-08)
  Iteration 22 (of 30).   Current convergence value = 0.000713879 (threshold = 1e-08)
  Iteration 23 (of 30).   Current convergence value = 0.000691876 (threshold = 1e-08)
  Iteration 24 (of 30).   Current convergence value = 0.000670263 (threshold = 1e-08)
  Iteration 25 (of 30).   Current convergence value = 0.000649589 (threshold = 1e-08)
  Iteration 26 (of 30).   Current convergence value = 0.00062943 (threshold = 1e-08)
  Iteration 27 (of 30).   Current convergence value = 0.000610052 (threshold = 1e-08)
  Iteration 28 (of 30).   Current convergence value = 0.000591839 (threshold = 1e-08)
  Iteration 29 (of 30).   Current convergence value = 0.000574099 (threshold = 1e-08)
  Iteration 30 (of 30).   Current convergence value = 0.000557346 (threshold = 1e-08)
   N4BiasFieldCorrectionImageFilter (0x56051ca67e20)
     RTTI typeinfo:   itk::N4BiasFieldCorrectionImageFilter<itk::Image<float, 3u>, itk::Image<float, 3u>, itk::Image<float, 3u> >
     Reference Count: 1
     Modified Time: 565
     Debug: Off
     Object Name: 
     Observers: 
       IterationEvent(Command)
     Inputs: 
       ConfidenceImage: (0)
       MaskImage: (0x56051ca92660)
       Primary: (0x56051ca8da80) *
     Indexed Inputs: 
       0: Primary (0x56051ca8da80)
       1: MaskImage (0x56051ca92660)
       2: ConfidenceImage (0)
     Required Input Names: Primary
     NumberOfRequiredInputs: 1
     Outputs: 
       Primary: (0x56051ca77ef0)
     Indexed Outputs: 
       0: Primary (0x56051ca77ef0)
     NumberOfRequiredOutputs: 1
     Number Of Work Units: 32
     ReleaseDataFlag: Off
     ReleaseDataBeforeUpdateFlag: Off
     AbortGenerateData: Off
     Progress: 0
     Multithreader: 
       RTTI typeinfo:   itk::PoolMultiThreader
       Reference Count: 1
       Modified Time: 144
       Debug: Off
       Object Name: 
       Observers: 
         none
       Number of Work Units: 32
       Number of Threads: 8
       Global Maximum Number Of Threads: 128
       Global Default Number Of Threads: 8
       Global Default Threader Type: itk::MultiThreaderBaseEnums::Threader::Pool
       SingleMethod: 0
       SingleData: 0
     DynamicMultiThreading: On
     CoordinateTolerance: 1e-06
     DirectionTolerance: 1e-06
     Use Mask Label: 0
     Mask label: 1
     Number of histogram bins: 200
     Wiener filter noise: 0.01
     Bias field FWHM: 0.15
     Maximum number of iterations: [50, 50, 40, 30]
     Convergence threshold: 1e-08
     Spline order: 3
     Number of fitting levels: [4, 4, 4]
     Number of control points: [4, 5, 5]
     CurrentConvergenceMeasurement: 0.000557346
     CurrentLevel: 4
     ElapsedIterations: 31
     LogBiasFieldControlPointLattice: 
       Image (0x560523571280)
         RTTI typeinfo:   itk::Image<itk::Vector<float, 1u>, 3u>
         Reference Count: 1
         Modified Time: 343560
         Debug: Off
         Object Name: 
         Observers: 
           none
         Source: (none)
         Source output name: (none)
         Release Data: Off
         Data Released: False
         Global Release Data: Off
         PipelineMTime: 0
         UpdateMTime: 0
         RealTimeStamp: 0 seconds 
         LargestPossibleRegion: 
           Dimension: 3
           Index: [0, 0, 0]
           Size: [11, 19, 19]
         BufferedRegion: 
           Dimension: 3
           Index: [0, 0, 0]
           Size: [11, 19, 19]
         RequestedRegion: 
           Dimension: 3
           Index: [0, 0, 0]
           Size: [11, 19, 19]
         Spacing: [24.75, 24.875, 24.875]
         Origin: [26.0709, 23.344, -25.0092]
         Direction: 
-0.998839 -0.00653922 -0.047718
0.00385499 -0.998416 0.0561286
-0.0480094 0.0558795 0.997283

         IndexToPointMatrix: 
-24.7213 -0.162663 -1.18698
0.0954111 -24.8356 1.3962
-1.18823 1.39 24.8074

         PointToIndexMatrix: 
-0.0403571 0.000155757 -0.00193978
-0.000262883 -0.0401373 0.00224641
-0.00191831 0.00225643 0.0400918

         Inverse Direction: 
-0.998839 0.00385499 -0.0480094
-0.00653922 -0.998416 0.0558795
-0.047718 0.0561286 0.997283

         PixelContainer: 
           ImportImageContainer (0x560523575c10)
             RTTI typeinfo:   itk::ImportImageContainer<unsigned long, itk::Vector<float, 1u> >
             Reference Count: 1
             Modified Time: 343561
             Debug: Off
             Object Name: 
             Observers: 
               none
             Pointer: 0x560526c03ef0
             Container manages memory: true
             Size: 3971
             Capacity: 3971
Elapsed time: 303.429
All_Command_lines_OK
Using single precision for computations.
=============================================================================
The composite transform comprises the following transforms (in order): 
  1. Center of mass alignment using fixed image: /home/mpib/nemecz/Projects/miniTRK/Results/01_MRI/GroupTempl/T1w/T_template0.nii.gz and moving image: /home/mpib/nemecz/Projects/miniTRK/Analysis/01_MRI/Preproc/GroupTempl/T1w/sub-782818_T1w.nii.gz (type = Euler3DTransform)
=============================================================================
  number of levels = 4
  number of levels = 4
  number of levels = 4
  fixed image: /home/mpib/nemecz/Projects/miniTRK/Results/01_MRI/GroupTempl/T1w/T_template0.nii.gz
  moving image: /home/mpib/nemecz/Projects/miniTRK/Results/01_MRI/GroupTempl/T1w/T_template0sub-782818_T1wRepaired.nii.gz
  fixed image: /home/mpib/nemecz/Projects/miniTRK/Results/01_MRI/GroupTempl/T1w/T_template0.nii.gz
  moving image: /home/mpib/nemecz/Projects/miniTRK/Results/01_MRI/GroupTempl/T1w/T_template0sub-782818_T1wRepaired.nii.gz
  fixed image: /home/mpib/nemecz/Projects/miniTRK/Results/01_MRI/GroupTempl/T1w/T_template0.nii.gz
  moving image: /home/mpib/nemecz/Projects/miniTRK/Results/01_MRI/GroupTempl/T1w/T_template0sub-782818_T1wRepaired.nii.gz
Dimension = 3
Number of stages = 3
Use Histogram Matching true
Winsorize image intensities true
Lower quantile = 0.01
Upper quantile = 0.99
Stage 1 State
   Image metric = Mattes
     Fixed image = Image (0x5654a1824ad0)
  RTTI typeinfo:   itk::Image<float, 3u>
  Reference Count: 2
  Modified Time: 1721
  Debug: Off
  Object Name: 
  Observers: 
    none
  Source: (none)
  Source output name: (none)
  Release Data: Off
  Data Released: False
  Global Release Data: Off
  PipelineMTime: 0
  UpdateMTime: 1506
  RealTimeStamp: 0 seconds 
  LargestPossibleRegion: 
    Dimension: 3
    Index: [0, 0, 0]
    Size: [192, 256, 256]
  BufferedRegion: 
    Dimension: 3
    Index: [0, 0, 0]
    Size: [192, 256, 256]
  RequestedRegion: 
    Dimension: 3
    Index: [0, 0, 0]
    Size: [192, 256, 256]
  Spacing: [1, 1, 1]
  Origin: [95.0313, 100.538, -154.123]
  Direction: 
-0.999853 -0.014134 -0.00966312
0.014129 -0.9999 0.000586045
-0.00967044 0.000449429 0.999953

  IndexToPointMatrix: 
-0.999853 -0.014134 -0.00966312
0.014129 -0.9999 0.000586045
-0.00967044 0.000449429 0.999953

  PointToIndexMatrix: 
-0.999853 0.014129 -0.00967044
-0.014134 -0.9999 0.000449429
-0.00966312 0.000586045 0.999953

  Inverse Direction: 
-0.999853 0.014129 -0.00967044
-0.014134 -0.9999 0.000449429
-0.00966312 0.000586045 0.999953

  PixelContainer: 
    ImportImageContainer (0x5654a182cc80)
      RTTI typeinfo:   itk::ImportImageContainer<unsigned long, float>
      Reference Count: 1
      Modified Time: 1503
      Debug: Off
      Object Name: 
      Observers: 
        none
      Pointer: 0x7f58bc816010
      Container manages memory: true
      Size: 12582912
      Capacity: 12582912

     Moving image = Image (0x5654a1825bc0)
  RTTI typeinfo:   itk::Image<float, 3u>
  Reference Count: 2
  Modified Time: 1722
  Debug: Off
  Object Name: 
  Observers: 
    none
  Source: (none)
  Source output name: (none)
  Release Data: Off
  Data Released: False
  Global Release Data: Off
  PipelineMTime: 0
  UpdateMTime: 1719
  RealTimeStamp: 0 seconds 
  LargestPossibleRegion: 
    Dimension: 3
    Index: [0, 0, 0]
    Size: [192, 256, 256]
  BufferedRegion: 
    Dimension: 3
    Index: [0, 0, 0]
    Size: [192, 256, 256]
  RequestedRegion: 
    Dimension: 3
    Index: [0, 0, 0]
    Size: [192, 256, 256]
  Spacing: [1, 1, 1]
  Origin: [99.1239, 89.813, -147.258]
  Direction: 
-0.998839 -0.00653922 -0.047718
0.00385499 -0.998416 0.0561286
-0.0480094 0.0558795 0.997283

  IndexToPointMatrix: 
-0.998839 -0.00653922 -0.047718
0.00385499 -0.998416 0.0561286
-0.0480094 0.0558795 0.997283

  PointToIndexMatrix: 
-0.998839 0.00385499 -0.0480094
-0.00653922 -0.998416 0.0558795
-0.047718 0.0561286 0.997283

  Inverse Direction: 
-0.998839 0.00385499 -0.0480094
-0.00653922 -0.998416 0.0558795
-0.047718 0.0561286 0.997283

  PixelContainer: 
    ImportImageContainer (0x5654a1831100)
      RTTI typeinfo:   itk::ImportImageContainer<unsigned long, float>
      Reference Count: 1
      Modified Time: 1716
      Debug: Off
      Object Name: 
      Observers: 
        none
      Pointer: 0x7f58b9815010
      Container manages memory: true
      Size: 12582912
      Capacity: 12582912

     Weighting = 1
     Sampling strategy = regular
     Number of bins = 32
     Radius = 4
     Sampling percentage  = 0.25
   Transform = Rigid
     Gradient step = 0.1
     Update field sigma (voxel space) = 0
     Total field sigma (voxel space) = 0
     Update field time sigma = 0
     Total field time sigma  = 0
     Number of time indices = 0
     Number of time point samples = 0
Stage 2 State
   Image metric = Mattes
     Fixed image = Image (0x5654a183d870)
  RTTI typeinfo:   itk::Image<float, 3u>
  Reference Count: 2
  Modified Time: 2149
  Debug: Off
  Object Name: 
  Observers: 
    none
  Source: (none)
  Source output name: (none)
  Release Data: Off
  Data Released: False
  Global Release Data: Off
  PipelineMTime: 0
  UpdateMTime: 1934
  RealTimeStamp: 0 seconds 
  LargestPossibleRegion: 
    Dimension: 3
    Index: [0, 0, 0]
    Size: [192, 256, 256]
  BufferedRegion: 
    Dimension: 3
    Index: [0, 0, 0]
    Size: [192, 256, 256]
  RequestedRegion: 
    Dimension: 3
    Index: [0, 0, 0]
    Size: [192, 256, 256]
  Spacing: [1, 1, 1]
  Origin: [95.0313, 100.538, -154.123]
  Direction: 
-0.999853 -0.014134 -0.00966312
0.014129 -0.9999 0.000586045
-0.00967044 0.000449429 0.999953

  IndexToPointMatrix: 
-0.999853 -0.014134 -0.00966312
0.014129 -0.9999 0.000586045
-0.00967044 0.000449429 0.999953

  PointToIndexMatrix: 
-0.999853 0.014129 -0.00967044
-0.014134 -0.9999 0.000449429
-0.00966312 0.000586045 0.999953

  Inverse Direction: 
-0.999853 0.014129 -0.00967044
-0.014134 -0.9999 0.000449429
-0.00966312 0.000586045 0.999953

  PixelContainer: 
    ImportImageContainer (0x5654a18286d0)
      RTTI typeinfo:   itk::ImportImageContainer<unsigned long, float>
      Reference Count: 1
      Modified Time: 1931
      Debug: Off
      Object Name: 
      Observers: 
        none
      Pointer: 0x7f58b6814010
      Container manages memory: true
      Size: 12582912
      Capacity: 12582912

     Moving image = Image (0x5654a183d4c0)
  RTTI typeinfo:   itk::Image<float, 3u>
  Reference Count: 2
  Modified Time: 2150
  Debug: Off
  Object Name: 
  Observers: 
    none
  Source: (none)
  Source output name: (none)
  Release Data: Off
  Data Released: False
  Global Release Data: Off
  PipelineMTime: 0
  UpdateMTime: 2147
  RealTimeStamp: 0 seconds 
  LargestPossibleRegion: 
    Dimension: 3
    Index: [0, 0, 0]
    Size: [192, 256, 256]
  BufferedRegion: 
    Dimension: 3
    Index: [0, 0, 0]
    Size: [192, 256, 256]
  RequestedRegion: 
    Dimension: 3
    Index: [0, 0, 0]
    Size: [192, 256, 256]
  Spacing: [1, 1, 1]
  Origin: [99.1239, 89.813, -147.258]
  Direction: 
-0.998839 -0.00653922 -0.047718
0.00385499 -0.998416 0.0561286
-0.0480094 0.0558795 0.997283

  IndexToPointMatrix: 
-0.998839 -0.00653922 -0.047718
0.00385499 -0.998416 0.0561286
-0.0480094 0.0558795 0.997283

  PointToIndexMatrix: 
-0.998839 0.00385499 -0.0480094
-0.00653922 -0.998416 0.0558795
-0.047718 0.0561286 0.997283

  Inverse Direction: 
-0.998839 0.00385499 -0.0480094
-0.00653922 -0.998416 0.0558795
-0.047718 0.0561286 0.997283

  PixelContainer: 
    ImportImageContainer (0x5654a183e8c0)
      RTTI typeinfo:   itk::ImportImageContainer<unsigned long, float>
      Reference Count: 1
      Modified Time: 2144
      Debug: Off
      Object Name: 
      Observers: 
        none
      Pointer: 0x7f58b3813010
      Container manages memory: true
      Size: 12582912
      Capacity: 12582912

     Weighting = 1
     Sampling strategy = regular
     Number of bins = 32
     Radius = 4
     Sampling percentage  = 0.25
   Transform = Affine
     Gradient step = 0.1
     Update field sigma (voxel space) = 0
     Total field sigma (voxel space) = 0
     Update field time sigma = 0
     Total field time sigma  = 0
     Number of time indices = 0
     Number of time point samples = 0
Stage 3 State
   Image metric = CC
     Fixed image = Image (0x5654a1844960)
  RTTI typeinfo:   itk::Image<float, 3u>
  Reference Count: 2
  Modified Time: 2577
  Debug: Off
  Object Name: 
  Observers: 
    none
  Source: (none)
  Source output name: (none)
  Release Data: Off
  Data Released: False
  Global Release Data: Off
  PipelineMTime: 0
  UpdateMTime: 2362
  RealTimeStamp: 0 seconds 
  LargestPossibleRegion: 
    Dimension: 3
    Index: [0, 0, 0]
    Size: [192, 256, 256]
  BufferedRegion: 
    Dimension: 3
    Index: [0, 0, 0]
    Size: [192, 256, 256]
  RequestedRegion: 
    Dimension: 3
    Index: [0, 0, 0]
    Size: [192, 256, 256]
  Spacing: [1, 1, 1]
  Origin: [95.0313, 100.538, -154.123]
  Direction: 
-0.999853 -0.014134 -0.00966312
0.014129 -0.9999 0.000586045
-0.00967044 0.000449429 0.999953

  IndexToPointMatrix: 
-0.999853 -0.014134 -0.00966312
0.014129 -0.9999 0.000586045
-0.00967044 0.000449429 0.999953

  PointToIndexMatrix: 
-0.999853 0.014129 -0.00967044
-0.014134 -0.9999 0.000449429
-0.00966312 0.000586045 0.999953

  Inverse Direction: 
-0.999853 0.014129 -0.00967044
-0.014134 -0.9999 0.000449429
-0.00966312 0.000586045 0.999953

  PixelContainer: 
    ImportImageContainer (0x5654a1825660)
      RTTI typeinfo:   itk::ImportImageContainer<unsigned long, float>
      Reference Count: 1
      Modified Time: 2359
      Debug: Off
      Object Name: 
      Observers: 
        none
      Pointer: 0x7f58b0812010
      Container manages memory: true
      Size: 12582912
      Capacity: 12582912

     Moving image = Image (0x5654a1846840)
  RTTI typeinfo:   itk::Image<float, 3u>
  Reference Count: 2
  Modified Time: 2578
  Debug: Off
  Object Name: 
  Observers: 
    none
  Source: (none)
  Source output name: (none)
  Release Data: Off
  Data Released: False
  Global Release Data: Off
  PipelineMTime: 0
  UpdateMTime: 2575
  RealTimeStamp: 0 seconds 
  LargestPossibleRegion: 
    Dimension: 3
    Index: [0, 0, 0]
    Size: [192, 256, 256]
  BufferedRegion: 
    Dimension: 3
    Index: [0, 0, 0]
    Size: [192, 256, 256]
  RequestedRegion: 
    Dimension: 3
    Index: [0, 0, 0]
    Size: [192, 256, 256]
  Spacing: [1, 1, 1]
  Origin: [99.1239, 89.813, -147.258]
  Direction: 
-0.998839 -0.00653922 -0.047718
0.00385499 -0.998416 0.0561286
-0.0480094 0.0558795 0.997283

  IndexToPointMatrix: 
-0.998839 -0.00653922 -0.047718
0.00385499 -0.998416 0.0561286
-0.0480094 0.0558795 0.997283

  PointToIndexMatrix: 
-0.998839 0.00385499 -0.0480094
-0.00653922 -0.998416 0.0558795
-0.047718 0.0561286 0.997283

  Inverse Direction: 
-0.998839 0.00385499 -0.0480094
-0.00653922 -0.998416 0.0558795
-0.047718 0.0561286 0.997283

  PixelContainer: 
    ImportImageContainer (0x5654a1843660)
      RTTI typeinfo:   itk::ImportImageContainer<unsigned long, float>
      Reference Count: 1
      Modified Time: 2572
      Debug: Off
      Object Name: 
      Observers: 
        none
      Pointer: 0x7f58ad811010
      Container manages memory: true
      Size: 12582912
      Capacity: 12582912

     Weighting = 1
     Sampling strategy = none
     Number of bins = 32
     Radius = 4
     Sampling percentage  = 1
   Transform = SyN
     Gradient step = 0.1
     Update field sigma (voxel space) = 3
     Total field sigma (voxel space) = 0
     Update field time sigma = 0
     Total field time sigma  = 0
     Number of time indices = 0
     Number of time point samples = 0
Registration using 3 total stages.

Stage 0
  iterations = 1000x500x250x0
  convergence threshold = 1e-06
  convergence window size = 10
  number of levels = 4
  using the Mattes MI metric (number of bins = 32, weight = 1)
  preprocessing:  winsorizing the image intensities
  preprocessing:  histogram matching the images
  Shrink factors (level 1 out of 4): [6, 6, 6]
  Shrink factors (level 2 out of 4): [4, 4, 4]
  Shrink factors (level 3 out of 4): [2, 2, 2]
  Shrink factors (level 4 out of 4): [1, 1, 1]
  smoothing sigmas per level: [4, 2, 1, 0]
  regular sampling (percentage = 0.25)

*** Running Euler3DTransform registration ***

DIAGNOSTIC,Iteration,metricValue,convergenceValue,ITERATION_TIME_INDEX,SINCE_LAST
 2DIAGNOSTIC,     1, -8.451717495918e-01, inf, 8.4407e-01, 8.4407e-01, 
 2DIAGNOSTIC,     2, -8.472583889961e-01, inf, 8.5343e-01, 9.3639e-03, 
 2DIAGNOSTIC,     3, -8.505638837814e-01, inf, 8.6311e-01, 9.6841e-03, 
 2DIAGNOSTIC,     4, -8.553556203842e-01, inf, 8.7226e-01, 9.1479e-03, 
 2DIAGNOSTIC,     5, -8.606814742088e-01, inf, 8.8160e-01, 9.3410e-03, 
 2DIAGNOSTIC,     6, -8.663087487221e-01, inf, 8.9059e-01, 8.9848e-03, 
 2DIAGNOSTIC,     7, -8.711702227592e-01, inf, 8.9976e-01, 9.1691e-03, 
 2DIAGNOSTIC,     8, -8.758797049522e-01, inf, 9.0921e-01, 9.4490e-03, 
 2DIAGNOSTIC,     9, -8.847472071648e-01, inf, 9.1854e-01, 9.3341e-03, 
 2DIAGNOSTIC,    10, -8.926574587822e-01, 3.496673656628e-03, 9.3292e-01, 1.4381e-02, 
 2DIAGNOSTIC,    11, -8.964489102364e-01, 3.411736572161e-03, 9.4254e-01, 9.6231e-03, 
 2DIAGNOSTIC,    12, -8.980331420898e-01, 3.137647407129e-03, 9.5188e-01, 9.3398e-03, 
 2DIAGNOSTIC,    13, -9.029550552368e-01, 2.829940523952e-03, 9.6240e-01, 1.0518e-02, 
 2DIAGNOSTIC,    14, -9.064012169838e-01, 2.495743334293e-03, 9.7687e-01, 1.4471e-02, 
 2DIAGNOSTIC,    15, -9.066791534424e-01, 2.096704440191e-03, 9.8603e-01, 9.1569e-03, 
 2DIAGNOSTIC,    16, -9.081406593323e-01, 1.702016685158e-03, 9.9743e-01, 1.1400e-02, 
 2DIAGNOSTIC,    17, -9.083924889565e-01, 1.297128968872e-03, 1.0085e+00, 1.1045e-02, 
 2DIAGNOSTIC,    18, -9.086417555809e-01, 9.045132319443e-04, 1.0179e+00, 9.4059e-03, 
 2DIAGNOSTIC,    19, -9.090636968613e-01, 6.244444521144e-04, 1.0292e+00, 1.1285e-02, 
 2DIAGNOSTIC,    20, -9.093645811081e-01, 4.465647798497e-04, 1.0389e+00, 9.6972e-03, 
 2DIAGNOSTIC,    21, -9.096514582634e-01, 3.076113935094e-04, 1.0486e+00, 9.6960e-03, 
 2DIAGNOSTIC,    22, -9.099064469337e-01, 1.783303450793e-04, 1.0608e+00, 1.2257e-02, 
 2DIAGNOSTIC,    23, -9.100216031075e-01, 1.130200980697e-04, 1.0732e+00, 1.2337e-02, 
 2DIAGNOSTIC,    24, -9.101322889328e-01, 9.031069203047e-05, 1.0828e+00, 9.6681e-03, 
 2DIAGNOSTIC,    25, -9.104793667793e-01, 6.858145206934e-05, 1.0946e+00, 1.1829e-02, 
 2DIAGNOSTIC,    26, -9.106034040451e-01, 6.155616574688e-05, 1.1053e+00, 1.0656e-02, 
 2DIAGNOSTIC,    27, -9.105949997902e-01, 5.225401400821e-05, 1.1149e+00, 9.5470e-03, 
 2DIAGNOSTIC,    28, -9.105918407440e-01, 4.162091499893e-05, 1.1245e+00, 9.6810e-03, 
 2DIAGNOSTIC,    29, -9.105125069618e-01, 3.164857844240e-05, 1.1329e+00, 8.3630e-03, 
 2DIAGNOSTIC,    30, -9.105291962624e-01, 2.275178485434e-05, 1.1424e+00, 9.4721e-03, 
 2DIAGNOSTIC,    31, -9.105803370476e-01, 1.576333670528e-05, 1.1518e+00, 9.4671e-03, 
 2DIAGNOSTIC,    32, -9.105331897736e-01, 9.897186828312e-06, 1.1615e+00, 9.6481e-03, 
 2DIAGNOSTIC,    33, -9.105245471001e-01, 4.629589057004e-06, 1.1696e+00, 8.1489e-03, 
DIAGNOSTIC,Iteration,metricValue,convergenceValue,ITERATION_TIME_INDEX,SINCE_LAST
 2DIAGNOSTIC,     1, -7.184199690819e-01, inf, 1.8697e+00, 7.0005e-01, 
 2DIAGNOSTIC,     2, -7.192083597183e-01, inf, 1.9006e+00, 3.0912e-02, 
 2DIAGNOSTIC,     3, -7.197122573853e-01, inf, 1.9315e+00, 3.0914e-02, 
 2DIAGNOSTIC,     4, -7.199167609215e-01, inf, 1.9683e+00, 3.6784e-02, 
 2DIAGNOSTIC,     5, -7.199624180794e-01, inf, 2.0024e+00, 3.4140e-02, 
 2DIAGNOSTIC,     6, -7.199686169624e-01, inf, 2.0364e+00, 3.3952e-02, 
 2DIAGNOSTIC,     7, -7.200380563736e-01, inf, 2.0746e+00, 3.8174e-02, 
 2DIAGNOSTIC,     8, -7.200370430946e-01, inf, 2.1053e+00, 3.0694e-02, 
 2DIAGNOSTIC,     9, -7.200578451157e-01, inf, 2.1347e+00, 2.9444e-02, 
 2DIAGNOSTIC,    10, -7.201260328293e-01, 1.111343299272e-04, 2.1686e+00, 3.3881e-02, 
 2DIAGNOSTIC,    11, -7.202632427216e-01, 5.895088543184e-05, 2.2051e+00, 3.6494e-02, 
 2DIAGNOSTIC,    12, -7.204777002335e-01, 4.293866004446e-05, 2.2725e+00, 6.7389e-02, 
 2DIAGNOSTIC,    13, -7.204976081848e-01, 4.139135853620e-05, 2.3089e+00, 3.6466e-02, 
 2DIAGNOSTIC,    14, -7.204775810242e-01, 4.183022974757e-05, 2.3502e+00, 4.1272e-02, 
 2DIAGNOSTIC,    15, -7.204744219780e-01, 3.980223118560e-05, 2.3919e+00, 4.1678e-02, 
 2DIAGNOSTIC,    16, -7.204896211624e-01, 3.498042860883e-05, 2.4289e+00, 3.7050e-02, 
 2DIAGNOSTIC,    17, -7.205022573471e-01, 2.951089118142e-05, 2.4759e+00, 4.6950e-02, 
 2DIAGNOSTIC,    18, -7.205066084862e-01, 2.219503767265e-05, 2.5233e+00, 4.7387e-02, 
 2DIAGNOSTIC,    19, -7.205020785332e-01, 1.417276689608e-05, 2.5736e+00, 5.0311e-02, 
 2DIAGNOSTIC,    20, -7.204962372780e-01, 7.011055458861e-06, 2.6146e+00, 4.1045e-02, 
 2DIAGNOSTIC,    21, -7.204967141151e-01, 2.495272156011e-06, 2.6613e+00, 4.6675e-02, 
 2DIAGNOSTIC,    22, -7.204974293709e-01, 2.135262775482e-06, 2.7027e+00, 4.1425e-02, 
 2DIAGNOSTIC,    23, -7.204844951630e-01, 1.871603558357e-06, 2.7429e+00, 4.0178e-02, 
 2DIAGNOSTIC,    24, -7.204847931862e-01, 1.275366344089e-06, 2.7788e+00, 3.5878e-02, 
DIAGNOSTIC,Iteration,metricValue,convergenceValue,ITERATION_TIME_INDEX,SINCE_LAST
 2DIAGNOSTIC,     1, -6.365361809731e-01, inf, 3.9408e+00, 1.1620e+00, 
 2DIAGNOSTIC,     2, -6.367062330246e-01, inf, 4.1785e+00, 2.3769e-01, 
 2DIAGNOSTIC,     3, -6.367372274399e-01, inf, 4.4623e+00, 2.8381e-01, 
 2DIAGNOSTIC,     4, -6.367387175560e-01, inf, 4.7335e+00, 2.7121e-01, 
 2DIAGNOSTIC,     5, -6.367421150208e-01, inf, 4.9612e+00, 2.2763e-01, 
 2DIAGNOSTIC,     6, -6.367459297180e-01, inf, 5.2255e+00, 2.6431e-01, 
 2DIAGNOSTIC,     7, -6.367530226707e-01, inf, 5.4584e+00, 2.3292e-01, 
 2DIAGNOSTIC,     8, -6.367780566216e-01, inf, 5.6907e+00, 2.3233e-01, 
 2DIAGNOSTIC,     9, -6.368021965027e-01, inf, 5.9227e+00, 2.3197e-01, 
 2DIAGNOSTIC,    10, -6.368520259857e-01, 2.262640555273e-05, 6.3275e+00, 4.0485e-01, 
 2DIAGNOSTIC,    11, -6.368541717529e-01, 1.550092929392e-05, 6.5966e+00, 2.6903e-01, 
 2DIAGNOSTIC,    12, -6.368532776833e-01, 1.472035546612e-05, 6.8932e+00, 2.9664e-01, 
 2DIAGNOSTIC,    13, -6.368509531021e-01, 1.396769312123e-05, 7.1982e+00, 3.0501e-01, 
 2DIAGNOSTIC,    14, -6.368496417999e-01, 1.226487165695e-05, 7.4743e+00, 2.7611e-01, 
 2DIAGNOSTIC,    15, -6.368500590324e-01, 9.973721716960e-06, 7.7314e+00, 2.5704e-01, 
 2DIAGNOSTIC,    16, -6.368493437767e-01, 7.341102445935e-06, 7.9603e+00, 2.2891e-01, 
 2DIAGNOSTIC,    17, -6.368499994278e-01, 4.739538326248e-06, 8.2174e+00, 2.5714e-01, 
 2DIAGNOSTIC,    18, -6.368514895439e-01, 2.819043174895e-06, 8.4825e+00, 2.6505e-01, 
 2DIAGNOSTIC,    19, -6.368500590324e-01, 1.503015482740e-06, 8.7410e+00, 2.5850e-01, 
 2DIAGNOSTIC,    20, -6.368499994278e-01, 1.444278609597e-06, 9.0001e+00, 2.5915e-01, 
 2DIAGNOSTIC,    21, -6.368502378464e-01, 1.455292363062e-06, 9.2584e+00, 2.5827e-01, 
 2DIAGNOSTIC,    22, -6.368494033813e-01, 1.436063371330e-06, 9.6021e+00, 3.4376e-01, 
 2DIAGNOSTIC,    23, -6.368490457535e-01, 1.368060907225e-06, 9.8562e+00, 2.5407e-01, 
 2DIAGNOSTIC,    24, -6.368489861488e-01, 1.281885943172e-06, 1.0114e+01, 2.5734e-01, 
 2DIAGNOSTIC,    25, -6.368487477303e-01, 1.210644086314e-06, 1.0460e+01, 3.4636e-01, 
 2DIAGNOSTIC,    26, -6.368486881256e-01, 1.136976493399e-06, 1.0718e+01, 2.5759e-01, 
 2DIAGNOSTIC,    27, -6.368486285210e-01, 1.085969188352e-06, 1.0976e+01, 2.5832e-01, 
 2DIAGNOSTIC,    28, -6.368487477303e-01, 1.073766156878e-06, 1.1235e+01, 2.5962e-01, 
 2DIAGNOSTIC,    29, -6.368486285210e-01, 1.044278178597e-06, 1.1504e+01, 2.6874e-01, 
 2DIAGNOSTIC,    30, -6.368485689163e-01, 1.019749674924e-06, 1.1800e+01, 2.9592e-01, 
 2DIAGNOSTIC,    31, -6.368485689163e-01, 1.004414230010e-06, 1.2056e+01, 2.5611e-01, 
DIAGNOSTIC,Iteration,metricValue,convergenceValue,ITERATION_TIME_INDEX,SINCE_LAST
 2DIAGNOSTIC,     1, -5.781412124634e-01, inf, 1.4702e+01, 2.6462e+00, 
  Elapsed time (stage 0): 1.5985e+01


Stage 1
  iterations = 1000x500x250x0
  convergence threshold = 1.0000e-06
  convergence window size = 10
  number of levels = 4
  using the Mattes MI metric (number of bins = 32, weight = 1.0000e+00)
  preprocessing:  winsorizing the image intensities
  preprocessing:  histogram matching the images
  Shrink factors (level 1 out of 4): [6, 6, 6]
  Shrink factors (level 2 out of 4): [4, 4, 4]
  Shrink factors (level 3 out of 4): [2, 2, 2]
  Shrink factors (level 4 out of 4): [1, 1, 1]
  smoothing sigmas per level: [4, 2, 1, 0]
  regular sampling (percentage = 2.5000e-01)

*** Running AffineTransform registration ***

DIAGNOSTIC,Iteration,metricValue,convergenceValue,ITERATION_TIME_INDEX,SINCE_LAST
 2DIAGNOSTIC,     1, -9.116454124451e-01, inf, 8.0099e-01, 8.0099e-01, 
