
Running N4 for 3-dimensional images.

Mask not read.  Using the entire image as the mask.

Original intensity range:  [0, 882]

***********************************************************
Warning:  Your input image contains nonpositive values
which could cause failure or problematic results.  A
possible workaround would be to:
   1. rescale your image to positive values e.g., [10,100].
   2. run N4 on your rescaled image.
   3. (optional) rescale the N4 output to the original
      intensity range.
***********************************************************

Specified spline distance: 200mm
  original image size:  [192, 256, 256]
  padded image size:  [201, 401, 401]
  number of control points:  [4, 5, 5]

Current level = 1
  Iteration 1 (of 50).   Current convergence value = 0.000510171 (threshold = 1e-08)
  Iteration 2 (of 50).   Current convergence value = 0.000339527 (threshold = 1e-08)
  Iteration 3 (of 50).   Current convergence value = 0.00023064 (threshold = 1e-08)
  Iteration 4 (of 50).   Current convergence value = 0.000161267 (threshold = 1e-08)
  Iteration 5 (of 50).   Current convergence value = 0.000118655 (threshold = 1e-08)
  Iteration 6 (of 50).   Current convergence value = 9.60707e-05 (threshold = 1e-08)
  Iteration 7 (of 50).   Current convergence value = 8.62951e-05 (threshold = 1e-08)
  Iteration 8 (of 50).   Current convergence value = 8.3303e-05 (threshold = 1e-08)
  Iteration 9 (of 50).   Current convergence value = 8.36067e-05 (threshold = 1e-08)
  Iteration 10 (of 50).   Current convergence value = 8.48121e-05 (threshold = 1e-08)
  Iteration 11 (of 50).   Current convergence value = 8.5754e-05 (threshold = 1e-08)
  Iteration 12 (of 50).   Current convergence value = 8.66999e-05 (threshold = 1e-08)
  Iteration 13 (of 50).   Current convergence value = 8.68894e-05 (threshold = 1e-08)
  Iteration 14 (of 50).   Current convergence value = 8.70371e-05 (threshold = 1e-08)
  Iteration 15 (of 50).   Current convergence value = 8.67763e-05 (threshold = 1e-08)
  Iteration 16 (of 50).   Current convergence value = 8.62589e-05 (threshold = 1e-08)
  Iteration 17 (of 50).   Current convergence value = 8.58033e-05 (threshold = 1e-08)
  Iteration 18 (of 50).   Current convergence value = 8.52413e-05 (threshold = 1e-08)
  Iteration 19 (of 50).   Current convergence value = 8.44416e-05 (threshold = 1e-08)
  Iteration 20 (of 50).   Current convergence value = 8.34356e-05 (threshold = 1e-08)
  Iteration 21 (of 50).   Current convergence value = 8.26752e-05 (threshold = 1e-08)
  Iteration 22 (of 50).   Current convergence value = 8.17652e-05 (threshold = 1e-08)
  Iteration 23 (of 50).   Current convergence value = 8.08324e-05 (threshold = 1e-08)
  Iteration 24 (of 50).   Current convergence value = 8.00308e-05 (threshold = 1e-08)
  Iteration 25 (of 50).   Current convergence value = 7.92228e-05 (threshold = 1e-08)
  Iteration 26 (of 50).   Current convergence value = 7.84198e-05 (threshold = 1e-08)
  Iteration 27 (of 50).   Current convergence value = 7.74843e-05 (threshold = 1e-08)
  Iteration 28 (of 50).   Current convergence value = 7.68928e-05 (threshold = 1e-08)
  Iteration 29 (of 50).   Current convergence value = 7.62226e-05 (threshold = 1e-08)
  Iteration 30 (of 50).   Current convergence value = 7.53908e-05 (threshold = 1e-08)
  Iteration 31 (of 50).   Current convergence value = 7.44829e-05 (threshold = 1e-08)
  Iteration 32 (of 50).   Current convergence value = 7.37532e-05 (threshold = 1e-08)
  Iteration 33 (of 50).   Current convergence value = 7.30959e-05 (threshold = 1e-08)
  Iteration 34 (of 50).   Current convergence value = 7.23769e-05 (threshold = 1e-08)
  Iteration 35 (of 50).   Current convergence value = 7.15839e-05 (threshold = 1e-08)
  Iteration 36 (of 50).   Current convergence value = 7.07938e-05 (threshold = 1e-08)
  Iteration 37 (of 50).   Current convergence value = 7.02507e-05 (threshold = 1e-08)
  Iteration 38 (of 50).   Current convergence value = 6.95334e-05 (threshold = 1e-08)
  Iteration 39 (of 50).   Current convergence value = 6.89851e-05 (threshold = 1e-08)
  Iteration 40 (of 50).   Current convergence value = 6.83731e-05 (threshold = 1e-08)
  Iteration 41 (of 50).   Current convergence value = 6.77561e-05 (threshold = 1e-08)
  Iteration 42 (of 50).   Current convergence value = 6.72156e-05 (threshold = 1e-08)
  Iteration 43 (of 50).   Current convergence value = 6.65705e-05 (threshold = 1e-08)
  Iteration 44 (of 50).   Current convergence value = 6.58561e-05 (threshold = 1e-08)
  Iteration 45 (of 50).   Current convergence value = 6.52358e-05 (threshold = 1e-08)
  Iteration 46 (of 50).   Current convergence value = 6.46612e-05 (threshold = 1e-08)
  Iteration 47 (of 50).   Current convergence value = 6.42282e-05 (threshold = 1e-08)
  Iteration 48 (of 50).   Current convergence value = 6.36152e-05 (threshold = 1e-08)
  Iteration 49 (of 50).   Current convergence value = 6.31006e-05 (threshold = 1e-08)
  Iteration 50 (of 50).   Current convergence value = 6.2483e-05 (threshold = 1e-08)
Current level = 2
  Iteration 1 (of 50).   Current convergence value = 0.000448058 (threshold = 1e-08)
  Iteration 2 (of 50).   Current convergence value = 0.000366126 (threshold = 1e-08)
  Iteration 3 (of 50).   Current convergence value = 0.000318714 (threshold = 1e-08)
  Iteration 4 (of 50).   Current convergence value = 0.00027461 (threshold = 1e-08)
  Iteration 5 (of 50).   Current convergence value = 0.000238626 (threshold = 1e-08)
  Iteration 6 (of 50).   Current convergence value = 0.000209871 (threshold = 1e-08)
  Iteration 7 (of 50).   Current convergence value = 0.000192032 (threshold = 1e-08)
  Iteration 8 (of 50).   Current convergence value = 0.000184358 (threshold = 1e-08)
  Iteration 9 (of 50).   Current convergence value = 0.000169084 (threshold = 1e-08)
  Iteration 10 (of 50).   Current convergence value = 0.000156124 (threshold = 1e-08)
  Iteration 11 (of 50).   Current convergence value = 0.000144856 (threshold = 1e-08)
  Iteration 12 (of 50).   Current convergence value = 0.000135309 (threshold = 1e-08)
  Iteration 13 (of 50).   Current convergence value = 0.000126837 (threshold = 1e-08)
  Iteration 14 (of 50).   Current convergence value = 0.000119329 (threshold = 1e-08)
  Iteration 15 (of 50).   Current convergence value = 0.000112733 (threshold = 1e-08)
  Iteration 16 (of 50).   Current convergence value = 0.000106773 (threshold = 1e-08)
  Iteration 17 (of 50).   Current convergence value = 0.000101592 (threshold = 1e-08)
  Iteration 18 (of 50).   Current convergence value = 9.68945e-05 (threshold = 1e-08)
  Iteration 19 (of 50).   Current convergence value = 9.2817e-05 (threshold = 1e-08)
  Iteration 20 (of 50).   Current convergence value = 8.92802e-05 (threshold = 1e-08)
  Iteration 21 (of 50).   Current convergence value = 8.91583e-05 (threshold = 1e-08)
  Iteration 22 (of 50).   Current convergence value = 9.01278e-05 (threshold = 1e-08)
  Iteration 23 (of 50).   Current convergence value = 9.13427e-05 (threshold = 1e-08)
  Iteration 24 (of 50).   Current convergence value = 9.22574e-05 (threshold = 1e-08)
  Iteration 25 (of 50).   Current convergence value = 9.32633e-05 (threshold = 1e-08)
  Iteration 26 (of 50).   Current convergence value = 9.41818e-05 (threshold = 1e-08)
  Iteration 27 (of 50).   Current convergence value = 9.50446e-05 (threshold = 1e-08)
  Iteration 28 (of 50).   Current convergence value = 9.57788e-05 (threshold = 1e-08)
  Iteration 29 (of 50).   Current convergence value = 9.62226e-05 (threshold = 1e-08)
  Iteration 30 (of 50).   Current convergence value = 9.66212e-05 (threshold = 1e-08)
  Iteration 31 (of 50).   Current convergence value = 9.7156e-05 (threshold = 1e-08)
  Iteration 32 (of 50).   Current convergence value = 9.75469e-05 (threshold = 1e-08)
  Iteration 33 (of 50).   Current convergence value = 9.78759e-05 (threshold = 1e-08)
  Iteration 34 (of 50).   Current convergence value = 9.82029e-05 (threshold = 1e-08)
  Iteration 35 (of 50).   Current convergence value = 9.8597e-05 (threshold = 1e-08)
  Iteration 36 (of 50).   Current convergence value = 9.88973e-05 (threshold = 1e-08)
  Iteration 37 (of 50).   Current convergence value = 9.90335e-05 (threshold = 1e-08)
  Iteration 38 (of 50).   Current convergence value = 9.93695e-05 (threshold = 1e-08)
  Iteration 39 (of 50).   Current convergence value = 9.94814e-05 (threshold = 1e-08)
  Iteration 40 (of 50).   Current convergence value = 9.96211e-05 (threshold = 1e-08)
  Iteration 41 (of 50).   Current convergence value = 9.97254e-05 (threshold = 1e-08)
  Iteration 42 (of 50).   Current convergence value = 9.98303e-05 (threshold = 1e-08)
  Iteration 43 (of 50).   Current convergence value = 9.98448e-05 (threshold = 1e-08)
  Iteration 44 (of 50).   Current convergence value = 9.98677e-05 (threshold = 1e-08)
  Iteration 45 (of 50).   Current convergence value = 9.98097e-05 (threshold = 1e-08)
  Iteration 46 (of 50).   Current convergence value = 9.97791e-05 (threshold = 1e-08)
  Iteration 47 (of 50).   Current convergence value = 9.98376e-05 (threshold = 1e-08)
  Iteration 48 (of 50).   Current convergence value = 9.97132e-05 (threshold = 1e-08)
  Iteration 49 (of 50).   Current convergence value = 9.96011e-05 (threshold = 1e-08)
  Iteration 50 (of 50).   Current convergence value = 9.95344e-05 (threshold = 1e-08)
Current level = 3
  Iteration 1 (of 40).   Current convergence value = 0.0013453 (threshold = 1e-08)
  Iteration 2 (of 40).   Current convergence value = 0.00102567 (threshold = 1e-08)
  Iteration 3 (of 40).   Current convergence value = 0.000821033 (threshold = 1e-08)
  Iteration 4 (of 40).   Current convergence value = 0.000696425 (threshold = 1e-08)
  Iteration 5 (of 40).   Current convergence value = 0.000615522 (threshold = 1e-08)
  Iteration 6 (of 40).   Current convergence value = 0.000566066 (threshold = 1e-08)
  Iteration 7 (of 40).   Current convergence value = 0.000534663 (threshold = 1e-08)
  Iteration 8 (of 40).   Current convergence value = 0.000520615 (threshold = 1e-08)
  Iteration 9 (of 40).   Current convergence value = 0.000514712 (threshold = 1e-08)
  Iteration 10 (of 40).   Current convergence value = 0.000512731 (threshold = 1e-08)
  Iteration 11 (of 40).   Current convergence value = 0.000512926 (threshold = 1e-08)
  Iteration 12 (of 40).   Current convergence value = 0.000514439 (threshold = 1e-08)
  Iteration 13 (of 40).   Current convergence value = 0.000516362 (threshold = 1e-08)
  Iteration 14 (of 40).   Current convergence value = 0.000518339 (threshold = 1e-08)
  Iteration 15 (of 40).   Current convergence value = 0.000520581 (threshold = 1e-08)
  Iteration 16 (of 40).   Current convergence value = 0.000523455 (threshold = 1e-08)
  Iteration 17 (of 40).   Current convergence value = 0.000526582 (threshold = 1e-08)
  Iteration 18 (of 40).   Current convergence value = 0.000529607 (threshold = 1e-08)
  Iteration 19 (of 40).   Current convergence value = 0.000532462 (threshold = 1e-08)
  Iteration 20 (of 40).   Current convergence value = 0.000535242 (threshold = 1e-08)
  Iteration 21 (of 40).   Current convergence value = 0.000537413 (threshold = 1e-08)
  Iteration 22 (of 40).   Current convergence value = 0.000539176 (threshold = 1e-08)
  Iteration 23 (of 40).   Current convergence value = 0.000541136 (threshold = 1e-08)
  Iteration 24 (of 40).   Current convergence value = 0.000543448 (threshold = 1e-08)
  Iteration 25 (of 40).   Current convergence value = 0.000545656 (threshold = 1e-08)
  Iteration 26 (of 40).   Current convergence value = 0.000547317 (threshold = 1e-08)
  Iteration 27 (of 40).   Current convergence value = 0.000546529 (threshold = 1e-08)
  Iteration 28 (of 40).   Current convergence value = 0.000546644 (threshold = 1e-08)
  Iteration 29 (of 40).   Current convergence value = 0.000550074 (threshold = 1e-08)
  Iteration 30 (of 40).   Current convergence value = 0.000554007 (threshold = 1e-08)
  Iteration 31 (of 40).   Current convergence value = 0.00055917 (threshold = 1e-08)
  Iteration 32 (of 40).   Current convergence value = 0.000564846 (threshold = 1e-08)
  Iteration 33 (of 40).   Current convergence value = 0.000568023 (threshold = 1e-08)
  Iteration 34 (of 40).   Current convergence value = 0.000573939 (threshold = 1e-08)
  Iteration 35 (of 40).   Current convergence value = 0.000581386 (threshold = 1e-08)
  Iteration 36 (of 40).   Current convergence value = 0.000586142 (threshold = 1e-08)
  Iteration 37 (of 40).   Current convergence value = 0.00059094 (threshold = 1e-08)
  Iteration 38 (of 40).   Current convergence value = 0.000596674 (threshold = 1e-08)
  Iteration 39 (of 40).   Current convergence value = 0.000602148 (threshold = 1e-08)
  Iteration 40 (of 40).   Current convergence value = 0.00060729 (threshold = 1e-08)
Current level = 4
  Iteration 1 (of 30).   Current convergence value = 0.0020436 (threshold = 1e-08)
  Iteration 2 (of 30).   Current convergence value = 0.00186799 (threshold = 1e-08)
  Iteration 3 (of 30).   Current convergence value = 0.00175013 (threshold = 1e-08)
  Iteration 4 (of 30).   Current convergence value = 0.001679 (threshold = 1e-08)
  Iteration 5 (of 30).   Current convergence value = 0.0016261 (threshold = 1e-08)
  Iteration 6 (of 30).   Current convergence value = 0.00159445 (threshold = 1e-08)
  Iteration 7 (of 30).   Current convergence value = 0.0015805 (threshold = 1e-08)
  Iteration 8 (of 30).   Current convergence value = 0.00157754 (threshold = 1e-08)
  Iteration 9 (of 30).   Current convergence value = 0.00153361 (threshold = 1e-08)
  Iteration 10 (of 30).   Current convergence value = 0.00145208 (threshold = 1e-08)
  Iteration 11 (of 30).   Current convergence value = 0.00137066 (threshold = 1e-08)
  Iteration 12 (of 30).   Current convergence value = 0.00130355 (threshold = 1e-08)
  Iteration 13 (of 30).   Current convergence value = 0.00123795 (threshold = 1e-08)
  Iteration 14 (of 30).   Current convergence value = 0.00117779 (threshold = 1e-08)
  Iteration 15 (of 30).   Current convergence value = 0.00113073 (threshold = 1e-08)
  Iteration 16 (of 30).   Current convergence value = 0.00108355 (threshold = 1e-08)
  Iteration 17 (of 30).   Current convergence value = 0.0010361 (threshold = 1e-08)
  Iteration 18 (of 30).   Current convergence value = 0.000990767 (threshold = 1e-08)
  Iteration 19 (of 30).   Current convergence value = 0.000946236 (threshold = 1e-08)
  Iteration 20 (of 30).   Current convergence value = 0.000902023 (threshold = 1e-08)
  Iteration 21 (of 30).   Current convergence value = 0.000860164 (threshold = 1e-08)
  Iteration 22 (of 30).   Current convergence value = 0.000820864 (threshold = 1e-08)
  Iteration 23 (of 30).   Current convergence value = 0.000784533 (threshold = 1e-08)
  Iteration 24 (of 30).   Current convergence value = 0.000750334 (threshold = 1e-08)
  Iteration 25 (of 30).   Current convergence value = 0.00072321 (threshold = 1e-08)
  Iteration 26 (of 30).   Current convergence value = 0.000700718 (threshold = 1e-08)
  Iteration 27 (of 30).   Current convergence value = 0.000737548 (threshold = 1e-08)
  Iteration 28 (of 30).   Current convergence value = 0.000785231 (threshold = 1e-08)
  Iteration 29 (of 30).   Current convergence value = 0.000809211 (threshold = 1e-08)
  Iteration 30 (of 30).   Current convergence value = 0.000821365 (threshold = 1e-08)
   N4BiasFieldCorrectionImageFilter (0x55c939c1fe20)
     RTTI typeinfo:   itk::N4BiasFieldCorrectionImageFilter<itk::Image<float, 3u>, itk::Image<float, 3u>, itk::Image<float, 3u> >
     Reference Count: 1
     Modified Time: 565
     Debug: Off
     Object Name: 
     Observers: 
       IterationEvent(Command)
     Inputs: 
       ConfidenceImage: (0)
       MaskImage: (0x55c939c4a5e0)
       Primary: (0x55c939c45b30) *
     Indexed Inputs: 
       0: Primary (0x55c939c45b30)
       1: MaskImage (0x55c939c4a5e0)
       2: ConfidenceImage (0)
     Required Input Names: Primary
     NumberOfRequiredInputs: 1
     Outputs: 
       Primary: (0x55c939c2fef0)
     Indexed Outputs: 
       0: Primary (0x55c939c2fef0)
     NumberOfRequiredOutputs: 1
     Number Of Work Units: 32
     ReleaseDataFlag: Off
     ReleaseDataBeforeUpdateFlag: Off
     AbortGenerateData: Off
     Progress: 0
     Multithreader: 
       RTTI typeinfo:   itk::PoolMultiThreader
       Reference Count: 1
       Modified Time: 144
       Debug: Off
       Object Name: 
       Observers: 
         none
       Number of Work Units: 32
       Number of Threads: 8
       Global Maximum Number Of Threads: 128
       Global Default Number Of Threads: 8
       Global Default Threader Type: itk::MultiThreaderBaseEnums::Threader::Pool
       SingleMethod: 0
       SingleData: 0
     DynamicMultiThreading: On
     CoordinateTolerance: 1e-06
     DirectionTolerance: 1e-06
     Use Mask Label: 0
     Mask label: 1
     Number of histogram bins: 200
     Wiener filter noise: 0.01
     Bias field FWHM: 0.15
     Maximum number of iterations: [50, 50, 40, 30]
     Convergence threshold: 1e-08
     Spline order: 3
     Number of fitting levels: [4, 4, 4]
     Number of control points: [4, 5, 5]
     CurrentConvergenceMeasurement: 0.000821365
     CurrentLevel: 4
     ElapsedIterations: 31
     LogBiasFieldControlPointLattice: 
       Image (0x55c940725a70)
         RTTI typeinfo:   itk::Image<itk::Vector<float, 1u>, 3u>
         Reference Count: 1
         Modified Time: 343560
         Debug: Off
         Object Name: 
         Observers: 
           none
         Source: (none)
         Source output name: (none)
         Release Data: Off
         Data Released: False
         Global Release Data: Off
         PipelineMTime: 0
         UpdateMTime: 0
         RealTimeStamp: 0 seconds 
         LargestPossibleRegion: 
           Dimension: 3
           Index: [0, 0, 0]
           Size: [11, 19, 19]
         BufferedRegion: 
           Dimension: 3
           Index: [0, 0, 0]
           Size: [11, 19, 19]
         RequestedRegion: 
           Dimension: 3
           Index: [0, 0, 0]
           Size: [11, 19, 19]
         Spacing: [24.75, 24.875, 24.875]
         Origin: [25.0368, 21.4444, -27.6295]
         Direction: 
-0.999947 -0.0101722 -0.00140804
0.00992796 -0.992642 0.120677
-0.00262523 0.120656 0.992691

         IndexToPointMatrix: 
-24.7487 -0.253034 -0.035025
0.245717 -24.692 3.00184
-0.0649745 3.00132 24.6932

         PointToIndexMatrix: 
-0.0404019 0.00040113 -0.00010607
-0.000408933 -0.0399052 0.00485052
-5.66049e-05 0.00485131 0.0399072

         Inverse Direction: 
-0.999947 0.00992796 -0.00262523
-0.0101722 -0.992642 0.120657
-0.00140805 0.120676 0.992691

         PixelContainer: 
           ImportImageContainer (0x55c940721750)
             RTTI typeinfo:   itk::ImportImageContainer<unsigned long, itk::Vector<float, 1u> >
             Reference Count: 1
             Modified Time: 343561
             Debug: Off
             Object Name: 
             Observers: 
               none
             Pointer: 0x55c943db7e00
             Container manages memory: true
             Size: 3971
             Capacity: 3971
Elapsed time: 318.924
All_Command_lines_OK
Using single precision for computations.
=============================================================================
The composite transform comprises the following transforms (in order): 
  1. Center of mass alignment using fixed image: /home/mpib/nemecz/Projects/miniTRK/Results/01_MRI/GroupTempl/T1w/T_template0.nii.gz and moving image: /home/mpib/nemecz/Projects/miniTRK/Analysis/01_MRI/Preproc/GroupTempl/T1w/sub-626811_T1w.nii.gz (type = Euler3DTransform)
=============================================================================
  number of levels = 4
  number of levels = 4
  number of levels = 4
  fixed image: /home/mpib/nemecz/Projects/miniTRK/Results/01_MRI/GroupTempl/T1w/T_template0.nii.gz
  moving image: /home/mpib/nemecz/Projects/miniTRK/Results/01_MRI/GroupTempl/T1w/T_template0sub-626811_T1wRepaired.nii.gz
  fixed image: /home/mpib/nemecz/Projects/miniTRK/Results/01_MRI/GroupTempl/T1w/T_template0.nii.gz
  moving image: /home/mpib/nemecz/Projects/miniTRK/Results/01_MRI/GroupTempl/T1w/T_template0sub-626811_T1wRepaired.nii.gz
  fixed image: /home/mpib/nemecz/Projects/miniTRK/Results/01_MRI/GroupTempl/T1w/T_template0.nii.gz
  moving image: /home/mpib/nemecz/Projects/miniTRK/Results/01_MRI/GroupTempl/T1w/T_template0sub-626811_T1wRepaired.nii.gz
Dimension = 3
Number of stages = 3
Use Histogram Matching true
Winsorize image intensities true
Lower quantile = 0.01
Upper quantile = 0.99
Stage 1 State
   Image metric = Mattes
     Fixed image = Image (0x5576d0e3bad0)
  RTTI typeinfo:   itk::Image<float, 3u>
  Reference Count: 2
  Modified Time: 1721
  Debug: Off
  Object Name: 
  Observers: 
    none
  Source: (none)
  Source output name: (none)
  Release Data: Off
  Data Released: False
  Global Release Data: Off
  PipelineMTime: 0
  UpdateMTime: 1506
  RealTimeStamp: 0 seconds 
  LargestPossibleRegion: 
    Dimension: 3
    Index: [0, 0, 0]
    Size: [192, 256, 256]
  BufferedRegion: 
    Dimension: 3
    Index: [0, 0, 0]
    Size: [192, 256, 256]
  RequestedRegion: 
    Dimension: 3
    Index: [0, 0, 0]
    Size: [192, 256, 256]
  Spacing: [1, 1, 1]
  Origin: [95.0313, 100.538, -154.123]
  Direction: 
-0.999853 -0.014134 -0.00966312
0.014129 -0.9999 0.000586045
-0.00967044 0.000449429 0.999953

  IndexToPointMatrix: 
-0.999853 -0.014134 -0.00966312
0.014129 -0.9999 0.000586045
-0.00967044 0.000449429 0.999953

  PointToIndexMatrix: 
-0.999853 0.014129 -0.00967044
-0.014134 -0.9999 0.000449429
-0.00966312 0.000586045 0.999953

  Inverse Direction: 
-0.999853 0.014129 -0.00967044
-0.014134 -0.9999 0.000449429
-0.00966312 0.000586045 0.999953

  PixelContainer: 
    ImportImageContainer (0x5576d0e43c80)
      RTTI typeinfo:   itk::ImportImageContainer<unsigned long, float>
      Reference Count: 1
      Modified Time: 1503
      Debug: Off
      Object Name: 
      Observers: 
        none
      Pointer: 0x7f9258616010
      Container manages memory: true
      Size: 12582912
      Capacity: 12582912

     Moving image = Image (0x5576d0e3cbc0)
  RTTI typeinfo:   itk::Image<float, 3u>
  Reference Count: 2
  Modified Time: 1722
  Debug: Off
  Object Name: 
  Observers: 
    none
  Source: (none)
  Source output name: (none)
  Release Data: Off
  Data Released: False
  Global Release Data: Off
  PipelineMTime: 0
  UpdateMTime: 1719
  RealTimeStamp: 0 seconds 
  LargestPossibleRegion: 
    Dimension: 3
    Index: [0, 0, 0]
    Size: [192, 256, 256]
  BufferedRegion: 
    Dimension: 3
    Index: [0, 0, 0]
    Size: [192, 256, 256]
  RequestedRegion: 
    Dimension: 3
    Index: [0, 0, 0]
    Size: [192, 256, 256]
  Spacing: [1, 1, 1]
  Origin: [95.115, 83.5929, -167.726]
  Direction: 
-0.999947 -0.0101722 -0.00140804
0.00992796 -0.992642 0.120677
-0.00262523 0.120656 0.992691

  IndexToPointMatrix: 
-0.999947 -0.0101722 -0.00140804
0.00992796 -0.992642 0.120677
-0.00262523 0.120656 0.992691

  PointToIndexMatrix: 
-0.999947 0.00992796 -0.00262523
-0.0101722 -0.992642 0.120656
-0.00140804 0.120677 0.992691

  Inverse Direction: 
-0.999947 0.00992796 -0.00262523
-0.0101722 -0.992642 0.120656
-0.00140804 0.120677 0.992691

  PixelContainer: 
    ImportImageContainer (0x5576d0e48100)
      RTTI typeinfo:   itk::ImportImageContainer<unsigned long, float>
      Reference Count: 1
      Modified Time: 1716
      Debug: Off
      Object Name: 
      Observers: 
        none
      Pointer: 0x7f9255615010
      Container manages memory: true
      Size: 12582912
      Capacity: 12582912

     Weighting = 1
     Sampling strategy = regular
     Number of bins = 32
     Radius = 4
     Sampling percentage  = 0.25
   Transform = Rigid
     Gradient step = 0.1
     Update field sigma (voxel space) = 0
     Total field sigma (voxel space) = 0
     Update field time sigma = 0
     Total field time sigma  = 0
     Number of time indices = 0
     Number of time point samples = 0
Stage 2 State
   Image metric = Mattes
     Fixed image = Image (0x5576d0e54870)
  RTTI typeinfo:   itk::Image<float, 3u>
  Reference Count: 2
  Modified Time: 2149
  Debug: Off
  Object Name: 
  Observers: 
    none
  Source: (none)
  Source output name: (none)
  Release Data: Off
  Data Released: False
  Global Release Data: Off
  PipelineMTime: 0
  UpdateMTime: 1934
  RealTimeStamp: 0 seconds 
  LargestPossibleRegion: 
    Dimension: 3
    Index: [0, 0, 0]
    Size: [192, 256, 256]
  BufferedRegion: 
    Dimension: 3
    Index: [0, 0, 0]
    Size: [192, 256, 256]
  RequestedRegion: 
    Dimension: 3
    Index: [0, 0, 0]
    Size: [192, 256, 256]
  Spacing: [1, 1, 1]
  Origin: [95.0313, 100.538, -154.123]
  Direction: 
-0.999853 -0.014134 -0.00966312
0.014129 -0.9999 0.000586045
-0.00967044 0.000449429 0.999953

  IndexToPointMatrix: 
-0.999853 -0.014134 -0.00966312
0.014129 -0.9999 0.000586045
-0.00967044 0.000449429 0.999953

  PointToIndexMatrix: 
-0.999853 0.014129 -0.00967044
-0.014134 -0.9999 0.000449429
-0.00966312 0.000586045 0.999953

  Inverse Direction: 
-0.999853 0.014129 -0.00967044
-0.014134 -0.9999 0.000449429
-0.00966312 0.000586045 0.999953

  PixelContainer: 
    ImportImageContainer (0x5576d0e3f6d0)
      RTTI typeinfo:   itk::ImportImageContainer<unsigned long, float>
      Reference Count: 1
      Modified Time: 1931
      Debug: Off
      Object Name: 
      Observers: 
        none
      Pointer: 0x7f9252614010
      Container manages memory: true
      Size: 12582912
      Capacity: 12582912

     Moving image = Image (0x5576d0e544c0)
  RTTI typeinfo:   itk::Image<float, 3u>
  Reference Count: 2
  Modified Time: 2150
  Debug: Off
  Object Name: 
  Observers: 
    none
  Source: (none)
  Source output name: (none)
  Release Data: Off
  Data Released: False
  Global Release Data: Off
  PipelineMTime: 0
  UpdateMTime: 2147
  RealTimeStamp: 0 seconds 
  LargestPossibleRegion: 
    Dimension: 3
    Index: [0, 0, 0]
    Size: [192, 256, 256]
  BufferedRegion: 
    Dimension: 3
    Index: [0, 0, 0]
    Size: [192, 256, 256]
  RequestedRegion: 
    Dimension: 3
    Index: [0, 0, 0]
    Size: [192, 256, 256]
  Spacing: [1, 1, 1]
  Origin: [95.115, 83.5929, -167.726]
  Direction: 
-0.999947 -0.0101722 -0.00140804
0.00992796 -0.992642 0.120677
-0.00262523 0.120656 0.992691

  IndexToPointMatrix: 
-0.999947 -0.0101722 -0.00140804
0.00992796 -0.992642 0.120677
-0.00262523 0.120656 0.992691

  PointToIndexMatrix: 
-0.999947 0.00992796 -0.00262523
-0.0101722 -0.992642 0.120656
-0.00140804 0.120677 0.992691

  Inverse Direction: 
-0.999947 0.00992796 -0.00262523
-0.0101722 -0.992642 0.120656
-0.00140804 0.120677 0.992691

  PixelContainer: 
    ImportImageContainer (0x5576d0e558c0)
      RTTI typeinfo:   itk::ImportImageContainer<unsigned long, float>
      Reference Count: 1
      Modified Time: 2144
      Debug: Off
      Object Name: 
      Observers: 
        none
      Pointer: 0x7f924f613010
      Container manages memory: true
      Size: 12582912
      Capacity: 12582912

     Weighting = 1
     Sampling strategy = regular
     Number of bins = 32
     Radius = 4
     Sampling percentage  = 0.25
   Transform = Affine
     Gradient step = 0.1
     Update field sigma (voxel space) = 0
     Total field sigma (voxel space) = 0
     Update field time sigma = 0
     Total field time sigma  = 0
     Number of time indices = 0
     Number of time point samples = 0
Stage 3 State
   Image metric = CC
     Fixed image = Image (0x5576d0e5b960)
  RTTI typeinfo:   itk::Image<float, 3u>
  Reference Count: 2
  Modified Time: 2577
  Debug: Off
  Object Name: 
  Observers: 
    none
  Source: (none)
  Source output name: (none)
  Release Data: Off
  Data Released: False
  Global Release Data: Off
  PipelineMTime: 0
  UpdateMTime: 2362
  RealTimeStamp: 0 seconds 
  LargestPossibleRegion: 
    Dimension: 3
    Index: [0, 0, 0]
    Size: [192, 256, 256]
  BufferedRegion: 
    Dimension: 3
    Index: [0, 0, 0]
    Size: [192, 256, 256]
  RequestedRegion: 
    Dimension: 3
    Index: [0, 0, 0]
    Size: [192, 256, 256]
  Spacing: [1, 1, 1]
  Origin: [95.0313, 100.538, -154.123]
  Direction: 
-0.999853 -0.014134 -0.00966312
0.014129 -0.9999 0.000586045
-0.00967044 0.000449429 0.999953

  IndexToPointMatrix: 
-0.999853 -0.014134 -0.00966312
0.014129 -0.9999 0.000586045
-0.00967044 0.000449429 0.999953

  PointToIndexMatrix: 
-0.999853 0.014129 -0.00967044
-0.014134 -0.9999 0.000449429
-0.00966312 0.000586045 0.999953

  Inverse Direction: 
-0.999853 0.014129 -0.00967044
-0.014134 -0.9999 0.000449429
-0.00966312 0.000586045 0.999953

  PixelContainer: 
    ImportImageContainer (0x5576d0e3c660)
      RTTI typeinfo:   itk::ImportImageContainer<unsigned long, float>
      Reference Count: 1
      Modified Time: 2359
      Debug: Off
      Object Name: 
      Observers: 
        none
      Pointer: 0x7f924c612010
      Container manages memory: true
      Size: 12582912
      Capacity: 12582912

     Moving image = Image (0x5576d0e5d840)
  RTTI typeinfo:   itk::Image<float, 3u>
  Reference Count: 2
  Modified Time: 2578
  Debug: Off
  Object Name: 
  Observers: 
    none
  Source: (none)
  Source output name: (none)
  Release Data: Off
  Data Released: False
  Global Release Data: Off
  PipelineMTime: 0
  UpdateMTime: 2575
  RealTimeStamp: 0 seconds 
  LargestPossibleRegion: 
    Dimension: 3
    Index: [0, 0, 0]
    Size: [192, 256, 256]
  BufferedRegion: 
    Dimension: 3
    Index: [0, 0, 0]
    Size: [192, 256, 256]
  RequestedRegion: 
    Dimension: 3
    Index: [0, 0, 0]
    Size: [192, 256, 256]
  Spacing: [1, 1, 1]
  Origin: [95.115, 83.5929, -167.726]
  Direction: 
-0.999947 -0.0101722 -0.00140804
0.00992796 -0.992642 0.120677
-0.00262523 0.120656 0.992691

  IndexToPointMatrix: 
-0.999947 -0.0101722 -0.00140804
0.00992796 -0.992642 0.120677
-0.00262523 0.120656 0.992691

  PointToIndexMatrix: 
-0.999947 0.00992796 -0.00262523
-0.0101722 -0.992642 0.120656
-0.00140804 0.120677 0.992691

  Inverse Direction: 
-0.999947 0.00992796 -0.00262523
-0.0101722 -0.992642 0.120656
-0.00140804 0.120677 0.992691

  PixelContainer: 
    ImportImageContainer (0x5576d0e5a660)
      RTTI typeinfo:   itk::ImportImageContainer<unsigned long, float>
      Reference Count: 1
      Modified Time: 2572
      Debug: Off
      Object Name: 
      Observers: 
        none
      Pointer: 0x7f9249611010
      Container manages memory: true
      Size: 12582912
      Capacity: 12582912

     Weighting = 1
     Sampling strategy = none
     Number of bins = 32
     Radius = 4
     Sampling percentage  = 1
   Transform = SyN
     Gradient step = 0.1
     Update field sigma (voxel space) = 3
     Total field sigma (voxel space) = 0
     Update field time sigma = 0
     Total field time sigma  = 0
     Number of time indices = 0
     Number of time point samples = 0
Registration using 3 total stages.

Stage 0
  iterations = 1000x500x250x0
  convergence threshold = 1e-06
  convergence window size = 10
  number of levels = 4
  using the Mattes MI metric (number of bins = 32, weight = 1)
  preprocessing:  winsorizing the image intensities
  preprocessing:  histogram matching the images
  Shrink factors (level 1 out of 4): [6, 6, 6]
  Shrink factors (level 2 out of 4): [4, 4, 4]
  Shrink factors (level 3 out of 4): [2, 2, 2]
  Shrink factors (level 4 out of 4): [1, 1, 1]
  smoothing sigmas per level: [4, 2, 1, 0]
  regular sampling (percentage = 0.25)

*** Running Euler3DTransform registration ***

DIAGNOSTIC,Iteration,metricValue,convergenceValue,ITERATION_TIME_INDEX,SINCE_LAST
 2DIAGNOSTIC,     1, -8.778727054596e-01, inf, 8.1484e-01, 8.1484e-01, 
 2DIAGNOSTIC,     2, -8.816481828690e-01, inf, 8.2408e-01, 9.2459e-03, 
 2DIAGNOSTIC,     3, -8.880467414856e-01, inf, 8.3332e-01, 9.2330e-03, 
 2DIAGNOSTIC,     4, -8.977564573288e-01, inf, 8.4218e-01, 8.8630e-03, 
 2DIAGNOSTIC,     5, -9.110219478607e-01, inf, 8.5125e-01, 9.0740e-03, 
 2DIAGNOSTIC,     6, -9.237799048424e-01, inf, 8.6002e-01, 8.7681e-03, 
 2DIAGNOSTIC,     7, -9.309878945351e-01, inf, 8.6906e-01, 9.0399e-03, 
 2DIAGNOSTIC,     8, -9.358700513840e-01, inf, 8.7821e-01, 9.1469e-03, 
 2DIAGNOSTIC,     9, -9.453077912331e-01, inf, 8.8864e-01, 1.0429e-02, 
 2DIAGNOSTIC,    10, -9.506515860558e-01, 5.585805978626e-03, 9.0305e-01, 1.4417e-02, 
 2DIAGNOSTIC,    11, -9.539346694946e-01, 4.876977764070e-03, 9.1215e-01, 9.0911e-03, 
 2DIAGNOSTIC,    12, -9.558282494545e-01, 4.002260975540e-03, 9.2250e-01, 1.0352e-02, 
 2DIAGNOSTIC,    13, -9.591205120087e-01, 3.135613631457e-03, 9.3452e-01, 1.2018e-02, 
 2DIAGNOSTIC,    14, -9.617410898209e-01, 2.375910058618e-03, 9.4368e-01, 9.1648e-03, 
 2DIAGNOSTIC,    15, -9.630100727081e-01, 1.794216339476e-03, 9.5509e-01, 1.1408e-02, 
 2DIAGNOSTIC,    16, -9.652528166771e-01, 1.409157644957e-03, 9.6571e-01, 1.0626e-02, 
 2DIAGNOSTIC,    17, -9.667239785194e-01, 1.097008935176e-03, 9.7847e-01, 1.2759e-02, 
 2DIAGNOSTIC,    18, -9.681441783905e-01, 8.223627228290e-04, 9.8937e-01, 1.0899e-02, 
 2DIAGNOSTIC,    19, -9.684669971466e-01, 6.553960265592e-04, 1.0018e+00, 1.2460e-02, 
 2DIAGNOSTIC,    20, -9.685205817223e-01, 5.263381754048e-04, 1.0121e+00, 1.0258e-02, 
 2DIAGNOSTIC,    21, -9.685174822807e-01, 4.084355896339e-04, 1.0221e+00, 1.0039e-02, 
 2DIAGNOSTIC,    22, -9.685113430023e-01, 2.884985296987e-04, 1.0306e+00, 8.4770e-03, 
 2DIAGNOSTIC,    23, -9.685117006302e-01, 1.949291472556e-04, 1.0427e+00, 1.2141e-02, 
 2DIAGNOSTIC,    24, -9.684219360352e-01, 1.230484049302e-04, 1.0540e+00, 1.1214e-02, 
 2DIAGNOSTIC,    25, -9.683991074562e-01, 6.036764534656e-05, 1.0633e+00, 9.3338e-03, 
 2DIAGNOSTIC,    26, -9.684205651283e-01, 2.301543827343e-05, 1.0734e+00, 1.0147e-02, 
 2DIAGNOSTIC,    27, -9.684331417084e-01, 2.524287765482e-06, 1.0828e+00, 9.3989e-03, 
DIAGNOSTIC,Iteration,metricValue,convergenceValue,ITERATION_TIME_INDEX,SINCE_LAST
 2DIAGNOSTIC,     1, -7.346125841141e-01, inf, 1.7999e+00, 7.1702e-01, 
 2DIAGNOSTIC,     2, -7.352241873741e-01, inf, 1.8350e+00, 3.5104e-02, 
 2DIAGNOSTIC,     3, -7.360908985138e-01, inf, 1.8679e+00, 3.2983e-02, 
 2DIAGNOSTIC,     4, -7.370725274086e-01, inf, 1.9007e+00, 3.2731e-02, 
 2DIAGNOSTIC,     5, -7.380967736244e-01, inf, 1.9340e+00, 3.3332e-02, 
 2DIAGNOSTIC,     6, -7.391979694366e-01, inf, 1.9680e+00, 3.4002e-02, 
 2DIAGNOSTIC,     7, -7.411010265350e-01, inf, 2.0105e+00, 4.2523e-02, 
 2DIAGNOSTIC,     8, -7.414816617966e-01, inf, 2.0549e+00, 4.4326e-02, 
 2DIAGNOSTIC,     9, -7.417763471603e-01, inf, 2.0897e+00, 3.4864e-02, 
 2DIAGNOSTIC,    10, -7.420220971107e-01, 7.334967376664e-04, 2.1228e+00, 3.3102e-02, 
 2DIAGNOSTIC,    11, -7.424840331078e-01, 6.195745663717e-04, 2.1699e+00, 4.7030e-02, 
 2DIAGNOSTIC,    12, -7.427006959915e-01, 4.947082488798e-04, 2.2034e+00, 3.3534e-02, 
 2DIAGNOSTIC,    13, -7.428637742996e-01, 3.748852468561e-04, 2.2371e+00, 3.3754e-02, 
 2DIAGNOSTIC,    14, -7.431058883667e-01, 2.723655197769e-04, 2.2804e+00, 4.3294e-02, 
 2DIAGNOSTIC,    15, -7.432151436806e-01, 1.876620663097e-04, 2.3136e+00, 3.3178e-02, 
 2DIAGNOSTIC,    16, -7.433709502220e-01, 1.254861563211e-04, 2.3468e+00, 3.3164e-02, 
 2DIAGNOSTIC,    17, -7.435856461525e-01, 1.069079953595e-04, 2.3939e+00, 4.7112e-02, 
 2DIAGNOSTIC,    18, -7.436952590942e-01, 9.104760829359e-05, 2.4366e+00, 4.2741e-02, 
 2DIAGNOSTIC,    19, -7.437085509300e-01, 7.478947372874e-05, 2.4737e+00, 3.7110e-02, 
 2DIAGNOSTIC,    20, -7.437128424644e-01, 5.803446765640e-05, 2.5072e+00, 3.3479e-02, 
 2DIAGNOSTIC,    21, -7.437141537666e-01, 4.604160858435e-05, 2.5485e+00, 4.1241e-02, 
 2DIAGNOSTIC,    22, -7.437211871147e-01, 3.480919986032e-05, 2.5845e+00, 3.6048e-02, 
 2DIAGNOSTIC,    23, -7.437247633934e-01, 2.411555578874e-05, 2.6175e+00, 3.2980e-02, 
 2DIAGNOSTIC,    24, -7.437435388565e-01, 1.637808964006e-05, 2.6546e+00, 3.7121e-02, 
 2DIAGNOSTIC,    25, -7.437849640846e-01, 1.014949157252e-05, 2.6869e+00, 3.2317e-02, 
 2DIAGNOSTIC,    26, -7.438280582428e-01, 6.416413270927e-06, 2.7194e+00, 3.2446e-02, 
 2DIAGNOSTIC,    27, -7.438746094704e-01, 6.130252131697e-06, 2.7515e+00, 3.2174e-02, 
 2DIAGNOSTIC,    28, -7.439557313919e-01, 7.999578883755e-06, 2.7840e+00, 3.2488e-02, 
 2DIAGNOSTIC,    29, -7.440085411072e-01, 9.944703379006e-06, 2.8385e+00, 5.4449e-02, 
 2DIAGNOSTIC,    30, -7.440316677094e-01, 1.126597635448e-05, 2.8816e+00, 4.3082e-02, 
 2DIAGNOSTIC,    31, -7.440191507339e-01, 1.140240419772e-05, 2.9181e+00, 3.6557e-02, 
 2DIAGNOSTIC,    32, -7.440209984779e-01, 1.066618187906e-05, 2.9567e+00, 3.8587e-02, 
 2DIAGNOSTIC,    33, -7.440146207809e-01, 9.014600436785e-06, 2.9892e+00, 3.2503e-02, 
 2DIAGNOSTIC,    34, -7.440167665482e-01, 6.918609869899e-06, 3.0267e+00, 3.7479e-02, 
 2DIAGNOSTIC,    35, -7.440189123154e-01, 4.851114226767e-06, 3.0664e+00, 3.9676e-02, 
 2DIAGNOSTIC,    36, -7.440350055695e-01, 3.158718755003e-06, 3.1062e+00, 3.9843e-02, 
 2DIAGNOSTIC,    37, -7.440233826637e-01, 1.685839833954e-06, 3.1435e+00, 3.7259e-02, 
 2DIAGNOSTIC,    38, -7.440231442451e-01, 1.019142587211e-06, 3.1803e+00, 3.6866e-02, 
DIAGNOSTIC,Iteration,metricValue,convergenceValue,ITERATION_TIME_INDEX,SINCE_LAST
 2DIAGNOSTIC,     1, -6.528622508049e-01, inf, 4.2836e+00, 1.1033e+00, 
 2DIAGNOSTIC,     2, -6.529784202576e-01, inf, 4.4982e+00, 2.1460e-01, 
 2DIAGNOSTIC,     3, -6.530095338821e-01, inf, 4.7157e+00, 2.1752e-01, 
 2DIAGNOSTIC,     4, -6.530265808105e-01, inf, 4.9625e+00, 2.4674e-01, 
 2DIAGNOSTIC,     5, -6.530355811119e-01, inf, 5.1837e+00, 2.2123e-01, 
 2DIAGNOSTIC,     6, -6.530524492264e-01, inf, 5.4279e+00, 2.4424e-01, 
 2DIAGNOSTIC,     7, -6.530719995499e-01, inf, 5.6462e+00, 2.1827e-01, 
 2DIAGNOSTIC,     8, -6.530948877335e-01, inf, 5.8672e+00, 2.2097e-01, 
 2DIAGNOSTIC,     9, -6.531412601471e-01, inf, 6.0869e+00, 2.1970e-01, 
 2DIAGNOSTIC,    10, -6.531943082809e-01, 2.747547659965e-05, 6.3316e+00, 2.4475e-01, 
 2DIAGNOSTIC,    11, -6.532116532326e-01, 2.291431337653e-05, 6.7245e+00, 3.9290e-01, 
 2DIAGNOSTIC,    12, -6.532077789307e-01, 2.138639138138e-05, 6.9996e+00, 2.7511e-01, 
 2DIAGNOSTIC,    13, -6.532099246979e-01, 1.953025457624e-05, 7.2530e+00, 2.5339e-01, 
 2DIAGNOSTIC,    14, -6.532083749771e-01, 1.684990274953e-05, 7.4979e+00, 2.4485e-01, 
 2DIAGNOSTIC,    15, -6.532061696053e-01, 1.336423974863e-05, 7.7528e+00, 2.5488e-01, 
 2DIAGNOSTIC,    16, -6.532070636749e-01, 9.768433301360e-06, 7.9703e+00, 2.1749e-01, 
 2DIAGNOSTIC,    17, -6.532078981400e-01, 6.418768862204e-06, 8.1859e+00, 2.1567e-01, 
 2DIAGNOSTIC,    18, -6.532087326050e-01, 3.583346824598e-06, 8.4224e+00, 2.3643e-01, 
 2DIAGNOSTIC,    19, -6.532096862793e-01, 1.931181941472e-06, 8.6564e+00, 2.3402e-01, 
 2DIAGNOSTIC,    20, -6.532096266747e-01, 1.563007003824e-06, 8.8873e+00, 2.3088e-01, 
 2DIAGNOSTIC,    21, -6.532102227211e-01, 1.606906948837e-06, 9.2332e+00, 3.4597e-01, 
 2DIAGNOSTIC,    22, -6.532102227211e-01, 1.558847770866e-06, 9.4752e+00, 2.4196e-01, 
 2DIAGNOSTIC,    23, -6.532096862793e-01, 1.535201931802e-06, 9.7623e+00, 2.8713e-01, 
 2DIAGNOSTIC,    24, -6.532095074654e-01, 1.469636458751e-06, 1.0034e+01, 2.7137e-01, 
 2DIAGNOSTIC,    25, -6.532095670700e-01, 1.358296572107e-06, 1.0279e+01, 2.4570e-01, 
 2DIAGNOSTIC,    26, -6.532096266747e-01, 1.263068725166e-06, 1.0522e+01, 2.4279e-01, 
 2DIAGNOSTIC,    27, -6.532094478607e-01, 1.181459765576e-06, 1.0779e+01, 2.5663e-01, 
 2DIAGNOSTIC,    28, -6.532094478607e-01, 1.118318095905e-06, 1.1030e+01, 2.5162e-01, 
 2DIAGNOSTIC,    29, -6.532093286514e-01, 1.073926227946e-06, 1.1295e+01, 2.6475e-01, 
 2DIAGNOSTIC,    30, -6.532094478607e-01, 1.035163336383e-06, 1.1532e+01, 2.3672e-01, 
 2DIAGNOSTIC,    31, -6.532094478607e-01, 1.009451125356e-06, 1.1803e+01, 2.7112e-01, 
DIAGNOSTIC,Iteration,metricValue,convergenceValue,ITERATION_TIME_INDEX,SINCE_LAST
 2DIAGNOSTIC,     1, -5.903717875481e-01, inf, 1.4399e+01, 2.5964e+00, 
  Elapsed time (stage 0): 1.5536e+01


Stage 1
  iterations = 1000x500x250x0
  convergence threshold = 1.0000e-06
  convergence window size = 10
  number of levels = 4
