
Running N4 for 3-dimensional images.

Mask not read.  Using the entire image as the mask.

Original intensity range:  [0, 862]

***********************************************************
Warning:  Your input image contains nonpositive values
which could cause failure or problematic results.  A
possible workaround would be to:
   1. rescale your image to positive values e.g., [10,100].
   2. run N4 on your rescaled image.
   3. (optional) rescale the N4 output to the original
      intensity range.
***********************************************************

Specified spline distance: 200mm
  original image size:  [192, 256, 256]
  padded image size:  [201, 401, 401]
  number of control points:  [4, 5, 5]

Current level = 1
  Iteration 1 (of 50).   Current convergence value = 0.000477535 (threshold = 1e-08)
  Iteration 2 (of 50).   Current convergence value = 0.000427143 (threshold = 1e-08)
  Iteration 3 (of 50).   Current convergence value = 0.000418638 (threshold = 1e-08)
  Iteration 4 (of 50).   Current convergence value = 0.000412508 (threshold = 1e-08)
  Iteration 5 (of 50).   Current convergence value = 0.000401537 (threshold = 1e-08)
  Iteration 6 (of 50).   Current convergence value = 0.000381494 (threshold = 1e-08)
  Iteration 7 (of 50).   Current convergence value = 0.000348409 (threshold = 1e-08)
  Iteration 8 (of 50).   Current convergence value = 0.000310354 (threshold = 1e-08)
  Iteration 9 (of 50).   Current convergence value = 0.000275332 (threshold = 1e-08)
  Iteration 10 (of 50).   Current convergence value = 0.000246136 (threshold = 1e-08)
  Iteration 11 (of 50).   Current convergence value = 0.000222333 (threshold = 1e-08)
  Iteration 12 (of 50).   Current convergence value = 0.000202806 (threshold = 1e-08)
  Iteration 13 (of 50).   Current convergence value = 0.000186303 (threshold = 1e-08)
  Iteration 14 (of 50).   Current convergence value = 0.000172785 (threshold = 1e-08)
  Iteration 15 (of 50).   Current convergence value = 0.000161186 (threshold = 1e-08)
  Iteration 16 (of 50).   Current convergence value = 0.000151114 (threshold = 1e-08)
  Iteration 17 (of 50).   Current convergence value = 0.000142613 (threshold = 1e-08)
  Iteration 18 (of 50).   Current convergence value = 0.000135027 (threshold = 1e-08)
  Iteration 19 (of 50).   Current convergence value = 0.000128424 (threshold = 1e-08)
  Iteration 20 (of 50).   Current convergence value = 0.000122717 (threshold = 1e-08)
  Iteration 21 (of 50).   Current convergence value = 0.000117819 (threshold = 1e-08)
  Iteration 22 (of 50).   Current convergence value = 0.000113676 (threshold = 1e-08)
  Iteration 23 (of 50).   Current convergence value = 0.000109972 (threshold = 1e-08)
  Iteration 24 (of 50).   Current convergence value = 0.000107298 (threshold = 1e-08)
  Iteration 25 (of 50).   Current convergence value = 0.00010495 (threshold = 1e-08)
  Iteration 26 (of 50).   Current convergence value = 0.000102829 (threshold = 1e-08)
  Iteration 27 (of 50).   Current convergence value = 0.000101048 (threshold = 1e-08)
  Iteration 28 (of 50).   Current convergence value = 9.96259e-05 (threshold = 1e-08)
  Iteration 29 (of 50).   Current convergence value = 9.83165e-05 (threshold = 1e-08)
  Iteration 30 (of 50).   Current convergence value = 9.71654e-05 (threshold = 1e-08)
  Iteration 31 (of 50).   Current convergence value = 9.58184e-05 (threshold = 1e-08)
  Iteration 32 (of 50).   Current convergence value = 9.47211e-05 (threshold = 1e-08)
  Iteration 33 (of 50).   Current convergence value = 9.35133e-05 (threshold = 1e-08)
  Iteration 34 (of 50).   Current convergence value = 9.26073e-05 (threshold = 1e-08)
  Iteration 35 (of 50).   Current convergence value = 9.15208e-05 (threshold = 1e-08)
  Iteration 36 (of 50).   Current convergence value = 9.04797e-05 (threshold = 1e-08)
  Iteration 37 (of 50).   Current convergence value = 8.97138e-05 (threshold = 1e-08)
  Iteration 38 (of 50).   Current convergence value = 8.88229e-05 (threshold = 1e-08)
  Iteration 39 (of 50).   Current convergence value = 8.78996e-05 (threshold = 1e-08)
  Iteration 40 (of 50).   Current convergence value = 8.69354e-05 (threshold = 1e-08)
  Iteration 41 (of 50).   Current convergence value = 8.62184e-05 (threshold = 1e-08)
  Iteration 42 (of 50).   Current convergence value = 8.55674e-05 (threshold = 1e-08)
  Iteration 43 (of 50).   Current convergence value = 8.48769e-05 (threshold = 1e-08)
  Iteration 44 (of 50).   Current convergence value = 8.42742e-05 (threshold = 1e-08)
  Iteration 45 (of 50).   Current convergence value = 8.37919e-05 (threshold = 1e-08)
  Iteration 46 (of 50).   Current convergence value = 8.3369e-05 (threshold = 1e-08)
  Iteration 47 (of 50).   Current convergence value = 8.29499e-05 (threshold = 1e-08)
  Iteration 48 (of 50).   Current convergence value = 8.2476e-05 (threshold = 1e-08)
  Iteration 49 (of 50).   Current convergence value = 8.21428e-05 (threshold = 1e-08)
  Iteration 50 (of 50).   Current convergence value = 8.18851e-05 (threshold = 1e-08)
Current level = 2
  Iteration 1 (of 50).   Current convergence value = 0.000539941 (threshold = 1e-08)
  Iteration 2 (of 50).   Current convergence value = 0.000496687 (threshold = 1e-08)
  Iteration 3 (of 50).   Current convergence value = 0.00046259 (threshold = 1e-08)
  Iteration 4 (of 50).   Current convergence value = 0.000435539 (threshold = 1e-08)
  Iteration 5 (of 50).   Current convergence value = 0.0004135 (threshold = 1e-08)
  Iteration 6 (of 50).   Current convergence value = 0.000394671 (threshold = 1e-08)
  Iteration 7 (of 50).   Current convergence value = 0.00037826 (threshold = 1e-08)
  Iteration 8 (of 50).   Current convergence value = 0.000363477 (threshold = 1e-08)
  Iteration 9 (of 50).   Current convergence value = 0.00034969 (threshold = 1e-08)
  Iteration 10 (of 50).   Current convergence value = 0.000336569 (threshold = 1e-08)
  Iteration 11 (of 50).   Current convergence value = 0.000325018 (threshold = 1e-08)
  Iteration 12 (of 50).   Current convergence value = 0.000314118 (threshold = 1e-08)
  Iteration 13 (of 50).   Current convergence value = 0.00030446 (threshold = 1e-08)
  Iteration 14 (of 50).   Current convergence value = 0.000295362 (threshold = 1e-08)
  Iteration 15 (of 50).   Current convergence value = 0.000287075 (threshold = 1e-08)
  Iteration 16 (of 50).   Current convergence value = 0.000279491 (threshold = 1e-08)
  Iteration 17 (of 50).   Current convergence value = 0.000272186 (threshold = 1e-08)
  Iteration 18 (of 50).   Current convergence value = 0.000265532 (threshold = 1e-08)
  Iteration 19 (of 50).   Current convergence value = 0.000259337 (threshold = 1e-08)
  Iteration 20 (of 50).   Current convergence value = 0.000253812 (threshold = 1e-08)
  Iteration 21 (of 50).   Current convergence value = 0.000248852 (threshold = 1e-08)
  Iteration 22 (of 50).   Current convergence value = 0.000243875 (threshold = 1e-08)
  Iteration 23 (of 50).   Current convergence value = 0.000239206 (threshold = 1e-08)
  Iteration 24 (of 50).   Current convergence value = 0.000234957 (threshold = 1e-08)
  Iteration 25 (of 50).   Current convergence value = 0.00023076 (threshold = 1e-08)
  Iteration 26 (of 50).   Current convergence value = 0.000226846 (threshold = 1e-08)
  Iteration 27 (of 50).   Current convergence value = 0.000222956 (threshold = 1e-08)
  Iteration 28 (of 50).   Current convergence value = 0.000219209 (threshold = 1e-08)
  Iteration 29 (of 50).   Current convergence value = 0.000215546 (threshold = 1e-08)
  Iteration 30 (of 50).   Current convergence value = 0.000212145 (threshold = 1e-08)
  Iteration 31 (of 50).   Current convergence value = 0.000208894 (threshold = 1e-08)
  Iteration 32 (of 50).   Current convergence value = 0.000205919 (threshold = 1e-08)
  Iteration 33 (of 50).   Current convergence value = 0.000203026 (threshold = 1e-08)
  Iteration 34 (of 50).   Current convergence value = 0.000200252 (threshold = 1e-08)
  Iteration 35 (of 50).   Current convergence value = 0.000197873 (threshold = 1e-08)
  Iteration 36 (of 50).   Current convergence value = 0.000195367 (threshold = 1e-08)
  Iteration 37 (of 50).   Current convergence value = 0.000192827 (threshold = 1e-08)
  Iteration 38 (of 50).   Current convergence value = 0.000190508 (threshold = 1e-08)
  Iteration 39 (of 50).   Current convergence value = 0.0001881 (threshold = 1e-08)
  Iteration 40 (of 50).   Current convergence value = 0.000185978 (threshold = 1e-08)
  Iteration 41 (of 50).   Current convergence value = 0.000183791 (threshold = 1e-08)
  Iteration 42 (of 50).   Current convergence value = 0.000181682 (threshold = 1e-08)
  Iteration 43 (of 50).   Current convergence value = 0.000179609 (threshold = 1e-08)
  Iteration 44 (of 50).   Current convergence value = 0.000177534 (threshold = 1e-08)
  Iteration 45 (of 50).   Current convergence value = 0.000175599 (threshold = 1e-08)
  Iteration 46 (of 50).   Current convergence value = 0.000173707 (threshold = 1e-08)
  Iteration 47 (of 50).   Current convergence value = 0.000171844 (threshold = 1e-08)
  Iteration 48 (of 50).   Current convergence value = 0.00017004 (threshold = 1e-08)
  Iteration 49 (of 50).   Current convergence value = 0.000168367 (threshold = 1e-08)
  Iteration 50 (of 50).   Current convergence value = 0.000166543 (threshold = 1e-08)
Current level = 3
  Iteration 1 (of 40).   Current convergence value = 0.00153864 (threshold = 1e-08)
  Iteration 2 (of 40).   Current convergence value = 0.00147945 (threshold = 1e-08)
  Iteration 3 (of 40).   Current convergence value = 0.00146798 (threshold = 1e-08)
  Iteration 4 (of 40).   Current convergence value = 0.00145385 (threshold = 1e-08)
  Iteration 5 (of 40).   Current convergence value = 0.00143095 (threshold = 1e-08)
  Iteration 6 (of 40).   Current convergence value = 0.00142054 (threshold = 1e-08)
  Iteration 7 (of 40).   Current convergence value = 0.00140992 (threshold = 1e-08)
  Iteration 8 (of 40).   Current convergence value = 0.00140113 (threshold = 1e-08)
  Iteration 9 (of 40).   Current convergence value = 0.00139671 (threshold = 1e-08)
  Iteration 10 (of 40).   Current convergence value = 0.00139698 (threshold = 1e-08)
  Iteration 11 (of 40).   Current convergence value = 0.00139582 (threshold = 1e-08)
  Iteration 12 (of 40).   Current convergence value = 0.00139724 (threshold = 1e-08)
  Iteration 13 (of 40).   Current convergence value = 0.00132715 (threshold = 1e-08)
  Iteration 14 (of 40).   Current convergence value = 0.00124546 (threshold = 1e-08)
  Iteration 15 (of 40).   Current convergence value = 0.00118191 (threshold = 1e-08)
  Iteration 16 (of 40).   Current convergence value = 0.00113177 (threshold = 1e-08)
  Iteration 17 (of 40).   Current convergence value = 0.00109099 (threshold = 1e-08)
  Iteration 18 (of 40).   Current convergence value = 0.00105774 (threshold = 1e-08)
  Iteration 19 (of 40).   Current convergence value = 0.00103136 (threshold = 1e-08)
  Iteration 20 (of 40).   Current convergence value = 0.00101085 (threshold = 1e-08)
  Iteration 21 (of 40).   Current convergence value = 0.000995331 (threshold = 1e-08)
  Iteration 22 (of 40).   Current convergence value = 0.000984521 (threshold = 1e-08)
  Iteration 23 (of 40).   Current convergence value = 0.000978122 (threshold = 1e-08)
  Iteration 24 (of 40).   Current convergence value = 0.000975453 (threshold = 1e-08)
  Iteration 25 (of 40).   Current convergence value = 0.000975818 (threshold = 1e-08)
  Iteration 26 (of 40).   Current convergence value = 0.000978467 (threshold = 1e-08)
  Iteration 27 (of 40).   Current convergence value = 0.000946898 (threshold = 1e-08)
  Iteration 28 (of 40).   Current convergence value = 0.000891251 (threshold = 1e-08)
  Iteration 29 (of 40).   Current convergence value = 0.000846039 (threshold = 1e-08)
  Iteration 30 (of 40).   Current convergence value = 0.000808542 (threshold = 1e-08)
  Iteration 31 (of 40).   Current convergence value = 0.000777534 (threshold = 1e-08)
  Iteration 32 (of 40).   Current convergence value = 0.000751169 (threshold = 1e-08)
  Iteration 33 (of 40).   Current convergence value = 0.00071718 (threshold = 1e-08)
  Iteration 34 (of 40).   Current convergence value = 0.000682983 (threshold = 1e-08)
  Iteration 35 (of 40).   Current convergence value = 0.000654406 (threshold = 1e-08)
  Iteration 36 (of 40).   Current convergence value = 0.000630131 (threshold = 1e-08)
  Iteration 37 (of 40).   Current convergence value = 0.0006095 (threshold = 1e-08)
  Iteration 38 (of 40).   Current convergence value = 0.000591926 (threshold = 1e-08)
  Iteration 39 (of 40).   Current convergence value = 0.000577088 (threshold = 1e-08)
  Iteration 40 (of 40).   Current convergence value = 0.000564515 (threshold = 1e-08)
Current level = 4
  Iteration 1 (of 30).   Current convergence value = 0.00202692 (threshold = 1e-08)
  Iteration 2 (of 30).   Current convergence value = 0.00169988 (threshold = 1e-08)
  Iteration 3 (of 30).   Current convergence value = 0.00157642 (threshold = 1e-08)
  Iteration 4 (of 30).   Current convergence value = 0.00145508 (threshold = 1e-08)
  Iteration 5 (of 30).   Current convergence value = 0.00137534 (threshold = 1e-08)
  Iteration 6 (of 30).   Current convergence value = 0.00131668 (threshold = 1e-08)
  Iteration 7 (of 30).   Current convergence value = 0.00126631 (threshold = 1e-08)
  Iteration 8 (of 30).   Current convergence value = 0.00119931 (threshold = 1e-08)
  Iteration 9 (of 30).   Current convergence value = 0.0011333 (threshold = 1e-08)
  Iteration 10 (of 30).   Current convergence value = 0.00108056 (threshold = 1e-08)
  Iteration 11 (of 30).   Current convergence value = 0.00103486 (threshold = 1e-08)
  Iteration 12 (of 30).   Current convergence value = 0.000993502 (threshold = 1e-08)
  Iteration 13 (of 30).   Current convergence value = 0.000955969 (threshold = 1e-08)
  Iteration 14 (of 30).   Current convergence value = 0.000921736 (threshold = 1e-08)
  Iteration 15 (of 30).   Current convergence value = 0.000890158 (threshold = 1e-08)
  Iteration 16 (of 30).   Current convergence value = 0.000860742 (threshold = 1e-08)
  Iteration 17 (of 30).   Current convergence value = 0.000833111 (threshold = 1e-08)
  Iteration 18 (of 30).   Current convergence value = 0.000807225 (threshold = 1e-08)
  Iteration 19 (of 30).   Current convergence value = 0.000782898 (threshold = 1e-08)
  Iteration 20 (of 30).   Current convergence value = 0.000759346 (threshold = 1e-08)
  Iteration 21 (of 30).   Current convergence value = 0.000736355 (threshold = 1e-08)
  Iteration 22 (of 30).   Current convergence value = 0.000713879 (threshold = 1e-08)
  Iteration 23 (of 30).   Current convergence value = 0.000691876 (threshold = 1e-08)
  Iteration 24 (of 30).   Current convergence value = 0.000670263 (threshold = 1e-08)
  Iteration 25 (of 30).   Current convergence value = 0.000649589 (threshold = 1e-08)
  Iteration 26 (of 30).   Current convergence value = 0.00062943 (threshold = 1e-08)
  Iteration 27 (of 30).   Current convergence value = 0.000610052 (threshold = 1e-08)
  Iteration 28 (of 30).   Current convergence value = 0.000591839 (threshold = 1e-08)
  Iteration 29 (of 30).   Current convergence value = 0.000574099 (threshold = 1e-08)
  Iteration 30 (of 30).   Current convergence value = 0.000557346 (threshold = 1e-08)
   N4BiasFieldCorrectionImageFilter (0x559bb25f2e20)
     RTTI typeinfo:   itk::N4BiasFieldCorrectionImageFilter<itk::Image<float, 3u>, itk::Image<float, 3u>, itk::Image<float, 3u> >
     Reference Count: 1
     Modified Time: 565
     Debug: Off
     Object Name: 
     Observers: 
       IterationEvent(Command)
     Inputs: 
       ConfidenceImage: (0)
       MaskImage: (0x559bb261d5e0)
       Primary: (0x559bb2618b30) *
     Indexed Inputs: 
       0: Primary (0x559bb2618b30)
       1: MaskImage (0x559bb261d5e0)
       2: ConfidenceImage (0)
     Required Input Names: Primary
     NumberOfRequiredInputs: 1
     Outputs: 
       Primary: (0x559bb2602ef0)
     Indexed Outputs: 
       0: Primary (0x559bb2602ef0)
     NumberOfRequiredOutputs: 1
     Number Of Work Units: 32
     ReleaseDataFlag: Off
     ReleaseDataBeforeUpdateFlag: Off
     AbortGenerateData: Off
     Progress: 0
     Multithreader: 
       RTTI typeinfo:   itk::PoolMultiThreader
       Reference Count: 1
       Modified Time: 144
       Debug: Off
       Object Name: 
       Observers: 
         none
       Number of Work Units: 32
       Number of Threads: 8
       Global Maximum Number Of Threads: 128
       Global Default Number Of Threads: 8
       Global Default Threader Type: itk::MultiThreaderBaseEnums::Threader::Pool
       SingleMethod: 0
       SingleData: 0
     DynamicMultiThreading: On
     CoordinateTolerance: 1e-06
     DirectionTolerance: 1e-06
     Use Mask Label: 0
     Mask label: 1
     Number of histogram bins: 200
     Wiener filter noise: 0.01
     Bias field FWHM: 0.15
     Maximum number of iterations: [50, 50, 40, 30]
     Convergence threshold: 1e-08
     Spline order: 3
     Number of fitting levels: [4, 4, 4]
     Number of control points: [4, 5, 5]
     CurrentConvergenceMeasurement: 0.000557346
     CurrentLevel: 4
     ElapsedIterations: 31
     LogBiasFieldControlPointLattice: 
       Image (0x559bbe599040)
         RTTI typeinfo:   itk::Image<itk::Vector<float, 1u>, 3u>
         Reference Count: 1
         Modified Time: 343560
         Debug: Off
         Object Name: 
         Observers: 
           none
         Source: (none)
         Source output name: (none)
         Release Data: Off
         Data Released: False
         Global Release Data: Off
         PipelineMTime: 0
         UpdateMTime: 0
         RealTimeStamp: 0 seconds 
         LargestPossibleRegion: 
           Dimension: 3
           Index: [0, 0, 0]
           Size: [11, 19, 19]
         BufferedRegion: 
           Dimension: 3
           Index: [0, 0, 0]
           Size: [11, 19, 19]
         RequestedRegion: 
           Dimension: 3
           Index: [0, 0, 0]
           Size: [11, 19, 19]
         Spacing: [24.75, 24.875, 24.875]
         Origin: [26.0709, 23.344, -25.0092]
         Direction: 
-0.998839 -0.00653922 -0.047718
0.00385499 -0.998416 0.0561286
-0.0480094 0.0558795 0.997283

         IndexToPointMatrix: 
-24.7213 -0.162663 -1.18698
0.0954111 -24.8356 1.3962
-1.18823 1.39 24.8074

         PointToIndexMatrix: 
-0.0403571 0.000155757 -0.00193978
-0.000262883 -0.0401373 0.00224641
-0.00191831 0.00225643 0.0400918

         Inverse Direction: 
-0.998839 0.00385499 -0.0480094
-0.00653922 -0.998416 0.0558795
-0.047718 0.0561286 0.997283

         PixelContainer: 
           ImportImageContainer (0x559bbf81f510)
             RTTI typeinfo:   itk::ImportImageContainer<unsigned long, itk::Vector<float, 1u> >
             Reference Count: 1
             Modified Time: 343561
             Debug: Off
             Object Name: 
             Observers: 
               none
             Pointer: 0x559bbc7970d0
             Container manages memory: true
             Size: 3971
             Capacity: 3971
Elapsed time: 297.561
All_Command_lines_OK
Using single precision for computations.
=============================================================================
The composite transform comprises the following transforms (in order): 
  1. Center of mass alignment using fixed image: /home/mpib/nemecz/Projects/miniTRK/Results/01_MRI/GroupTempl/T1w/T_template0.nii.gz and moving image: /home/mpib/nemecz/Projects/miniTRK/Analysis/01_MRI/Preproc/GroupTempl/T1w/sub-782818_T1w.nii.gz (type = Euler3DTransform)
=============================================================================
  number of levels = 4
  number of levels = 4
  number of levels = 4
  fixed image: /home/mpib/nemecz/Projects/miniTRK/Results/01_MRI/GroupTempl/T1w/T_template0.nii.gz
  moving image: /home/mpib/nemecz/Projects/miniTRK/Results/01_MRI/GroupTempl/T1w/T_template0sub-782818_T1wRepaired.nii.gz
  fixed image: /home/mpib/nemecz/Projects/miniTRK/Results/01_MRI/GroupTempl/T1w/T_template0.nii.gz
  moving image: /home/mpib/nemecz/Projects/miniTRK/Results/01_MRI/GroupTempl/T1w/T_template0sub-782818_T1wRepaired.nii.gz
  fixed image: /home/mpib/nemecz/Projects/miniTRK/Results/01_MRI/GroupTempl/T1w/T_template0.nii.gz
  moving image: /home/mpib/nemecz/Projects/miniTRK/Results/01_MRI/GroupTempl/T1w/T_template0sub-782818_T1wRepaired.nii.gz
Dimension = 3
Number of stages = 3
Use Histogram Matching true
Winsorize image intensities true
Lower quantile = 0.01
Upper quantile = 0.99
Stage 1 State
   Image metric = Mattes
     Fixed image = Image (0x55ffb89b7ad0)
  RTTI typeinfo:   itk::Image<float, 3u>
  Reference Count: 2
  Modified Time: 1721
  Debug: Off
  Object Name: 
  Observers: 
    none
  Source: (none)
  Source output name: (none)
  Release Data: Off
  Data Released: False
  Global Release Data: Off
  PipelineMTime: 0
  UpdateMTime: 1506
  RealTimeStamp: 0 seconds 
  LargestPossibleRegion: 
    Dimension: 3
    Index: [0, 0, 0]
    Size: [192, 256, 256]
  BufferedRegion: 
    Dimension: 3
    Index: [0, 0, 0]
    Size: [192, 256, 256]
  RequestedRegion: 
    Dimension: 3
    Index: [0, 0, 0]
    Size: [192, 256, 256]
  Spacing: [1, 1, 1]
  Origin: [95.0313, 100.538, -154.123]
  Direction: 
-0.999853 -0.014134 -0.00966312
0.014129 -0.9999 0.000586045
-0.00967044 0.000449429 0.999953

  IndexToPointMatrix: 
-0.999853 -0.014134 -0.00966312
0.014129 -0.9999 0.000586045
-0.00967044 0.000449429 0.999953

  PointToIndexMatrix: 
-0.999853 0.014129 -0.00967044
-0.014134 -0.9999 0.000449429
-0.00966312 0.000586045 0.999953

  Inverse Direction: 
-0.999853 0.014129 -0.00967044
-0.014134 -0.9999 0.000449429
-0.00966312 0.000586045 0.999953

  PixelContainer: 
    ImportImageContainer (0x55ffb89bfc80)
      RTTI typeinfo:   itk::ImportImageContainer<unsigned long, float>
      Reference Count: 1
      Modified Time: 1503
      Debug: Off
      Object Name: 
      Observers: 
        none
      Pointer: 0x7f394b816010
      Container manages memory: true
      Size: 12582912
      Capacity: 12582912

     Moving image = Image (0x55ffb89b8bc0)
  RTTI typeinfo:   itk::Image<float, 3u>
  Reference Count: 2
  Modified Time: 1722
  Debug: Off
  Object Name: 
  Observers: 
    none
  Source: (none)
  Source output name: (none)
  Release Data: Off
  Data Released: False
  Global Release Data: Off
  PipelineMTime: 0
  UpdateMTime: 1719
  RealTimeStamp: 0 seconds 
  LargestPossibleRegion: 
    Dimension: 3
    Index: [0, 0, 0]
    Size: [192, 256, 256]
  BufferedRegion: 
    Dimension: 3
    Index: [0, 0, 0]
    Size: [192, 256, 256]
  RequestedRegion: 
    Dimension: 3
    Index: [0, 0, 0]
    Size: [192, 256, 256]
  Spacing: [1, 1, 1]
  Origin: [99.1239, 89.813, -147.258]
  Direction: 
-0.998839 -0.00653922 -0.047718
0.00385499 -0.998416 0.0561286
-0.0480094 0.0558795 0.997283

  IndexToPointMatrix: 
-0.998839 -0.00653922 -0.047718
0.00385499 -0.998416 0.0561286
-0.0480094 0.0558795 0.997283

  PointToIndexMatrix: 
-0.998839 0.00385499 -0.0480094
-0.00653922 -0.998416 0.0558795
-0.047718 0.0561286 0.997283

  Inverse Direction: 
-0.998839 0.00385499 -0.0480094
-0.00653922 -0.998416 0.0558795
-0.047718 0.0561286 0.997283

  PixelContainer: 
    ImportImageContainer (0x55ffb89c4100)
      RTTI typeinfo:   itk::ImportImageContainer<unsigned long, float>
      Reference Count: 1
      Modified Time: 1716
      Debug: Off
      Object Name: 
      Observers: 
        none
      Pointer: 0x7f3948815010
      Container manages memory: true
      Size: 12582912
      Capacity: 12582912

     Weighting = 1
     Sampling strategy = regular
     Number of bins = 32
     Radius = 4
     Sampling percentage  = 0.25
   Transform = Rigid
     Gradient step = 0.1
     Update field sigma (voxel space) = 0
     Total field sigma (voxel space) = 0
     Update field time sigma = 0
     Total field time sigma  = 0
     Number of time indices = 0
     Number of time point samples = 0
Stage 2 State
   Image metric = Mattes
     Fixed image = Image (0x55ffb89d0870)
  RTTI typeinfo:   itk::Image<float, 3u>
  Reference Count: 2
  Modified Time: 2149
  Debug: Off
  Object Name: 
  Observers: 
    none
  Source: (none)
  Source output name: (none)
  Release Data: Off
  Data Released: False
  Global Release Data: Off
  PipelineMTime: 0
  UpdateMTime: 1934
  RealTimeStamp: 0 seconds 
  LargestPossibleRegion: 
    Dimension: 3
    Index: [0, 0, 0]
    Size: [192, 256, 256]
  BufferedRegion: 
    Dimension: 3
    Index: [0, 0, 0]
    Size: [192, 256, 256]
  RequestedRegion: 
    Dimension: 3
    Index: [0, 0, 0]
    Size: [192, 256, 256]
  Spacing: [1, 1, 1]
  Origin: [95.0313, 100.538, -154.123]
  Direction: 
-0.999853 -0.014134 -0.00966312
0.014129 -0.9999 0.000586045
-0.00967044 0.000449429 0.999953

  IndexToPointMatrix: 
-0.999853 -0.014134 -0.00966312
0.014129 -0.9999 0.000586045
-0.00967044 0.000449429 0.999953

  PointToIndexMatrix: 
-0.999853 0.014129 -0.00967044
-0.014134 -0.9999 0.000449429
-0.00966312 0.000586045 0.999953

  Inverse Direction: 
-0.999853 0.014129 -0.00967044
-0.014134 -0.9999 0.000449429
-0.00966312 0.000586045 0.999953

  PixelContainer: 
    ImportImageContainer (0x55ffb89bb6d0)
      RTTI typeinfo:   itk::ImportImageContainer<unsigned long, float>
      Reference Count: 1
      Modified Time: 1931
      Debug: Off
      Object Name: 
      Observers: 
        none
      Pointer: 0x7f3945814010
      Container manages memory: true
      Size: 12582912
      Capacity: 12582912

     Moving image = Image (0x55ffb89d04c0)
  RTTI typeinfo:   itk::Image<float, 3u>
  Reference Count: 2
  Modified Time: 2150
  Debug: Off
  Object Name: 
  Observers: 
    none
  Source: (none)
  Source output name: (none)
  Release Data: Off
  Data Released: False
  Global Release Data: Off
  PipelineMTime: 0
  UpdateMTime: 2147
  RealTimeStamp: 0 seconds 
  LargestPossibleRegion: 
    Dimension: 3
    Index: [0, 0, 0]
    Size: [192, 256, 256]
  BufferedRegion: 
    Dimension: 3
    Index: [0, 0, 0]
    Size: [192, 256, 256]
  RequestedRegion: 
    Dimension: 3
    Index: [0, 0, 0]
    Size: [192, 256, 256]
  Spacing: [1, 1, 1]
  Origin: [99.1239, 89.813, -147.258]
  Direction: 
-0.998839 -0.00653922 -0.047718
0.00385499 -0.998416 0.0561286
-0.0480094 0.0558795 0.997283

  IndexToPointMatrix: 
-0.998839 -0.00653922 -0.047718
0.00385499 -0.998416 0.0561286
-0.0480094 0.0558795 0.997283

  PointToIndexMatrix: 
-0.998839 0.00385499 -0.0480094
-0.00653922 -0.998416 0.0558795
-0.047718 0.0561286 0.997283

  Inverse Direction: 
-0.998839 0.00385499 -0.0480094
-0.00653922 -0.998416 0.0558795
-0.047718 0.0561286 0.997283

  PixelContainer: 
    ImportImageContainer (0x55ffb89d18c0)
      RTTI typeinfo:   itk::ImportImageContainer<unsigned long, float>
      Reference Count: 1
      Modified Time: 2144
      Debug: Off
      Object Name: 
      Observers: 
        none
      Pointer: 0x7f3942813010
      Container manages memory: true
      Size: 12582912
      Capacity: 12582912

     Weighting = 1
     Sampling strategy = regular
     Number of bins = 32
     Radius = 4
     Sampling percentage  = 0.25
   Transform = Affine
     Gradient step = 0.1
     Update field sigma (voxel space) = 0
     Total field sigma (voxel space) = 0
     Update field time sigma = 0
     Total field time sigma  = 0
     Number of time indices = 0
     Number of time point samples = 0
Stage 3 State
   Image metric = CC
     Fixed image = Image (0x55ffb89d7960)
  RTTI typeinfo:   itk::Image<float, 3u>
  Reference Count: 2
  Modified Time: 2577
  Debug: Off
  Object Name: 
  Observers: 
    none
  Source: (none)
  Source output name: (none)
  Release Data: Off
  Data Released: False
  Global Release Data: Off
  PipelineMTime: 0
  UpdateMTime: 2362
  RealTimeStamp: 0 seconds 
  LargestPossibleRegion: 
    Dimension: 3
    Index: [0, 0, 0]
    Size: [192, 256, 256]
  BufferedRegion: 
    Dimension: 3
    Index: [0, 0, 0]
    Size: [192, 256, 256]
  RequestedRegion: 
    Dimension: 3
    Index: [0, 0, 0]
    Size: [192, 256, 256]
  Spacing: [1, 1, 1]
  Origin: [95.0313, 100.538, -154.123]
  Direction: 
-0.999853 -0.014134 -0.00966312
0.014129 -0.9999 0.000586045
-0.00967044 0.000449429 0.999953

  IndexToPointMatrix: 
-0.999853 -0.014134 -0.00966312
0.014129 -0.9999 0.000586045
-0.00967044 0.000449429 0.999953

  PointToIndexMatrix: 
-0.999853 0.014129 -0.00967044
-0.014134 -0.9999 0.000449429
-0.00966312 0.000586045 0.999953

  Inverse Direction: 
-0.999853 0.014129 -0.00967044
-0.014134 -0.9999 0.000449429
-0.00966312 0.000586045 0.999953

  PixelContainer: 
    ImportImageContainer (0x55ffb89b8660)
      RTTI typeinfo:   itk::ImportImageContainer<unsigned long, float>
      Reference Count: 1
      Modified Time: 2359
      Debug: Off
      Object Name: 
      Observers: 
        none
      Pointer: 0x7f393f812010
      Container manages memory: true
      Size: 12582912
      Capacity: 12582912

     Moving image = Image (0x55ffb89d9840)
  RTTI typeinfo:   itk::Image<float, 3u>
  Reference Count: 2
  Modified Time: 2578
  Debug: Off
  Object Name: 
  Observers: 
    none
  Source: (none)
  Source output name: (none)
  Release Data: Off
  Data Released: False
  Global Release Data: Off
  PipelineMTime: 0
  UpdateMTime: 2575
  RealTimeStamp: 0 seconds 
  LargestPossibleRegion: 
    Dimension: 3
    Index: [0, 0, 0]
    Size: [192, 256, 256]
  BufferedRegion: 
    Dimension: 3
    Index: [0, 0, 0]
    Size: [192, 256, 256]
  RequestedRegion: 
    Dimension: 3
    Index: [0, 0, 0]
    Size: [192, 256, 256]
  Spacing: [1, 1, 1]
  Origin: [99.1239, 89.813, -147.258]
  Direction: 
-0.998839 -0.00653922 -0.047718
0.00385499 -0.998416 0.0561286
-0.0480094 0.0558795 0.997283

  IndexToPointMatrix: 
-0.998839 -0.00653922 -0.047718
0.00385499 -0.998416 0.0561286
-0.0480094 0.0558795 0.997283

  PointToIndexMatrix: 
-0.998839 0.00385499 -0.0480094
-0.00653922 -0.998416 0.0558795
-0.047718 0.0561286 0.997283

  Inverse Direction: 
-0.998839 0.00385499 -0.0480094
-0.00653922 -0.998416 0.0558795
-0.047718 0.0561286 0.997283

  PixelContainer: 
    ImportImageContainer (0x55ffb89d6660)
      RTTI typeinfo:   itk::ImportImageContainer<unsigned long, float>
      Reference Count: 1
      Modified Time: 2572
      Debug: Off
      Object Name: 
      Observers: 
        none
      Pointer: 0x7f393c811010
      Container manages memory: true
      Size: 12582912
      Capacity: 12582912

     Weighting = 1
     Sampling strategy = none
     Number of bins = 32
     Radius = 4
     Sampling percentage  = 1
   Transform = SyN
     Gradient step = 0.1
     Update field sigma (voxel space) = 3
     Total field sigma (voxel space) = 0
     Update field time sigma = 0
     Total field time sigma  = 0
     Number of time indices = 0
     Number of time point samples = 0
Registration using 3 total stages.

Stage 0
  iterations = 1000x500x250x0
  convergence threshold = 1e-06
  convergence window size = 10
  number of levels = 4
  using the Mattes MI metric (number of bins = 32, weight = 1)
  preprocessing:  winsorizing the image intensities
  preprocessing:  histogram matching the images
  Shrink factors (level 1 out of 4): [6, 6, 6]
  Shrink factors (level 2 out of 4): [4, 4, 4]
  Shrink factors (level 3 out of 4): [2, 2, 2]
  Shrink factors (level 4 out of 4): [1, 1, 1]
  smoothing sigmas per level: [4, 2, 1, 0]
  regular sampling (percentage = 0.25)

*** Running Euler3DTransform registration ***

DIAGNOSTIC,Iteration,metricValue,convergenceValue,ITERATION_TIME_INDEX,SINCE_LAST
 2DIAGNOSTIC,     1, -8.161168694496e-01, inf, 8.0866e-01, 8.0866e-01, 
 2DIAGNOSTIC,     2, -8.189840316772e-01, inf, 8.1641e-01, 7.7579e-03, 
 2DIAGNOSTIC,     3, -8.237950801849e-01, inf, 8.2380e-01, 7.3850e-03, 
 2DIAGNOSTIC,     4, -8.309996724129e-01, inf, 8.3134e-01, 7.5359e-03, 
 2DIAGNOSTIC,     5, -8.413203954697e-01, inf, 8.3889e-01, 7.5550e-03, 
 2DIAGNOSTIC,     6, -8.530167937279e-01, inf, 8.4650e-01, 7.6141e-03, 
 2DIAGNOSTIC,     7, -8.614644408226e-01, inf, 8.5397e-01, 7.4639e-03, 
 2DIAGNOSTIC,     8, -8.646151423454e-01, inf, 8.6253e-01, 8.5649e-03, 
 2DIAGNOSTIC,     9, -8.669114708900e-01, inf, 8.7036e-01, 7.8261e-03, 
 2DIAGNOSTIC,    10, -8.818364739418e-01, 5.123698152602e-03, 8.8699e-01, 1.6630e-02, 
 2DIAGNOSTIC,    11, -8.920314311981e-01, 4.903396591544e-03, 8.9597e-01, 8.9800e-03, 
 2DIAGNOSTIC,    12, -8.932725191116e-01, 4.393016919494e-03, 9.0384e-01, 7.8709e-03, 
 2DIAGNOSTIC,    13, -8.937239050865e-01, 3.712467849255e-03, 9.1359e-01, 9.7539e-03, 
 2DIAGNOSTIC,    14, -8.946259021759e-01, 2.989399246871e-03, 9.2126e-01, 7.6630e-03, 
 2DIAGNOSTIC,    15, -8.962072134018e-01, 2.345255576074e-03, 9.2990e-01, 8.6472e-03, 
 2DIAGNOSTIC,    16, -8.966231942177e-01, 1.810471643694e-03, 9.3843e-01, 8.5211e-03, 
 2DIAGNOSTIC,    17, -8.968662619591e-01, 1.345196273178e-03, 9.4900e-01, 1.0571e-02, 
 2DIAGNOSTIC,    18, -8.969708085060e-01, 8.739843615331e-04, 9.5756e-01, 8.5609e-03, 
 2DIAGNOSTIC,    19, -8.969619274139e-01, 4.074585449416e-04, 9.6506e-01, 7.5002e-03, 
 2DIAGNOSTIC,    20, -8.969520926476e-01, 1.899545604829e-04, 9.7254e-01, 7.4780e-03, 
 2DIAGNOSTIC,    21, -8.970421552658e-01, 1.354589767288e-04, 9.8111e-01, 8.5769e-03, 
 2DIAGNOSTIC,    22, -8.970695137978e-01, 9.255616168957e-05, 9.8995e-01, 8.8420e-03, 
 2DIAGNOSTIC,    23, -8.970617055893e-01, 5.120655259816e-05, 9.9766e-01, 7.7031e-03, 
 2DIAGNOSTIC,    24, -8.972478508949e-01, 2.298512299603e-05, 1.0074e+00, 9.7668e-03, 
 2DIAGNOSTIC,    25, -8.972257375717e-01, 1.512227390776e-05, 1.0160e+00, 8.6091e-03, 
 2DIAGNOSTIC,    26, -8.972326517105e-01, 1.179376067739e-05, 1.0257e+00, 9.6359e-03, 
 2DIAGNOSTIC,    27, -8.972682356834e-01, 1.105013325287e-05, 1.0334e+00, 7.7131e-03, 
 2DIAGNOSTIC,    28, -8.972722887993e-01, 1.068383517122e-05, 1.0422e+00, 8.8320e-03, 
 2DIAGNOSTIC,    29, -8.972433209419e-01, 9.013814633363e-06, 1.0497e+00, 7.5350e-03, 
 2DIAGNOSTIC,    30, -8.972172141075e-01, 6.310598109849e-06, 1.0587e+00, 8.9200e-03, 
 2DIAGNOSTIC,    31, -8.972206711769e-01, 4.290320703149e-06, 1.0672e+00, 8.5020e-03, 
 2DIAGNOSTIC,    32, -8.972853422165e-01, 3.025470050488e-06, 1.0789e+00, 1.1774e-02, 
 2DIAGNOSTIC,    33, -8.972879052162e-01, 1.520197429272e-06, 1.0884e+00, 9.4421e-03, 
 2DIAGNOSTIC,    34, -8.972880244255e-01, 1.845019028224e-06, 1.0969e+00, 8.4810e-03, 
 2DIAGNOSTIC,    35, -8.972569704056e-01, 1.594337504685e-06, 1.1044e+00, 7.5219e-03, 
 2DIAGNOSTIC,    36, -8.972569108009e-01, 1.349060767097e-06, 1.1129e+00, 8.4939e-03, 
 2DIAGNOSTIC,    37, -8.972575664520e-01, 1.369029178022e-06, 1.1214e+00, 8.5318e-03, 
 2DIAGNOSTIC,    38, -8.972579240799e-01, 1.376095383421e-06, 1.1300e+00, 8.6200e-03, 
 2DIAGNOSTIC,    39, -8.972582221031e-01, 1.112318500418e-06, 1.1384e+00, 8.3871e-03, 
DIAGNOSTIC,Iteration,metricValue,convergenceValue,ITERATION_TIME_INDEX,SINCE_LAST
 2DIAGNOSTIC,     1, -6.862018704414e-01, inf, 1.9627e+00, 8.2423e-01, 
 2DIAGNOSTIC,     2, -6.872348785400e-01, inf, 1.9947e+00, 3.2094e-02, 
 2DIAGNOSTIC,     3, -6.882939338684e-01, inf, 2.0283e+00, 3.3580e-02, 
 2DIAGNOSTIC,     4, -6.890918016434e-01, inf, 2.0610e+00, 3.2713e-02, 
 2DIAGNOSTIC,     5, -6.894730329514e-01, inf, 2.0983e+00, 3.7260e-02, 
 2DIAGNOSTIC,     6, -6.895034313202e-01, inf, 2.1308e+00, 3.2529e-02, 
 2DIAGNOSTIC,     7, -6.895743012428e-01, inf, 2.1635e+00, 3.2684e-02, 
 2DIAGNOSTIC,     8, -6.897395849228e-01, inf, 2.1966e+00, 3.3077e-02, 
 2DIAGNOSTIC,     9, -6.899862885475e-01, inf, 2.2295e+00, 3.2941e-02, 
 2DIAGNOSTIC,    10, -6.901696324348e-01, 3.174002049491e-04, 2.2630e+00, 3.3451e-02, 
 2DIAGNOSTIC,    11, -6.905996203423e-01, 2.191484236391e-04, 2.3419e+00, 7.8959e-02, 
 2DIAGNOSTIC,    12, -6.906108856201e-01, 1.530299632577e-04, 2.3830e+00, 4.1012e-02, 
 2DIAGNOSTIC,    13, -6.906143426895e-01, 1.167842419818e-04, 2.4192e+00, 3.6285e-02, 
 2DIAGNOSTIC,    14, -6.906015872955e-01, 9.823050640989e-05, 2.4599e+00, 4.0629e-02, 
 2DIAGNOSTIC,    15, -6.905949711800e-01, 8.362500375370e-05, 2.4952e+00, 3.5304e-02, 
 2DIAGNOSTIC,    16, -6.905931234360e-01, 6.400975689758e-05, 2.5313e+00, 3.6081e-02, 
 2DIAGNOSTIC,    17, -6.905918717384e-01, 4.266406904208e-05, 2.5671e+00, 3.5841e-02, 
 2DIAGNOSTIC,    18, -6.905962824821e-01, 2.385618608969e-05, 2.6031e+00, 3.6028e-02, 
 2DIAGNOSTIC,    19, -6.905949115753e-01, 1.030835301208e-05, 2.6387e+00, 3.5540e-02, 
DIAGNOSTIC,Iteration,metricValue,convergenceValue,ITERATION_TIME_INDEX,SINCE_LAST
 2DIAGNOSTIC,     1, -6.068820953369e-01, inf, 3.7692e+00, 1.1305e+00, 
 2DIAGNOSTIC,     2, -6.072242856026e-01, inf, 4.0096e+00, 2.4043e-01, 
 2DIAGNOSTIC,     3, -6.073818206787e-01, inf, 4.2527e+00, 2.4308e-01, 
 2DIAGNOSTIC,     4, -6.073814034462e-01, inf, 4.6065e+00, 3.5385e-01, 
 2DIAGNOSTIC,     5, -6.073794364929e-01, inf, 4.9037e+00, 2.9721e-01, 
 2DIAGNOSTIC,     6, -6.073792576790e-01, inf, 5.2015e+00, 2.9773e-01, 
 2DIAGNOSTIC,     7, -6.073790192604e-01, inf, 5.4419e+00, 2.4044e-01, 
 2DIAGNOSTIC,     8, -6.073787808418e-01, inf, 5.7999e+00, 3.5801e-01, 
 2DIAGNOSTIC,     9, -6.073787212372e-01, inf, 6.0547e+00, 2.5481e-01, 
 2DIAGNOSTIC,    10, -6.073784232140e-01, 3.256813943153e-05, 6.3062e+00, 2.5150e-01, 
 2DIAGNOSTIC,    11, -6.073782444000e-01, 9.220896572515e-06, 6.5750e+00, 2.6880e-01, 
 2DIAGNOSTIC,    12, -6.073778271675e-01, 2.348661610085e-06, 6.8151e+00, 2.4012e-01, 
 2DIAGNOSTIC,    13, -6.073777675629e-01, 2.229645360785e-06, 7.0558e+00, 2.4070e-01, 
 2DIAGNOSTIC,    14, -6.073776483536e-01, 2.131030214514e-06, 7.2986e+00, 2.4279e-01, 
 2DIAGNOSTIC,    15, -6.073775887489e-01, 1.995244701902e-06, 7.5381e+00, 2.3946e-01, 
 2DIAGNOSTIC,    16, -6.073777079582e-01, 1.886438099064e-06, 7.7824e+00, 2.4433e-01, 
 2DIAGNOSTIC,    17, -6.073778867722e-01, 1.798250877982e-06, 8.0309e+00, 2.4846e-01, 
 2DIAGNOSTIC,    18, -6.073779463768e-01, 1.721794092191e-06, 8.2730e+00, 2.4218e-01, 
 2DIAGNOSTIC,    19, -6.073771715164e-01, 1.637162540646e-06, 8.5151e+00, 2.4204e-01, 
 2DIAGNOSTIC,    20, -6.073772311211e-01, 1.559473389534e-06, 8.7556e+00, 2.4049e-01, 
 2DIAGNOSTIC,    21, -6.073772907257e-01, 1.489352939643e-06, 9.0242e+00, 2.6861e-01, 
 2DIAGNOSTIC,    22, -6.073775887489e-01, 1.425067466698e-06, 9.2656e+00, 2.4139e-01, 
 2DIAGNOSTIC,    23, -6.073774695396e-01, 1.364670993098e-06, 9.5106e+00, 2.4505e-01, 
 2DIAGNOSTIC,    24, -6.073772311211e-01, 1.304582497141e-06, 9.7539e+00, 2.4331e-01, 
 2DIAGNOSTIC,    25, -6.073772907257e-01, 1.251480284736e-06, 1.0023e+01, 2.6920e-01, 
 2DIAGNOSTIC,    26, -6.073773503304e-01, 1.207187096952e-06, 1.0264e+01, 2.4055e-01, 
 2DIAGNOSTIC,    27, -6.073772311211e-01, 1.168402945950e-06, 1.0504e+01, 2.3989e-01, 
 2DIAGNOSTIC,    28, -6.073774099350e-01, 1.137811523222e-06, 1.0772e+01, 2.6863e-01, 
 2DIAGNOSTIC,    29, -6.073772907257e-01, 1.094783442568e-06, 1.1014e+01, 2.4200e-01, 
 2DIAGNOSTIC,    30, -6.073774695396e-01, 1.058596353687e-06, 1.1227e+01, 2.1247e-01, 
 2DIAGNOSTIC,    31, -6.073777079582e-01, 1.029134068631e-06, 1.1471e+01, 2.4452e-01, 
 2DIAGNOSTIC,    32, -6.073777079582e-01, 1.005531430565e-06, 1.1713e+01, 2.4146e-01, 
DIAGNOSTIC,Iteration,metricValue,convergenceValue,ITERATION_TIME_INDEX,SINCE_LAST
 2DIAGNOSTIC,     1, -5.554541945457e-01, inf, 1.6084e+01, 4.3716e+00, 
  Elapsed time (stage 0): 1.7188e+01


Stage 1
  iterations = 1000x500x250x0
  convergence threshold = 1.0000e-06
  convergence window size = 10
  number of levels = 4
  using the Mattes MI metric (number of bins = 32, weight = 1.0000e+00)
  preprocessing:  winsorizing the image intensities
  preprocessing:  histogram matching the images
  Shrink factors (level 1 out of 4): [6, 6, 6]
  Shrink factors (level 2 out of 4): [4, 4, 4]
  Shrink factors (level 3 out of 4): [2, 2, 2]
  Shrink factors (level 4 out of 4): [1, 1, 1]
  smoothing sigmas per level: [4, 2, 1, 0]
  regular sampling (percentage = 2.5000e-01)

*** Running AffineTransform registration ***

