All_Command_lines_OK
Using single precision for computations.
=============================================================================
The composite transform comprises the following transforms (in order): 
  1. Center of mass alignment using fixed image: /home/mpib/nemecz/Projects/miniTRK/Results/01_MRI/GroupTempl/T1w/T_template0.nii.gz and moving image: /home/mpib/nemecz/Projects/miniTRK/Analysis/01_MRI/Preproc/GroupTempl/T1w/sub-676955_T1w.nii.gz (type = Euler3DTransform)
=============================================================================
  number of levels = 4
  fixed image: /home/mpib/nemecz/Projects/miniTRK/Results/01_MRI/GroupTempl/T1w/T_template0.nii.gz
  moving image: /home/mpib/nemecz/Projects/miniTRK/Analysis/01_MRI/Preproc/GroupTempl/T1w/sub-676955_T1w.nii.gz
Dimension = 3
Number of stages = 1
Use Histogram Matching true
Winsorize image intensities true
Lower quantile = 0.01
Upper quantile = 0.99
Stage 1 State
   Image metric = Mattes
     Fixed image = Image (0x558d1e974fe0)
  RTTI typeinfo:   itk::Image<float, 3u>
  Reference Count: 2
  Modified Time: 1667
  Debug: Off
  Object Name: 
  Observers: 
    none
  Source: (none)
  Source output name: (none)
  Release Data: Off
  Data Released: False
  Global Release Data: Off
  PipelineMTime: 0
  UpdateMTime: 1452
  RealTimeStamp: 0 seconds 
  LargestPossibleRegion: 
    Dimension: 3
    Index: [0, 0, 0]
    Size: [192, 256, 256]
  BufferedRegion: 
    Dimension: 3
    Index: [0, 0, 0]
    Size: [192, 256, 256]
  RequestedRegion: 
    Dimension: 3
    Index: [0, 0, 0]
    Size: [192, 256, 256]
  Spacing: [1, 1, 1]
  Origin: [95.0313, 100.538, -154.123]
  Direction: 
-0.999853 -0.014134 -0.00966312
0.014129 -0.9999 0.000586045
-0.00967044 0.000449429 0.999953

  IndexToPointMatrix: 
-0.999853 -0.014134 -0.00966312
0.014129 -0.9999 0.000586045
-0.00967044 0.000449429 0.999953

  PointToIndexMatrix: 
-0.999853 0.014129 -0.00967044
-0.014134 -0.9999 0.000449429
-0.00966312 0.000586045 0.999953

  Inverse Direction: 
-0.999853 0.014129 -0.00967044
-0.014134 -0.9999 0.000449429
-0.00966312 0.000586045 0.999953

  PixelContainer: 
    ImportImageContainer (0x558d1e981970)
      RTTI typeinfo:   itk::ImportImageContainer<unsigned long, float>
      Reference Count: 1
      Modified Time: 1449
      Debug: Off
      Object Name: 
      Observers: 
        none
      Pointer: 0x7fd1d0416010
      Container manages memory: true
      Size: 12582912
      Capacity: 12582912

     Moving image = Image (0x558d1e9785c0)
  RTTI typeinfo:   itk::Image<float, 3u>
  Reference Count: 2
  Modified Time: 1668
  Debug: Off
  Object Name: 
  Observers: 
    none
  Source: (none)
  Source output name: (none)
  Release Data: Off
  Data Released: False
  Global Release Data: Off
  PipelineMTime: 0
  UpdateMTime: 1665
  RealTimeStamp: 0 seconds 
  LargestPossibleRegion: 
    Dimension: 3
    Index: [0, 0, 0]
    Size: [192, 256, 256]
  BufferedRegion: 
    Dimension: 3
    Index: [0, 0, 0]
    Size: [192, 256, 256]
  RequestedRegion: 
    Dimension: 3
    Index: [0, 0, 0]
    Size: [192, 256, 256]
  Spacing: [1, 1, 1]
  Origin: [102.732, 102.596, -144.076]
  Direction: 
-0.999323 0.000206296 -0.0367971
-0.00037302 -0.99999 0.00452411
-0.0367958 0.00453477 0.999313

  IndexToPointMatrix: 
-0.999323 0.000206296 -0.0367971
-0.00037302 -0.99999 0.00452411
-0.0367958 0.00453477 0.999313

  PointToIndexMatrix: 
-0.999323 -0.00037302 -0.0367958
0.000206296 -0.99999 0.00453477
-0.0367971 0.00452411 0.999313

  Inverse Direction: 
-0.999323 -0.00037302 -0.0367958
0.000206296 -0.99999 0.00453477
-0.0367971 0.00452411 0.999313

  PixelContainer: 
    ImportImageContainer (0x558d1e9761a0)
      RTTI typeinfo:   itk::ImportImageContainer<unsigned long, float>
      Reference Count: 1
      Modified Time: 1662
      Debug: Off
      Object Name: 
      Observers: 
        none
      Pointer: 0x7fd1cd415010
      Container manages memory: true
      Size: 12582912
      Capacity: 12582912

     Weighting = 1
     Sampling strategy = regular
     Number of bins = 32
     Radius = 4
     Sampling percentage  = 0.25
   Transform = Rigid
     Gradient step = 0.1
     Update field sigma (voxel space) = 0
     Total field sigma (voxel space) = 0
     Update field time sigma = 0
     Total field time sigma  = 0
     Number of time indices = 0
     Number of time point samples = 0
Registration using 1 total stages.

Stage 0
  iterations = 1000x500x250x0
  convergence threshold = 1e-06
  convergence window size = 10
  number of levels = 4
  using the Mattes MI metric (number of bins = 32, weight = 1)
  preprocessing:  winsorizing the image intensities
  preprocessing:  histogram matching the images
  Shrink factors (level 1 out of 4): [6, 6, 6]
  Shrink factors (level 2 out of 4): [4, 4, 4]
  Shrink factors (level 3 out of 4): [2, 2, 2]
  Shrink factors (level 4 out of 4): [1, 1, 1]
  smoothing sigmas per level: [3, 2, 1, 0]
  regular sampling (percentage = 0.25)

*** Running Euler3DTransform registration ***

DIAGNOSTIC,Iteration,metricValue,convergenceValue,ITERATION_TIME_INDEX,SINCE_LAST
 2DIAGNOSTIC,     1, -7.597193121910e-01, inf, 4.7465e-01, 4.7465e-01, 
 2DIAGNOSTIC,     2, -7.614494562149e-01, inf, 4.8633e-01, 1.1677e-02, 
 2DIAGNOSTIC,     3, -7.637389302254e-01, inf, 4.9787e-01, 1.1540e-02, 
 2DIAGNOSTIC,     4, -7.672023177147e-01, inf, 5.0868e-01, 1.0809e-02, 
 2DIAGNOSTIC,     5, -7.717345356941e-01, inf, 5.1889e-01, 1.0212e-02, 
 2DIAGNOSTIC,     6, -7.774385213852e-01, inf, 5.2814e-01, 9.2471e-03, 
 2DIAGNOSTIC,     7, -7.831944227219e-01, inf, 5.3769e-01, 9.5510e-03, 
 2DIAGNOSTIC,     8, -7.857207655907e-01, inf, 5.4662e-01, 8.9340e-03, 
 2DIAGNOSTIC,     9, -7.871982455254e-01, inf, 5.5849e-01, 1.1868e-02, 
 2DIAGNOSTIC,    10, -7.877709865570e-01, 2.732864813879e-03, 5.6788e-01, 9.3889e-03, 
 2DIAGNOSTIC,    11, -7.883267998695e-01, 2.314015990123e-03, 5.7836e-01, 1.0485e-02, 
 2DIAGNOSTIC,    12, -7.894753813744e-01, 1.844689133577e-03, 5.8700e-01, 8.6379e-03, 
 2DIAGNOSTIC,    13, -7.905259728432e-01, 1.375186024234e-03, 5.9632e-01, 9.3179e-03, 
 2DIAGNOSTIC,    14, -7.908773422241e-01, 9.483345784247e-04, 6.0542e-01, 9.1059e-03, 
 2DIAGNOSTIC,    15, -7.912731766701e-01, 6.114826537669e-04, 6.1356e-01, 8.1332e-03, 
 2DIAGNOSTIC,    16, -7.915132045746e-01, 3.941309114452e-04, 6.2280e-01, 9.2468e-03, 
 2DIAGNOSTIC,    17, -7.917190194130e-01, 2.927834575530e-04, 6.3443e-01, 1.1630e-02, 
 2DIAGNOSTIC,    18, -7.917048931122e-01, 2.257978194393e-04, 6.4256e-01, 8.1229e-03, 
 2DIAGNOSTIC,    19, -7.919176220894e-01, 1.776084245648e-04, 6.5176e-01, 9.2020e-03, 
 2DIAGNOSTIC,    20, -7.920148968697e-01, 1.301803567912e-04, 6.6133e-01, 9.5658e-03, 
 2DIAGNOSTIC,    21, -7.920162081718e-01, 8.460911340080e-05, 6.6943e-01, 8.1029e-03, 
 2DIAGNOSTIC,    22, -7.920166254044e-01, 5.410009180196e-05, 6.7870e-01, 9.2740e-03, 
 2DIAGNOSTIC,    23, -7.920664548874e-01, 3.867622217513e-05, 6.8661e-01, 7.9100e-03, 
 2DIAGNOSTIC,    24, -7.921000719070e-01, 2.671337279025e-05, 6.9479e-01, 8.1809e-03, 
 2DIAGNOSTIC,    25, -7.921540737152e-01, 1.974505539692e-05, 7.0299e-01, 8.1980e-03, 
 2DIAGNOSTIC,    26, -7.922363877296e-01, 1.602503652975e-05, 7.1497e-01, 1.1979e-02, 
 2DIAGNOSTIC,    27, -7.923213839531e-01, 1.513200459158e-05, 7.2287e-01, 7.9029e-03, 
 2DIAGNOSTIC,    28, -7.923461198807e-01, 1.304252600676e-05, 7.3103e-01, 8.1601e-03, 
 2DIAGNOSTIC,    29, -7.923852801323e-01, 1.309143499384e-05, 7.3894e-01, 7.9069e-03, 
 2DIAGNOSTIC,    30, -7.925060987473e-01, 1.463301032345e-05, 7.5014e-01, 1.1196e-02, 
 2DIAGNOSTIC,    31, -7.925206422806e-01, 1.493648505857e-05, 7.5819e-01, 8.0512e-03, 
 2DIAGNOSTIC,    32, -7.926115393639e-01, 1.493176387157e-05, 7.6848e-01, 1.0292e-02, 
 2DIAGNOSTIC,    33, -7.926546931267e-01, 1.462115687900e-05, 7.7676e-01, 8.2779e-03, 
 2DIAGNOSTIC,    34, -7.927062511444e-01, 1.393539605488e-05, 7.8601e-01, 9.2502e-03, 
 2DIAGNOSTIC,    35, -7.927421331406e-01, 1.295507627219e-05, 7.9526e-01, 9.2480e-03, 
 2DIAGNOSTIC,    36, -7.928180694580e-01, 1.244977920578e-05, 8.0620e-01, 1.0946e-02, 
 2DIAGNOSTIC,    37, -7.928820252419e-01, 1.231655369338e-05, 8.1551e-01, 9.3110e-03, 
 2DIAGNOSTIC,    38, -7.928214669228e-01, 1.075006184692e-05, 8.2350e-01, 7.9830e-03, 
 2DIAGNOSTIC,    39, -7.934144735336e-01, 1.417722432961e-05, 8.3276e-01, 9.2609e-03, 
 2DIAGNOSTIC,    40, -7.934913635254e-01, 1.779426747817e-05, 8.4198e-01, 9.2268e-03, 
 2DIAGNOSTIC,    41, -7.935175299644e-01, 1.997969047807e-05, 8.4986e-01, 7.8769e-03, 
 2DIAGNOSTIC,    42, -7.935860753059e-01, 2.167125057895e-05, 8.5799e-01, 8.1329e-03, 
 2DIAGNOSTIC,    43, -7.937381863594e-01, 2.291001874255e-05, 8.6637e-01, 8.3780e-03, 
 2DIAGNOSTIC,    44, -7.945029139519e-01, 2.856215905922e-05, 8.7589e-01, 9.5150e-03, 
 2DIAGNOSTIC,    45, -7.955557107925e-01, 3.982016642112e-05, 8.9163e-01, 1.5742e-02, 
 2DIAGNOSTIC,    46, -7.954865098000e-01, 4.679943594965e-05, 9.0055e-01, 8.9240e-03, 
 2DIAGNOSTIC,    47, -7.957080006599e-01, 5.152639641892e-05, 9.0880e-01, 8.2450e-03, 
 2DIAGNOSTIC,    48, -7.960112094879e-01, 5.292145579006e-05, 9.1799e-01, 9.1941e-03, 
 2DIAGNOSTIC,    49, -7.963355779648e-01, 5.581053846981e-05, 9.2705e-01, 9.0539e-03, 
 2DIAGNOSTIC,    50, -7.963101267815e-01, 5.352458902053e-05, 9.3621e-01, 9.1631e-03, 
 2DIAGNOSTIC,    51, -7.964550256729e-01, 4.759545845445e-05, 9.4424e-01, 8.0311e-03, 
 2DIAGNOSTIC,    52, -7.965206503868e-01, 3.844676757581e-05, 9.5375e-01, 9.5110e-03, 
 2DIAGNOSTIC,    53, -7.965446114540e-01, 2.708951615205e-05, 9.6272e-01, 8.9700e-03, 
 2DIAGNOSTIC,    54, -7.965412139893e-01, 1.847898602136e-05, 9.7062e-01, 7.9029e-03, 
 2DIAGNOSTIC,    55, -7.966684103012e-01, 1.625088043511e-05, 9.7843e-01, 7.8051e-03, 
 2DIAGNOSTIC,    56, -7.967782616615e-01, 1.283809251618e-05, 9.8777e-01, 9.3448e-03, 
 2DIAGNOSTIC,    57, -7.968902587891e-01, 1.041792711476e-05, 9.9680e-01, 9.0241e-03, 
 2DIAGNOSTIC,    58, -7.968881726265e-01, 8.954422810348e-06, 1.0068e+00, 9.9900e-03, 
 2DIAGNOSTIC,    59, -7.968763113022e-01, 8.676104698679e-06, 1.0157e+00, 8.8711e-03, 
 2DIAGNOSTIC,    60, -7.968779206276e-01, 7.461883797077e-06, 1.0247e+00, 9.0408e-03, 
 2DIAGNOSTIC,    61, -7.968289852142e-01, 6.159765689517e-06, 1.0336e+00, 8.9052e-03, 
 2DIAGNOSTIC,    62, -7.968136668205e-01, 4.651146355172e-06, 1.0446e+00, 1.1014e-02, 
 2DIAGNOSTIC,    63, -7.967699766159e-01, 2.697205218283e-06, 1.0526e+00, 7.9601e-03, 
DIAGNOSTIC,Iteration,metricValue,convergenceValue,ITERATION_TIME_INDEX,SINCE_LAST
 2DIAGNOSTIC,     1, -6.872259378433e-01, inf, 1.5807e+00, 5.2814e-01, 
 2DIAGNOSTIC,     2, -6.877278089523e-01, inf, 1.6132e+00, 3.2443e-02, 
 2DIAGNOSTIC,     3, -6.883012652397e-01, inf, 1.6430e+00, 2.9832e-02, 
 2DIAGNOSTIC,     4, -6.887791752815e-01, inf, 1.6707e+00, 2.7696e-02, 
 2DIAGNOSTIC,     5, -6.891762018204e-01, inf, 1.6989e+00, 2.8203e-02, 
 2DIAGNOSTIC,     6, -6.896458864212e-01, inf, 1.7266e+00, 2.7711e-02, 
 2DIAGNOSTIC,     7, -6.903169751167e-01, inf, 1.7558e+00, 2.9157e-02, 
 2DIAGNOSTIC,     8, -6.916766762733e-01, inf, 1.8018e+00, 4.6025e-02, 
 2DIAGNOSTIC,     9, -6.917705535889e-01, inf, 1.8317e+00, 2.9880e-02, 
 2DIAGNOSTIC,    10, -6.921171545982e-01, 4.807370423805e-04, 1.8607e+00, 2.9080e-02, 
 2DIAGNOSTIC,    11, -6.930483579636e-01, 4.534674226306e-04, 1.8906e+00, 2.9885e-02, 
 2DIAGNOSTIC,    12, -6.936367750168e-01, 4.262696602382e-04, 1.9380e+00, 4.7354e-02, 
 2DIAGNOSTIC,    13, -6.936700940132e-01, 3.833943046629e-04, 1.9769e+00, 3.8946e-02, 
 2DIAGNOSTIC,    14, -6.937463879585e-01, 3.289101587143e-04, 2.0158e+00, 3.8849e-02, 
 2DIAGNOSTIC,    15, -6.937602162361e-01, 2.635834098328e-04, 2.0457e+00, 2.9872e-02, 
 2DIAGNOSTIC,    16, -6.937852501869e-01, 1.946972333826e-04, 2.0832e+00, 3.7539e-02, 
 2DIAGNOSTIC,    17, -6.938039064407e-01, 1.317984279012e-04, 2.1148e+00, 3.1596e-02, 
 2DIAGNOSTIC,    18, -6.937999725342e-01, 9.518283332000e-05, 2.1445e+00, 2.9682e-02, 
 2DIAGNOSTIC,    19, -6.937986612320e-01, 5.600159784080e-05, 2.1745e+00, 3.0021e-02, 
 2DIAGNOSTIC,    20, -6.938248276711e-01, 2.296354796272e-05, 2.2103e+00, 3.5850e-02, 
 2DIAGNOSTIC,    21, -6.938506960869e-01, 9.489983312960e-06, 2.2401e+00, 2.9776e-02, 
 2DIAGNOSTIC,    22, -6.938426494598e-01, 7.325141723413e-06, 2.2727e+00, 3.2566e-02, 
 2DIAGNOSTIC,    23, -6.938520073891e-01, 5.550044534175e-06, 2.3103e+00, 3.7576e-02, 
 2DIAGNOSTIC,    24, -6.938529610634e-01, 4.858397005592e-06, 2.3525e+00, 4.2216e-02, 
 2DIAGNOSTIC,    25, -6.938488483429e-01, 4.031739990751e-06, 2.3829e+00, 3.0401e-02, 
 2DIAGNOSTIC,    26, -6.938374042511e-01, 3.211197508790e-06, 2.4130e+00, 3.0116e-02, 
 2DIAGNOSTIC,    27, -6.938374638557e-01, 2.561708015492e-06, 2.4469e+00, 3.3955e-02, 
 2DIAGNOSTIC,    28, -6.938440203667e-01, 1.873340806924e-06, 2.4793e+00, 3.2355e-02, 
 2DIAGNOSTIC,    29, -6.938419938087e-01, 1.102061673919e-06, 2.5150e+00, 3.5726e-02, 
DIAGNOSTIC,Iteration,metricValue,convergenceValue,ITERATION_TIME_INDEX,SINCE_LAST
 2DIAGNOSTIC,     1, -5.988886952400e-01, inf, 3.3691e+00, 8.5409e-01, 
 2DIAGNOSTIC,     2, -5.989720821381e-01, inf, 3.5880e+00, 2.1890e-01, 
 2DIAGNOSTIC,     3, -5.990523695946e-01, inf, 3.8125e+00, 2.2446e-01, 
 2DIAGNOSTIC,     4, -5.990792512894e-01, inf, 4.0643e+00, 2.5184e-01, 
 2DIAGNOSTIC,     5, -5.990871787071e-01, inf, 4.3189e+00, 2.5455e-01, 
 2DIAGNOSTIC,     6, -5.990775227547e-01, inf, 4.6024e+00, 2.8355e-01, 
 2DIAGNOSTIC,     7, -5.990761518478e-01, inf, 4.9071e+00, 3.0467e-01, 
 2DIAGNOSTIC,     8, -5.990758538246e-01, inf, 5.2520e+00, 3.4491e-01, 
 2DIAGNOSTIC,     9, -5.990763306618e-01, inf, 5.5089e+00, 2.5691e-01, 
 2DIAGNOSTIC,    10, -5.990754961967e-01, 1.700216671452e-05, 5.7598e+00, 2.5090e-01, 
 2DIAGNOSTIC,    11, -5.990753769875e-01, 7.892215762695e-06, 6.0473e+00, 2.8754e-01, 
 2DIAGNOSTIC,    12, -5.990753173828e-01, 3.076082293774e-06, 6.3262e+00, 2.7887e-01, 
 2DIAGNOSTIC,    13, -5.990753173828e-01, 1.862036015154e-06, 6.5828e+00, 2.5654e-01, 
 2DIAGNOSTIC,    14, -5.990746617317e-01, 1.750685441948e-06, 6.8310e+00, 2.4825e-01, 
 2DIAGNOSTIC,    15, -5.990740656853e-01, 1.942725020854e-06, 7.0922e+00, 2.6116e-01, 
 2DIAGNOSTIC,    16, -5.990743041039e-01, 1.849554905675e-06, 7.3219e+00, 2.2973e-01, 
 2DIAGNOSTIC,    17, -5.990744829178e-01, 1.746210273268e-06, 7.5706e+00, 2.4875e-01, 
 2DIAGNOSTIC,    18, -5.990747213364e-01, 1.663405100771e-06, 7.8294e+00, 2.5874e-01, 
 2DIAGNOSTIC,    19, -5.990749001503e-01, 1.616162307982e-06, 8.0556e+00, 2.2619e-01, 
 2DIAGNOSTIC,    20, -5.990751385689e-01, 1.565257889524e-06, 8.3953e+00, 3.3975e-01, 
 2DIAGNOSTIC,    21, -5.990754365921e-01, 1.525319703433e-06, 8.6815e+00, 2.8620e-01, 
 2DIAGNOSTIC,    22, -5.990751981735e-01, 1.481059939579e-06, 8.9399e+00, 2.5842e-01, 
 2DIAGNOSTIC,    23, -5.990752577782e-01, 1.439096308786e-06, 9.1881e+00, 2.4812e-01, 
 2DIAGNOSTIC,    24, -5.990751981735e-01, 1.381601805406e-06, 9.4438e+00, 2.5574e-01, 
 2DIAGNOSTIC,    25, -5.990750789642e-01, 1.309706817665e-06, 9.6973e+00, 2.5347e-01, 
 2DIAGNOSTIC,    26, -5.990751385689e-01, 1.245260705218e-06, 9.9453e+00, 2.4807e-01, 
 2DIAGNOSTIC,    27, -5.990751385689e-01, 1.186640020023e-06, 1.0197e+01, 2.5153e-01, 
 2DIAGNOSTIC,    28, -5.990753173828e-01, 1.138501943387e-06, 1.0485e+01, 2.8811e-01, 
 2DIAGNOSTIC,    29, -5.990753769875e-01, 1.097191898225e-06, 1.0739e+01, 2.5363e-01, 
 2DIAGNOSTIC,    30, -5.990753173828e-01, 1.061310967998e-06, 1.0992e+01, 2.5365e-01, 
 2DIAGNOSTIC,    31, -5.990752577782e-01, 1.031476585922e-06, 1.1245e+01, 2.5236e-01, 
 2DIAGNOSTIC,    32, -5.990753173828e-01, 1.000301267595e-06, 1.1467e+01, 2.2216e-01, 
DIAGNOSTIC,Iteration,metricValue,convergenceValue,ITERATION_TIME_INDEX,SINCE_LAST
 2DIAGNOSTIC,     1, -5.381562113762e-01, inf, 1.4014e+01, 2.5469e+00, 
  Elapsed time (stage 0): 1.5267e+01


Total elapsed time: 1.5268e+01
Using single precision for computations.
Input scalar image: /home/mpib/nemecz/Projects/miniTRK/Analysis/01_MRI/Preproc/GroupTempl/T1w/sub-676955_T1w.nii.gz
Reference image: /home/mpib/nemecz/Projects/miniTRK/Results/01_MRI/GroupTempl/T1w/T_template0.nii.gz
=============================================================================
The composite transform comprises the following transforms (in order): 
  1. /home/mpib/nemecz/Projects/miniTRK/Results/01_MRI/GroupTempl/T1w/rigid25_0GenericAffine.mat (type = AffineTransform)
=============================================================================
Default pixel value: 0
Interpolation type: LinearInterpolateImageFunction
Output warped image: /home/mpib/nemecz/Projects/miniTRK/Results/01_MRI/GroupTempl/T1w/rigid25_0_sub-676955_T1w.nii.gz
