
Running N4 for 3-dimensional images.

Mask not read.  Using the entire image as the mask.

Original intensity range:  [0, 951]

***********************************************************
Warning:  Your input image contains nonpositive values
which could cause failure or problematic results.  A
possible workaround would be to:
   1. rescale your image to positive values e.g., [10,100].
   2. run N4 on your rescaled image.
   3. (optional) rescale the N4 output to the original
      intensity range.
***********************************************************

Specified spline distance: 200mm
  original image size:  [192, 256, 256]
  padded image size:  [201, 401, 401]
  number of control points:  [4, 5, 5]

Current level = 1
  Iteration 1 (of 50).   Current convergence value = 0.000157528 (threshold = 1e-08)
  Iteration 2 (of 50).   Current convergence value = 0.000136698 (threshold = 1e-08)
  Iteration 3 (of 50).   Current convergence value = 0.000130293 (threshold = 1e-08)
  Iteration 4 (of 50).   Current convergence value = 0.000131726 (threshold = 1e-08)
  Iteration 5 (of 50).   Current convergence value = 0.000133245 (threshold = 1e-08)
  Iteration 6 (of 50).   Current convergence value = 0.000134302 (threshold = 1e-08)
  Iteration 7 (of 50).   Current convergence value = 0.000135341 (threshold = 1e-08)
  Iteration 8 (of 50).   Current convergence value = 0.000135932 (threshold = 1e-08)
  Iteration 9 (of 50).   Current convergence value = 0.000135928 (threshold = 1e-08)
  Iteration 10 (of 50).   Current convergence value = 0.000135476 (threshold = 1e-08)
  Iteration 11 (of 50).   Current convergence value = 0.000134406 (threshold = 1e-08)
  Iteration 12 (of 50).   Current convergence value = 0.000132703 (threshold = 1e-08)
  Iteration 13 (of 50).   Current convergence value = 0.000130884 (threshold = 1e-08)
  Iteration 14 (of 50).   Current convergence value = 0.000128726 (threshold = 1e-08)
  Iteration 15 (of 50).   Current convergence value = 0.000126579 (threshold = 1e-08)
  Iteration 16 (of 50).   Current convergence value = 0.000124498 (threshold = 1e-08)
  Iteration 17 (of 50).   Current convergence value = 0.000122627 (threshold = 1e-08)
  Iteration 18 (of 50).   Current convergence value = 0.00012081 (threshold = 1e-08)
  Iteration 19 (of 50).   Current convergence value = 0.000118969 (threshold = 1e-08)
  Iteration 20 (of 50).   Current convergence value = 0.00011704 (threshold = 1e-08)
  Iteration 21 (of 50).   Current convergence value = 0.000115304 (threshold = 1e-08)
  Iteration 22 (of 50).   Current convergence value = 0.000113678 (threshold = 1e-08)
  Iteration 23 (of 50).   Current convergence value = 0.000112031 (threshold = 1e-08)
  Iteration 24 (of 50).   Current convergence value = 0.000110446 (threshold = 1e-08)
  Iteration 25 (of 50).   Current convergence value = 0.00010746 (threshold = 1e-08)
  Iteration 26 (of 50).   Current convergence value = 0.000104205 (threshold = 1e-08)
  Iteration 27 (of 50).   Current convergence value = 0.000101782 (threshold = 1e-08)
  Iteration 28 (of 50).   Current convergence value = 9.947e-05 (threshold = 1e-08)
  Iteration 29 (of 50).   Current convergence value = 9.74392e-05 (threshold = 1e-08)
  Iteration 30 (of 50).   Current convergence value = 9.53663e-05 (threshold = 1e-08)
  Iteration 31 (of 50).   Current convergence value = 9.3559e-05 (threshold = 1e-08)
  Iteration 32 (of 50).   Current convergence value = 9.16963e-05 (threshold = 1e-08)
  Iteration 33 (of 50).   Current convergence value = 9.01049e-05 (threshold = 1e-08)
  Iteration 34 (of 50).   Current convergence value = 8.84292e-05 (threshold = 1e-08)
  Iteration 35 (of 50).   Current convergence value = 8.68665e-05 (threshold = 1e-08)
  Iteration 36 (of 50).   Current convergence value = 8.53772e-05 (threshold = 1e-08)
  Iteration 37 (of 50).   Current convergence value = 8.39081e-05 (threshold = 1e-08)
  Iteration 38 (of 50).   Current convergence value = 8.26637e-05 (threshold = 1e-08)
  Iteration 39 (of 50).   Current convergence value = 8.12923e-05 (threshold = 1e-08)
  Iteration 40 (of 50).   Current convergence value = 7.99821e-05 (threshold = 1e-08)
  Iteration 41 (of 50).   Current convergence value = 7.87254e-05 (threshold = 1e-08)
  Iteration 42 (of 50).   Current convergence value = 7.74147e-05 (threshold = 1e-08)
  Iteration 43 (of 50).   Current convergence value = 7.62094e-05 (threshold = 1e-08)
  Iteration 44 (of 50).   Current convergence value = 7.49011e-05 (threshold = 1e-08)
  Iteration 45 (of 50).   Current convergence value = 7.36544e-05 (threshold = 1e-08)
  Iteration 46 (of 50).   Current convergence value = 7.25886e-05 (threshold = 1e-08)
  Iteration 47 (of 50).   Current convergence value = 7.1367e-05 (threshold = 1e-08)
  Iteration 48 (of 50).   Current convergence value = 7.03441e-05 (threshold = 1e-08)
  Iteration 49 (of 50).   Current convergence value = 6.93035e-05 (threshold = 1e-08)
  Iteration 50 (of 50).   Current convergence value = 6.82035e-05 (threshold = 1e-08)
Current level = 2
  Iteration 1 (of 50).   Current convergence value = 0.000423417 (threshold = 1e-08)
  Iteration 2 (of 50).   Current convergence value = 0.000338732 (threshold = 1e-08)
  Iteration 3 (of 50).   Current convergence value = 0.000294008 (threshold = 1e-08)
  Iteration 4 (of 50).   Current convergence value = 0.000253515 (threshold = 1e-08)
  Iteration 5 (of 50).   Current convergence value = 0.000217502 (threshold = 1e-08)
  Iteration 6 (of 50).   Current convergence value = 0.000192986 (threshold = 1e-08)
  Iteration 7 (of 50).   Current convergence value = 0.000182651 (threshold = 1e-08)
  Iteration 8 (of 50).   Current convergence value = 0.000184128 (threshold = 1e-08)
  Iteration 9 (of 50).   Current convergence value = 0.000179589 (threshold = 1e-08)
  Iteration 10 (of 50).   Current convergence value = 0.000167245 (threshold = 1e-08)
  Iteration 11 (of 50).   Current convergence value = 0.000157344 (threshold = 1e-08)
  Iteration 12 (of 50).   Current convergence value = 0.00014912 (threshold = 1e-08)
  Iteration 13 (of 50).   Current convergence value = 0.0001418 (threshold = 1e-08)
  Iteration 14 (of 50).   Current convergence value = 0.000135643 (threshold = 1e-08)
  Iteration 15 (of 50).   Current convergence value = 0.000130685 (threshold = 1e-08)
  Iteration 16 (of 50).   Current convergence value = 0.000126784 (threshold = 1e-08)
  Iteration 17 (of 50).   Current convergence value = 0.000123625 (threshold = 1e-08)
  Iteration 18 (of 50).   Current convergence value = 0.000122335 (threshold = 1e-08)
  Iteration 19 (of 50).   Current convergence value = 0.00012542 (threshold = 1e-08)
  Iteration 20 (of 50).   Current convergence value = 0.000128461 (threshold = 1e-08)
  Iteration 21 (of 50).   Current convergence value = 0.000131501 (threshold = 1e-08)
  Iteration 22 (of 50).   Current convergence value = 0.000134549 (threshold = 1e-08)
  Iteration 23 (of 50).   Current convergence value = 0.000137435 (threshold = 1e-08)
  Iteration 24 (of 50).   Current convergence value = 0.000140228 (threshold = 1e-08)
  Iteration 25 (of 50).   Current convergence value = 0.000142878 (threshold = 1e-08)
  Iteration 26 (of 50).   Current convergence value = 0.000145102 (threshold = 1e-08)
  Iteration 27 (of 50).   Current convergence value = 0.00014754 (threshold = 1e-08)
  Iteration 28 (of 50).   Current convergence value = 0.000150169 (threshold = 1e-08)
  Iteration 29 (of 50).   Current convergence value = 0.000152726 (threshold = 1e-08)
  Iteration 30 (of 50).   Current convergence value = 0.000155271 (threshold = 1e-08)
  Iteration 31 (of 50).   Current convergence value = 0.000157756 (threshold = 1e-08)
  Iteration 32 (of 50).   Current convergence value = 0.000160103 (threshold = 1e-08)
  Iteration 33 (of 50).   Current convergence value = 0.000162425 (threshold = 1e-08)
  Iteration 34 (of 50).   Current convergence value = 0.000164576 (threshold = 1e-08)
  Iteration 35 (of 50).   Current convergence value = 0.000166532 (threshold = 1e-08)
  Iteration 36 (of 50).   Current convergence value = 0.00016787 (threshold = 1e-08)
  Iteration 37 (of 50).   Current convergence value = 0.000168741 (threshold = 1e-08)
  Iteration 38 (of 50).   Current convergence value = 0.0001693 (threshold = 1e-08)
  Iteration 39 (of 50).   Current convergence value = 0.000169615 (threshold = 1e-08)
  Iteration 40 (of 50).   Current convergence value = 0.000169998 (threshold = 1e-08)
  Iteration 41 (of 50).   Current convergence value = 0.000172862 (threshold = 1e-08)
  Iteration 42 (of 50).   Current convergence value = 0.000176397 (threshold = 1e-08)
  Iteration 43 (of 50).   Current convergence value = 0.000179289 (threshold = 1e-08)
  Iteration 44 (of 50).   Current convergence value = 0.000181968 (threshold = 1e-08)
  Iteration 45 (of 50).   Current convergence value = 0.000184683 (threshold = 1e-08)
  Iteration 46 (of 50).   Current convergence value = 0.000187288 (threshold = 1e-08)
  Iteration 47 (of 50).   Current convergence value = 0.000189483 (threshold = 1e-08)
  Iteration 48 (of 50).   Current convergence value = 0.000191843 (threshold = 1e-08)
  Iteration 49 (of 50).   Current convergence value = 0.000194393 (threshold = 1e-08)
  Iteration 50 (of 50).   Current convergence value = 0.000196607 (threshold = 1e-08)
Current level = 3
  Iteration 1 (of 40).   Current convergence value = 0.00120752 (threshold = 1e-08)
  Iteration 2 (of 40).   Current convergence value = 0.00102305 (threshold = 1e-08)
  Iteration 3 (of 40).   Current convergence value = 0.000986978 (threshold = 1e-08)
  Iteration 4 (of 40).   Current convergence value = 0.0010175 (threshold = 1e-08)
  Iteration 5 (of 40).   Current convergence value = 0.00109099 (threshold = 1e-08)
  Iteration 6 (of 40).   Current convergence value = 0.00117582 (threshold = 1e-08)
  Iteration 7 (of 40).   Current convergence value = 0.00121292 (threshold = 1e-08)
  Iteration 8 (of 40).   Current convergence value = 0.00122266 (threshold = 1e-08)
  Iteration 9 (of 40).   Current convergence value = 0.00124141 (threshold = 1e-08)
  Iteration 10 (of 40).   Current convergence value = 0.00126243 (threshold = 1e-08)
  Iteration 11 (of 40).   Current convergence value = 0.00128376 (threshold = 1e-08)
  Iteration 12 (of 40).   Current convergence value = 0.00130525 (threshold = 1e-08)
  Iteration 13 (of 40).   Current convergence value = 0.00132834 (threshold = 1e-08)
  Iteration 14 (of 40).   Current convergence value = 0.00127665 (threshold = 1e-08)
  Iteration 15 (of 40).   Current convergence value = 0.00122454 (threshold = 1e-08)
  Iteration 16 (of 40).   Current convergence value = 0.00116833 (threshold = 1e-08)
  Iteration 17 (of 40).   Current convergence value = 0.00111647 (threshold = 1e-08)
  Iteration 18 (of 40).   Current convergence value = 0.00107369 (threshold = 1e-08)
  Iteration 19 (of 40).   Current convergence value = 0.00103986 (threshold = 1e-08)
  Iteration 20 (of 40).   Current convergence value = 0.00101269 (threshold = 1e-08)
  Iteration 21 (of 40).   Current convergence value = 0.000990783 (threshold = 1e-08)
  Iteration 22 (of 40).   Current convergence value = 0.000972917 (threshold = 1e-08)
  Iteration 23 (of 40).   Current convergence value = 0.000958387 (threshold = 1e-08)
  Iteration 24 (of 40).   Current convergence value = 0.000948203 (threshold = 1e-08)
  Iteration 25 (of 40).   Current convergence value = 0.000941274 (threshold = 1e-08)
  Iteration 26 (of 40).   Current convergence value = 0.000937 (threshold = 1e-08)
  Iteration 27 (of 40).   Current convergence value = 0.000935179 (threshold = 1e-08)
  Iteration 28 (of 40).   Current convergence value = 0.000935601 (threshold = 1e-08)
  Iteration 29 (of 40).   Current convergence value = 0.000931163 (threshold = 1e-08)
  Iteration 30 (of 40).   Current convergence value = 0.000875995 (threshold = 1e-08)
  Iteration 31 (of 40).   Current convergence value = 0.000831825 (threshold = 1e-08)
  Iteration 32 (of 40).   Current convergence value = 0.000794704 (threshold = 1e-08)
  Iteration 33 (of 40).   Current convergence value = 0.000763384 (threshold = 1e-08)
  Iteration 34 (of 40).   Current convergence value = 0.000736721 (threshold = 1e-08)
  Iteration 35 (of 40).   Current convergence value = 0.000713143 (threshold = 1e-08)
  Iteration 36 (of 40).   Current convergence value = 0.000692451 (threshold = 1e-08)
  Iteration 37 (of 40).   Current convergence value = 0.000662624 (threshold = 1e-08)
  Iteration 38 (of 40).   Current convergence value = 0.000635704 (threshold = 1e-08)
  Iteration 39 (of 40).   Current convergence value = 0.000613101 (threshold = 1e-08)
  Iteration 40 (of 40).   Current convergence value = 0.000592682 (threshold = 1e-08)
Current level = 4
  Iteration 1 (of 30).   Current convergence value = 0.0020408 (threshold = 1e-08)
  Iteration 2 (of 30).   Current convergence value = 0.00175846 (threshold = 1e-08)
  Iteration 3 (of 30).   Current convergence value = 0.00161783 (threshold = 1e-08)
  Iteration 4 (of 30).   Current convergence value = 0.00151688 (threshold = 1e-08)
  Iteration 5 (of 30).   Current convergence value = 0.0014345 (threshold = 1e-08)
  Iteration 6 (of 30).   Current convergence value = 0.0013602 (threshold = 1e-08)
  Iteration 7 (of 30).   Current convergence value = 0.0012911 (threshold = 1e-08)
  Iteration 8 (of 30).   Current convergence value = 0.00122499 (threshold = 1e-08)
  Iteration 9 (of 30).   Current convergence value = 0.00116117 (threshold = 1e-08)
  Iteration 10 (of 30).   Current convergence value = 0.00109746 (threshold = 1e-08)
  Iteration 11 (of 30).   Current convergence value = 0.00106032 (threshold = 1e-08)
  Iteration 12 (of 30).   Current convergence value = 0.00101477 (threshold = 1e-08)
  Iteration 13 (of 30).   Current convergence value = 0.000961538 (threshold = 1e-08)
  Iteration 14 (of 30).   Current convergence value = 0.000910946 (threshold = 1e-08)
  Iteration 15 (of 30).   Current convergence value = 0.000863197 (threshold = 1e-08)
  Iteration 16 (of 30).   Current convergence value = 0.000819055 (threshold = 1e-08)
  Iteration 17 (of 30).   Current convergence value = 0.000778525 (threshold = 1e-08)
  Iteration 18 (of 30).   Current convergence value = 0.000743641 (threshold = 1e-08)
  Iteration 19 (of 30).   Current convergence value = 0.000712589 (threshold = 1e-08)
  Iteration 20 (of 30).   Current convergence value = 0.000683782 (threshold = 1e-08)
  Iteration 21 (of 30).   Current convergence value = 0.000657415 (threshold = 1e-08)
  Iteration 22 (of 30).   Current convergence value = 0.000632363 (threshold = 1e-08)
  Iteration 23 (of 30).   Current convergence value = 0.000609403 (threshold = 1e-08)
  Iteration 24 (of 30).   Current convergence value = 0.000587708 (threshold = 1e-08)
  Iteration 25 (of 30).   Current convergence value = 0.000567544 (threshold = 1e-08)
  Iteration 26 (of 30).   Current convergence value = 0.000548453 (threshold = 1e-08)
  Iteration 27 (of 30).   Current convergence value = 0.000530334 (threshold = 1e-08)
  Iteration 28 (of 30).   Current convergence value = 0.000513553 (threshold = 1e-08)
  Iteration 29 (of 30).   Current convergence value = 0.000497368 (threshold = 1e-08)
  Iteration 30 (of 30).   Current convergence value = 0.000482353 (threshold = 1e-08)
   N4BiasFieldCorrectionImageFilter (0x55d4edcece20)
     RTTI typeinfo:   itk::N4BiasFieldCorrectionImageFilter<itk::Image<float, 3u>, itk::Image<float, 3u>, itk::Image<float, 3u> >
     Reference Count: 1
     Modified Time: 579
     Debug: Off
     Object Name: 
     Observers: 
       IterationEvent(Command)
     Inputs: 
       ConfidenceImage: (0)
       MaskImage: (0x55d4edd17640)
       Primary: (0x55d4edd12ac0) *
     Indexed Inputs: 
       0: Primary (0x55d4edd12ac0)
       1: MaskImage (0x55d4edd17640)
       2: ConfidenceImage (0)
     Required Input Names: Primary
     NumberOfRequiredInputs: 1
     Outputs: 
       Primary: (0x55d4edcfcef0)
     Indexed Outputs: 
       0: Primary (0x55d4edcfcef0)
     NumberOfRequiredOutputs: 1
     Number Of Work Units: 32
     ReleaseDataFlag: Off
     ReleaseDataBeforeUpdateFlag: Off
     AbortGenerateData: Off
     Progress: 0
     Multithreader: 
       RTTI typeinfo:   itk::PoolMultiThreader
       Reference Count: 1
       Modified Time: 144
       Debug: Off
       Object Name: 
       Observers: 
         none
       Number of Work Units: 32
       Number of Threads: 8
       Global Maximum Number Of Threads: 128
       Global Default Number Of Threads: 8
       Global Default Threader Type: itk::MultiThreaderBaseEnums::Threader::Pool
       SingleMethod: 0
       SingleData: 0
     DynamicMultiThreading: On
     CoordinateTolerance: 1e-06
     DirectionTolerance: 1e-06
     Use Mask Label: 0
     Mask label: 1
     Number of histogram bins: 200
     Wiener filter noise: 0.01
     Bias field FWHM: 0.15
     Maximum number of iterations: [50, 50, 40, 30]
     Convergence threshold: 1e-08
     Spline order: 3
     Number of fitting levels: [4, 4, 4]
     Number of control points: [4, 5, 5]
     CurrentConvergenceMeasurement: 0.000482353
     CurrentLevel: 4
     ElapsedIterations: 31
     LogBiasFieldControlPointLattice: 
       Image (0x55d4fbe5e200)
         RTTI typeinfo:   itk::Image<itk::Vector<float, 1u>, 3u>
         Reference Count: 1
         Modified Time: 343574
         Debug: Off
         Object Name: 
         Observers: 
           none
         Source: (none)
         Source output name: (none)
         Release Data: Off
         Data Released: False
         Global Release Data: Off
         PipelineMTime: 0
         UpdateMTime: 0
         RealTimeStamp: 0 seconds 
         LargestPossibleRegion: 
           Dimension: 3
           Index: [0, 0, 0]
           Size: [11, 19, 19]
         BufferedRegion: 
           Dimension: 3
           Index: [0, 0, 0]
           Size: [11, 19, 19]
         RequestedRegion: 
           Dimension: 3
           Index: [0, 0, 0]
           Size: [11, 19, 19]
         Spacing: [24.7356, 24.875, 24.875]
         Origin: [26.5821, 25.1686, -22.568]
         Direction: 
-0.997581 -0.00753179 -0.0691035
0.00900398 -0.999739 -0.0210176
-0.0689271 -0.0215889 0.997388

         IndexToPointMatrix: 
-24.6758 -0.187353 -1.71895
0.222719 -24.8685 -0.522813
-1.70496 -0.537024 24.81

         PointToIndexMatrix: 
-0.0403297 0.000364008 -0.00278655
-0.000302785 -0.0401905 -0.000867898
-0.00277803 -0.000844926 0.040096

         Inverse Direction: 
-0.997581 0.00900398 -0.0689271
-0.00753178 -0.999739 -0.021589
-0.0691035 -0.0210175 0.997388

         PixelContainer: 
           ImportImageContainer (0x55d4f9088e20)
             RTTI typeinfo:   itk::ImportImageContainer<unsigned long, itk::Vector<float, 1u> >
             Reference Count: 1
             Modified Time: 343575
             Debug: Off
             Object Name: 
             Observers: 
               none
             Pointer: 0x55d4f7eba480
             Container manages memory: true
             Size: 3971
             Capacity: 3971
Elapsed time: 268.643
All_Command_lines_OK
Using single precision for computations.
=============================================================================
The composite transform comprises the following transforms (in order): 
  1. Center of mass alignment using fixed image: /home/mpib/nemecz/Projects/miniTRK/Results/01_MRI/GroupTempl/T1w/T_template0.nii.gz and moving image: /home/mpib/nemecz/Projects/miniTRK/Analysis/01_MRI/Preproc/GroupTempl/T1w/sub-531453_T1w.nii.gz (type = Euler3DTransform)
=============================================================================
  number of levels = 4
  number of levels = 4
  number of levels = 4
  fixed image: /home/mpib/nemecz/Projects/miniTRK/Results/01_MRI/GroupTempl/T1w/T_template0.nii.gz
  moving image: /home/mpib/nemecz/Projects/miniTRK/Results/01_MRI/GroupTempl/T1w/T_template0sub-531453_T1wRepaired.nii.gz
  fixed image: /home/mpib/nemecz/Projects/miniTRK/Results/01_MRI/GroupTempl/T1w/T_template0.nii.gz
  moving image: /home/mpib/nemecz/Projects/miniTRK/Results/01_MRI/GroupTempl/T1w/T_template0sub-531453_T1wRepaired.nii.gz
  fixed image: /home/mpib/nemecz/Projects/miniTRK/Results/01_MRI/GroupTempl/T1w/T_template0.nii.gz
  moving image: /home/mpib/nemecz/Projects/miniTRK/Results/01_MRI/GroupTempl/T1w/T_template0sub-531453_T1wRepaired.nii.gz
Dimension = 3
Number of stages = 3
Use Histogram Matching true
Winsorize image intensities true
Lower quantile = 0.01
Upper quantile = 0.99
Stage 1 State
   Image metric = Mattes
     Fixed image = Image (0x564a65280ad0)
  RTTI typeinfo:   itk::Image<float, 3u>
  Reference Count: 2
  Modified Time: 1725
  Debug: Off
  Object Name: 
  Observers: 
    none
  Source: (none)
  Source output name: (none)
  Release Data: Off
  Data Released: False
  Global Release Data: Off
  PipelineMTime: 0
  UpdateMTime: 1508
  RealTimeStamp: 0 seconds 
  LargestPossibleRegion: 
    Dimension: 3
    Index: [0, 0, 0]
    Size: [192, 256, 256]
  BufferedRegion: 
    Dimension: 3
    Index: [0, 0, 0]
    Size: [192, 256, 256]
  RequestedRegion: 
    Dimension: 3
    Index: [0, 0, 0]
    Size: [192, 256, 256]
  Spacing: [1, 1, 1]
  Origin: [95.0313, 100.538, -154.123]
  Direction: 
-0.999853 -0.014134 -0.00966312
0.014129 -0.9999 0.000586045
-0.00967044 0.000449429 0.999953

  IndexToPointMatrix: 
-0.999853 -0.014134 -0.00966312
0.014129 -0.9999 0.000586045
-0.00967044 0.000449429 0.999953

  PointToIndexMatrix: 
-0.999853 0.014129 -0.00967044
-0.014134 -0.9999 0.000449429
-0.00966312 0.000586045 0.999953

  Inverse Direction: 
-0.999853 0.014129 -0.00967044
-0.014134 -0.9999 0.000449429
-0.00966312 0.000586045 0.999953

  PixelContainer: 
    ImportImageContainer (0x564a65288c80)
      RTTI typeinfo:   itk::ImportImageContainer<unsigned long, float>
      Reference Count: 1
      Modified Time: 1505
      Debug: Off
      Object Name: 
      Observers: 
        none
      Pointer: 0x7f6bf5416010
      Container manages memory: true
      Size: 12582912
      Capacity: 12582912

     Moving image = Image (0x564a65281bc0)
  RTTI typeinfo:   itk::Image<float, 3u>
  Reference Count: 2
  Modified Time: 1726
  Debug: Off
  Object Name: 
  Observers: 
    none
  Source: (none)
  Source output name: (none)
  Release Data: Off
  Data Released: False
  Global Release Data: Off
  PipelineMTime: 0
  UpdateMTime: 1723
  RealTimeStamp: 0 seconds 
  LargestPossibleRegion: 
    Dimension: 3
    Index: [0, 0, 0]
    Size: [192, 256, 256]
  BufferedRegion: 
    Dimension: 3
    Index: [0, 0, 0]
    Size: [192, 256, 256]
  RequestedRegion: 
    Dimension: 3
    Index: [0, 0, 0]
    Size: [192, 256, 256]
  Spacing: [0.99942, 1, 1]
  Origin: [104.971, 99.9881, -146.061]
  Direction: 
-0.997581 -0.00753178 -0.0691035
0.00900398 -0.999739 -0.0210176
-0.0689271 -0.0215889 0.997388

  IndexToPointMatrix: 
-0.997002 -0.00753178 -0.0691035
0.00899876 -0.999739 -0.0210176
-0.0688871 -0.0215889 0.997388

  PointToIndexMatrix: 
-0.99816 0.00900921 -0.0689672
-0.00753178 -0.999739 -0.0215889
-0.0691035 -0.0210176 0.997388

  Inverse Direction: 
-0.997581 0.00900398 -0.0689271
-0.00753178 -0.999739 -0.0215889
-0.0691035 -0.0210176 0.997388

  PixelContainer: 
    ImportImageContainer (0x564a65285850)
      RTTI typeinfo:   itk::ImportImageContainer<unsigned long, float>
      Reference Count: 1
      Modified Time: 1720
      Debug: Off
      Object Name: 
      Observers: 
        none
      Pointer: 0x7f6bf2415010
      Container manages memory: true
      Size: 12582912
      Capacity: 12582912

     Weighting = 1
     Sampling strategy = regular
     Number of bins = 32
     Radius = 4
     Sampling percentage  = 0.25
   Transform = Rigid
     Gradient step = 0.1
     Update field sigma (voxel space) = 0
     Total field sigma (voxel space) = 0
     Update field time sigma = 0
     Total field time sigma  = 0
     Number of time indices = 0
     Number of time point samples = 0
Stage 2 State
   Image metric = Mattes
     Fixed image = Image (0x564a65299870)
  RTTI typeinfo:   itk::Image<float, 3u>
  Reference Count: 2
  Modified Time: 2155
  Debug: Off
  Object Name: 
  Observers: 
    none
  Source: (none)
  Source output name: (none)
  Release Data: Off
  Data Released: False
  Global Release Data: Off
  PipelineMTime: 0
  UpdateMTime: 1938
  RealTimeStamp: 0 seconds 
  LargestPossibleRegion: 
    Dimension: 3
    Index: [0, 0, 0]
    Size: [192, 256, 256]
  BufferedRegion: 
    Dimension: 3
    Index: [0, 0, 0]
    Size: [192, 256, 256]
  RequestedRegion: 
    Dimension: 3
    Index: [0, 0, 0]
    Size: [192, 256, 256]
  Spacing: [1, 1, 1]
  Origin: [95.0313, 100.538, -154.123]
  Direction: 
-0.999853 -0.014134 -0.00966312
0.014129 -0.9999 0.000586045
-0.00967044 0.000449429 0.999953

  IndexToPointMatrix: 
-0.999853 -0.014134 -0.00966312
0.014129 -0.9999 0.000586045
-0.00967044 0.000449429 0.999953

  PointToIndexMatrix: 
-0.999853 0.014129 -0.00967044
-0.014134 -0.9999 0.000449429
-0.00966312 0.000586045 0.999953

  Inverse Direction: 
-0.999853 0.014129 -0.00967044
-0.014134 -0.9999 0.000449429
-0.00966312 0.000586045 0.999953

  PixelContainer: 
    ImportImageContainer (0x564a65281660)
      RTTI typeinfo:   itk::ImportImageContainer<unsigned long, float>
      Reference Count: 1
      Modified Time: 1935
      Debug: Off
      Object Name: 
      Observers: 
        none
      Pointer: 0x7f6bef414010
      Container manages memory: true
      Size: 12582912
      Capacity: 12582912

     Moving image = Image (0x564a65299520)
  RTTI typeinfo:   itk::Image<float, 3u>
  Reference Count: 2
  Modified Time: 2156
  Debug: Off
  Object Name: 
  Observers: 
    none
  Source: (none)
  Source output name: (none)
  Release Data: Off
  Data Released: False
  Global Release Data: Off
  PipelineMTime: 0
  UpdateMTime: 2153
  RealTimeStamp: 0 seconds 
  LargestPossibleRegion: 
    Dimension: 3
    Index: [0, 0, 0]
    Size: [192, 256, 256]
  BufferedRegion: 
    Dimension: 3
    Index: [0, 0, 0]
    Size: [192, 256, 256]
  RequestedRegion: 
    Dimension: 3
    Index: [0, 0, 0]
    Size: [192, 256, 256]
  Spacing: [0.99942, 1, 1]
  Origin: [104.971, 99.9881, -146.061]
  Direction: 
-0.997581 -0.00753178 -0.0691035
0.00900398 -0.999739 -0.0210176
-0.0689271 -0.0215889 0.997388

  IndexToPointMatrix: 
-0.997002 -0.00753178 -0.0691035
0.00899876 -0.999739 -0.0210176
-0.0688871 -0.0215889 0.997388

  PointToIndexMatrix: 
-0.99816 0.00900921 -0.0689672
-0.00753178 -0.999739 -0.0215889
-0.0691035 -0.0210176 0.997388

  Inverse Direction: 
-0.997581 0.00900398 -0.0689271
-0.00753178 -0.999739 -0.0215889
-0.0691035 -0.0210176 0.997388

  PixelContainer: 
    ImportImageContainer (0x564a6529a8f0)
      RTTI typeinfo:   itk::ImportImageContainer<unsigned long, float>
      Reference Count: 1
      Modified Time: 2150
      Debug: Off
      Object Name: 
      Observers: 
        none
      Pointer: 0x7f6bec413010
      Container manages memory: true
      Size: 12582912
      Capacity: 12582912

     Weighting = 1
     Sampling strategy = regular
     Number of bins = 32
     Radius = 4
     Sampling percentage  = 0.25
   Transform = Affine
     Gradient step = 0.1
     Update field sigma (voxel space) = 0
     Total field sigma (voxel space) = 0
     Update field time sigma = 0
     Total field time sigma  = 0
     Number of time indices = 0
     Number of time point samples = 0
Stage 3 State
   Image metric = CC
     Fixed image = Image (0x564a652a09e0)
  RTTI typeinfo:   itk::Image<float, 3u>
  Reference Count: 2
  Modified Time: 2585
  Debug: Off
  Object Name: 
  Observers: 
    none
  Source: (none)
  Source output name: (none)
  Release Data: Off
  Data Released: False
  Global Release Data: Off
  PipelineMTime: 0
  UpdateMTime: 2368
  RealTimeStamp: 0 seconds 
  LargestPossibleRegion: 
    Dimension: 3
    Index: [0, 0, 0]
    Size: [192, 256, 256]
  BufferedRegion: 
    Dimension: 3
    Index: [0, 0, 0]
    Size: [192, 256, 256]
  RequestedRegion: 
    Dimension: 3
    Index: [0, 0, 0]
    Size: [192, 256, 256]
  Spacing: [1, 1, 1]
  Origin: [95.0313, 100.538, -154.123]
  Direction: 
-0.999853 -0.014134 -0.00966312
0.014129 -0.9999 0.000586045
-0.00967044 0.000449429 0.999953

  IndexToPointMatrix: 
-0.999853 -0.014134 -0.00966312
0.014129 -0.9999 0.000586045
-0.00967044 0.000449429 0.999953

  PointToIndexMatrix: 
-0.999853 0.014129 -0.00967044
-0.014134 -0.9999 0.000449429
-0.00966312 0.000586045 0.999953

  Inverse Direction: 
-0.999853 0.014129 -0.00967044
-0.014134 -0.9999 0.000449429
-0.00966312 0.000586045 0.999953

  PixelContainer: 
    ImportImageContainer (0x564a6527e380)
      RTTI typeinfo:   itk::ImportImageContainer<unsigned long, float>
      Reference Count: 1
      Modified Time: 2365
      Debug: Off
      Object Name: 
      Observers: 
        none
      Pointer: 0x7f6be9412010
      Container manages memory: true
      Size: 12582912
      Capacity: 12582912

     Moving image = Image (0x564a65298230)
  RTTI typeinfo:   itk::Image<float, 3u>
  Reference Count: 2
  Modified Time: 2586
  Debug: Off
  Object Name: 
  Observers: 
    none
  Source: (none)
  Source output name: (none)
  Release Data: Off
  Data Released: False
  Global Release Data: Off
  PipelineMTime: 0
  UpdateMTime: 2583
  RealTimeStamp: 0 seconds 
  LargestPossibleRegion: 
    Dimension: 3
    Index: [0, 0, 0]
    Size: [192, 256, 256]
  BufferedRegion: 
    Dimension: 3
    Index: [0, 0, 0]
    Size: [192, 256, 256]
  RequestedRegion: 
    Dimension: 3
    Index: [0, 0, 0]
    Size: [192, 256, 256]
  Spacing: [0.99942, 1, 1]
  Origin: [104.971, 99.9881, -146.061]
  Direction: 
-0.997581 -0.00753178 -0.0691035
0.00900398 -0.999739 -0.0210176
-0.0689271 -0.0215889 0.997388

  IndexToPointMatrix: 
-0.997002 -0.00753178 -0.0691035
0.00899876 -0.999739 -0.0210176
-0.0688871 -0.0215889 0.997388

  PointToIndexMatrix: 
-0.99816 0.00900921 -0.0689672
-0.00753178 -0.999739 -0.0215889
-0.0691035 -0.0210176 0.997388

  Inverse Direction: 
-0.997581 0.00900398 -0.0689271
-0.00753178 -0.999739 -0.0215889
-0.0691035 -0.0210176 0.997388

  PixelContainer: 
    ImportImageContainer (0x564a6529f670)
      RTTI typeinfo:   itk::ImportImageContainer<unsigned long, float>
      Reference Count: 1
      Modified Time: 2580
      Debug: Off
      Object Name: 
      Observers: 
        none
      Pointer: 0x7f6be6411010
      Container manages memory: true
      Size: 12582912
      Capacity: 12582912

     Weighting = 1
     Sampling strategy = none
     Number of bins = 32
     Radius = 4
     Sampling percentage  = 1
   Transform = SyN
     Gradient step = 0.1
     Update field sigma (voxel space) = 3
     Total field sigma (voxel space) = 0
     Update field time sigma = 0
     Total field time sigma  = 0
     Number of time indices = 0
     Number of time point samples = 0
Registration using 3 total stages.

Stage 0
  iterations = 1000x500x250x0
  convergence threshold = 1e-06
  convergence window size = 10
  number of levels = 4
  using the Mattes MI metric (number of bins = 32, weight = 1)
  preprocessing:  winsorizing the image intensities
  preprocessing:  histogram matching the images
  Shrink factors (level 1 out of 4): [6, 6, 6]
  Shrink factors (level 2 out of 4): [4, 4, 4]
  Shrink factors (level 3 out of 4): [2, 2, 2]
  Shrink factors (level 4 out of 4): [1, 1, 1]
  smoothing sigmas per level: [4, 2, 1, 0]
  regular sampling (percentage = 0.25)

*** Running Euler3DTransform registration ***

DIAGNOSTIC,Iteration,metricValue,convergenceValue,ITERATION_TIME_INDEX,SINCE_LAST
 2DIAGNOSTIC,     1, -8.177450299263e-01, inf, 6.9618e-01, 6.9618e-01, 
 2DIAGNOSTIC,     2, -8.195891380310e-01, inf, 7.0656e-01, 1.0381e-02, 
 2DIAGNOSTIC,     3, -8.223694562912e-01, inf, 7.1675e-01, 1.0194e-02, 
 2DIAGNOSTIC,     4, -8.263335227966e-01, inf, 7.2611e-01, 9.3579e-03, 
 2DIAGNOSTIC,     5, -8.317897319794e-01, inf, 7.3522e-01, 9.1059e-03, 
 2DIAGNOSTIC,     6, -8.380827903748e-01, inf, 7.4446e-01, 9.2480e-03, 
 2DIAGNOSTIC,     7, -8.453329801559e-01, inf, 7.5733e-01, 1.2869e-02, 
 2DIAGNOSTIC,     8, -8.531423807144e-01, inf, 7.6635e-01, 9.0201e-03, 
 2DIAGNOSTIC,     9, -8.709118962288e-01, inf, 7.7632e-01, 9.9659e-03, 
 2DIAGNOSTIC,    10, -8.770940899849e-01, 4.593189805746e-03, 7.8890e-01, 1.2580e-02, 
 2DIAGNOSTIC,    11, -8.807573914528e-01, 4.639419727027e-03, 7.9885e-01, 9.9502e-03, 
 2DIAGNOSTIC,    12, -8.875806927681e-01, 4.506697412580e-03, 8.0909e-01, 1.0239e-02, 
 2DIAGNOSTIC,    13, -9.068852066994e-01, 4.544046707451e-03, 8.1981e-01, 1.0717e-02, 
 2DIAGNOSTIC,    14, -9.114983677864e-01, 4.349671769887e-03, 8.2834e-01, 8.5330e-03, 
 2DIAGNOSTIC,    15, -9.129810929298e-01, 3.941343165934e-03, 8.3662e-01, 8.2839e-03, 
 2DIAGNOSTIC,    16, -9.148522615433e-01, 3.402726026252e-03, 8.4814e-01, 1.1521e-02, 
 2DIAGNOSTIC,    17, -9.171180725098e-01, 2.800814341754e-03, 8.5643e-01, 8.2829e-03, 
 2DIAGNOSTIC,    18, -9.174894690514e-01, 2.146383048967e-03, 8.6454e-01, 8.1170e-03, 
 2DIAGNOSTIC,    19, -9.182108640671e-01, 1.681138644926e-03, 8.7276e-01, 8.2171e-03, 
 2DIAGNOSTIC,    20, -9.193987846375e-01, 1.233080518432e-03, 8.8095e-01, 8.1899e-03, 
 2DIAGNOSTIC,    21, -9.201760292053e-01, 7.845996296965e-04, 8.9254e-01, 1.1585e-02, 
 2DIAGNOSTIC,    22, -9.205692410469e-01, 4.043764201924e-04, 9.0287e-01, 1.0337e-02, 
 2DIAGNOSTIC,    23, -9.206628799438e-01, 2.921767008957e-04, 9.1214e-01, 9.2649e-03, 
 2DIAGNOSTIC,    24, -9.208331108093e-01, 2.269298565807e-04, 9.2011e-01, 7.9770e-03, 
 2DIAGNOSTIC,    25, -9.209014177322e-01, 1.653759245528e-04, 9.2812e-01, 8.0070e-03, 
 2DIAGNOSTIC,    26, -9.210072755814e-01, 1.169420647784e-04, 9.3600e-01, 7.8769e-03, 
 2DIAGNOSTIC,    27, -9.213908910751e-01, 9.291211608797e-05, 9.4598e-01, 9.9800e-03, 
 2DIAGNOSTIC,    28, -9.215891361237e-01, 6.847220356576e-05, 9.5590e-01, 9.9230e-03, 
 2DIAGNOSTIC,    29, -9.218373894691e-01, 4.989045191905e-05, 9.6521e-01, 9.3100e-03, 
 2DIAGNOSTIC,    30, -9.218922853470e-01, 4.103933315491e-05, 9.7421e-01, 8.9970e-03, 
 2DIAGNOSTIC,    31, -9.218370318413e-01, 3.636758265202e-05, 9.8305e-01, 8.8439e-03, 
 2DIAGNOSTIC,    32, -9.218012690544e-01, 3.220641519874e-05, 9.9085e-01, 7.7970e-03, 
 2DIAGNOSTIC,    33, -9.218101501465e-01, 2.627447429404e-05, 9.9978e-01, 8.9312e-03, 
 2DIAGNOSTIC,    34, -9.218099713326e-01, 1.988447002077e-05, 1.0086e+00, 8.8010e-03, 
 2DIAGNOSTIC,    35, -9.217663407326e-01, 1.232316753885e-05, 1.0164e+00, 7.7760e-03, 
 2DIAGNOSTIC,    36, -9.217618703842e-01, 4.986066869606e-06, 1.0251e+00, 8.7759e-03, 
DIAGNOSTIC,Iteration,metricValue,convergenceValue,ITERATION_TIME_INDEX,SINCE_LAST
 2DIAGNOSTIC,     1, -7.166687250137e-01, inf, 1.8008e+00, 7.7565e-01, 
 2DIAGNOSTIC,     2, -7.178823947906e-01, inf, 1.8318e+00, 3.1066e-02, 
 2DIAGNOSTIC,     3, -7.192894816399e-01, inf, 1.8606e+00, 2.8778e-02, 
 2DIAGNOSTIC,     4, -7.207776904106e-01, inf, 1.8901e+00, 2.9467e-02, 
 2DIAGNOSTIC,     5, -7.219083905220e-01, inf, 1.9190e+00, 2.8885e-02, 
 2DIAGNOSTIC,     6, -7.225776314735e-01, inf, 1.9482e+00, 2.9192e-02, 
 2DIAGNOSTIC,     7, -7.232844829559e-01, inf, 1.9772e+00, 2.9017e-02, 
 2DIAGNOSTIC,     8, -7.245222926140e-01, inf, 2.0181e+00, 4.0872e-02, 
 2DIAGNOSTIC,     9, -7.250612974167e-01, inf, 2.0577e+00, 3.9654e-02, 
 2DIAGNOSTIC,    10, -7.250998020172e-01, 7.773026009090e-04, 2.0868e+00, 2.9063e-02, 
 2DIAGNOSTIC,    11, -7.251965403557e-01, 6.017393316142e-04, 2.1156e+00, 2.8839e-02, 
 2DIAGNOSTIC,    12, -7.252871990204e-01, 4.441009659786e-04, 2.1441e+00, 2.8459e-02, 
 2DIAGNOSTIC,    13, -7.253365516663e-01, 3.136831801385e-04, 2.1735e+00, 2.9454e-02, 
 2DIAGNOSTIC,    14, -7.253717780113e-01, 2.157789858757e-04, 2.2027e+00, 2.9192e-02, 
 2DIAGNOSTIC,    15, -7.254207134247e-01, 1.426017988706e-04, 2.2317e+00, 2.8964e-02, 
 2DIAGNOSTIC,    16, -7.255176901817e-01, 8.457334479317e-05, 2.2645e+00, 3.2867e-02, 
 2DIAGNOSTIC,    17, -7.255723476410e-01, 4.265466122888e-05, 2.3012e+00, 3.6681e-02, 
 2DIAGNOSTIC,    18, -7.256221771240e-01, 2.943558502011e-05, 2.3322e+00, 3.0975e-02, 
 2DIAGNOSTIC,    19, -7.256605625153e-01, 2.701577250264e-05, 2.3654e+00, 3.3172e-02, 
 2DIAGNOSTIC,    20, -7.256934642792e-01, 2.385139305261e-05, 2.3979e+00, 3.2514e-02, 
 2DIAGNOSTIC,    21, -7.256917953491e-01, 2.063568899757e-05, 2.4282e+00, 3.0279e-02, 
 2DIAGNOSTIC,    22, -7.257332205772e-01, 1.827521919040e-05, 2.4698e+00, 4.1633e-02, 
 2DIAGNOSTIC,    23, -7.257282137871e-01, 1.529161272629e-05, 2.5019e+00, 3.2074e-02, 
 2DIAGNOSTIC,    24, -7.257461547852e-01, 1.212874485645e-05, 2.5309e+00, 2.9025e-02, 
 2DIAGNOSTIC,    25, -7.257661819458e-01, 9.258435056836e-06, 2.5633e+00, 3.2435e-02, 
 2DIAGNOSTIC,    26, -7.257863879204e-01, 7.612150966452e-06, 2.5920e+00, 2.8614e-02, 
 2DIAGNOSTIC,    27, -7.258034348488e-01, 6.512255822599e-06, 2.6216e+00, 2.9674e-02, 
 2DIAGNOSTIC,    28, -7.258416414261e-01, 6.211085292307e-06, 2.6653e+00, 4.3721e-02, 
 2DIAGNOSTIC,    29, -7.258591055870e-01, 6.191110969667e-06, 2.6946e+00, 2.9223e-02, 
 2DIAGNOSTIC,    30, -7.258667945862e-01, 6.224862772797e-06, 2.7240e+00, 2.9399e-02, 
 2DIAGNOSTIC,    31, -7.258835434914e-01, 5.948236321274e-06, 2.7543e+00, 3.0282e-02, 
 2DIAGNOSTIC,    32, -7.258992195129e-01, 5.923770004301e-06, 2.7836e+00, 2.9321e-02, 
 2DIAGNOSTIC,    33, -7.259173989296e-01, 5.580030574492e-06, 2.8296e+00, 4.6020e-02, 
 2DIAGNOSTIC,    34, -7.259302735329e-01, 5.167377821635e-06, 2.8660e+00, 3.6427e-02, 
 2DIAGNOSTIC,    35, -7.259297966957e-01, 4.596634880727e-06, 2.9006e+00, 3.4560e-02, 
 2DIAGNOSTIC,    36, -7.259303331375e-01, 3.936966550100e-06, 2.9335e+00, 3.2903e-02, 
 2DIAGNOSTIC,    37, -7.259307503700e-01, 3.197477099093e-06, 2.9661e+00, 3.2649e-02, 
 2DIAGNOSTIC,    38, -7.259309887886e-01, 2.665475449248e-06, 2.9992e+00, 3.3072e-02, 
 2DIAGNOSTIC,    39, -7.259314656258e-01, 2.166709691664e-06, 3.0319e+00, 3.2726e-02, 
 2DIAGNOSTIC,    40, -7.259314060211e-01, 1.638607386667e-06, 3.0646e+00, 3.2701e-02, 
 2DIAGNOSTIC,    41, -7.259314060211e-01, 1.215983161273e-06, 3.0969e+00, 3.2245e-02, 
DIAGNOSTIC,Iteration,metricValue,convergenceValue,ITERATION_TIME_INDEX,SINCE_LAST
 2DIAGNOSTIC,     1, -6.453366875648e-01, inf, 4.1722e+00, 1.0753e+00, 
 2DIAGNOSTIC,     2, -6.454767584801e-01, inf, 4.3920e+00, 2.1979e-01, 
 2DIAGNOSTIC,     3, -6.455011963844e-01, inf, 4.6063e+00, 2.1439e-01, 
 2DIAGNOSTIC,     4, -6.455324888229e-01, inf, 4.8555e+00, 2.4916e-01, 
 2DIAGNOSTIC,     5, -6.455559134483e-01, inf, 5.1284e+00, 2.7292e-01, 
 2DIAGNOSTIC,     6, -6.455817818642e-01, inf, 5.3498e+00, 2.2140e-01, 
 2DIAGNOSTIC,     7, -6.455990076065e-01, inf, 5.6014e+00, 2.5157e-01, 
 2DIAGNOSTIC,     8, -6.456148028374e-01, inf, 5.8489e+00, 2.4749e-01, 
 2DIAGNOSTIC,     9, -6.456236839294e-01, inf, 6.0970e+00, 2.4807e-01, 
 2DIAGNOSTIC,    10, -6.456341147423e-01, 2.699387732719e-05, 6.3722e+00, 2.7521e-01, 
 2DIAGNOSTIC,    11, -6.456440687180e-01, 1.801255166356e-05, 6.5870e+00, 2.1483e-01, 
 2DIAGNOSTIC,    12, -6.456503868103e-01, 1.452843935112e-05, 6.8319e+00, 2.4493e-01, 
 2DIAGNOSTIC,    13, -6.456552147865e-01, 1.148390401795e-05, 7.0522e+00, 2.2033e-01, 
 2DIAGNOSTIC,    14, -6.456612944603e-01, 9.221619620803e-06, 7.2782e+00, 2.2592e-01, 
 2DIAGNOSTIC,    15, -6.456680893898e-01, 7.497767910536e-06, 7.6146e+00, 3.3647e-01, 
 2DIAGNOSTIC,    16, -6.456673741341e-01, 6.176558599691e-06, 7.8642e+00, 2.4957e-01, 
 2DIAGNOSTIC,    17, -6.456678509712e-01, 5.080122718937e-06, 8.1213e+00, 2.5714e-01, 
 2DIAGNOSTIC,    18, -6.456686854362e-01, 4.215665740048e-06, 8.4261e+00, 3.0473e-01, 
 2DIAGNOSTIC,    19, -6.456683874130e-01, 3.408369138924e-06, 8.6745e+00, 2.4845e-01, 
 2DIAGNOSTIC,    20, -6.456677913666e-01, 2.731897211561e-06, 8.9242e+00, 2.4963e-01, 
 2DIAGNOSTIC,    21, -6.456679105759e-01, 2.224453737654e-06, 9.3894e+00, 4.6524e-01, 
 2DIAGNOSTIC,    22, -6.456680297852e-01, 1.826140987760e-06, 9.6398e+00, 2.5044e-01, 
