
Running N4 for 3-dimensional images.

Mask not read.  Using the entire image as the mask.

Original intensity range:  [0, 852]

***********************************************************
Warning:  Your input image contains nonpositive values
which could cause failure or problematic results.  A
possible workaround would be to:
   1. rescale your image to positive values e.g., [10,100].
   2. run N4 on your rescaled image.
   3. (optional) rescale the N4 output to the original
      intensity range.
***********************************************************

Specified spline distance: 200mm
  original image size:  [192, 256, 256]
  padded image size:  [201, 401, 401]
  number of control points:  [4, 5, 5]

Current level = 1
  Iteration 1 (of 50).   Current convergence value = 0.000197726 (threshold = 1e-08)
  Iteration 2 (of 50).   Current convergence value = 0.00014234 (threshold = 1e-08)
  Iteration 3 (of 50).   Current convergence value = 0.000112226 (threshold = 1e-08)
  Iteration 4 (of 50).   Current convergence value = 0.00010014 (threshold = 1e-08)
  Iteration 5 (of 50).   Current convergence value = 9.78699e-05 (threshold = 1e-08)
  Iteration 6 (of 50).   Current convergence value = 9.96576e-05 (threshold = 1e-08)
  Iteration 7 (of 50).   Current convergence value = 0.000102311 (threshold = 1e-08)
  Iteration 8 (of 50).   Current convergence value = 0.000104546 (threshold = 1e-08)
  Iteration 9 (of 50).   Current convergence value = 0.000106194 (threshold = 1e-08)
  Iteration 10 (of 50).   Current convergence value = 0.000107276 (threshold = 1e-08)
  Iteration 11 (of 50).   Current convergence value = 0.000107668 (threshold = 1e-08)
  Iteration 12 (of 50).   Current convergence value = 0.000107681 (threshold = 1e-08)
  Iteration 13 (of 50).   Current convergence value = 0.000107578 (threshold = 1e-08)
  Iteration 14 (of 50).   Current convergence value = 0.000107141 (threshold = 1e-08)
  Iteration 15 (of 50).   Current convergence value = 0.000106496 (threshold = 1e-08)
  Iteration 16 (of 50).   Current convergence value = 0.000106008 (threshold = 1e-08)
  Iteration 17 (of 50).   Current convergence value = 0.000105105 (threshold = 1e-08)
  Iteration 18 (of 50).   Current convergence value = 0.000104136 (threshold = 1e-08)
  Iteration 19 (of 50).   Current convergence value = 0.000103277 (threshold = 1e-08)
  Iteration 20 (of 50).   Current convergence value = 0.000102435 (threshold = 1e-08)
  Iteration 21 (of 50).   Current convergence value = 0.000101548 (threshold = 1e-08)
  Iteration 22 (of 50).   Current convergence value = 0.0001006 (threshold = 1e-08)
  Iteration 23 (of 50).   Current convergence value = 9.96208e-05 (threshold = 1e-08)
  Iteration 24 (of 50).   Current convergence value = 9.86315e-05 (threshold = 1e-08)
  Iteration 25 (of 50).   Current convergence value = 9.77734e-05 (threshold = 1e-08)
  Iteration 26 (of 50).   Current convergence value = 9.6938e-05 (threshold = 1e-08)
  Iteration 27 (of 50).   Current convergence value = 9.61343e-05 (threshold = 1e-08)
  Iteration 28 (of 50).   Current convergence value = 9.52733e-05 (threshold = 1e-08)
  Iteration 29 (of 50).   Current convergence value = 9.43357e-05 (threshold = 1e-08)
  Iteration 30 (of 50).   Current convergence value = 9.35169e-05 (threshold = 1e-08)
  Iteration 31 (of 50).   Current convergence value = 9.26769e-05 (threshold = 1e-08)
  Iteration 32 (of 50).   Current convergence value = 9.19437e-05 (threshold = 1e-08)
  Iteration 33 (of 50).   Current convergence value = 9.11718e-05 (threshold = 1e-08)
  Iteration 34 (of 50).   Current convergence value = 9.05665e-05 (threshold = 1e-08)
  Iteration 35 (of 50).   Current convergence value = 8.99581e-05 (threshold = 1e-08)
  Iteration 36 (of 50).   Current convergence value = 8.93106e-05 (threshold = 1e-08)
  Iteration 37 (of 50).   Current convergence value = 8.8779e-05 (threshold = 1e-08)
  Iteration 38 (of 50).   Current convergence value = 8.81735e-05 (threshold = 1e-08)
  Iteration 39 (of 50).   Current convergence value = 8.76333e-05 (threshold = 1e-08)
  Iteration 40 (of 50).   Current convergence value = 8.71436e-05 (threshold = 1e-08)
  Iteration 41 (of 50).   Current convergence value = 8.65592e-05 (threshold = 1e-08)
  Iteration 42 (of 50).   Current convergence value = 8.59538e-05 (threshold = 1e-08)
  Iteration 43 (of 50).   Current convergence value = 8.5394e-05 (threshold = 1e-08)
  Iteration 44 (of 50).   Current convergence value = 8.48936e-05 (threshold = 1e-08)
  Iteration 45 (of 50).   Current convergence value = 8.4453e-05 (threshold = 1e-08)
  Iteration 46 (of 50).   Current convergence value = 8.38389e-05 (threshold = 1e-08)
  Iteration 47 (of 50).   Current convergence value = 8.33364e-05 (threshold = 1e-08)
  Iteration 48 (of 50).   Current convergence value = 8.28547e-05 (threshold = 1e-08)
  Iteration 49 (of 50).   Current convergence value = 8.25027e-05 (threshold = 1e-08)
  Iteration 50 (of 50).   Current convergence value = 8.20964e-05 (threshold = 1e-08)
Current level = 2
  Iteration 1 (of 50).   Current convergence value = 0.000465772 (threshold = 1e-08)
  Iteration 2 (of 50).   Current convergence value = 0.000380566 (threshold = 1e-08)
  Iteration 3 (of 50).   Current convergence value = 0.000327253 (threshold = 1e-08)
  Iteration 4 (of 50).   Current convergence value = 0.000284272 (threshold = 1e-08)
  Iteration 5 (of 50).   Current convergence value = 0.000246816 (threshold = 1e-08)
  Iteration 6 (of 50).   Current convergence value = 0.000216596 (threshold = 1e-08)
  Iteration 7 (of 50).   Current convergence value = 0.00019301 (threshold = 1e-08)
  Iteration 8 (of 50).   Current convergence value = 0.000181862 (threshold = 1e-08)
  Iteration 9 (of 50).   Current convergence value = 0.000179054 (threshold = 1e-08)
  Iteration 10 (of 50).   Current convergence value = 0.00016782 (threshold = 1e-08)
  Iteration 11 (of 50).   Current convergence value = 0.000158153 (threshold = 1e-08)
  Iteration 12 (of 50).   Current convergence value = 0.000149453 (threshold = 1e-08)
  Iteration 13 (of 50).   Current convergence value = 0.000141504 (threshold = 1e-08)
  Iteration 14 (of 50).   Current convergence value = 0.000135 (threshold = 1e-08)
  Iteration 15 (of 50).   Current convergence value = 0.000129037 (threshold = 1e-08)
  Iteration 16 (of 50).   Current convergence value = 0.00012385 (threshold = 1e-08)
  Iteration 17 (of 50).   Current convergence value = 0.000118942 (threshold = 1e-08)
  Iteration 18 (of 50).   Current convergence value = 0.000114685 (threshold = 1e-08)
  Iteration 19 (of 50).   Current convergence value = 0.000110658 (threshold = 1e-08)
  Iteration 20 (of 50).   Current convergence value = 0.000108805 (threshold = 1e-08)
  Iteration 21 (of 50).   Current convergence value = 0.000109688 (threshold = 1e-08)
  Iteration 22 (of 50).   Current convergence value = 0.000110581 (threshold = 1e-08)
  Iteration 23 (of 50).   Current convergence value = 0.00011117 (threshold = 1e-08)
  Iteration 24 (of 50).   Current convergence value = 0.000111728 (threshold = 1e-08)
  Iteration 25 (of 50).   Current convergence value = 0.000111965 (threshold = 1e-08)
  Iteration 26 (of 50).   Current convergence value = 0.000112302 (threshold = 1e-08)
  Iteration 27 (of 50).   Current convergence value = 0.000112341 (threshold = 1e-08)
  Iteration 28 (of 50).   Current convergence value = 0.000112573 (threshold = 1e-08)
  Iteration 29 (of 50).   Current convergence value = 0.000112298 (threshold = 1e-08)
  Iteration 30 (of 50).   Current convergence value = 0.000112185 (threshold = 1e-08)
  Iteration 31 (of 50).   Current convergence value = 0.000111782 (threshold = 1e-08)
  Iteration 32 (of 50).   Current convergence value = 0.000111583 (threshold = 1e-08)
  Iteration 33 (of 50).   Current convergence value = 0.000111357 (threshold = 1e-08)
  Iteration 34 (of 50).   Current convergence value = 0.000110866 (threshold = 1e-08)
  Iteration 35 (of 50).   Current convergence value = 0.000110433 (threshold = 1e-08)
  Iteration 36 (of 50).   Current convergence value = 0.000109838 (threshold = 1e-08)
  Iteration 37 (of 50).   Current convergence value = 0.00010937 (threshold = 1e-08)
  Iteration 38 (of 50).   Current convergence value = 0.000108773 (threshold = 1e-08)
  Iteration 39 (of 50).   Current convergence value = 0.000108256 (threshold = 1e-08)
  Iteration 40 (of 50).   Current convergence value = 0.000107637 (threshold = 1e-08)
  Iteration 41 (of 50).   Current convergence value = 0.000107376 (threshold = 1e-08)
  Iteration 42 (of 50).   Current convergence value = 0.000106637 (threshold = 1e-08)
  Iteration 43 (of 50).   Current convergence value = 0.000106068 (threshold = 1e-08)
  Iteration 44 (of 50).   Current convergence value = 0.00010557 (threshold = 1e-08)
  Iteration 45 (of 50).   Current convergence value = 0.000105117 (threshold = 1e-08)
  Iteration 46 (of 50).   Current convergence value = 0.000104628 (threshold = 1e-08)
  Iteration 47 (of 50).   Current convergence value = 0.000104233 (threshold = 1e-08)
  Iteration 48 (of 50).   Current convergence value = 0.000103644 (threshold = 1e-08)
  Iteration 49 (of 50).   Current convergence value = 0.000103158 (threshold = 1e-08)
  Iteration 50 (of 50).   Current convergence value = 0.000102954 (threshold = 1e-08)
Current level = 3
  Iteration 1 (of 40).   Current convergence value = 0.0015593 (threshold = 1e-08)
  Iteration 2 (of 40).   Current convergence value = 0.00119608 (threshold = 1e-08)
  Iteration 3 (of 40).   Current convergence value = 0.00097847 (threshold = 1e-08)
  Iteration 4 (of 40).   Current convergence value = 0.000842059 (threshold = 1e-08)
  Iteration 5 (of 40).   Current convergence value = 0.000746016 (threshold = 1e-08)
  Iteration 6 (of 40).   Current convergence value = 0.000682064 (threshold = 1e-08)
  Iteration 7 (of 40).   Current convergence value = 0.000633934 (threshold = 1e-08)
  Iteration 8 (of 40).   Current convergence value = 0.000598286 (threshold = 1e-08)
  Iteration 9 (of 40).   Current convergence value = 0.00057304 (threshold = 1e-08)
  Iteration 10 (of 40).   Current convergence value = 0.000554408 (threshold = 1e-08)
  Iteration 11 (of 40).   Current convergence value = 0.000539718 (threshold = 1e-08)
  Iteration 12 (of 40).   Current convergence value = 0.000527645 (threshold = 1e-08)
  Iteration 13 (of 40).   Current convergence value = 0.000517422 (threshold = 1e-08)
  Iteration 14 (of 40).   Current convergence value = 0.000508394 (threshold = 1e-08)
  Iteration 15 (of 40).   Current convergence value = 0.000500362 (threshold = 1e-08)
  Iteration 16 (of 40).   Current convergence value = 0.000492981 (threshold = 1e-08)
  Iteration 17 (of 40).   Current convergence value = 0.000486142 (threshold = 1e-08)
  Iteration 18 (of 40).   Current convergence value = 0.000479573 (threshold = 1e-08)
  Iteration 19 (of 40).   Current convergence value = 0.000473314 (threshold = 1e-08)
  Iteration 20 (of 40).   Current convergence value = 0.000467193 (threshold = 1e-08)
  Iteration 21 (of 40).   Current convergence value = 0.000461199 (threshold = 1e-08)
  Iteration 22 (of 40).   Current convergence value = 0.000454151 (threshold = 1e-08)
  Iteration 23 (of 40).   Current convergence value = 0.000441069 (threshold = 1e-08)
  Iteration 24 (of 40).   Current convergence value = 0.00042892 (threshold = 1e-08)
  Iteration 25 (of 40).   Current convergence value = 0.000417584 (threshold = 1e-08)
  Iteration 26 (of 40).   Current convergence value = 0.000407038 (threshold = 1e-08)
  Iteration 27 (of 40).   Current convergence value = 0.000397328 (threshold = 1e-08)
  Iteration 28 (of 40).   Current convergence value = 0.000388235 (threshold = 1e-08)
  Iteration 29 (of 40).   Current convergence value = 0.000379743 (threshold = 1e-08)
  Iteration 30 (of 40).   Current convergence value = 0.000371704 (threshold = 1e-08)
  Iteration 31 (of 40).   Current convergence value = 0.000364217 (threshold = 1e-08)
  Iteration 32 (of 40).   Current convergence value = 0.000357139 (threshold = 1e-08)
  Iteration 33 (of 40).   Current convergence value = 0.000350404 (threshold = 1e-08)
  Iteration 34 (of 40).   Current convergence value = 0.000344115 (threshold = 1e-08)
  Iteration 35 (of 40).   Current convergence value = 0.000338132 (threshold = 1e-08)
  Iteration 36 (of 40).   Current convergence value = 0.0003325 (threshold = 1e-08)
  Iteration 37 (of 40).   Current convergence value = 0.000327149 (threshold = 1e-08)
  Iteration 38 (of 40).   Current convergence value = 0.000322074 (threshold = 1e-08)
  Iteration 39 (of 40).   Current convergence value = 0.000317214 (threshold = 1e-08)
  Iteration 40 (of 40).   Current convergence value = 0.000312577 (threshold = 1e-08)
Current level = 4
  Iteration 1 (of 30).   Current convergence value = 0.00224121 (threshold = 1e-08)
  Iteration 2 (of 30).   Current convergence value = 0.00209205 (threshold = 1e-08)
  Iteration 3 (of 30).   Current convergence value = 0.0019854 (threshold = 1e-08)
  Iteration 4 (of 30).   Current convergence value = 0.00187309 (threshold = 1e-08)
  Iteration 5 (of 30).   Current convergence value = 0.00178611 (threshold = 1e-08)
  Iteration 6 (of 30).   Current convergence value = 0.00172168 (threshold = 1e-08)
  Iteration 7 (of 30).   Current convergence value = 0.00166642 (threshold = 1e-08)
  Iteration 8 (of 30).   Current convergence value = 0.00161579 (threshold = 1e-08)
  Iteration 9 (of 30).   Current convergence value = 0.00157002 (threshold = 1e-08)
  Iteration 10 (of 30).   Current convergence value = 0.00152493 (threshold = 1e-08)
  Iteration 11 (of 30).   Current convergence value = 0.00147961 (threshold = 1e-08)
  Iteration 12 (of 30).   Current convergence value = 0.00143223 (threshold = 1e-08)
  Iteration 13 (of 30).   Current convergence value = 0.00131683 (threshold = 1e-08)
  Iteration 14 (of 30).   Current convergence value = 0.00122228 (threshold = 1e-08)
  Iteration 15 (of 30).   Current convergence value = 0.00114854 (threshold = 1e-08)
  Iteration 16 (of 30).   Current convergence value = 0.00109921 (threshold = 1e-08)
  Iteration 17 (of 30).   Current convergence value = 0.0010508 (threshold = 1e-08)
  Iteration 18 (of 30).   Current convergence value = 0.00100244 (threshold = 1e-08)
  Iteration 19 (of 30).   Current convergence value = 0.000955784 (threshold = 1e-08)
  Iteration 20 (of 30).   Current convergence value = 0.000910737 (threshold = 1e-08)
  Iteration 21 (of 30).   Current convergence value = 0.000867653 (threshold = 1e-08)
  Iteration 22 (of 30).   Current convergence value = 0.000826925 (threshold = 1e-08)
  Iteration 23 (of 30).   Current convergence value = 0.000788772 (threshold = 1e-08)
  Iteration 24 (of 30).   Current convergence value = 0.000752562 (threshold = 1e-08)
  Iteration 25 (of 30).   Current convergence value = 0.000718544 (threshold = 1e-08)
  Iteration 26 (of 30).   Current convergence value = 0.000686596 (threshold = 1e-08)
  Iteration 27 (of 30).   Current convergence value = 0.000656637 (threshold = 1e-08)
  Iteration 28 (of 30).   Current convergence value = 0.000628833 (threshold = 1e-08)
  Iteration 29 (of 30).   Current convergence value = 0.000602878 (threshold = 1e-08)
  Iteration 30 (of 30).   Current convergence value = 0.000578882 (threshold = 1e-08)
   N4BiasFieldCorrectionImageFilter (0x55ab632d8e20)
     RTTI typeinfo:   itk::N4BiasFieldCorrectionImageFilter<itk::Image<float, 3u>, itk::Image<float, 3u>, itk::Image<float, 3u> >
     Reference Count: 1
     Modified Time: 565
     Debug: Off
     Object Name: 
     Observers: 
       IterationEvent(Command)
     Inputs: 
       ConfidenceImage: (0)
       MaskImage: (0x55ab63303590)
       Primary: (0x55ab632fe9a0) *
     Indexed Inputs: 
       0: Primary (0x55ab632fe9a0)
       1: MaskImage (0x55ab63303590)
       2: ConfidenceImage (0)
     Required Input Names: Primary
     NumberOfRequiredInputs: 1
     Outputs: 
       Primary: (0x55ab632e8ef0)
     Indexed Outputs: 
       0: Primary (0x55ab632e8ef0)
     NumberOfRequiredOutputs: 1
     Number Of Work Units: 32
     ReleaseDataFlag: Off
     ReleaseDataBeforeUpdateFlag: Off
     AbortGenerateData: Off
     Progress: 0
     Multithreader: 
       RTTI typeinfo:   itk::PoolMultiThreader
       Reference Count: 1
       Modified Time: 144
       Debug: Off
       Object Name: 
       Observers: 
         none
       Number of Work Units: 32
       Number of Threads: 8
       Global Maximum Number Of Threads: 128
       Global Default Number Of Threads: 8
       Global Default Threader Type: itk::MultiThreaderBaseEnums::Threader::Pool
       SingleMethod: 0
       SingleData: 0
     DynamicMultiThreading: On
     CoordinateTolerance: 1e-06
     DirectionTolerance: 1e-06
     Use Mask Label: 0
     Mask label: 1
     Number of histogram bins: 200
     Wiener filter noise: 0.01
     Bias field FWHM: 0.15
     Maximum number of iterations: [50, 50, 40, 30]
     Convergence threshold: 1e-08
     Spline order: 3
     Number of fitting levels: [4, 4, 4]
     Number of control points: [4, 5, 5]
     CurrentConvergenceMeasurement: 0.000578882
     CurrentLevel: 4
     ElapsedIterations: 31
     LogBiasFieldControlPointLattice: 
       Image (0x55ab69de4a80)
         RTTI typeinfo:   itk::Image<itk::Vector<float, 1u>, 3u>
         Reference Count: 1
         Modified Time: 343560
         Debug: Off
         Object Name: 
         Observers: 
           none
         Source: (none)
         Source output name: (none)
         Release Data: Off
         Data Released: False
         Global Release Data: Off
         PipelineMTime: 0
         UpdateMTime: 0
         RealTimeStamp: 0 seconds 
         LargestPossibleRegion: 
           Dimension: 3
           Index: [0, 0, 0]
           Size: [11, 19, 19]
         BufferedRegion: 
           Dimension: 3
           Index: [0, 0, 0]
           Size: [11, 19, 19]
         RequestedRegion: 
           Dimension: 3
           Index: [0, 0, 0]
           Size: [11, 19, 19]
         Spacing: [24.75, 24.875, 24.875]
         Origin: [24.9483, 20.2455, -28.5971]
         Direction: 
-0.999954 -0.00945687 0.00143903
0.00956494 -0.986555 0.163147
-0.000123178 0.163154 0.986601

         IndexToPointMatrix: 
-24.7489 -0.23524 0.0357959
0.236732 -24.5406 4.05828
-0.00304865 4.05846 24.5417

         PointToIndexMatrix: 
-0.0404022 0.000386462 -4.97688e-06
-0.000380176 -0.0396605 0.00655892
5.78508e-05 0.0065587 0.0396623

         Inverse Direction: 
-0.999954 0.00956494 -0.000123178
-0.00945688 -0.986555 0.163153
0.00143904 0.163148 0.986601

         PixelContainer: 
           ImportImageContainer (0x55ab69de5700)
             RTTI typeinfo:   itk::ImportImageContainer<unsigned long, itk::Vector<float, 1u> >
             Reference Count: 1
             Modified Time: 343561
             Debug: Off
             Object Name: 
             Observers: 
               none
             Pointer: 0x55ab6d486670
             Container manages memory: true
             Size: 3971
             Capacity: 3971
Elapsed time: 270.314
All_Command_lines_OK
Using single precision for computations.
=============================================================================
The composite transform comprises the following transforms (in order): 
  1. Center of mass alignment using fixed image: /home/mpib/nemecz/Projects/miniTRK/Results/01_MRI/GroupTempl/T1w/T_template0.nii.gz and moving image: /home/mpib/nemecz/Projects/miniTRK/Analysis/01_MRI/Preproc/GroupTempl/T1w/sub-515928_T1w.nii.gz (type = Euler3DTransform)
=============================================================================
  number of levels = 4
  number of levels = 4
  number of levels = 4
  fixed image: /home/mpib/nemecz/Projects/miniTRK/Results/01_MRI/GroupTempl/T1w/T_template0.nii.gz
  moving image: /home/mpib/nemecz/Projects/miniTRK/Results/01_MRI/GroupTempl/T1w/T_template0sub-515928_T1wRepaired.nii.gz
  fixed image: /home/mpib/nemecz/Projects/miniTRK/Results/01_MRI/GroupTempl/T1w/T_template0.nii.gz
  moving image: /home/mpib/nemecz/Projects/miniTRK/Results/01_MRI/GroupTempl/T1w/T_template0sub-515928_T1wRepaired.nii.gz
  fixed image: /home/mpib/nemecz/Projects/miniTRK/Results/01_MRI/GroupTempl/T1w/T_template0.nii.gz
  moving image: /home/mpib/nemecz/Projects/miniTRK/Results/01_MRI/GroupTempl/T1w/T_template0sub-515928_T1wRepaired.nii.gz
Dimension = 3
Number of stages = 3
Use Histogram Matching true
Winsorize image intensities true
Lower quantile = 0.01
Upper quantile = 0.99
Stage 1 State
   Image metric = Mattes
     Fixed image = Image (0x55ea41feead0)
  RTTI typeinfo:   itk::Image<float, 3u>
  Reference Count: 2
  Modified Time: 1721
  Debug: Off
  Object Name: 
  Observers: 
    none
  Source: (none)
  Source output name: (none)
  Release Data: Off
  Data Released: False
  Global Release Data: Off
  PipelineMTime: 0
  UpdateMTime: 1506
  RealTimeStamp: 0 seconds 
  LargestPossibleRegion: 
    Dimension: 3
    Index: [0, 0, 0]
    Size: [192, 256, 256]
  BufferedRegion: 
    Dimension: 3
    Index: [0, 0, 0]
    Size: [192, 256, 256]
  RequestedRegion: 
    Dimension: 3
    Index: [0, 0, 0]
    Size: [192, 256, 256]
  Spacing: [1, 1, 1]
  Origin: [95.0313, 100.538, -154.123]
  Direction: 
-0.999853 -0.014134 -0.00966312
0.014129 -0.9999 0.000586045
-0.00967044 0.000449429 0.999953

  IndexToPointMatrix: 
-0.999853 -0.014134 -0.00966312
0.014129 -0.9999 0.000586045
-0.00967044 0.000449429 0.999953

  PointToIndexMatrix: 
-0.999853 0.014129 -0.00967044
-0.014134 -0.9999 0.000449429
-0.00966312 0.000586045 0.999953

  Inverse Direction: 
-0.999853 0.014129 -0.00967044
-0.014134 -0.9999 0.000449429
-0.00966312 0.000586045 0.999953

  PixelContainer: 
    ImportImageContainer (0x55ea41ff6c80)
      RTTI typeinfo:   itk::ImportImageContainer<unsigned long, float>
      Reference Count: 1
      Modified Time: 1503
      Debug: Off
      Object Name: 
      Observers: 
        none
      Pointer: 0x7f05f7816010
      Container manages memory: true
      Size: 12582912
      Capacity: 12582912

     Moving image = Image (0x55ea41ffae40)
  RTTI typeinfo:   itk::Image<float, 3u>
  Reference Count: 2
  Modified Time: 1722
  Debug: Off
  Object Name: 
  Observers: 
    none
  Source: (none)
  Source output name: (none)
  Release Data: Off
  Data Released: False
  Global Release Data: Off
  PipelineMTime: 0
  UpdateMTime: 1719
  RealTimeStamp: 0 seconds 
  LargestPossibleRegion: 
    Dimension: 3
    Index: [0, 0, 0]
    Size: [192, 256, 256]
  BufferedRegion: 
    Dimension: 3
    Index: [0, 0, 0]
    Size: [192, 256, 256]
  RequestedRegion: 
    Dimension: 3
    Index: [0, 0, 0]
    Size: [192, 256, 256]
  Spacing: [1, 1, 1]
  Origin: [95.0577, 73.9692, -175.817]
  Direction: 
-0.999954 -0.00945687 0.00143903
0.00956494 -0.986555 0.163147
-0.000123178 0.163154 0.986601

  IndexToPointMatrix: 
-0.999954 -0.00945687 0.00143903
0.00956494 -0.986555 0.163147
-0.000123178 0.163154 0.986601

  PointToIndexMatrix: 
-0.999954 0.00956494 -0.000123178
-0.00945687 -0.986555 0.163154
0.00143903 0.163147 0.986601

  Inverse Direction: 
-0.999954 0.00956494 -0.000123178
-0.00945687 -0.986555 0.163154
0.00143903 0.163147 0.986601

  PixelContainer: 
    ImportImageContainer (0x55ea41ff22d0)
      RTTI typeinfo:   itk::ImportImageContainer<unsigned long, float>
      Reference Count: 1
      Modified Time: 1716
      Debug: Off
      Object Name: 
      Observers: 
        none
      Pointer: 0x7f05f4815010
      Container manages memory: true
      Size: 12582912
      Capacity: 12582912

     Weighting = 1
     Sampling strategy = regular
     Number of bins = 32
     Radius = 4
     Sampling percentage  = 0.25
   Transform = Rigid
     Gradient step = 0.1
     Update field sigma (voxel space) = 0
     Total field sigma (voxel space) = 0
     Update field time sigma = 0
     Total field time sigma  = 0
     Number of time indices = 0
     Number of time point samples = 0
Stage 2 State
   Image metric = Mattes
     Fixed image = Image (0x55ea420078d0)
  RTTI typeinfo:   itk::Image<float, 3u>
  Reference Count: 2
  Modified Time: 2149
  Debug: Off
  Object Name: 
  Observers: 
    none
  Source: (none)
  Source output name: (none)
  Release Data: Off
  Data Released: False
  Global Release Data: Off
  PipelineMTime: 0
  UpdateMTime: 1934
  RealTimeStamp: 0 seconds 
  LargestPossibleRegion: 
    Dimension: 3
    Index: [0, 0, 0]
    Size: [192, 256, 256]
  BufferedRegion: 
    Dimension: 3
    Index: [0, 0, 0]
    Size: [192, 256, 256]
  RequestedRegion: 
    Dimension: 3
    Index: [0, 0, 0]
    Size: [192, 256, 256]
  Spacing: [1, 1, 1]
  Origin: [95.0313, 100.538, -154.123]
  Direction: 
-0.999853 -0.014134 -0.00966312
0.014129 -0.9999 0.000586045
-0.00967044 0.000449429 0.999953

  IndexToPointMatrix: 
-0.999853 -0.014134 -0.00966312
0.014129 -0.9999 0.000586045
-0.00967044 0.000449429 0.999953

  PointToIndexMatrix: 
-0.999853 0.014129 -0.00967044
-0.014134 -0.9999 0.000449429
-0.00966312 0.000586045 0.999953

  Inverse Direction: 
-0.999853 0.014129 -0.00967044
-0.014134 -0.9999 0.000449429
-0.00966312 0.000586045 0.999953

  PixelContainer: 
    ImportImageContainer (0x55ea41ff76a0)
      RTTI typeinfo:   itk::ImportImageContainer<unsigned long, float>
      Reference Count: 1
      Modified Time: 1931
      Debug: Off
      Object Name: 
      Observers: 
        none
      Pointer: 0x7f05f1814010
      Container manages memory: true
      Size: 12582912
      Capacity: 12582912

     Moving image = Image (0x55ea42007530)
  RTTI typeinfo:   itk::Image<float, 3u>
  Reference Count: 2
  Modified Time: 2150
  Debug: Off
  Object Name: 
  Observers: 
    none
  Source: (none)
  Source output name: (none)
  Release Data: Off
  Data Released: False
  Global Release Data: Off
  PipelineMTime: 0
  UpdateMTime: 2147
  RealTimeStamp: 0 seconds 
  LargestPossibleRegion: 
    Dimension: 3
    Index: [0, 0, 0]
    Size: [192, 256, 256]
  BufferedRegion: 
    Dimension: 3
    Index: [0, 0, 0]
    Size: [192, 256, 256]
  RequestedRegion: 
    Dimension: 3
    Index: [0, 0, 0]
    Size: [192, 256, 256]
  Spacing: [1, 1, 1]
  Origin: [95.0577, 73.9692, -175.817]
  Direction: 
-0.999954 -0.00945687 0.00143903
0.00956494 -0.986555 0.163147
-0.000123178 0.163154 0.986601

  IndexToPointMatrix: 
-0.999954 -0.00945687 0.00143903
0.00956494 -0.986555 0.163147
-0.000123178 0.163154 0.986601

  PointToIndexMatrix: 
-0.999954 0.00956494 -0.000123178
-0.00945687 -0.986555 0.163154
0.00143903 0.163147 0.986601

  Inverse Direction: 
-0.999954 0.00956494 -0.000123178
-0.00945687 -0.986555 0.163154
0.00143903 0.163147 0.986601

  PixelContainer: 
    ImportImageContainer (0x55ea420088a0)
      RTTI typeinfo:   itk::ImportImageContainer<unsigned long, float>
      Reference Count: 1
      Modified Time: 2144
      Debug: Off
      Object Name: 
      Observers: 
        none
      Pointer: 0x7f05ee813010
      Container manages memory: true
      Size: 12582912
      Capacity: 12582912

     Weighting = 1
     Sampling strategy = regular
     Number of bins = 32
     Radius = 4
     Sampling percentage  = 0.25
   Transform = Affine
     Gradient step = 0.1
     Update field sigma (voxel space) = 0
     Total field sigma (voxel space) = 0
     Update field time sigma = 0
     Total field time sigma  = 0
     Number of time indices = 0
     Number of time point samples = 0
Stage 3 State
   Image metric = CC
     Fixed image = Image (0x55ea4200ea00)
  RTTI typeinfo:   itk::Image<float, 3u>
  Reference Count: 2
  Modified Time: 2577
  Debug: Off
  Object Name: 
  Observers: 
    none
  Source: (none)
  Source output name: (none)
  Release Data: Off
  Data Released: False
  Global Release Data: Off
  PipelineMTime: 0
  UpdateMTime: 2362
  RealTimeStamp: 0 seconds 
  LargestPossibleRegion: 
    Dimension: 3
    Index: [0, 0, 0]
    Size: [192, 256, 256]
  BufferedRegion: 
    Dimension: 3
    Index: [0, 0, 0]
    Size: [192, 256, 256]
  RequestedRegion: 
    Dimension: 3
    Index: [0, 0, 0]
    Size: [192, 256, 256]
  Spacing: [1, 1, 1]
  Origin: [95.0313, 100.538, -154.123]
  Direction: 
-0.999853 -0.014134 -0.00966312
0.014129 -0.9999 0.000586045
-0.00967044 0.000449429 0.999953

  IndexToPointMatrix: 
-0.999853 -0.014134 -0.00966312
0.014129 -0.9999 0.000586045
-0.00967044 0.000449429 0.999953

  PointToIndexMatrix: 
-0.999853 0.014129 -0.00967044
-0.014134 -0.9999 0.000449429
-0.00966312 0.000586045 0.999953

  Inverse Direction: 
-0.999853 0.014129 -0.00967044
-0.014134 -0.9999 0.000449429
-0.00966312 0.000586045 0.999953

  PixelContainer: 
    ImportImageContainer (0x55ea41ff0b50)
      RTTI typeinfo:   itk::ImportImageContainer<unsigned long, float>
      Reference Count: 1
      Modified Time: 2359
      Debug: Off
      Object Name: 
      Observers: 
        none
      Pointer: 0x7f05eb812010
      Container manages memory: true
      Size: 12582912
      Capacity: 12582912

     Moving image = Image (0x55ea4200bd50)
  RTTI typeinfo:   itk::Image<float, 3u>
  Reference Count: 2
  Modified Time: 2578
  Debug: Off
  Object Name: 
  Observers: 
    none
  Source: (none)
  Source output name: (none)
  Release Data: Off
  Data Released: False
  Global Release Data: Off
  PipelineMTime: 0
  UpdateMTime: 2575
  RealTimeStamp: 0 seconds 
  LargestPossibleRegion: 
    Dimension: 3
    Index: [0, 0, 0]
    Size: [192, 256, 256]
  BufferedRegion: 
    Dimension: 3
    Index: [0, 0, 0]
    Size: [192, 256, 256]
  RequestedRegion: 
    Dimension: 3
    Index: [0, 0, 0]
    Size: [192, 256, 256]
  Spacing: [1, 1, 1]
  Origin: [95.0577, 73.9692, -175.817]
  Direction: 
-0.999954 -0.00945687 0.00143903
0.00956494 -0.986555 0.163147
-0.000123178 0.163154 0.986601

  IndexToPointMatrix: 
-0.999954 -0.00945687 0.00143903
0.00956494 -0.986555 0.163147
-0.000123178 0.163154 0.986601

  PointToIndexMatrix: 
-0.999954 0.00956494 -0.000123178
-0.00945687 -0.986555 0.163154
0.00143903 0.163147 0.986601

  Inverse Direction: 
-0.999954 0.00956494 -0.000123178
-0.00945687 -0.986555 0.163154
0.00143903 0.163147 0.986601

  PixelContainer: 
    ImportImageContainer (0x55ea4200ab00)
      RTTI typeinfo:   itk::ImportImageContainer<unsigned long, float>
      Reference Count: 1
      Modified Time: 2572
      Debug: Off
      Object Name: 
      Observers: 
        none
      Pointer: 0x7f05e8811010
      Container manages memory: true
      Size: 12582912
      Capacity: 12582912

     Weighting = 1
     Sampling strategy = none
     Number of bins = 32
     Radius = 4
     Sampling percentage  = 1
   Transform = SyN
     Gradient step = 0.1
     Update field sigma (voxel space) = 3
     Total field sigma (voxel space) = 0
     Update field time sigma = 0
     Total field time sigma  = 0
     Number of time indices = 0
     Number of time point samples = 0
Registration using 3 total stages.

Stage 0
  iterations = 1000x500x250x0
  convergence threshold = 1e-06
  convergence window size = 10
  number of levels = 4
  using the Mattes MI metric (number of bins = 32, weight = 1)
  preprocessing:  winsorizing the image intensities
  preprocessing:  histogram matching the images
  Shrink factors (level 1 out of 4): [6, 6, 6]
  Shrink factors (level 2 out of 4): [4, 4, 4]
  Shrink factors (level 3 out of 4): [2, 2, 2]
  Shrink factors (level 4 out of 4): [1, 1, 1]
  smoothing sigmas per level: [4, 2, 1, 0]
  regular sampling (percentage = 0.25)

*** Running Euler3DTransform registration ***

DIAGNOSTIC,Iteration,metricValue,convergenceValue,ITERATION_TIME_INDEX,SINCE_LAST
 2DIAGNOSTIC,     1, -9.808546900749e-01, inf, 7.8546e-01, 7.8546e-01, 
 2DIAGNOSTIC,     2, -9.832798242569e-01, inf, 7.9675e-01, 1.1284e-02, 
 2DIAGNOSTIC,     3, -9.866619706154e-01, inf, 8.0736e-01, 1.0617e-02, 
 2DIAGNOSTIC,     4, -9.910680651665e-01, inf, 8.1747e-01, 1.0109e-02, 
 2DIAGNOSTIC,     5, -9.953830838203e-01, inf, 8.2619e-01, 8.7121e-03, 
 2DIAGNOSTIC,     6, -9.993495941162e-01, inf, 8.3487e-01, 8.6880e-03, 
 2DIAGNOSTIC,     7, -1.003951191902e+00, inf, 8.4341e-01, 8.5342e-03, 
 2DIAGNOSTIC,     8, -1.012861609459e+00, inf, 8.5166e-01, 8.2550e-03, 
 2DIAGNOSTIC,     9, -1.021555423737e+00, inf, 8.6275e-01, 1.1091e-02, 
 2DIAGNOSTIC,    10, -1.024052023888e+00, 2.893881173804e-03, 8.8522e-01, 2.2464e-02, 
 2DIAGNOSTIC,    11, -1.024829745293e+00, 2.698089927435e-03, 8.9376e-01, 8.5421e-03, 
 2DIAGNOSTIC,    12, -1.028329133987e+00, 2.434621332213e-03, 9.0204e-01, 8.2791e-03, 
 2DIAGNOSTIC,    13, -1.033553004265e+00, 2.173868706450e-03, 9.1234e-01, 1.0303e-02, 
 2DIAGNOSTIC,    14, -1.034904122353e+00, 1.864418387413e-03, 9.2138e-01, 9.0392e-03, 
 2DIAGNOSTIC,    15, -1.036185503006e+00, 1.534044393338e-03, 9.3069e-01, 9.3110e-03, 
 2DIAGNOSTIC,    16, -1.036191940308e+00, 1.177998376079e-03, 9.3889e-01, 8.1999e-03, 
 2DIAGNOSTIC,    17, -1.036290645599e+00, 8.316538878717e-04, 9.4749e-01, 8.5950e-03, 
 2DIAGNOSTIC,    18, -1.036539912224e+00, 5.859811790287e-04, 9.5689e-01, 9.4018e-03, 
 2DIAGNOSTIC,    19, -1.036766648293e+00, 4.431052366272e-04, 9.6597e-01, 9.0859e-03, 
 2DIAGNOSTIC,    20, -1.036802649498e+00, 3.102781192865e-04, 9.7525e-01, 9.2790e-03, 
 2DIAGNOSTIC,    21, -1.036777257919e+00, 1.714141544653e-04, 9.8421e-01, 8.9600e-03, 
 2DIAGNOSTIC,    22, -1.036779403687e+00, 7.255157834152e-05, 9.9319e-01, 8.9769e-03, 
 2DIAGNOSTIC,    23, -1.036801815033e+00, 3.902620665031e-05, 1.0011e+00, 7.9360e-03, 
 2DIAGNOSTIC,    24, -1.036830067635e+00, 2.035018042079e-05, 1.0108e+00, 9.6300e-03, 
 2DIAGNOSTIC,    25, -1.036863923073e+00, 1.608935781405e-05, 1.0209e+00, 1.0128e-02, 
 2DIAGNOSTIC,    26, -1.036842823029e+00, 1.065511787601e-05, 1.0297e+00, 8.7941e-03, 
 2DIAGNOSTIC,    27, -1.036848425865e+00, 5.792732736154e-06, 1.0382e+00, 8.5599e-03, 
 2DIAGNOSTIC,    28, -1.036837697029e+00, 3.148826181132e-06, 1.0494e+00, 1.1143e-02, 
 2DIAGNOSTIC,    29, -1.036847233772e+00, 2.745602841969e-06, 1.0583e+00, 8.9059e-03, 
 2DIAGNOSTIC,    30, -1.036810755730e+00, 2.212735580542e-06, 1.0673e+00, 9.0361e-03, 
 2DIAGNOSTIC,    31, -1.036810755730e+00, 1.396253765051e-06, 1.0763e+00, 8.9331e-03, 
DIAGNOSTIC,Iteration,metricValue,convergenceValue,ITERATION_TIME_INDEX,SINCE_LAST
 2DIAGNOSTIC,     1, -7.938535213470e-01, inf, 1.7091e+00, 6.3286e-01, 
 2DIAGNOSTIC,     2, -7.944791316986e-01, inf, 1.7403e+00, 3.1181e-02, 
 2DIAGNOSTIC,     3, -7.949922680855e-01, inf, 1.7682e+00, 2.7863e-02, 
 2DIAGNOSTIC,     4, -7.952390909195e-01, inf, 1.7966e+00, 2.8426e-02, 
 2DIAGNOSTIC,     5, -7.954645156860e-01, inf, 1.8250e+00, 2.8392e-02, 
 2DIAGNOSTIC,     6, -7.957370877266e-01, inf, 1.8672e+00, 4.2261e-02, 
 2DIAGNOSTIC,     7, -7.958043813705e-01, inf, 1.9016e+00, 3.4364e-02, 
 2DIAGNOSTIC,     8, -7.958586812019e-01, inf, 1.9301e+00, 2.8456e-02, 
 2DIAGNOSTIC,     9, -7.959591746330e-01, inf, 1.9619e+00, 3.1803e-02, 
 2DIAGNOSTIC,    10, -7.960106730461e-01, 1.592466578586e-04, 1.9936e+00, 3.1707e-02, 
 2DIAGNOSTIC,    11, -7.960472106934e-01, 1.054901149473e-04, 2.0242e+00, 3.0601e-02, 
 2DIAGNOSTIC,    12, -7.960823178291e-01, 7.089880818967e-05, 2.0593e+00, 3.5101e-02, 
 2DIAGNOSTIC,    13, -7.961741089821e-01, 5.206301284488e-05, 2.0865e+00, 2.7251e-02, 
 2DIAGNOSTIC,    14, -7.961947917938e-01, 3.809246481978e-05, 2.1185e+00, 3.1991e-02, 
 2DIAGNOSTIC,    15, -7.962302565575e-01, 2.877628867282e-05, 2.1453e+00, 2.6739e-02, 
 2DIAGNOSTIC,    16, -7.962618470192e-01, 2.497525201761e-05, 2.1831e+00, 3.7867e-02, 
 2DIAGNOSTIC,    17, -7.963022589684e-01, 2.175350891775e-05, 2.2144e+00, 3.1310e-02, 
 2DIAGNOSTIC,    18, -7.963140010834e-01, 1.829205393733e-05, 2.2454e+00, 3.0960e-02, 
 2DIAGNOSTIC,    19, -7.963137626648e-01, 1.553690708533e-05, 2.2739e+00, 2.8536e-02, 
 2DIAGNOSTIC,    20, -7.963212728500e-01, 1.283894653170e-05, 2.3016e+00, 2.7711e-02, 
 2DIAGNOSTIC,    21, -7.963533401489e-01, 1.051011076925e-05, 2.3327e+00, 3.1031e-02, 
 2DIAGNOSTIC,    22, -7.963675260544e-01, 8.297020940518e-06, 2.3599e+00, 2.7234e-02, 
 2DIAGNOSTIC,    23, -7.963666319847e-01, 7.048529369058e-06, 2.3978e+00, 3.7886e-02, 
 2DIAGNOSTIC,    24, -7.963824272156e-01, 5.925930963713e-06, 2.4303e+00, 3.2479e-02, 
 2DIAGNOSTIC,    25, -7.963915467262e-01, 5.088033958600e-06, 2.4575e+00, 2.7246e-02, 
 2DIAGNOSTIC,    26, -7.963888049126e-01, 4.328301656642e-06, 2.4850e+00, 2.7468e-02, 
 2DIAGNOSTIC,    27, -7.964046001434e-01, 4.074139269505e-06, 2.5152e+00, 3.0211e-02, 
 2DIAGNOSTIC,    28, -7.963998317719e-01, 3.656371291072e-06, 2.5438e+00, 2.8632e-02, 
 2DIAGNOSTIC,    29, -7.964195013046e-01, 3.273471293141e-06, 2.5777e+00, 3.3833e-02, 
 2DIAGNOSTIC,    30, -7.964290380478e-01, 2.897438889704e-06, 2.6099e+00, 3.2218e-02, 
 2DIAGNOSTIC,    31, -7.964310646057e-01, 2.760819825198e-06, 2.6454e+00, 3.5523e-02, 
 2DIAGNOSTIC,    32, -7.964342832565e-01, 2.668238948900e-06, 2.6764e+00, 3.1007e-02, 
 2DIAGNOSTIC,    33, -7.964448332787e-01, 2.523170678614e-06, 2.7035e+00, 2.7118e-02, 
 2DIAGNOSTIC,    34, -7.964494228363e-01, 2.446240614518e-06, 2.7300e+00, 2.6481e-02, 
 2DIAGNOSTIC,    35, -7.964554429054e-01, 2.384615754636e-06, 2.7626e+00, 3.2606e-02, 
 2DIAGNOSTIC,    36, -7.964718937874e-01, 2.319917257410e-06, 2.7972e+00, 3.4538e-02, 
 2DIAGNOSTIC,    37, -7.964766025543e-01, 2.320918383703e-06, 2.8270e+00, 2.9877e-02, 
 2DIAGNOSTIC,    38, -7.964795231819e-01, 2.161044221793e-06, 2.8622e+00, 3.5149e-02, 
 2DIAGNOSTIC,    39, -7.964731454849e-01, 2.004038833547e-06, 2.8967e+00, 3.4484e-02, 
 2DIAGNOSTIC,    40, -7.964748740196e-01, 1.844507551141e-06, 2.9276e+00, 3.0899e-02, 
 2DIAGNOSTIC,    41, -7.964680790901e-01, 1.548655404804e-06, 2.9602e+00, 3.2627e-02, 
 2DIAGNOSTIC,    42, -7.964770197868e-01, 1.294872618018e-06, 2.9914e+00, 3.1217e-02, 
 2DIAGNOSTIC,    43, -7.964785695076e-01, 1.100844770008e-06, 3.0187e+00, 2.7307e-02, 
DIAGNOSTIC,Iteration,metricValue,convergenceValue,ITERATION_TIME_INDEX,SINCE_LAST
 2DIAGNOSTIC,     1, -7.004934549332e-01, inf, 4.1143e+00, 1.0956e+00, 
 2DIAGNOSTIC,     2, -7.010177969933e-01, inf, 4.3376e+00, 2.2334e-01, 
 2DIAGNOSTIC,     3, -7.012076973915e-01, inf, 4.5597e+00, 2.2209e-01, 
 2DIAGNOSTIC,     4, -7.012250423431e-01, inf, 4.8133e+00, 2.5358e-01, 
 2DIAGNOSTIC,     5, -7.012265324593e-01, inf, 5.0645e+00, 2.5118e-01, 
 2DIAGNOSTIC,     6, -7.012281417847e-01, inf, 5.2860e+00, 2.2154e-01, 
 2DIAGNOSTIC,     7, -7.012324333191e-01, inf, 5.5105e+00, 2.2444e-01, 
 2DIAGNOSTIC,     8, -7.012380957603e-01, inf, 5.7374e+00, 2.2689e-01, 
 2DIAGNOSTIC,     9, -7.012535333633e-01, inf, 5.9602e+00, 2.2281e-01, 
 2DIAGNOSTIC,    10, -7.012646198273e-01, 4.380394602777e-05, 6.1839e+00, 2.2372e-01, 
 2DIAGNOSTIC,    11, -7.012797594070e-01, 1.534001967229e-05, 6.4979e+00, 3.1404e-01, 
 2DIAGNOSTIC,    12, -7.012791633606e-01, 8.015064850042e-06, 6.7507e+00, 2.5273e-01, 
 2DIAGNOSTIC,    13, -7.012814283371e-01, 7.316991286643e-06, 7.0049e+00, 2.5427e-01, 
 2DIAGNOSTIC,    14, -7.012822628021e-01, 6.799737093388e-06, 7.3133e+00, 3.0834e-01, 
 2DIAGNOSTIC,    15, -7.012817859650e-01, 5.959846021142e-06, 7.6098e+00, 2.9655e-01, 
 2DIAGNOSTIC,    16, -7.012824416161e-01, 4.929359874950e-06, 7.8615e+00, 2.5167e-01, 
 2DIAGNOSTIC,    17, -7.012804150581e-01, 3.806674840234e-06, 8.1130e+00, 2.5151e-01, 
 2DIAGNOSTIC,    18, -7.012803554535e-01, 2.755156174317e-06, 8.3625e+00, 2.4943e-01, 
 2DIAGNOSTIC,    19, -7.012797594070e-01, 2.035616716967e-06, 8.6201e+00, 2.5767e-01, 
 2DIAGNOSTIC,    20, -7.012801170349e-01, 1.577907823958e-06, 8.8470e+00, 2.2690e-01, 
 2DIAGNOSTIC,    21, -7.012805938721e-01, 1.467121592214e-06, 9.1863e+00, 3.3927e-01, 
 2DIAGNOSTIC,    22, -7.012808918953e-01, 1.364461013509e-06, 9.4328e+00, 2.4647e-01, 
 2DIAGNOSTIC,    23, -7.012795209885e-01, 1.294028038501e-06, 9.6828e+00, 2.5004e-01, 
 2DIAGNOSTIC,    24, -7.012786269188e-01, 1.237625269823e-06, 9.9318e+00, 2.4896e-01, 
 2DIAGNOSTIC,    25, -7.012791037560e-01, 1.193406774291e-06, 1.0181e+01, 2.4889e-01, 
