
Running N4 for 3-dimensional images.

Mask not read.  Using the entire image as the mask.

Original intensity range:  [0, 796]

***********************************************************
Warning:  Your input image contains nonpositive values
which could cause failure or problematic results.  A
possible workaround would be to:
   1. rescale your image to positive values e.g., [10,100].
   2. run N4 on your rescaled image.
   3. (optional) rescale the N4 output to the original
      intensity range.
***********************************************************

Specified spline distance: 200mm
  original image size:  [192, 256, 256]
  padded image size:  [201, 401, 401]
  number of control points:  [4, 5, 5]

Current level = 1
  Iteration 1 (of 50).   Current convergence value = 0.000504197 (threshold = 1e-08)
  Iteration 2 (of 50).   Current convergence value = 0.000342305 (threshold = 1e-08)
  Iteration 3 (of 50).   Current convergence value = 0.000232119 (threshold = 1e-08)
  Iteration 4 (of 50).   Current convergence value = 0.000160439 (threshold = 1e-08)
  Iteration 5 (of 50).   Current convergence value = 0.000117683 (threshold = 1e-08)
  Iteration 6 (of 50).   Current convergence value = 9.60244e-05 (threshold = 1e-08)
  Iteration 7 (of 50).   Current convergence value = 8.90548e-05 (threshold = 1e-08)
  Iteration 8 (of 50).   Current convergence value = 8.97341e-05 (threshold = 1e-08)
  Iteration 9 (of 50).   Current convergence value = 9.28211e-05 (threshold = 1e-08)
  Iteration 10 (of 50).   Current convergence value = 9.62416e-05 (threshold = 1e-08)
  Iteration 11 (of 50).   Current convergence value = 9.91049e-05 (threshold = 1e-08)
  Iteration 12 (of 50).   Current convergence value = 0.000101075 (threshold = 1e-08)
  Iteration 13 (of 50).   Current convergence value = 0.000102367 (threshold = 1e-08)
  Iteration 14 (of 50).   Current convergence value = 0.000103062 (threshold = 1e-08)
  Iteration 15 (of 50).   Current convergence value = 0.000103338 (threshold = 1e-08)
  Iteration 16 (of 50).   Current convergence value = 0.000103215 (threshold = 1e-08)
  Iteration 17 (of 50).   Current convergence value = 0.000103008 (threshold = 1e-08)
  Iteration 18 (of 50).   Current convergence value = 0.000102429 (threshold = 1e-08)
  Iteration 19 (of 50).   Current convergence value = 0.000101837 (threshold = 1e-08)
  Iteration 20 (of 50).   Current convergence value = 0.000101164 (threshold = 1e-08)
  Iteration 21 (of 50).   Current convergence value = 0.000100344 (threshold = 1e-08)
  Iteration 22 (of 50).   Current convergence value = 9.87818e-05 (threshold = 1e-08)
  Iteration 23 (of 50).   Current convergence value = 9.71329e-05 (threshold = 1e-08)
  Iteration 24 (of 50).   Current convergence value = 9.56447e-05 (threshold = 1e-08)
  Iteration 25 (of 50).   Current convergence value = 9.43477e-05 (threshold = 1e-08)
  Iteration 26 (of 50).   Current convergence value = 9.31477e-05 (threshold = 1e-08)
  Iteration 27 (of 50).   Current convergence value = 9.18254e-05 (threshold = 1e-08)
  Iteration 28 (of 50).   Current convergence value = 9.06301e-05 (threshold = 1e-08)
  Iteration 29 (of 50).   Current convergence value = 8.9569e-05 (threshold = 1e-08)
  Iteration 30 (of 50).   Current convergence value = 8.84587e-05 (threshold = 1e-08)
  Iteration 31 (of 50).   Current convergence value = 8.73578e-05 (threshold = 1e-08)
  Iteration 32 (of 50).   Current convergence value = 8.63671e-05 (threshold = 1e-08)
  Iteration 33 (of 50).   Current convergence value = 8.54695e-05 (threshold = 1e-08)
  Iteration 34 (of 50).   Current convergence value = 8.45423e-05 (threshold = 1e-08)
  Iteration 35 (of 50).   Current convergence value = 8.35438e-05 (threshold = 1e-08)
  Iteration 36 (of 50).   Current convergence value = 8.25982e-05 (threshold = 1e-08)
  Iteration 37 (of 50).   Current convergence value = 8.18839e-05 (threshold = 1e-08)
  Iteration 38 (of 50).   Current convergence value = 8.09699e-05 (threshold = 1e-08)
  Iteration 39 (of 50).   Current convergence value = 8.00129e-05 (threshold = 1e-08)
  Iteration 40 (of 50).   Current convergence value = 7.90797e-05 (threshold = 1e-08)
  Iteration 41 (of 50).   Current convergence value = 7.84499e-05 (threshold = 1e-08)
  Iteration 42 (of 50).   Current convergence value = 7.75603e-05 (threshold = 1e-08)
  Iteration 43 (of 50).   Current convergence value = 7.66348e-05 (threshold = 1e-08)
  Iteration 44 (of 50).   Current convergence value = 7.58892e-05 (threshold = 1e-08)
  Iteration 45 (of 50).   Current convergence value = 7.51741e-05 (threshold = 1e-08)
  Iteration 46 (of 50).   Current convergence value = 7.45345e-05 (threshold = 1e-08)
  Iteration 47 (of 50).   Current convergence value = 7.37496e-05 (threshold = 1e-08)
  Iteration 48 (of 50).   Current convergence value = 7.28434e-05 (threshold = 1e-08)
  Iteration 49 (of 50).   Current convergence value = 7.21488e-05 (threshold = 1e-08)
  Iteration 50 (of 50).   Current convergence value = 7.14328e-05 (threshold = 1e-08)
Current level = 2
  Iteration 1 (of 50).   Current convergence value = 0.000432535 (threshold = 1e-08)
  Iteration 2 (of 50).   Current convergence value = 0.000358402 (threshold = 1e-08)
  Iteration 3 (of 50).   Current convergence value = 0.000309099 (threshold = 1e-08)
  Iteration 4 (of 50).   Current convergence value = 0.000267265 (threshold = 1e-08)
  Iteration 5 (of 50).   Current convergence value = 0.00023283 (threshold = 1e-08)
  Iteration 6 (of 50).   Current convergence value = 0.000204995 (threshold = 1e-08)
  Iteration 7 (of 50).   Current convergence value = 0.000184317 (threshold = 1e-08)
  Iteration 8 (of 50).   Current convergence value = 0.000172576 (threshold = 1e-08)
  Iteration 9 (of 50).   Current convergence value = 0.000156446 (threshold = 1e-08)
  Iteration 10 (of 50).   Current convergence value = 0.000142614 (threshold = 1e-08)
  Iteration 11 (of 50).   Current convergence value = 0.000130606 (threshold = 1e-08)
  Iteration 12 (of 50).   Current convergence value = 0.000120366 (threshold = 1e-08)
  Iteration 13 (of 50).   Current convergence value = 0.000111566 (threshold = 1e-08)
  Iteration 14 (of 50).   Current convergence value = 0.000104319 (threshold = 1e-08)
  Iteration 15 (of 50).   Current convergence value = 9.78386e-05 (threshold = 1e-08)
  Iteration 16 (of 50).   Current convergence value = 9.19648e-05 (threshold = 1e-08)
  Iteration 17 (of 50).   Current convergence value = 8.6939e-05 (threshold = 1e-08)
  Iteration 18 (of 50).   Current convergence value = 8.45715e-05 (threshold = 1e-08)
  Iteration 19 (of 50).   Current convergence value = 8.53276e-05 (threshold = 1e-08)
  Iteration 20 (of 50).   Current convergence value = 8.67334e-05 (threshold = 1e-08)
  Iteration 21 (of 50).   Current convergence value = 8.82761e-05 (threshold = 1e-08)
  Iteration 22 (of 50).   Current convergence value = 8.99242e-05 (threshold = 1e-08)
  Iteration 23 (of 50).   Current convergence value = 9.16644e-05 (threshold = 1e-08)
  Iteration 24 (of 50).   Current convergence value = 9.35808e-05 (threshold = 1e-08)
  Iteration 25 (of 50).   Current convergence value = 9.50713e-05 (threshold = 1e-08)
  Iteration 26 (of 50).   Current convergence value = 9.67611e-05 (threshold = 1e-08)
  Iteration 27 (of 50).   Current convergence value = 9.83088e-05 (threshold = 1e-08)
  Iteration 28 (of 50).   Current convergence value = 9.96843e-05 (threshold = 1e-08)
  Iteration 29 (of 50).   Current convergence value = 0.000101003 (threshold = 1e-08)
  Iteration 30 (of 50).   Current convergence value = 0.000102262 (threshold = 1e-08)
  Iteration 31 (of 50).   Current convergence value = 0.000103265 (threshold = 1e-08)
  Iteration 32 (of 50).   Current convergence value = 0.000104221 (threshold = 1e-08)
  Iteration 33 (of 50).   Current convergence value = 0.000105158 (threshold = 1e-08)
  Iteration 34 (of 50).   Current convergence value = 0.000106001 (threshold = 1e-08)
  Iteration 35 (of 50).   Current convergence value = 0.000106781 (threshold = 1e-08)
  Iteration 36 (of 50).   Current convergence value = 0.000107528 (threshold = 1e-08)
  Iteration 37 (of 50).   Current convergence value = 0.000108283 (threshold = 1e-08)
  Iteration 38 (of 50).   Current convergence value = 0.000108659 (threshold = 1e-08)
  Iteration 39 (of 50).   Current convergence value = 0.000109273 (threshold = 1e-08)
  Iteration 40 (of 50).   Current convergence value = 0.000109684 (threshold = 1e-08)
  Iteration 41 (of 50).   Current convergence value = 0.000110141 (threshold = 1e-08)
  Iteration 42 (of 50).   Current convergence value = 0.000110441 (threshold = 1e-08)
  Iteration 43 (of 50).   Current convergence value = 0.000110849 (threshold = 1e-08)
  Iteration 44 (of 50).   Current convergence value = 0.000110908 (threshold = 1e-08)
  Iteration 45 (of 50).   Current convergence value = 0.000111038 (threshold = 1e-08)
  Iteration 46 (of 50).   Current convergence value = 0.000111279 (threshold = 1e-08)
  Iteration 47 (of 50).   Current convergence value = 0.000111228 (threshold = 1e-08)
  Iteration 48 (of 50).   Current convergence value = 0.000111364 (threshold = 1e-08)
  Iteration 49 (of 50).   Current convergence value = 0.000111278 (threshold = 1e-08)
  Iteration 50 (of 50).   Current convergence value = 0.000111087 (threshold = 1e-08)
Current level = 3
  Iteration 1 (of 40).   Current convergence value = 0.00100649 (threshold = 1e-08)
  Iteration 2 (of 40).   Current convergence value = 0.000862841 (threshold = 1e-08)
  Iteration 3 (of 40).   Current convergence value = 0.000769258 (threshold = 1e-08)
  Iteration 4 (of 40).   Current convergence value = 0.000687994 (threshold = 1e-08)
  Iteration 5 (of 40).   Current convergence value = 0.000634782 (threshold = 1e-08)
  Iteration 6 (of 40).   Current convergence value = 0.000602409 (threshold = 1e-08)
  Iteration 7 (of 40).   Current convergence value = 0.000577405 (threshold = 1e-08)
  Iteration 8 (of 40).   Current convergence value = 0.000557547 (threshold = 1e-08)
  Iteration 9 (of 40).   Current convergence value = 0.000539469 (threshold = 1e-08)
  Iteration 10 (of 40).   Current convergence value = 0.000521718 (threshold = 1e-08)
  Iteration 11 (of 40).   Current convergence value = 0.000505956 (threshold = 1e-08)
  Iteration 12 (of 40).   Current convergence value = 0.0004915 (threshold = 1e-08)
  Iteration 13 (of 40).   Current convergence value = 0.000478474 (threshold = 1e-08)
  Iteration 14 (of 40).   Current convergence value = 0.000466192 (threshold = 1e-08)
  Iteration 15 (of 40).   Current convergence value = 0.000455465 (threshold = 1e-08)
  Iteration 16 (of 40).   Current convergence value = 0.00044557 (threshold = 1e-08)
  Iteration 17 (of 40).   Current convergence value = 0.000436319 (threshold = 1e-08)
  Iteration 18 (of 40).   Current convergence value = 0.000427445 (threshold = 1e-08)
  Iteration 19 (of 40).   Current convergence value = 0.000418983 (threshold = 1e-08)
  Iteration 20 (of 40).   Current convergence value = 0.000411365 (threshold = 1e-08)
  Iteration 21 (of 40).   Current convergence value = 0.000403949 (threshold = 1e-08)
  Iteration 22 (of 40).   Current convergence value = 0.000397217 (threshold = 1e-08)
  Iteration 23 (of 40).   Current convergence value = 0.000390236 (threshold = 1e-08)
  Iteration 24 (of 40).   Current convergence value = 0.000383644 (threshold = 1e-08)
  Iteration 25 (of 40).   Current convergence value = 0.000377269 (threshold = 1e-08)
  Iteration 26 (of 40).   Current convergence value = 0.000371164 (threshold = 1e-08)
  Iteration 27 (of 40).   Current convergence value = 0.000365144 (threshold = 1e-08)
  Iteration 28 (of 40).   Current convergence value = 0.00035914 (threshold = 1e-08)
  Iteration 29 (of 40).   Current convergence value = 0.00035342 (threshold = 1e-08)
  Iteration 30 (of 40).   Current convergence value = 0.000347837 (threshold = 1e-08)
  Iteration 31 (of 40).   Current convergence value = 0.00034252 (threshold = 1e-08)
  Iteration 32 (of 40).   Current convergence value = 0.00033734 (threshold = 1e-08)
  Iteration 33 (of 40).   Current convergence value = 0.000332148 (threshold = 1e-08)
  Iteration 34 (of 40).   Current convergence value = 0.000327058 (threshold = 1e-08)
  Iteration 35 (of 40).   Current convergence value = 0.000322073 (threshold = 1e-08)
  Iteration 36 (of 40).   Current convergence value = 0.000317181 (threshold = 1e-08)
  Iteration 37 (of 40).   Current convergence value = 0.000312293 (threshold = 1e-08)
  Iteration 38 (of 40).   Current convergence value = 0.000307493 (threshold = 1e-08)
  Iteration 39 (of 40).   Current convergence value = 0.00030275 (threshold = 1e-08)
  Iteration 40 (of 40).   Current convergence value = 0.000298066 (threshold = 1e-08)
Current level = 4
  Iteration 1 (of 30).   Current convergence value = 0.00200145 (threshold = 1e-08)
  Iteration 2 (of 30).   Current convergence value = 0.00175899 (threshold = 1e-08)
  Iteration 3 (of 30).   Current convergence value = 0.00168431 (threshold = 1e-08)
  Iteration 4 (of 30).   Current convergence value = 0.00162652 (threshold = 1e-08)
  Iteration 5 (of 30).   Current convergence value = 0.0015681 (threshold = 1e-08)
  Iteration 6 (of 30).   Current convergence value = 0.0015064 (threshold = 1e-08)
  Iteration 7 (of 30).   Current convergence value = 0.00141377 (threshold = 1e-08)
  Iteration 8 (of 30).   Current convergence value = 0.00133204 (threshold = 1e-08)
  Iteration 9 (of 30).   Current convergence value = 0.00126576 (threshold = 1e-08)
  Iteration 10 (of 30).   Current convergence value = 0.00121022 (threshold = 1e-08)
  Iteration 11 (of 30).   Current convergence value = 0.00116159 (threshold = 1e-08)
  Iteration 12 (of 30).   Current convergence value = 0.00111909 (threshold = 1e-08)
  Iteration 13 (of 30).   Current convergence value = 0.00107941 (threshold = 1e-08)
  Iteration 14 (of 30).   Current convergence value = 0.00104241 (threshold = 1e-08)
  Iteration 15 (of 30).   Current convergence value = 0.00100718 (threshold = 1e-08)
  Iteration 16 (of 30).   Current convergence value = 0.000973836 (threshold = 1e-08)
  Iteration 17 (of 30).   Current convergence value = 0.000941739 (threshold = 1e-08)
  Iteration 18 (of 30).   Current convergence value = 0.000910101 (threshold = 1e-08)
  Iteration 19 (of 30).   Current convergence value = 0.000879351 (threshold = 1e-08)
  Iteration 20 (of 30).   Current convergence value = 0.000848575 (threshold = 1e-08)
  Iteration 21 (of 30).   Current convergence value = 0.000818261 (threshold = 1e-08)
  Iteration 22 (of 30).   Current convergence value = 0.000789201 (threshold = 1e-08)
  Iteration 23 (of 30).   Current convergence value = 0.000760445 (threshold = 1e-08)
  Iteration 24 (of 30).   Current convergence value = 0.000732287 (threshold = 1e-08)
  Iteration 25 (of 30).   Current convergence value = 0.000705078 (threshold = 1e-08)
  Iteration 26 (of 30).   Current convergence value = 0.000678988 (threshold = 1e-08)
  Iteration 27 (of 30).   Current convergence value = 0.000655362 (threshold = 1e-08)
  Iteration 28 (of 30).   Current convergence value = 0.000633007 (threshold = 1e-08)
  Iteration 29 (of 30).   Current convergence value = 0.000610976 (threshold = 1e-08)
  Iteration 30 (of 30).   Current convergence value = 0.000589546 (threshold = 1e-08)
   N4BiasFieldCorrectionImageFilter (0x55c12cb17e20)
     RTTI typeinfo:   itk::N4BiasFieldCorrectionImageFilter<itk::Image<float, 3u>, itk::Image<float, 3u>, itk::Image<float, 3u> >
     Reference Count: 1
     Modified Time: 565
     Debug: Off
     Object Name: 
     Observers: 
       IterationEvent(Command)
     Inputs: 
       ConfidenceImage: (0)
       MaskImage: (0x55c12cb425e0)
       Primary: (0x55c12cb3db30) *
     Indexed Inputs: 
       0: Primary (0x55c12cb3db30)
       1: MaskImage (0x55c12cb425e0)
       2: ConfidenceImage (0)
     Required Input Names: Primary
     NumberOfRequiredInputs: 1
     Outputs: 
       Primary: (0x55c12cb27ef0)
     Indexed Outputs: 
       0: Primary (0x55c12cb27ef0)
     NumberOfRequiredOutputs: 1
     Number Of Work Units: 32
     ReleaseDataFlag: Off
     ReleaseDataBeforeUpdateFlag: Off
     AbortGenerateData: Off
     Progress: 0
     Multithreader: 
       RTTI typeinfo:   itk::PoolMultiThreader
       Reference Count: 1
       Modified Time: 144
       Debug: Off
       Object Name: 
       Observers: 
         none
       Number of Work Units: 32
       Number of Threads: 8
       Global Maximum Number Of Threads: 128
       Global Default Number Of Threads: 8
       Global Default Threader Type: itk::MultiThreaderBaseEnums::Threader::Pool
       SingleMethod: 0
       SingleData: 0
     DynamicMultiThreading: On
     CoordinateTolerance: 1e-06
     DirectionTolerance: 1e-06
     Use Mask Label: 0
     Mask label: 1
     Number of histogram bins: 200
     Wiener filter noise: 0.01
     Bias field FWHM: 0.15
     Maximum number of iterations: [50, 50, 40, 30]
     Convergence threshold: 1e-08
     Spline order: 3
     Number of fitting levels: [4, 4, 4]
     Number of control points: [4, 5, 5]
     CurrentConvergenceMeasurement: 0.000589546
     CurrentLevel: 4
     ElapsedIterations: 31
     LogBiasFieldControlPointLattice: 
       Image (0x55c1336296d0)
         RTTI typeinfo:   itk::Image<itk::Vector<float, 1u>, 3u>
         Reference Count: 1
         Modified Time: 343560
         Debug: Off
         Object Name: 
         Observers: 
           none
         Source: (none)
         Source output name: (none)
         Release Data: Off
         Data Released: False
         Global Release Data: Off
         PipelineMTime: 0
         UpdateMTime: 0
         RealTimeStamp: 0 seconds 
         LargestPossibleRegion: 
           Dimension: 3
           Index: [0, 0, 0]
           Size: [11, 19, 19]
         BufferedRegion: 
           Dimension: 3
           Index: [0, 0, 0]
           Size: [11, 19, 19]
         RequestedRegion: 
           Dimension: 3
           Index: [0, 0, 0]
           Size: [11, 19, 19]
         Spacing: [24.75, 24.875, 24.875]
         Origin: [26.2705, 17.606, -29.1545]
         Direction: 
-0.998965 -0.0227992 -0.0393569
0.012314 -0.968549 0.248518
-0.0437851 0.247776 0.967827

         IndexToPointMatrix: 
-24.7244 -0.56713 -0.979003
0.304771 -24.0927 6.18189
-1.08368 6.16343 24.0747

         PointToIndexMatrix: 
-0.0403622 0.000497535 -0.0017691
-0.000916551 -0.0389366 0.00996085
-0.00158219 0.00999067 0.0389076

         Inverse Direction: 
-0.998965 0.012314 -0.0437851
-0.0227992 -0.968549 0.247776
-0.0393569 0.248518 0.967827

         PixelContainer: 
           ImportImageContainer (0x55c138abae00)
             RTTI typeinfo:   itk::ImportImageContainer<unsigned long, itk::Vector<float, 1u> >
             Reference Count: 1
             Modified Time: 343561
             Debug: Off
             Object Name: 
             Observers: 
               none
             Pointer: 0x55c136cb7310
             Container manages memory: true
             Size: 3971
             Capacity: 3971
Elapsed time: 267.8
All_Command_lines_OK
Using single precision for computations.
=============================================================================
The composite transform comprises the following transforms (in order): 
  1. Center of mass alignment using fixed image: /home/mpib/nemecz/Projects/miniTRK/Results/01_MRI/GroupTempl/T1w/T_template0.nii.gz and moving image: /home/mpib/nemecz/Projects/miniTRK/Analysis/01_MRI/Preproc/GroupTempl/T1w/sub-940925_T1w.nii.gz (type = Euler3DTransform)
=============================================================================
  number of levels = 4
  number of levels = 4
  number of levels = 4
  fixed image: /home/mpib/nemecz/Projects/miniTRK/Results/01_MRI/GroupTempl/T1w/T_template0.nii.gz
  moving image: /home/mpib/nemecz/Projects/miniTRK/Results/01_MRI/GroupTempl/T1w/T_template0sub-940925_T1wRepaired.nii.gz
  fixed image: /home/mpib/nemecz/Projects/miniTRK/Results/01_MRI/GroupTempl/T1w/T_template0.nii.gz
  moving image: /home/mpib/nemecz/Projects/miniTRK/Results/01_MRI/GroupTempl/T1w/T_template0sub-940925_T1wRepaired.nii.gz
  fixed image: /home/mpib/nemecz/Projects/miniTRK/Results/01_MRI/GroupTempl/T1w/T_template0.nii.gz
  moving image: /home/mpib/nemecz/Projects/miniTRK/Results/01_MRI/GroupTempl/T1w/T_template0sub-940925_T1wRepaired.nii.gz
Dimension = 3
Number of stages = 3
Use Histogram Matching true
Winsorize image intensities true
Lower quantile = 0.01
Upper quantile = 0.99
Stage 1 State
   Image metric = Mattes
     Fixed image = Image (0x55ca2b00bad0)
  RTTI typeinfo:   itk::Image<float, 3u>
  Reference Count: 2
  Modified Time: 1721
  Debug: Off
  Object Name: 
  Observers: 
    none
  Source: (none)
  Source output name: (none)
  Release Data: Off
  Data Released: False
  Global Release Data: Off
  PipelineMTime: 0
  UpdateMTime: 1506
  RealTimeStamp: 0 seconds 
  LargestPossibleRegion: 
    Dimension: 3
    Index: [0, 0, 0]
    Size: [192, 256, 256]
  BufferedRegion: 
    Dimension: 3
    Index: [0, 0, 0]
    Size: [192, 256, 256]
  RequestedRegion: 
    Dimension: 3
    Index: [0, 0, 0]
    Size: [192, 256, 256]
  Spacing: [1, 1, 1]
  Origin: [95.0313, 100.538, -154.123]
  Direction: 
-0.999853 -0.014134 -0.00966312
0.014129 -0.9999 0.000586045
-0.00967044 0.000449429 0.999953

  IndexToPointMatrix: 
-0.999853 -0.014134 -0.00966312
0.014129 -0.9999 0.000586045
-0.00967044 0.000449429 0.999953

  PointToIndexMatrix: 
-0.999853 0.014129 -0.00967044
-0.014134 -0.9999 0.000449429
-0.00966312 0.000586045 0.999953

  Inverse Direction: 
-0.999853 0.014129 -0.00967044
-0.014134 -0.9999 0.000449429
-0.00966312 0.000586045 0.999953

  PixelContainer: 
    ImportImageContainer (0x55ca2b013c80)
      RTTI typeinfo:   itk::ImportImageContainer<unsigned long, float>
      Reference Count: 1
      Modified Time: 1503
      Debug: Off
      Object Name: 
      Observers: 
        none
      Pointer: 0x7f3460216010
      Container manages memory: true
      Size: 12582912
      Capacity: 12582912

     Moving image = Image (0x55ca2b00cbc0)
  RTTI typeinfo:   itk::Image<float, 3u>
  Reference Count: 2
  Modified Time: 1722
  Debug: Off
  Object Name: 
  Observers: 
    none
  Source: (none)
  Source output name: (none)
  Release Data: Off
  Data Released: False
  Global Release Data: Off
  PipelineMTime: 0
  UpdateMTime: 1719
  RealTimeStamp: 0 seconds 
  LargestPossibleRegion: 
    Dimension: 3
    Index: [0, 0, 0]
    Size: [192, 256, 256]
  BufferedRegion: 
    Dimension: 3
    Index: [0, 0, 0]
    Size: [192, 256, 256]
  RequestedRegion: 
    Dimension: 3
    Index: [0, 0, 0]
    Size: [192, 256, 256]
  Spacing: [1, 1, 1]
  Origin: [101.939, 55.8649, -183.884]
  Direction: 
-0.998965 -0.0227992 -0.0393569
0.012314 -0.968549 0.248518
-0.0437851 0.247776 0.967827

  IndexToPointMatrix: 
-0.998965 -0.0227992 -0.0393569
0.012314 -0.968549 0.248518
-0.0437851 0.247776 0.967827

  PointToIndexMatrix: 
-0.998965 0.012314 -0.0437851
-0.0227992 -0.968549 0.247776
-0.0393569 0.248518 0.967827

  Inverse Direction: 
-0.998965 0.012314 -0.0437851
-0.0227992 -0.968549 0.247776
-0.0393569 0.248518 0.967827

  PixelContainer: 
    ImportImageContainer (0x55ca2b018100)
      RTTI typeinfo:   itk::ImportImageContainer<unsigned long, float>
      Reference Count: 1
      Modified Time: 1716
      Debug: Off
      Object Name: 
      Observers: 
        none
      Pointer: 0x7f345d215010
      Container manages memory: true
      Size: 12582912
      Capacity: 12582912

     Weighting = 1
     Sampling strategy = regular
     Number of bins = 32
     Radius = 4
     Sampling percentage  = 0.25
   Transform = Rigid
     Gradient step = 0.1
     Update field sigma (voxel space) = 0
     Total field sigma (voxel space) = 0
     Update field time sigma = 0
     Total field time sigma  = 0
     Number of time indices = 0
     Number of time point samples = 0
Stage 2 State
   Image metric = Mattes
     Fixed image = Image (0x55ca2b024870)
  RTTI typeinfo:   itk::Image<float, 3u>
  Reference Count: 2
  Modified Time: 2149
  Debug: Off
  Object Name: 
  Observers: 
    none
  Source: (none)
  Source output name: (none)
  Release Data: Off
  Data Released: False
  Global Release Data: Off
  PipelineMTime: 0
  UpdateMTime: 1934
  RealTimeStamp: 0 seconds 
  LargestPossibleRegion: 
    Dimension: 3
    Index: [0, 0, 0]
    Size: [192, 256, 256]
  BufferedRegion: 
    Dimension: 3
    Index: [0, 0, 0]
    Size: [192, 256, 256]
  RequestedRegion: 
    Dimension: 3
    Index: [0, 0, 0]
    Size: [192, 256, 256]
  Spacing: [1, 1, 1]
  Origin: [95.0313, 100.538, -154.123]
  Direction: 
-0.999853 -0.014134 -0.00966312
0.014129 -0.9999 0.000586045
-0.00967044 0.000449429 0.999953

  IndexToPointMatrix: 
-0.999853 -0.014134 -0.00966312
0.014129 -0.9999 0.000586045
-0.00967044 0.000449429 0.999953

  PointToIndexMatrix: 
-0.999853 0.014129 -0.00967044
-0.014134 -0.9999 0.000449429
-0.00966312 0.000586045 0.999953

  Inverse Direction: 
-0.999853 0.014129 -0.00967044
-0.014134 -0.9999 0.000449429
-0.00966312 0.000586045 0.999953

  PixelContainer: 
    ImportImageContainer (0x55ca2b00f6d0)
      RTTI typeinfo:   itk::ImportImageContainer<unsigned long, float>
      Reference Count: 1
      Modified Time: 1931
      Debug: Off
      Object Name: 
      Observers: 
        none
      Pointer: 0x7f345a214010
      Container manages memory: true
      Size: 12582912
      Capacity: 12582912

     Moving image = Image (0x55ca2b0244c0)
  RTTI typeinfo:   itk::Image<float, 3u>
  Reference Count: 2
  Modified Time: 2150
  Debug: Off
  Object Name: 
  Observers: 
    none
  Source: (none)
  Source output name: (none)
  Release Data: Off
  Data Released: False
  Global Release Data: Off
  PipelineMTime: 0
  UpdateMTime: 2147
  RealTimeStamp: 0 seconds 
  LargestPossibleRegion: 
    Dimension: 3
    Index: [0, 0, 0]
    Size: [192, 256, 256]
  BufferedRegion: 
    Dimension: 3
    Index: [0, 0, 0]
    Size: [192, 256, 256]
  RequestedRegion: 
    Dimension: 3
    Index: [0, 0, 0]
    Size: [192, 256, 256]
  Spacing: [1, 1, 1]
  Origin: [101.939, 55.8649, -183.884]
  Direction: 
-0.998965 -0.0227992 -0.0393569
0.012314 -0.968549 0.248518
-0.0437851 0.247776 0.967827

  IndexToPointMatrix: 
-0.998965 -0.0227992 -0.0393569
0.012314 -0.968549 0.248518
-0.0437851 0.247776 0.967827

  PointToIndexMatrix: 
-0.998965 0.012314 -0.0437851
-0.0227992 -0.968549 0.247776
-0.0393569 0.248518 0.967827

  Inverse Direction: 
-0.998965 0.012314 -0.0437851
-0.0227992 -0.968549 0.247776
-0.0393569 0.248518 0.967827

  PixelContainer: 
    ImportImageContainer (0x55ca2b0258c0)
      RTTI typeinfo:   itk::ImportImageContainer<unsigned long, float>
      Reference Count: 1
      Modified Time: 2144
      Debug: Off
      Object Name: 
      Observers: 
        none
      Pointer: 0x7f3457213010
      Container manages memory: true
      Size: 12582912
      Capacity: 12582912

     Weighting = 1
     Sampling strategy = regular
     Number of bins = 32
     Radius = 4
     Sampling percentage  = 0.25
   Transform = Affine
     Gradient step = 0.1
     Update field sigma (voxel space) = 0
     Total field sigma (voxel space) = 0
     Update field time sigma = 0
     Total field time sigma  = 0
     Number of time indices = 0
     Number of time point samples = 0
Stage 3 State
   Image metric = CC
     Fixed image = Image (0x55ca2b02b960)
  RTTI typeinfo:   itk::Image<float, 3u>
  Reference Count: 2
  Modified Time: 2577
  Debug: Off
  Object Name: 
  Observers: 
    none
  Source: (none)
  Source output name: (none)
  Release Data: Off
  Data Released: False
  Global Release Data: Off
  PipelineMTime: 0
  UpdateMTime: 2362
  RealTimeStamp: 0 seconds 
  LargestPossibleRegion: 
    Dimension: 3
    Index: [0, 0, 0]
    Size: [192, 256, 256]
  BufferedRegion: 
    Dimension: 3
    Index: [0, 0, 0]
    Size: [192, 256, 256]
  RequestedRegion: 
    Dimension: 3
    Index: [0, 0, 0]
    Size: [192, 256, 256]
  Spacing: [1, 1, 1]
  Origin: [95.0313, 100.538, -154.123]
  Direction: 
-0.999853 -0.014134 -0.00966312
0.014129 -0.9999 0.000586045
-0.00967044 0.000449429 0.999953

  IndexToPointMatrix: 
-0.999853 -0.014134 -0.00966312
0.014129 -0.9999 0.000586045
-0.00967044 0.000449429 0.999953

  PointToIndexMatrix: 
-0.999853 0.014129 -0.00967044
-0.014134 -0.9999 0.000449429
-0.00966312 0.000586045 0.999953

  Inverse Direction: 
-0.999853 0.014129 -0.00967044
-0.014134 -0.9999 0.000449429
-0.00966312 0.000586045 0.999953

  PixelContainer: 
    ImportImageContainer (0x55ca2b00c660)
      RTTI typeinfo:   itk::ImportImageContainer<unsigned long, float>
      Reference Count: 1
      Modified Time: 2359
      Debug: Off
      Object Name: 
      Observers: 
        none
      Pointer: 0x7f3454212010
      Container manages memory: true
      Size: 12582912
      Capacity: 12582912

     Moving image = Image (0x55ca2b02d840)
  RTTI typeinfo:   itk::Image<float, 3u>
  Reference Count: 2
  Modified Time: 2578
  Debug: Off
  Object Name: 
  Observers: 
    none
  Source: (none)
  Source output name: (none)
  Release Data: Off
  Data Released: False
  Global Release Data: Off
  PipelineMTime: 0
  UpdateMTime: 2575
  RealTimeStamp: 0 seconds 
  LargestPossibleRegion: 
    Dimension: 3
    Index: [0, 0, 0]
    Size: [192, 256, 256]
  BufferedRegion: 
    Dimension: 3
    Index: [0, 0, 0]
    Size: [192, 256, 256]
  RequestedRegion: 
    Dimension: 3
    Index: [0, 0, 0]
    Size: [192, 256, 256]
  Spacing: [1, 1, 1]
  Origin: [101.939, 55.8649, -183.884]
  Direction: 
-0.998965 -0.0227992 -0.0393569
0.012314 -0.968549 0.248518
-0.0437851 0.247776 0.967827

  IndexToPointMatrix: 
-0.998965 -0.0227992 -0.0393569
0.012314 -0.968549 0.248518
-0.0437851 0.247776 0.967827

  PointToIndexMatrix: 
-0.998965 0.012314 -0.0437851
-0.0227992 -0.968549 0.247776
-0.0393569 0.248518 0.967827

  Inverse Direction: 
-0.998965 0.012314 -0.0437851
-0.0227992 -0.968549 0.247776
-0.0393569 0.248518 0.967827

  PixelContainer: 
    ImportImageContainer (0x55ca2b02a660)
      RTTI typeinfo:   itk::ImportImageContainer<unsigned long, float>
      Reference Count: 1
      Modified Time: 2572
      Debug: Off
      Object Name: 
      Observers: 
        none
      Pointer: 0x7f3451211010
      Container manages memory: true
      Size: 12582912
      Capacity: 12582912

     Weighting = 1
     Sampling strategy = none
     Number of bins = 32
     Radius = 4
     Sampling percentage  = 1
   Transform = SyN
     Gradient step = 0.1
     Update field sigma (voxel space) = 3
     Total field sigma (voxel space) = 0
     Update field time sigma = 0
     Total field time sigma  = 0
     Number of time indices = 0
     Number of time point samples = 0
Registration using 3 total stages.

Stage 0
  iterations = 1000x500x250x0
  convergence threshold = 1e-06
  convergence window size = 10
  number of levels = 4
  using the Mattes MI metric (number of bins = 32, weight = 1)
  preprocessing:  winsorizing the image intensities
  preprocessing:  histogram matching the images
  Shrink factors (level 1 out of 4): [6, 6, 6]
  Shrink factors (level 2 out of 4): [4, 4, 4]
  Shrink factors (level 3 out of 4): [2, 2, 2]
  Shrink factors (level 4 out of 4): [1, 1, 1]
  smoothing sigmas per level: [4, 2, 1, 0]
  regular sampling (percentage = 0.25)

*** Running Euler3DTransform registration ***

DIAGNOSTIC,Iteration,metricValue,convergenceValue,ITERATION_TIME_INDEX,SINCE_LAST
 2DIAGNOSTIC,     1, -8.142421841621e-01, inf, 5.7744e-01, 5.7744e-01, 
 2DIAGNOSTIC,     2, -8.183292150497e-01, inf, 5.8786e-01, 1.0420e-02, 
 2DIAGNOSTIC,     3, -8.249915838242e-01, inf, 5.9775e-01, 9.8891e-03, 
 2DIAGNOSTIC,     4, -8.349668979645e-01, inf, 6.0711e-01, 9.3589e-03, 
 2DIAGNOSTIC,     5, -8.486035466194e-01, inf, 6.1686e-01, 9.7542e-03, 
 2DIAGNOSTIC,     6, -8.654584884644e-01, inf, 6.2631e-01, 9.4430e-03, 
 2DIAGNOSTIC,     7, -8.803945779800e-01, inf, 6.3602e-01, 9.7120e-03, 
 2DIAGNOSTIC,     8, -8.894233107567e-01, inf, 6.4570e-01, 9.6869e-03, 
 2DIAGNOSTIC,     9, -8.941375613213e-01, inf, 6.5829e-01, 1.2583e-02, 
 2DIAGNOSTIC,    10, -8.983957767487e-01, 7.287140935659e-03, 6.7025e-01, 1.1958e-02, 
 2DIAGNOSTIC,    11, -9.041096568108e-01, 6.392600946128e-03, 6.7982e-01, 9.5711e-03, 
 2DIAGNOSTIC,    12, -9.195948839188e-01, 5.604674108326e-03, 6.8936e-01, 9.5470e-03, 
 2DIAGNOSTIC,    13, -9.310174584389e-01, 4.881387110800e-03, 7.0074e-01, 1.1374e-02, 
 2DIAGNOSTIC,    14, -9.315956830978e-01, 4.068797919899e-03, 7.1027e-01, 9.5360e-03, 
 2DIAGNOSTIC,    15, -9.317383766174e-01, 3.300600685179e-03, 7.1917e-01, 8.8959e-03, 
 2DIAGNOSTIC,    16, -9.318193793297e-01, 2.668847097084e-03, 7.2828e-01, 9.1140e-03, 
 2DIAGNOSTIC,    17, -9.318710565567e-01, 2.145149046555e-03, 7.3765e-01, 9.3648e-03, 
 2DIAGNOSTIC,    18, -9.319178462029e-01, 1.642186893150e-03, 7.4559e-01, 7.9448e-03, 
 2DIAGNOSTIC,    19, -9.319785833359e-01, 1.125731505454e-03, 7.5469e-01, 9.0950e-03, 
 2DIAGNOSTIC,    20, -9.321394562721e-01, 6.326325237751e-04, 7.6258e-01, 7.8890e-03, 
 2DIAGNOSTIC,    21, -9.323164224625e-01, 2.144115278497e-04, 7.7050e-01, 7.9260e-03, 
 2DIAGNOSTIC,    22, -9.327355027199e-01, 4.059651473654e-05, 7.7927e-01, 8.7709e-03, 
 2DIAGNOSTIC,    23, -9.328973889351e-01, 3.801551065408e-05, 7.8776e-01, 8.4851e-03, 
 2DIAGNOSTIC,    24, -9.333714842796e-01, 4.608363087755e-05, 7.9537e-01, 7.6079e-03, 
 2DIAGNOSTIC,    25, -9.335166215897e-01, 5.280667755869e-05, 8.0394e-01, 8.5731e-03, 
 2DIAGNOSTIC,    26, -9.337766170502e-01, 5.828060966451e-05, 8.1831e-01, 1.4367e-02, 
 2DIAGNOSTIC,    27, -9.338231086731e-01, 5.906629667152e-05, 8.2678e-01, 8.4760e-03, 
 2DIAGNOSTIC,    28, -9.337977170944e-01, 5.459767635330e-05, 8.3427e-01, 7.4840e-03, 
 2DIAGNOSTIC,    29, -9.337568283081e-01, 4.563013862935e-05, 8.4210e-01, 7.8311e-03, 
 2DIAGNOSTIC,    30, -9.337364435196e-01, 3.453453246038e-05, 8.5062e-01, 8.5199e-03, 
 2DIAGNOSTIC,    31, -9.336781501770e-01, 2.213475090684e-05, 8.5810e-01, 7.4799e-03, 
 2DIAGNOSTIC,    32, -9.336810708046e-01, 1.269029780815e-05, 8.6556e-01, 7.4639e-03, 
 2DIAGNOSTIC,    33, -9.336858987808e-01, 4.229864316585e-06, 8.7291e-01, 7.3519e-03, 
DIAGNOSTIC,Iteration,metricValue,convergenceValue,ITERATION_TIME_INDEX,SINCE_LAST
 2DIAGNOSTIC,     1, -7.294920682907e-01, inf, 1.3710e+00, 4.9808e-01, 
 2DIAGNOSTIC,     2, -7.316759824753e-01, inf, 1.3998e+00, 2.8805e-02, 
 2DIAGNOSTIC,     3, -7.338055372238e-01, inf, 1.4284e+00, 2.8555e-02, 
 2DIAGNOSTIC,     4, -7.351551651955e-01, inf, 1.4570e+00, 2.8628e-02, 
 2DIAGNOSTIC,     5, -7.356733679771e-01, inf, 1.4850e+00, 2.8055e-02, 
 2DIAGNOSTIC,     6, -7.359172105789e-01, inf, 1.5172e+00, 3.2179e-02, 
 2DIAGNOSTIC,     7, -7.359590530396e-01, inf, 1.5507e+00, 3.3480e-02, 
 2DIAGNOSTIC,     8, -7.360373139381e-01, inf, 1.5849e+00, 3.4205e-02, 
 2DIAGNOSTIC,     9, -7.362219095230e-01, inf, 1.6193e+00, 3.4415e-02, 
 2DIAGNOSTIC,    10, -7.366475462914e-01, 5.103297298774e-04, 1.6623e+00, 4.2953e-02, 
 2DIAGNOSTIC,    11, -7.368033528328e-01, 3.030142979696e-04, 1.6970e+00, 3.4707e-02, 
 2DIAGNOSTIC,    12, -7.371869683266e-01, 1.850414992077e-04, 1.7317e+00, 3.4704e-02, 
 2DIAGNOSTIC,    13, -7.372142076492e-01, 1.319617003901e-04, 1.7669e+00, 3.5213e-02, 
 2DIAGNOSTIC,    14, -7.372296452522e-01, 1.121352906921e-04, 1.7978e+00, 3.0905e-02, 
 2DIAGNOSTIC,    15, -7.372137904167e-01, 9.767850860953e-05, 1.8331e+00, 3.5280e-02, 
 2DIAGNOSTIC,    16, -7.372379899025e-01, 8.269991667476e-05, 1.8660e+00, 3.2922e-02, 
 2DIAGNOSTIC,    17, -7.372444868088e-01, 6.313696940197e-05, 1.8946e+00, 2.8622e-02, 
 2DIAGNOSTIC,    18, -7.372377514839e-01, 4.163390622125e-05, 1.9272e+00, 3.2616e-02, 
 2DIAGNOSTIC,    19, -7.372465729713e-01, 2.256133848277e-05, 1.9600e+00, 3.2780e-02, 
 2DIAGNOSTIC,    20, -7.372573018074e-01, 1.189463364426e-05, 1.9890e+00, 2.8964e-02, 
 2DIAGNOSTIC,    21, -7.372729778290e-01, 4.235116193740e-06, 2.0329e+00, 4.3968e-02, 
 2DIAGNOSTIC,    22, -7.372837066650e-01, 3.919512437278e-06, 2.0617e+00, 2.8739e-02, 
 2DIAGNOSTIC,    23, -7.372983098030e-01, 4.100478236069e-06, 2.0944e+00, 3.2715e-02, 
 2DIAGNOSTIC,    24, -7.372993826866e-01, 4.287978299544e-06, 2.1272e+00, 3.2825e-02, 
 2DIAGNOSTIC,    25, -7.373012304306e-01, 3.955692591262e-06, 2.1621e+00, 3.4831e-02, 
 2DIAGNOSTIC,    26, -7.373027801514e-01, 3.775111508730e-06, 2.1967e+00, 3.4635e-02, 
 2DIAGNOSTIC,    27, -7.372954487801e-01, 3.358336471138e-06, 2.2274e+00, 3.0722e-02, 
 2DIAGNOSTIC,    28, -7.373006343842e-01, 2.745904112089e-06, 2.2625e+00, 3.5054e-02, 
 2DIAGNOSTIC,    29, -7.373107075691e-01, 2.272219717270e-06, 2.2974e+00, 3.4901e-02, 
 2DIAGNOSTIC,    30, -7.372803688049e-01, 1.460871089876e-06, 2.3277e+00, 3.0378e-02, 
DIAGNOSTIC,Iteration,metricValue,convergenceValue,ITERATION_TIME_INDEX,SINCE_LAST
 2DIAGNOSTIC,     1, -6.496373414993e-01, inf, 3.2250e+00, 8.9724e-01, 
 2DIAGNOSTIC,     2, -6.499934792519e-01, inf, 3.4382e+00, 2.1322e-01, 
 2DIAGNOSTIC,     3, -6.502200365067e-01, inf, 3.6531e+00, 2.1488e-01, 
 2DIAGNOSTIC,     4, -6.505074501038e-01, inf, 3.8664e+00, 2.1336e-01, 
 2DIAGNOSTIC,     5, -6.509584188461e-01, inf, 4.0858e+00, 2.1939e-01, 
 2DIAGNOSTIC,     6, -6.522728204727e-01, inf, 4.3641e+00, 2.7828e-01, 
 2DIAGNOSTIC,     7, -6.527618169785e-01, inf, 4.6414e+00, 2.7727e-01, 
 2DIAGNOSTIC,     8, -6.527971029282e-01, inf, 4.8884e+00, 2.4700e-01, 
 2DIAGNOSTIC,     9, -6.528109312057e-01, inf, 5.1712e+00, 2.8283e-01, 
 2DIAGNOSTIC,    10, -6.528149843216e-01, 3.835092647932e-04, 5.3923e+00, 2.2112e-01, 
 2DIAGNOSTIC,    11, -6.528171896935e-01, 3.061185125262e-04, 5.6391e+00, 2.4680e-01, 
 2DIAGNOSTIC,    12, -6.528238654137e-01, 2.273303834954e-04, 5.8937e+00, 2.5456e-01, 
 2DIAGNOSTIC,    13, -6.528265476227e-01, 1.486267865403e-04, 6.1426e+00, 2.4894e-01, 
 2DIAGNOSTIC,    14, -6.528273820877e-01, 7.721314614173e-05, 6.3921e+00, 2.4953e-01, 
 2DIAGNOSTIC,    15, -6.528319716454e-01, 2.082609353238e-05, 6.6700e+00, 2.7784e-01, 
 2DIAGNOSTIC,    16, -6.528359055519e-01, 5.330890871846e-06, 6.9184e+00, 2.4839e-01, 
 2DIAGNOSTIC,    17, -6.528354287148e-01, 3.854700480588e-06, 7.1699e+00, 2.5149e-01, 
 2DIAGNOSTIC,    18, -6.528357863426e-01, 3.216741788492e-06, 7.4195e+00, 2.4961e-01, 
 2DIAGNOSTIC,    19, -6.528354287148e-01, 2.821474254233e-06, 7.6753e+00, 2.5586e-01, 
 2DIAGNOSTIC,    20, -6.528361439705e-01, 2.462643806211e-06, 7.9247e+00, 2.4937e-01, 
 2DIAGNOSTIC,    21, -6.528362631798e-01, 2.100062147292e-06, 8.1775e+00, 2.5279e-01, 
 2DIAGNOSTIC,    22, -6.528362631798e-01, 1.848181454989e-06, 8.4293e+00, 2.5184e-01, 
 2DIAGNOSTIC,    23, -6.528358459473e-01, 1.625630829949e-06, 8.8375e+00, 4.0813e-01, 
 2DIAGNOSTIC,    24, -6.528359055519e-01, 1.413871018485e-06, 9.0970e+00, 2.5954e-01, 
 2DIAGNOSTIC,    25, -6.528358459473e-01, 1.287541749662e-06, 9.3864e+00, 2.8937e-01, 
 2DIAGNOSTIC,    26, -6.528357863426e-01, 1.234589262822e-06, 9.6395e+00, 2.5310e-01, 
 2DIAGNOSTIC,    27, -6.528353691101e-01, 1.170182599708e-06, 9.8877e+00, 2.4825e-01, 
 2DIAGNOSTIC,    28, -6.528353691101e-01, 1.117370857173e-06, 1.0172e+01, 2.8420e-01, 
 2DIAGNOSTIC,    29, -6.528352499008e-01, 1.062521619133e-06, 1.0421e+01, 2.4864e-01, 
 2DIAGNOSTIC,    30, -6.528351902962e-01, 1.023994286697e-06, 1.0682e+01, 2.6181e-01, 
DIAGNOSTIC,Iteration,metricValue,convergenceValue,ITERATION_TIME_INDEX,SINCE_LAST
 2DIAGNOSTIC,     1, -5.903545022011e-01, inf, 1.3138e+01, 2.4556e+00, 
  Elapsed time (stage 0): 1.4346e+01


Stage 1
  iterations = 1000x500x250x0
  convergence threshold = 1.0000e-06
  convergence window size = 10
  number of levels = 4
  using the Mattes MI metric (number of bins = 32, weight = 1.0000e+00)
  preprocessing:  winsorizing the image intensities
  preprocessing:  histogram matching the images
  Shrink factors (level 1 out of 4): [6, 6, 6]
  Shrink factors (level 2 out of 4): [4, 4, 4]
  Shrink factors (level 3 out of 4): [2, 2, 2]
