
Running N4 for 3-dimensional images.

Mask not read.  Using the entire image as the mask.

Original intensity range:  [0, 782]

***********************************************************
Warning:  Your input image contains nonpositive values
which could cause failure or problematic results.  A
possible workaround would be to:
   1. rescale your image to positive values e.g., [10,100].
   2. run N4 on your rescaled image.
   3. (optional) rescale the N4 output to the original
      intensity range.
***********************************************************

Specified spline distance: 200mm
  original image size:  [192, 256, 256]
  padded image size:  [201, 401, 401]
  number of control points:  [4, 5, 5]

Current level = 1
  Iteration 1 (of 50).   Current convergence value = 0.000383118 (threshold = 1e-08)
  Iteration 2 (of 50).   Current convergence value = 0.000267653 (threshold = 1e-08)
  Iteration 3 (of 50).   Current convergence value = 0.000241521 (threshold = 1e-08)
  Iteration 4 (of 50).   Current convergence value = 0.000253083 (threshold = 1e-08)
  Iteration 5 (of 50).   Current convergence value = 0.000256731 (threshold = 1e-08)
  Iteration 6 (of 50).   Current convergence value = 0.000222322 (threshold = 1e-08)
  Iteration 7 (of 50).   Current convergence value = 0.00018761 (threshold = 1e-08)
  Iteration 8 (of 50).   Current convergence value = 0.000159567 (threshold = 1e-08)
  Iteration 9 (of 50).   Current convergence value = 0.000137111 (threshold = 1e-08)
  Iteration 10 (of 50).   Current convergence value = 0.000119537 (threshold = 1e-08)
  Iteration 11 (of 50).   Current convergence value = 0.000105289 (threshold = 1e-08)
  Iteration 12 (of 50).   Current convergence value = 9.38748e-05 (threshold = 1e-08)
  Iteration 13 (of 50).   Current convergence value = 8.42026e-05 (threshold = 1e-08)
  Iteration 14 (of 50).   Current convergence value = 7.62015e-05 (threshold = 1e-08)
  Iteration 15 (of 50).   Current convergence value = 6.95326e-05 (threshold = 1e-08)
  Iteration 16 (of 50).   Current convergence value = 6.39167e-05 (threshold = 1e-08)
  Iteration 17 (of 50).   Current convergence value = 5.92933e-05 (threshold = 1e-08)
  Iteration 18 (of 50).   Current convergence value = 5.53041e-05 (threshold = 1e-08)
  Iteration 19 (of 50).   Current convergence value = 5.19887e-05 (threshold = 1e-08)
  Iteration 20 (of 50).   Current convergence value = 4.94099e-05 (threshold = 1e-08)
  Iteration 21 (of 50).   Current convergence value = 4.70919e-05 (threshold = 1e-08)
  Iteration 22 (of 50).   Current convergence value = 4.5166e-05 (threshold = 1e-08)
  Iteration 23 (of 50).   Current convergence value = 4.35279e-05 (threshold = 1e-08)
  Iteration 24 (of 50).   Current convergence value = 4.22101e-05 (threshold = 1e-08)
  Iteration 25 (of 50).   Current convergence value = 4.11824e-05 (threshold = 1e-08)
  Iteration 26 (of 50).   Current convergence value = 4.01703e-05 (threshold = 1e-08)
  Iteration 27 (of 50).   Current convergence value = 3.9523e-05 (threshold = 1e-08)
  Iteration 28 (of 50).   Current convergence value = 3.88592e-05 (threshold = 1e-08)
  Iteration 29 (of 50).   Current convergence value = 3.84594e-05 (threshold = 1e-08)
  Iteration 30 (of 50).   Current convergence value = 3.81687e-05 (threshold = 1e-08)
  Iteration 31 (of 50).   Current convergence value = 3.78897e-05 (threshold = 1e-08)
  Iteration 32 (of 50).   Current convergence value = 3.77059e-05 (threshold = 1e-08)
  Iteration 33 (of 50).   Current convergence value = 3.75614e-05 (threshold = 1e-08)
  Iteration 34 (of 50).   Current convergence value = 3.76486e-05 (threshold = 1e-08)
  Iteration 35 (of 50).   Current convergence value = 3.76627e-05 (threshold = 1e-08)
  Iteration 36 (of 50).   Current convergence value = 3.77423e-05 (threshold = 1e-08)
  Iteration 37 (of 50).   Current convergence value = 3.79941e-05 (threshold = 1e-08)
  Iteration 38 (of 50).   Current convergence value = 3.80562e-05 (threshold = 1e-08)
  Iteration 39 (of 50).   Current convergence value = 3.83269e-05 (threshold = 1e-08)
  Iteration 40 (of 50).   Current convergence value = 3.86517e-05 (threshold = 1e-08)
  Iteration 41 (of 50).   Current convergence value = 3.88719e-05 (threshold = 1e-08)
  Iteration 42 (of 50).   Current convergence value = 3.89787e-05 (threshold = 1e-08)
  Iteration 43 (of 50).   Current convergence value = 3.92525e-05 (threshold = 1e-08)
  Iteration 44 (of 50).   Current convergence value = 3.94258e-05 (threshold = 1e-08)
  Iteration 45 (of 50).   Current convergence value = 3.96496e-05 (threshold = 1e-08)
  Iteration 46 (of 50).   Current convergence value = 4.00052e-05 (threshold = 1e-08)
  Iteration 47 (of 50).   Current convergence value = 4.03073e-05 (threshold = 1e-08)
  Iteration 48 (of 50).   Current convergence value = 4.0613e-05 (threshold = 1e-08)
  Iteration 49 (of 50).   Current convergence value = 4.09363e-05 (threshold = 1e-08)
  Iteration 50 (of 50).   Current convergence value = 4.1275e-05 (threshold = 1e-08)
Current level = 2
  Iteration 1 (of 50).   Current convergence value = 0.000479881 (threshold = 1e-08)
  Iteration 2 (of 50).   Current convergence value = 0.000454696 (threshold = 1e-08)
  Iteration 3 (of 50).   Current convergence value = 0.000434712 (threshold = 1e-08)
  Iteration 4 (of 50).   Current convergence value = 0.000425602 (threshold = 1e-08)
  Iteration 5 (of 50).   Current convergence value = 0.000418433 (threshold = 1e-08)
  Iteration 6 (of 50).   Current convergence value = 0.000411495 (threshold = 1e-08)
  Iteration 7 (of 50).   Current convergence value = 0.000404568 (threshold = 1e-08)
  Iteration 8 (of 50).   Current convergence value = 0.000397604 (threshold = 1e-08)
  Iteration 9 (of 50).   Current convergence value = 0.000390441 (threshold = 1e-08)
  Iteration 10 (of 50).   Current convergence value = 0.000382997 (threshold = 1e-08)
  Iteration 11 (of 50).   Current convergence value = 0.000375909 (threshold = 1e-08)
  Iteration 12 (of 50).   Current convergence value = 0.00036897 (threshold = 1e-08)
  Iteration 13 (of 50).   Current convergence value = 0.000362735 (threshold = 1e-08)
  Iteration 14 (of 50).   Current convergence value = 0.000356277 (threshold = 1e-08)
  Iteration 15 (of 50).   Current convergence value = 0.00035022 (threshold = 1e-08)
  Iteration 16 (of 50).   Current convergence value = 0.000344008 (threshold = 1e-08)
  Iteration 17 (of 50).   Current convergence value = 0.00033836 (threshold = 1e-08)
  Iteration 18 (of 50).   Current convergence value = 0.000332879 (threshold = 1e-08)
  Iteration 19 (of 50).   Current convergence value = 0.000327408 (threshold = 1e-08)
  Iteration 20 (of 50).   Current convergence value = 0.000322385 (threshold = 1e-08)
  Iteration 21 (of 50).   Current convergence value = 0.0003183 (threshold = 1e-08)
  Iteration 22 (of 50).   Current convergence value = 0.000313985 (threshold = 1e-08)
  Iteration 23 (of 50).   Current convergence value = 0.00031054 (threshold = 1e-08)
  Iteration 24 (of 50).   Current convergence value = 0.000306426 (threshold = 1e-08)
  Iteration 25 (of 50).   Current convergence value = 0.000303392 (threshold = 1e-08)
  Iteration 26 (of 50).   Current convergence value = 0.000299716 (threshold = 1e-08)
  Iteration 27 (of 50).   Current convergence value = 0.000296303 (threshold = 1e-08)
  Iteration 28 (of 50).   Current convergence value = 0.000292796 (threshold = 1e-08)
  Iteration 29 (of 50).   Current convergence value = 0.000289918 (threshold = 1e-08)
  Iteration 30 (of 50).   Current convergence value = 0.000286365 (threshold = 1e-08)
  Iteration 31 (of 50).   Current convergence value = 0.000283223 (threshold = 1e-08)
  Iteration 32 (of 50).   Current convergence value = 0.000280381 (threshold = 1e-08)
  Iteration 33 (of 50).   Current convergence value = 0.000277272 (threshold = 1e-08)
  Iteration 34 (of 50).   Current convergence value = 0.000274363 (threshold = 1e-08)
  Iteration 35 (of 50).   Current convergence value = 0.000271396 (threshold = 1e-08)
  Iteration 36 (of 50).   Current convergence value = 0.00026858 (threshold = 1e-08)
  Iteration 37 (of 50).   Current convergence value = 0.000265841 (threshold = 1e-08)
  Iteration 38 (of 50).   Current convergence value = 0.000263241 (threshold = 1e-08)
  Iteration 39 (of 50).   Current convergence value = 0.000260377 (threshold = 1e-08)
  Iteration 40 (of 50).   Current convergence value = 0.000257788 (threshold = 1e-08)
  Iteration 41 (of 50).   Current convergence value = 0.000255202 (threshold = 1e-08)
  Iteration 42 (of 50).   Current convergence value = 0.000253113 (threshold = 1e-08)
  Iteration 43 (of 50).   Current convergence value = 0.000250807 (threshold = 1e-08)
  Iteration 44 (of 50).   Current convergence value = 0.000248555 (threshold = 1e-08)
  Iteration 45 (of 50).   Current convergence value = 0.000246422 (threshold = 1e-08)
  Iteration 46 (of 50).   Current convergence value = 0.000244365 (threshold = 1e-08)
  Iteration 47 (of 50).   Current convergence value = 0.000242182 (threshold = 1e-08)
  Iteration 48 (of 50).   Current convergence value = 0.000240255 (threshold = 1e-08)
  Iteration 49 (of 50).   Current convergence value = 0.000238216 (threshold = 1e-08)
  Iteration 50 (of 50).   Current convergence value = 0.000236117 (threshold = 1e-08)
Current level = 3
  Iteration 1 (of 40).   Current convergence value = 0.0013184 (threshold = 1e-08)
  Iteration 2 (of 40).   Current convergence value = 0.00126544 (threshold = 1e-08)
  Iteration 3 (of 40).   Current convergence value = 0.00125363 (threshold = 1e-08)
  Iteration 4 (of 40).   Current convergence value = 0.00123922 (threshold = 1e-08)
  Iteration 5 (of 40).   Current convergence value = 0.00124735 (threshold = 1e-08)
  Iteration 6 (of 40).   Current convergence value = 0.00125038 (threshold = 1e-08)
  Iteration 7 (of 40).   Current convergence value = 0.00124861 (threshold = 1e-08)
  Iteration 8 (of 40).   Current convergence value = 0.0012454 (threshold = 1e-08)
  Iteration 9 (of 40).   Current convergence value = 0.00124149 (threshold = 1e-08)
  Iteration 10 (of 40).   Current convergence value = 0.00122503 (threshold = 1e-08)
  Iteration 11 (of 40).   Current convergence value = 0.00120488 (threshold = 1e-08)
  Iteration 12 (of 40).   Current convergence value = 0.00118375 (threshold = 1e-08)
  Iteration 13 (of 40).   Current convergence value = 0.00116142 (threshold = 1e-08)
  Iteration 14 (of 40).   Current convergence value = 0.00113781 (threshold = 1e-08)
  Iteration 15 (of 40).   Current convergence value = 0.00111585 (threshold = 1e-08)
  Iteration 16 (of 40).   Current convergence value = 0.00108209 (threshold = 1e-08)
  Iteration 17 (of 40).   Current convergence value = 0.00105261 (threshold = 1e-08)
  Iteration 18 (of 40).   Current convergence value = 0.00102817 (threshold = 1e-08)
  Iteration 19 (of 40).   Current convergence value = 0.00100776 (threshold = 1e-08)
  Iteration 20 (of 40).   Current convergence value = 0.000990159 (threshold = 1e-08)
  Iteration 21 (of 40).   Current convergence value = 0.00097534 (threshold = 1e-08)
  Iteration 22 (of 40).   Current convergence value = 0.000962012 (threshold = 1e-08)
  Iteration 23 (of 40).   Current convergence value = 0.000942476 (threshold = 1e-08)
  Iteration 24 (of 40).   Current convergence value = 0.000914518 (threshold = 1e-08)
  Iteration 25 (of 40).   Current convergence value = 0.00088636 (threshold = 1e-08)
  Iteration 26 (of 40).   Current convergence value = 0.000842121 (threshold = 1e-08)
  Iteration 27 (of 40).   Current convergence value = 0.000757829 (threshold = 1e-08)
  Iteration 28 (of 40).   Current convergence value = 0.000677072 (threshold = 1e-08)
  Iteration 29 (of 40).   Current convergence value = 0.000610283 (threshold = 1e-08)
  Iteration 30 (of 40).   Current convergence value = 0.000556755 (threshold = 1e-08)
  Iteration 31 (of 40).   Current convergence value = 0.000511197 (threshold = 1e-08)
  Iteration 32 (of 40).   Current convergence value = 0.000472846 (threshold = 1e-08)
  Iteration 33 (of 40).   Current convergence value = 0.000440325 (threshold = 1e-08)
  Iteration 34 (of 40).   Current convergence value = 0.000412564 (threshold = 1e-08)
  Iteration 35 (of 40).   Current convergence value = 0.000389247 (threshold = 1e-08)
  Iteration 36 (of 40).   Current convergence value = 0.000368128 (threshold = 1e-08)
  Iteration 37 (of 40).   Current convergence value = 0.00034971 (threshold = 1e-08)
  Iteration 38 (of 40).   Current convergence value = 0.000333496 (threshold = 1e-08)
  Iteration 39 (of 40).   Current convergence value = 0.000319103 (threshold = 1e-08)
  Iteration 40 (of 40).   Current convergence value = 0.000306206 (threshold = 1e-08)
Current level = 4
  Iteration 1 (of 30).   Current convergence value = 0.00168717 (threshold = 1e-08)
  Iteration 2 (of 30).   Current convergence value = 0.00164703 (threshold = 1e-08)
  Iteration 3 (of 30).   Current convergence value = 0.00172053 (threshold = 1e-08)
  Iteration 4 (of 30).   Current convergence value = 0.00179108 (threshold = 1e-08)
  Iteration 5 (of 30).   Current convergence value = 0.00185175 (threshold = 1e-08)
  Iteration 6 (of 30).   Current convergence value = 0.00181792 (threshold = 1e-08)
  Iteration 7 (of 30).   Current convergence value = 0.00176145 (threshold = 1e-08)
  Iteration 8 (of 30).   Current convergence value = 0.00170909 (threshold = 1e-08)
  Iteration 9 (of 30).   Current convergence value = 0.00166339 (threshold = 1e-08)
  Iteration 10 (of 30).   Current convergence value = 0.0016254 (threshold = 1e-08)
  Iteration 11 (of 30).   Current convergence value = 0.00159889 (threshold = 1e-08)
  Iteration 12 (of 30).   Current convergence value = 0.00157253 (threshold = 1e-08)
  Iteration 13 (of 30).   Current convergence value = 0.00154036 (threshold = 1e-08)
  Iteration 14 (of 30).   Current convergence value = 0.0015031 (threshold = 1e-08)
  Iteration 15 (of 30).   Current convergence value = 0.00146378 (threshold = 1e-08)
  Iteration 16 (of 30).   Current convergence value = 0.00143358 (threshold = 1e-08)
  Iteration 17 (of 30).   Current convergence value = 0.00139739 (threshold = 1e-08)
  Iteration 18 (of 30).   Current convergence value = 0.00136209 (threshold = 1e-08)
  Iteration 19 (of 30).   Current convergence value = 0.00132407 (threshold = 1e-08)
  Iteration 20 (of 30).   Current convergence value = 0.00128501 (threshold = 1e-08)
  Iteration 21 (of 30).   Current convergence value = 0.00124488 (threshold = 1e-08)
  Iteration 22 (of 30).   Current convergence value = 0.00110033 (threshold = 1e-08)
  Iteration 23 (of 30).   Current convergence value = 0.00097034 (threshold = 1e-08)
  Iteration 24 (of 30).   Current convergence value = 0.000865505 (threshold = 1e-08)
  Iteration 25 (of 30).   Current convergence value = 0.000791976 (threshold = 1e-08)
  Iteration 26 (of 30).   Current convergence value = 0.0007016 (threshold = 1e-08)
  Iteration 27 (of 30).   Current convergence value = 0.000661525 (threshold = 1e-08)
  Iteration 28 (of 30).   Current convergence value = 0.0006753 (threshold = 1e-08)
  Iteration 29 (of 30).   Current convergence value = 0.000721059 (threshold = 1e-08)
  Iteration 30 (of 30).   Current convergence value = 0.0007701 (threshold = 1e-08)
   N4BiasFieldCorrectionImageFilter (0x55562697be20)
     RTTI typeinfo:   itk::N4BiasFieldCorrectionImageFilter<itk::Image<float, 3u>, itk::Image<float, 3u>, itk::Image<float, 3u> >
     Reference Count: 1
     Modified Time: 579
     Debug: Off
     Object Name: 
     Observers: 
       IterationEvent(Command)
     Inputs: 
       ConfidenceImage: (0)
       MaskImage: (0x5556269a65f0)
       Primary: (0x5556269a1ac0) *
     Indexed Inputs: 
       0: Primary (0x5556269a1ac0)
       1: MaskImage (0x5556269a65f0)
       2: ConfidenceImage (0)
     Required Input Names: Primary
     NumberOfRequiredInputs: 1
     Outputs: 
       Primary: (0x55562698bef0)
     Indexed Outputs: 
       0: Primary (0x55562698bef0)
     NumberOfRequiredOutputs: 1
     Number Of Work Units: 32
     ReleaseDataFlag: Off
     ReleaseDataBeforeUpdateFlag: Off
     AbortGenerateData: Off
     Progress: 0
     Multithreader: 
       RTTI typeinfo:   itk::PoolMultiThreader
       Reference Count: 1
       Modified Time: 144
       Debug: Off
       Object Name: 
       Observers: 
         none
       Number of Work Units: 32
       Number of Threads: 8
       Global Maximum Number Of Threads: 128
       Global Default Number Of Threads: 8
       Global Default Threader Type: itk::MultiThreaderBaseEnums::Threader::Pool
       SingleMethod: 0
       SingleData: 0
     DynamicMultiThreading: On
     CoordinateTolerance: 1e-06
     DirectionTolerance: 1e-06
     Use Mask Label: 0
     Mask label: 1
     Number of histogram bins: 200
     Wiener filter noise: 0.01
     Bias field FWHM: 0.15
     Maximum number of iterations: [50, 50, 40, 30]
     Convergence threshold: 1e-08
     Spline order: 3
     Number of fitting levels: [4, 4, 4]
     Number of control points: [4, 5, 5]
     CurrentConvergenceMeasurement: 0.0007701
     CurrentLevel: 4
     ElapsedIterations: 31
     LogBiasFieldControlPointLattice: 
       Image (0x5556319d7590)
         RTTI typeinfo:   itk::Image<itk::Vector<float, 1u>, 3u>
         Reference Count: 1
         Modified Time: 343574
         Debug: Off
         Object Name: 
         Observers: 
           none
         Source: (none)
         Source output name: (none)
         Release Data: Off
         Data Released: False
         Global Release Data: Off
         PipelineMTime: 0
         UpdateMTime: 0
         RealTimeStamp: 0 seconds 
         LargestPossibleRegion: 
           Dimension: 3
           Index: [0, 0, 0]
           Size: [11, 19, 19]
         BufferedRegion: 
           Dimension: 3
           Index: [0, 0, 0]
           Size: [11, 19, 19]
         RequestedRegion: 
           Dimension: 3
           Index: [0, 0, 0]
           Size: [11, 19, 19]
         Spacing: [24.756, 24.875, 24.875]
         Origin: [25.3657, 22.4199, -26.5391]
         Direction: 
-0.999761 -0.00311297 -0.0216341
0.001082 -0.995641 0.0932629
-0.0218301 0.0932172 0.995406

         IndexToPointMatrix: 
-24.7501 -0.0774351 -0.538149
0.026786 -24.7666 2.31992
-0.540427 2.31878 24.7607

         PointToIndexMatrix: 
-0.0403846 4.37065e-05 -0.000881812
-0.000125145 -0.0400258 0.00374743
-0.000869713 0.00374926 0.0400163

         Inverse Direction: 
-0.999761 0.001082 -0.0218301
-0.00311297 -0.995641 0.0932173
-0.0216341 0.0932629 0.995406

         PixelContainer: 
           ImportImageContainer (0x5556319d3a20)
             RTTI typeinfo:   itk::ImportImageContainer<unsigned long, itk::Vector<float, 1u> >
             Reference Count: 1
             Modified Time: 343575
             Debug: Off
             Object Name: 
             Observers: 
               none
             Pointer: 0x555630b179d0
             Container manages memory: true
             Size: 3971
             Capacity: 3971
Elapsed time: 281.742
All_Command_lines_OK
Using single precision for computations.
=============================================================================
The composite transform comprises the following transforms (in order): 
  1. Center of mass alignment using fixed image: /home/mpib/nemecz/Projects/miniTRK/Results/01_MRI/GroupTempl/T1w/T_template0.nii.gz and moving image: /home/mpib/nemecz/Projects/miniTRK/Analysis/01_MRI/Preproc/GroupTempl/T1w/sub-275592_T1w.nii.gz (type = Euler3DTransform)
=============================================================================
  number of levels = 4
  number of levels = 4
  number of levels = 4
  fixed image: /home/mpib/nemecz/Projects/miniTRK/Results/01_MRI/GroupTempl/T1w/T_template0.nii.gz
  moving image: /home/mpib/nemecz/Projects/miniTRK/Results/01_MRI/GroupTempl/T1w/T_template0sub-275592_T1wRepaired.nii.gz
  fixed image: /home/mpib/nemecz/Projects/miniTRK/Results/01_MRI/GroupTempl/T1w/T_template0.nii.gz
  moving image: /home/mpib/nemecz/Projects/miniTRK/Results/01_MRI/GroupTempl/T1w/T_template0sub-275592_T1wRepaired.nii.gz
  fixed image: /home/mpib/nemecz/Projects/miniTRK/Results/01_MRI/GroupTempl/T1w/T_template0.nii.gz
  moving image: /home/mpib/nemecz/Projects/miniTRK/Results/01_MRI/GroupTempl/T1w/T_template0sub-275592_T1wRepaired.nii.gz
Dimension = 3
Number of stages = 3
Use Histogram Matching true
Winsorize image intensities true
Lower quantile = 0.01
Upper quantile = 0.99
Stage 1 State
   Image metric = Mattes
     Fixed image = Image (0x564b9fbcbad0)
  RTTI typeinfo:   itk::Image<float, 3u>
  Reference Count: 2
  Modified Time: 1725
  Debug: Off
  Object Name: 
  Observers: 
    none
  Source: (none)
  Source output name: (none)
  Release Data: Off
  Data Released: False
  Global Release Data: Off
  PipelineMTime: 0
  UpdateMTime: 1508
  RealTimeStamp: 0 seconds 
  LargestPossibleRegion: 
    Dimension: 3
    Index: [0, 0, 0]
    Size: [192, 256, 256]
  BufferedRegion: 
    Dimension: 3
    Index: [0, 0, 0]
    Size: [192, 256, 256]
  RequestedRegion: 
    Dimension: 3
    Index: [0, 0, 0]
    Size: [192, 256, 256]
  Spacing: [1, 1, 1]
  Origin: [95.0313, 100.538, -154.123]
  Direction: 
-0.999853 -0.014134 -0.00966312
0.014129 -0.9999 0.000586045
-0.00967044 0.000449429 0.999953

  IndexToPointMatrix: 
-0.999853 -0.014134 -0.00966312
0.014129 -0.9999 0.000586045
-0.00967044 0.000449429 0.999953

  PointToIndexMatrix: 
-0.999853 0.014129 -0.00967044
-0.014134 -0.9999 0.000449429
-0.00966312 0.000586045 0.999953

  Inverse Direction: 
-0.999853 0.014129 -0.00967044
-0.014134 -0.9999 0.000449429
-0.00966312 0.000586045 0.999953

  PixelContainer: 
    ImportImageContainer (0x564b9fbd3c80)
      RTTI typeinfo:   itk::ImportImageContainer<unsigned long, float>
      Reference Count: 1
      Modified Time: 1505
      Debug: Off
      Object Name: 
      Observers: 
        none
      Pointer: 0x7f5a6a816010
      Container manages memory: true
      Size: 12582912
      Capacity: 12582912

     Moving image = Image (0x564b9fbccb40)
  RTTI typeinfo:   itk::Image<float, 3u>
  Reference Count: 2
  Modified Time: 1726
  Debug: Off
  Object Name: 
  Observers: 
    none
  Source: (none)
  Source output name: (none)
  Release Data: Off
  Data Released: False
  Global Release Data: Off
  PipelineMTime: 0
  UpdateMTime: 1723
  RealTimeStamp: 0 seconds 
  LargestPossibleRegion: 
    Dimension: 3
    Index: [0, 0, 0]
    Size: [192, 256, 256]
  BufferedRegion: 
    Dimension: 3
    Index: [0, 0, 0]
    Size: [192, 256, 256]
  RequestedRegion: 
    Dimension: 3
    Index: [0, 0, 0]
    Size: [192, 256, 256]
  Spacing: [1.00024, 1, 1]
  Origin: [96.0152, 94.7497, -169.062]
  Direction: 
-0.999761 -0.00311297 -0.0216341
0.001082 -0.995641 0.0932629
-0.0218301 0.0932172 0.995406

  IndexToPointMatrix: 
-1 -0.00311297 -0.0216341
0.00108226 -0.995641 0.0932629
-0.0218354 0.0932172 0.995406

  PointToIndexMatrix: 
-0.999519 0.00108174 -0.0218248
-0.00311297 -0.995641 0.0932172
-0.0216341 0.0932629 0.995406

  Inverse Direction: 
-0.999761 0.001082 -0.0218301
-0.00311297 -0.995641 0.0932172
-0.0216341 0.0932629 0.995406

  PixelContainer: 
    ImportImageContainer (0x564b9fbcf610)
      RTTI typeinfo:   itk::ImportImageContainer<unsigned long, float>
      Reference Count: 1
      Modified Time: 1720
      Debug: Off
      Object Name: 
      Observers: 
        none
      Pointer: 0x7f5a67815010
      Container manages memory: true
      Size: 12582912
      Capacity: 12582912

     Weighting = 1
     Sampling strategy = regular
     Number of bins = 32
     Radius = 4
     Sampling percentage  = 0.25
   Transform = Rigid
     Gradient step = 0.1
     Update field sigma (voxel space) = 0
     Total field sigma (voxel space) = 0
     Update field time sigma = 0
     Total field time sigma  = 0
     Number of time indices = 0
     Number of time point samples = 0
Stage 2 State
   Image metric = Mattes
     Fixed image = Image (0x564b9fbe48a0)
  RTTI typeinfo:   itk::Image<float, 3u>
  Reference Count: 2
  Modified Time: 2155
  Debug: Off
  Object Name: 
  Observers: 
    none
  Source: (none)
  Source output name: (none)
  Release Data: Off
  Data Released: False
  Global Release Data: Off
  PipelineMTime: 0
  UpdateMTime: 1938
  RealTimeStamp: 0 seconds 
  LargestPossibleRegion: 
    Dimension: 3
    Index: [0, 0, 0]
    Size: [192, 256, 256]
  BufferedRegion: 
    Dimension: 3
    Index: [0, 0, 0]
    Size: [192, 256, 256]
  RequestedRegion: 
    Dimension: 3
    Index: [0, 0, 0]
    Size: [192, 256, 256]
  Spacing: [1, 1, 1]
  Origin: [95.0313, 100.538, -154.123]
  Direction: 
-0.999853 -0.014134 -0.00966312
0.014129 -0.9999 0.000586045
-0.00967044 0.000449429 0.999953

  IndexToPointMatrix: 
-0.999853 -0.014134 -0.00966312
0.014129 -0.9999 0.000586045
-0.00967044 0.000449429 0.999953

  PointToIndexMatrix: 
-0.999853 0.014129 -0.00967044
-0.014134 -0.9999 0.000449429
-0.00966312 0.000586045 0.999953

  Inverse Direction: 
-0.999853 0.014129 -0.00967044
-0.014134 -0.9999 0.000449429
-0.00966312 0.000586045 0.999953

  PixelContainer: 
    ImportImageContainer (0x564b9fbd46a0)
      RTTI typeinfo:   itk::ImportImageContainer<unsigned long, float>
      Reference Count: 1
      Modified Time: 1935
      Debug: Off
      Object Name: 
      Observers: 
        none
      Pointer: 0x7f5a64814010
      Container manages memory: true
      Size: 12582912
      Capacity: 12582912

     Moving image = Image (0x564b9fbe44d0)
  RTTI typeinfo:   itk::Image<float, 3u>
  Reference Count: 2
  Modified Time: 2156
  Debug: Off
  Object Name: 
  Observers: 
    none
  Source: (none)
  Source output name: (none)
  Release Data: Off
  Data Released: False
  Global Release Data: Off
  PipelineMTime: 0
  UpdateMTime: 2153
  RealTimeStamp: 0 seconds 
  LargestPossibleRegion: 
    Dimension: 3
    Index: [0, 0, 0]
    Size: [192, 256, 256]
  BufferedRegion: 
    Dimension: 3
    Index: [0, 0, 0]
    Size: [192, 256, 256]
  RequestedRegion: 
    Dimension: 3
    Index: [0, 0, 0]
    Size: [192, 256, 256]
  Spacing: [1.00024, 1, 1]
  Origin: [96.0152, 94.7497, -169.062]
  Direction: 
-0.999761 -0.00311297 -0.0216341
0.001082 -0.995641 0.0932629
-0.0218301 0.0932172 0.995406

  IndexToPointMatrix: 
-1 -0.00311297 -0.0216341
0.00108226 -0.995641 0.0932629
-0.0218354 0.0932172 0.995406

  PointToIndexMatrix: 
-0.999519 0.00108174 -0.0218248
-0.00311297 -0.995641 0.0932172
-0.0216341 0.0932629 0.995406

  Inverse Direction: 
-0.999761 0.001082 -0.0218301
-0.00311297 -0.995641 0.0932172
-0.0216341 0.0932629 0.995406

  PixelContainer: 
    ImportImageContainer (0x564b9fbe62b0)
      RTTI typeinfo:   itk::ImportImageContainer<unsigned long, float>
      Reference Count: 1
      Modified Time: 2150
      Debug: Off
      Object Name: 
      Observers: 
        none
      Pointer: 0x7f5a61813010
      Container manages memory: true
      Size: 12582912
      Capacity: 12582912

     Weighting = 1
     Sampling strategy = regular
     Number of bins = 32
     Radius = 4
     Sampling percentage  = 0.25
   Transform = Affine
     Gradient step = 0.1
     Update field sigma (voxel space) = 0
     Total field sigma (voxel space) = 0
     Update field time sigma = 0
     Total field time sigma  = 0
     Number of time indices = 0
     Number of time point samples = 0
Stage 3 State
   Image metric = CC
     Fixed image = Image (0x564b9fbeba10)
  RTTI typeinfo:   itk::Image<float, 3u>
  Reference Count: 2
  Modified Time: 2585
  Debug: Off
  Object Name: 
  Observers: 
    none
  Source: (none)
  Source output name: (none)
  Release Data: Off
  Data Released: False
  Global Release Data: Off
  PipelineMTime: 0
  UpdateMTime: 2368
  RealTimeStamp: 0 seconds 
  LargestPossibleRegion: 
    Dimension: 3
    Index: [0, 0, 0]
    Size: [192, 256, 256]
  BufferedRegion: 
    Dimension: 3
    Index: [0, 0, 0]
    Size: [192, 256, 256]
  RequestedRegion: 
    Dimension: 3
    Index: [0, 0, 0]
    Size: [192, 256, 256]
  Spacing: [1, 1, 1]
  Origin: [95.0313, 100.538, -154.123]
  Direction: 
-0.999853 -0.014134 -0.00966312
0.014129 -0.9999 0.000586045
-0.00967044 0.000449429 0.999953

  IndexToPointMatrix: 
-0.999853 -0.014134 -0.00966312
0.014129 -0.9999 0.000586045
-0.00967044 0.000449429 0.999953

  PointToIndexMatrix: 
-0.999853 0.014129 -0.00967044
-0.014134 -0.9999 0.000449429
-0.00966312 0.000586045 0.999953

  Inverse Direction: 
-0.999853 0.014129 -0.00967044
-0.014134 -0.9999 0.000449429
-0.00966312 0.000586045 0.999953

  PixelContainer: 
    ImportImageContainer (0x564b9fa40bf0)
      RTTI typeinfo:   itk::ImportImageContainer<unsigned long, float>
      Reference Count: 1
      Modified Time: 2365
      Debug: Off
      Object Name: 
      Observers: 
        none
      Pointer: 0x7f5a5e812010
      Container manages memory: true
      Size: 12582912
      Capacity: 12582912

     Moving image = Image (0x564b9fbe3880)
  RTTI typeinfo:   itk::Image<float, 3u>
  Reference Count: 2
  Modified Time: 2586
  Debug: Off
  Object Name: 
  Observers: 
    none
  Source: (none)
  Source output name: (none)
  Release Data: Off
  Data Released: False
  Global Release Data: Off
  PipelineMTime: 0
  UpdateMTime: 2583
  RealTimeStamp: 0 seconds 
  LargestPossibleRegion: 
    Dimension: 3
    Index: [0, 0, 0]
    Size: [192, 256, 256]
  BufferedRegion: 
    Dimension: 3
    Index: [0, 0, 0]
    Size: [192, 256, 256]
  RequestedRegion: 
    Dimension: 3
    Index: [0, 0, 0]
    Size: [192, 256, 256]
  Spacing: [1.00024, 1, 1]
  Origin: [96.0152, 94.7497, -169.062]
  Direction: 
-0.999761 -0.00311297 -0.0216341
0.001082 -0.995641 0.0932629
-0.0218301 0.0932172 0.995406

  IndexToPointMatrix: 
-1 -0.00311297 -0.0216341
0.00108226 -0.995641 0.0932629
-0.0218354 0.0932172 0.995406

  PointToIndexMatrix: 
-0.999519 0.00108174 -0.0218248
-0.00311297 -0.995641 0.0932172
-0.0216341 0.0932629 0.995406

  Inverse Direction: 
-0.999761 0.001082 -0.0218301
-0.00311297 -0.995641 0.0932172
-0.0216341 0.0932629 0.995406

  PixelContainer: 
    ImportImageContainer (0x564b9fbea8d0)
      RTTI typeinfo:   itk::ImportImageContainer<unsigned long, float>
      Reference Count: 1
      Modified Time: 2580
      Debug: Off
      Object Name: 
      Observers: 
        none
      Pointer: 0x7f5a5b811010
      Container manages memory: true
      Size: 12582912
      Capacity: 12582912

     Weighting = 1
     Sampling strategy = none
     Number of bins = 32
     Radius = 4
     Sampling percentage  = 1
   Transform = SyN
     Gradient step = 0.1
     Update field sigma (voxel space) = 3
     Total field sigma (voxel space) = 0
     Update field time sigma = 0
     Total field time sigma  = 0
     Number of time indices = 0
     Number of time point samples = 0
Registration using 3 total stages.

Stage 0
  iterations = 1000x500x250x0
  convergence threshold = 1e-06
  convergence window size = 10
  number of levels = 4
  using the Mattes MI metric (number of bins = 32, weight = 1)
  preprocessing:  winsorizing the image intensities
  preprocessing:  histogram matching the images
  Shrink factors (level 1 out of 4): [6, 6, 6]
  Shrink factors (level 2 out of 4): [4, 4, 4]
  Shrink factors (level 3 out of 4): [2, 2, 2]
  Shrink factors (level 4 out of 4): [1, 1, 1]
  smoothing sigmas per level: [4, 2, 1, 0]
  regular sampling (percentage = 0.25)

*** Running Euler3DTransform registration ***

DIAGNOSTIC,Iteration,metricValue,convergenceValue,ITERATION_TIME_INDEX,SINCE_LAST
 2DIAGNOSTIC,     1, -8.350093364716e-01, inf, 9.4494e-01, 9.4494e-01, 
 2DIAGNOSTIC,     2, -8.363621234894e-01, inf, 9.6491e-01, 1.9965e-02, 
 2DIAGNOSTIC,     3, -8.383717536926e-01, inf, 9.8227e-01, 1.7365e-02, 
 2DIAGNOSTIC,     4, -8.413047790527e-01, inf, 9.9987e-01, 1.7592e-02, 
 2DIAGNOSTIC,     5, -8.449227809906e-01, inf, 1.0177e+00, 1.7789e-02, 
 2DIAGNOSTIC,     6, -8.490540385246e-01, inf, 1.0344e+00, 1.6730e-02, 
 2DIAGNOSTIC,     7, -8.536127805710e-01, inf, 1.0504e+00, 1.5992e-02, 
 2DIAGNOSTIC,     8, -8.605791926384e-01, inf, 1.0681e+00, 1.7745e-02, 
 2DIAGNOSTIC,     9, -8.687152266502e-01, inf, 1.0842e+00, 1.6103e-02, 
 2DIAGNOSTIC,    10, -8.759018778801e-01, 3.050429746509e-03, 1.1176e+00, 3.3410e-02, 
 2DIAGNOSTIC,    11, -8.778268098831e-01, 3.079539863393e-03, 1.1344e+00, 1.6794e-02, 
 2DIAGNOSTIC,    12, -8.791167140007e-01, 2.903599757701e-03, 1.1512e+00, 1.6800e-02, 
 2DIAGNOSTIC,    13, -8.808907866478e-01, 2.589297248051e-03, 1.1739e+00, 2.2715e-02, 
 2DIAGNOSTIC,    14, -8.816524744034e-01, 2.169657731429e-03, 1.1900e+00, 1.6037e-02, 
 2DIAGNOSTIC,    15, -8.822495937347e-01, 1.700648805127e-03, 1.2060e+00, 1.5984e-02, 
 2DIAGNOSTIC,    16, -8.828849196434e-01, 1.235230709426e-03, 1.2209e+00, 1.4904e-02, 
 2DIAGNOSTIC,    17, -8.837497234344e-01, 8.171143126674e-04, 1.2354e+00, 1.4575e-02, 
 2DIAGNOSTIC,    18, -8.848155736923e-01, 5.150829092599e-04, 1.2616e+00, 2.6194e-02, 
 2DIAGNOSTIC,    19, -8.852781653404e-01, 3.433368692640e-04, 1.2812e+00, 1.9516e-02, 
 2DIAGNOSTIC,    20, -8.853197693825e-01, 2.757874026429e-04, 1.2992e+00, 1.8004e-02, 
 2DIAGNOSTIC,    21, -8.853051066399e-01, 2.191377134295e-04, 1.3137e+00, 1.4561e-02, 
 2DIAGNOSTIC,    22, -8.852671980858e-01, 1.654128136579e-04, 1.3286e+00, 1.4911e-02, 
 2DIAGNOSTIC,    23, -8.852642774582e-01, 1.259474811377e-04, 1.3456e+00, 1.6998e-02, 
 2DIAGNOSTIC,    24, -8.852795958519e-01, 8.863929542713e-05, 1.3622e+00, 1.6528e-02, 
 2DIAGNOSTIC,    25, -8.852676749229e-01, 5.390220030677e-05, 1.3769e+00, 1.4732e-02, 
 2DIAGNOSTIC,    26, -8.852649927139e-01, 2.483290700184e-05, 1.3917e+00, 1.4851e-02, 
 2DIAGNOSTIC,    27, -8.854438662529e-01, 8.056907063292e-06, 1.4059e+00, 1.4148e-02, 
 2DIAGNOSTIC,    28, -8.855578303337e-01, 5.375904947869e-06, 1.4224e+00, 1.6478e-02, 
 2DIAGNOSTIC,    29, -8.856654167175e-01, 8.852703103912e-06, 1.4372e+00, 1.4863e-02, 
 2DIAGNOSTIC,    30, -8.858137726784e-01, 1.343871917925e-05, 1.4566e+00, 1.9385e-02, 
 2DIAGNOSTIC,    31, -8.858895897865e-01, 1.719303145364e-05, 1.4733e+00, 1.6713e-02, 
 2DIAGNOSTIC,    32, -8.859617114067e-01, 1.950707519427e-05, 1.4881e+00, 1.4784e-02, 
 2DIAGNOSTIC,    33, -8.860769271851e-01, 2.100833262375e-05, 1.5078e+00, 1.9663e-02, 
 2DIAGNOSTIC,    34, -8.860666155815e-01, 2.055971162918e-05, 1.5243e+00, 1.6531e-02, 
 2DIAGNOSTIC,    35, -8.860703110695e-01, 1.823280217650e-05, 1.5413e+00, 1.6946e-02, 
 2DIAGNOSTIC,    36, -8.860742449760e-01, 1.438014260202e-05, 1.5566e+00, 1.5381e-02, 
 2DIAGNOSTIC,    37, -8.861339688301e-01, 1.153416724264e-05, 1.5715e+00, 1.4903e-02, 
 2DIAGNOSTIC,    38, -8.861694335938e-01, 9.068203326024e-06, 1.5864e+00, 1.4847e-02, 
 2DIAGNOSTIC,    39, -8.862053155899e-01, 7.118480880308e-06, 1.6034e+00, 1.7010e-02, 
 2DIAGNOSTIC,    40, -8.862103819847e-01, 5.919072918914e-06, 1.6287e+00, 2.5326e-02, 
 2DIAGNOSTIC,    41, -8.862112164497e-01, 4.894954145129e-06, 1.6480e+00, 1.9302e-02, 
 2DIAGNOSTIC,    42, -8.862113356590e-01, 4.055335466546e-06, 1.6647e+00, 1.6639e-02, 
 2DIAGNOSTIC,    43, -8.861837983131e-01, 3.598454895837e-06, 1.6813e+00, 1.6610e-02, 
 2DIAGNOSTIC,    44, -8.861839771271e-01, 2.822560645654e-06, 1.6988e+00, 1.7493e-02, 
 2DIAGNOSTIC,    45, -8.861841559410e-01, 1.913879714266e-06, 1.7157e+00, 1.6909e-02, 
DIAGNOSTIC,Iteration,metricValue,convergenceValue,ITERATION_TIME_INDEX,SINCE_LAST
 2DIAGNOSTIC,     1, -6.473216414452e-01, inf, 2.6987e+00, 9.8306e-01, 
 2DIAGNOSTIC,     2, -6.478672027588e-01, inf, 2.7528e+00, 5.4038e-02, 
 2DIAGNOSTIC,     3, -6.485035419464e-01, inf, 2.8056e+00, 5.2872e-02, 
 2DIAGNOSTIC,     4, -6.492716670036e-01, inf, 2.8542e+00, 4.8576e-02, 
 2DIAGNOSTIC,     5, -6.500841379166e-01, inf, 2.9019e+00, 4.7709e-02, 
 2DIAGNOSTIC,     6, -6.504997014999e-01, inf, 2.9696e+00, 6.7676e-02, 
 2DIAGNOSTIC,     7, -6.505074501038e-01, inf, 3.0384e+00, 6.8760e-02, 
 2DIAGNOSTIC,     8, -6.505042910576e-01, inf, 3.0990e+00, 6.0657e-02, 
 2DIAGNOSTIC,     9, -6.505022644997e-01, inf, 3.1533e+00, 5.4261e-02, 
 2DIAGNOSTIC,    10, -6.504933834076e-01, 3.323955461383e-04, 3.2072e+00, 5.3905e-02, 
 2DIAGNOSTIC,    11, -6.504912376404e-01, 2.186085184803e-04, 3.2549e+00, 4.7702e-02, 
 2DIAGNOSTIC,    12, -6.504905819893e-01, 1.244241429958e-04, 3.3161e+00, 6.1216e-02, 
 2DIAGNOSTIC,    13, -6.504912376404e-01, 5.499687176780e-05, 3.3784e+00, 6.2317e-02, 
 2DIAGNOSTIC,    14, -6.504917144775e-01, 1.417012117599e-05, 3.4321e+00, 5.3636e-02, 
DIAGNOSTIC,Iteration,metricValue,convergenceValue,ITERATION_TIME_INDEX,SINCE_LAST
 2DIAGNOSTIC,     1, -5.697741508484e-01, inf, 4.7993e+00, 1.3673e+00, 
 2DIAGNOSTIC,     2, -5.701265335083e-01, inf, 5.1026e+00, 3.0323e-01, 
 2DIAGNOSTIC,     3, -5.704905390739e-01, inf, 5.4061e+00, 3.0358e-01, 
 2DIAGNOSTIC,     4, -5.707854032516e-01, inf, 5.7113e+00, 3.0516e-01, 
 2DIAGNOSTIC,     5, -5.709371566772e-01, inf, 6.1927e+00, 4.8135e-01, 
 2DIAGNOSTIC,     6, -5.709382891655e-01, inf, 6.7184e+00, 5.2577e-01, 
 2DIAGNOSTIC,     7, -5.709366798401e-01, inf, 7.0688e+00, 3.5036e-01, 
 2DIAGNOSTIC,     8, -5.709362030029e-01, inf, 7.4173e+00, 3.4846e-01, 
 2DIAGNOSTIC,     9, -5.709348917007e-01, inf, 7.9881e+00, 5.7089e-01, 
 2DIAGNOSTIC,    10, -5.709351897240e-01, 1.152829063358e-04, 8.3362e+00, 3.4808e-01, 
 2DIAGNOSTIC,    11, -5.709348917007e-01, 6.179464253364e-05, 8.6845e+00, 3.4831e-01, 
 2DIAGNOSTIC,    12, -5.709348917007e-01, 2.638431760715e-05, 9.0833e+00, 3.9873e-01, 
 2DIAGNOSTIC,    13, -5.709347128868e-01, 7.964997166710e-06, 9.4305e+00, 3.4724e-01, 
 2DIAGNOSTIC,    14, -5.709346532822e-01, 2.008029468925e-06, 9.7767e+00, 3.4622e-01, 
 2DIAGNOSTIC,    15, -5.709346532822e-01, 1.905454837470e-06, 1.0126e+01, 3.4924e-01, 
 2DIAGNOSTIC,    16, -5.709343552589e-01, 1.862068302216e-06, 1.0476e+01, 3.4993e-01, 
 2DIAGNOSTIC,    17, -5.709344148636e-01, 1.790405008251e-06, 1.0825e+01, 3.4901e-01, 
 2DIAGNOSTIC,    18, -5.709345936775e-01, 1.726917162159e-06, 1.1215e+01, 3.9033e-01, 
 2DIAGNOSTIC,    19, -5.709345340729e-01, 1.637446189307e-06, 1.1564e+01, 3.4870e-01, 
 2DIAGNOSTIC,    20, -5.709341168404e-01, 1.557703399158e-06, 1.2042e+01, 4.7849e-01, 
 2DIAGNOSTIC,    21, -5.709341764450e-01, 1.483366418142e-06, 1.2390e+01, 3.4752e-01, 
 2DIAGNOSTIC,    22, -5.709340572357e-01, 1.415964902662e-06, 1.2738e+01, 3.4769e-01, 
 2DIAGNOSTIC,    23, -5.709339380264e-01, 1.350611341877e-06, 1.3086e+01, 3.4832e-01, 
 2DIAGNOSTIC,    24, -5.709341168404e-01, 1.296289042330e-06, 1.3431e+01, 3.4476e-01, 
 2DIAGNOSTIC,    25, -5.709341168404e-01, 1.249284764526e-06, 1.3782e+01, 3.5111e-01, 
 2DIAGNOSTIC,    26, -5.709339976311e-01, 1.200115661959e-06, 1.4141e+01, 3.5922e-01, 
 2DIAGNOSTIC,    27, -5.709340572357e-01, 1.158930444944e-06, 1.4445e+01, 3.0348e-01, 
 2DIAGNOSTIC,    28, -5.709341168404e-01, 1.126691586251e-06, 1.4836e+01, 3.9167e-01, 
 2DIAGNOSTIC,    29, -5.709341764450e-01, 1.097669155570e-06, 1.5183e+01, 3.4640e-01, 
 2DIAGNOSTIC,    30, -5.709340572357e-01, 1.061533339453e-06, 1.5530e+01, 3.4726e-01, 
 2DIAGNOSTIC,    31, -5.709339976311e-01, 1.027819621413e-06, 1.5875e+01, 3.4517e-01, 
DIAGNOSTIC,Iteration,metricValue,convergenceValue,ITERATION_TIME_INDEX,SINCE_LAST
 2DIAGNOSTIC,     1, -5.221126079559e-01, inf, 1.8556e+01, 2.6813e+00, 
  Elapsed time (stage 0): 1.9882e+01


Stage 1
  iterations = 1000x500x250x0
  convergence threshold = 1.0000e-06
  convergence window size = 10
  number of levels = 4
  using the Mattes MI metric (number of bins = 32, weight = 1.0000e+00)
  preprocessing:  winsorizing the image intensities
  preprocessing:  histogram matching the images
  Shrink factors (level 1 out of 4): [6, 6, 6]
  Shrink factors (level 2 out of 4): [4, 4, 4]
  Shrink factors (level 3 out of 4): [2, 2, 2]
  Shrink factors (level 4 out of 4): [1, 1, 1]
  smoothing sigmas per level: [4, 2, 1, 0]
  regular sampling (percentage = 2.5000e-01)

*** Running AffineTransform registration ***

