
Running N4 for 3-dimensional images.

Mask not read.  Using the entire image as the mask.

Original intensity range:  [0, 1062]

***********************************************************
Warning:  Your input image contains nonpositive values
which could cause failure or problematic results.  A
possible workaround would be to:
   1. rescale your image to positive values e.g., [10,100].
   2. run N4 on your rescaled image.
   3. (optional) rescale the N4 output to the original
      intensity range.
***********************************************************

Specified spline distance: 200mm
  original image size:  [192, 256, 256]
  padded image size:  [201, 401, 401]
  number of control points:  [4, 5, 5]

Current level = 1
  Iteration 1 (of 50).   Current convergence value = 0.000471157 (threshold = 1e-08)
  Iteration 2 (of 50).   Current convergence value = 0.000295553 (threshold = 1e-08)
  Iteration 3 (of 50).   Current convergence value = 0.000226765 (threshold = 1e-08)
  Iteration 4 (of 50).   Current convergence value = 0.000174537 (threshold = 1e-08)
  Iteration 5 (of 50).   Current convergence value = 0.00013617 (threshold = 1e-08)
  Iteration 6 (of 50).   Current convergence value = 0.000110738 (threshold = 1e-08)
  Iteration 7 (of 50).   Current convergence value = 9.46768e-05 (threshold = 1e-08)
  Iteration 8 (of 50).   Current convergence value = 8.48457e-05 (threshold = 1e-08)
  Iteration 9 (of 50).   Current convergence value = 7.88654e-05 (threshold = 1e-08)
  Iteration 10 (of 50).   Current convergence value = 7.50288e-05 (threshold = 1e-08)
  Iteration 11 (of 50).   Current convergence value = 7.22396e-05 (threshold = 1e-08)
  Iteration 12 (of 50).   Current convergence value = 6.9635e-05 (threshold = 1e-08)
  Iteration 13 (of 50).   Current convergence value = 6.69984e-05 (threshold = 1e-08)
  Iteration 14 (of 50).   Current convergence value = 6.43227e-05 (threshold = 1e-08)
  Iteration 15 (of 50).   Current convergence value = 6.14957e-05 (threshold = 1e-08)
  Iteration 16 (of 50).   Current convergence value = 5.8709e-05 (threshold = 1e-08)
  Iteration 17 (of 50).   Current convergence value = 5.6095e-05 (threshold = 1e-08)
  Iteration 18 (of 50).   Current convergence value = 5.3767e-05 (threshold = 1e-08)
  Iteration 19 (of 50).   Current convergence value = 5.13931e-05 (threshold = 1e-08)
  Iteration 20 (of 50).   Current convergence value = 4.93185e-05 (threshold = 1e-08)
  Iteration 21 (of 50).   Current convergence value = 4.71519e-05 (threshold = 1e-08)
  Iteration 22 (of 50).   Current convergence value = 4.48972e-05 (threshold = 1e-08)
  Iteration 23 (of 50).   Current convergence value = 4.26761e-05 (threshold = 1e-08)
  Iteration 24 (of 50).   Current convergence value = 4.06838e-05 (threshold = 1e-08)
  Iteration 25 (of 50).   Current convergence value = 3.88305e-05 (threshold = 1e-08)
  Iteration 26 (of 50).   Current convergence value = 3.69003e-05 (threshold = 1e-08)
  Iteration 27 (of 50).   Current convergence value = 3.51889e-05 (threshold = 1e-08)
  Iteration 28 (of 50).   Current convergence value = 3.35354e-05 (threshold = 1e-08)
  Iteration 29 (of 50).   Current convergence value = 3.19316e-05 (threshold = 1e-08)
  Iteration 30 (of 50).   Current convergence value = 3.04439e-05 (threshold = 1e-08)
  Iteration 31 (of 50).   Current convergence value = 2.91287e-05 (threshold = 1e-08)
  Iteration 32 (of 50).   Current convergence value = 2.79152e-05 (threshold = 1e-08)
  Iteration 33 (of 50).   Current convergence value = 2.68126e-05 (threshold = 1e-08)
  Iteration 34 (of 50).   Current convergence value = 2.58758e-05 (threshold = 1e-08)
  Iteration 35 (of 50).   Current convergence value = 2.50141e-05 (threshold = 1e-08)
  Iteration 36 (of 50).   Current convergence value = 2.42999e-05 (threshold = 1e-08)
  Iteration 37 (of 50).   Current convergence value = 2.36708e-05 (threshold = 1e-08)
  Iteration 38 (of 50).   Current convergence value = 2.31664e-05 (threshold = 1e-08)
  Iteration 39 (of 50).   Current convergence value = 2.27756e-05 (threshold = 1e-08)
  Iteration 40 (of 50).   Current convergence value = 2.25003e-05 (threshold = 1e-08)
  Iteration 41 (of 50).   Current convergence value = 2.23425e-05 (threshold = 1e-08)
  Iteration 42 (of 50).   Current convergence value = 2.22701e-05 (threshold = 1e-08)
  Iteration 43 (of 50).   Current convergence value = 2.22614e-05 (threshold = 1e-08)
  Iteration 44 (of 50).   Current convergence value = 2.23379e-05 (threshold = 1e-08)
  Iteration 45 (of 50).   Current convergence value = 2.24978e-05 (threshold = 1e-08)
  Iteration 46 (of 50).   Current convergence value = 2.26741e-05 (threshold = 1e-08)
  Iteration 47 (of 50).   Current convergence value = 2.29128e-05 (threshold = 1e-08)
  Iteration 48 (of 50).   Current convergence value = 2.32378e-05 (threshold = 1e-08)
  Iteration 49 (of 50).   Current convergence value = 2.3573e-05 (threshold = 1e-08)
  Iteration 50 (of 50).   Current convergence value = 2.3953e-05 (threshold = 1e-08)
Current level = 2
  Iteration 1 (of 50).   Current convergence value = 0.000405551 (threshold = 1e-08)
  Iteration 2 (of 50).   Current convergence value = 0.000389617 (threshold = 1e-08)
  Iteration 3 (of 50).   Current convergence value = 0.000386328 (threshold = 1e-08)
  Iteration 4 (of 50).   Current convergence value = 0.000384995 (threshold = 1e-08)
  Iteration 5 (of 50).   Current convergence value = 0.000382405 (threshold = 1e-08)
  Iteration 6 (of 50).   Current convergence value = 0.000376593 (threshold = 1e-08)
  Iteration 7 (of 50).   Current convergence value = 0.000368165 (threshold = 1e-08)
  Iteration 8 (of 50).   Current convergence value = 0.000357966 (threshold = 1e-08)
  Iteration 9 (of 50).   Current convergence value = 0.000346805 (threshold = 1e-08)
  Iteration 10 (of 50).   Current convergence value = 0.000335217 (threshold = 1e-08)
  Iteration 11 (of 50).   Current convergence value = 0.000324068 (threshold = 1e-08)
  Iteration 12 (of 50).   Current convergence value = 0.000313766 (threshold = 1e-08)
  Iteration 13 (of 50).   Current convergence value = 0.000304132 (threshold = 1e-08)
  Iteration 14 (of 50).   Current convergence value = 0.000295559 (threshold = 1e-08)
  Iteration 15 (of 50).   Current convergence value = 0.000287704 (threshold = 1e-08)
  Iteration 16 (of 50).   Current convergence value = 0.000280673 (threshold = 1e-08)
  Iteration 17 (of 50).   Current convergence value = 0.000273609 (threshold = 1e-08)
  Iteration 18 (of 50).   Current convergence value = 0.000267244 (threshold = 1e-08)
  Iteration 19 (of 50).   Current convergence value = 0.000261285 (threshold = 1e-08)
  Iteration 20 (of 50).   Current convergence value = 0.000255586 (threshold = 1e-08)
  Iteration 21 (of 50).   Current convergence value = 0.000250444 (threshold = 1e-08)
  Iteration 22 (of 50).   Current convergence value = 0.000245512 (threshold = 1e-08)
  Iteration 23 (of 50).   Current convergence value = 0.000240974 (threshold = 1e-08)
  Iteration 24 (of 50).   Current convergence value = 0.000236393 (threshold = 1e-08)
  Iteration 25 (of 50).   Current convergence value = 0.000231891 (threshold = 1e-08)
  Iteration 26 (of 50).   Current convergence value = 0.000227955 (threshold = 1e-08)
  Iteration 27 (of 50).   Current convergence value = 0.000224111 (threshold = 1e-08)
  Iteration 28 (of 50).   Current convergence value = 0.00022072 (threshold = 1e-08)
  Iteration 29 (of 50).   Current convergence value = 0.000217139 (threshold = 1e-08)
  Iteration 30 (of 50).   Current convergence value = 0.000213431 (threshold = 1e-08)
  Iteration 31 (of 50).   Current convergence value = 0.000209941 (threshold = 1e-08)
  Iteration 32 (of 50).   Current convergence value = 0.000206616 (threshold = 1e-08)
  Iteration 33 (of 50).   Current convergence value = 0.000203415 (threshold = 1e-08)
  Iteration 34 (of 50).   Current convergence value = 0.000200407 (threshold = 1e-08)
  Iteration 35 (of 50).   Current convergence value = 0.000197594 (threshold = 1e-08)
  Iteration 36 (of 50).   Current convergence value = 0.00019485 (threshold = 1e-08)
  Iteration 37 (of 50).   Current convergence value = 0.00019233 (threshold = 1e-08)
  Iteration 38 (of 50).   Current convergence value = 0.000189846 (threshold = 1e-08)
  Iteration 39 (of 50).   Current convergence value = 0.000187352 (threshold = 1e-08)
  Iteration 40 (of 50).   Current convergence value = 0.000184911 (threshold = 1e-08)
  Iteration 41 (of 50).   Current convergence value = 0.000182483 (threshold = 1e-08)
  Iteration 42 (of 50).   Current convergence value = 0.000178837 (threshold = 1e-08)
  Iteration 43 (of 50).   Current convergence value = 0.000175489 (threshold = 1e-08)
  Iteration 44 (of 50).   Current convergence value = 0.000172386 (threshold = 1e-08)
  Iteration 45 (of 50).   Current convergence value = 0.000169565 (threshold = 1e-08)
  Iteration 46 (of 50).   Current convergence value = 0.000166966 (threshold = 1e-08)
  Iteration 47 (of 50).   Current convergence value = 0.000164527 (threshold = 1e-08)
  Iteration 48 (of 50).   Current convergence value = 0.000162305 (threshold = 1e-08)
  Iteration 49 (of 50).   Current convergence value = 0.000160269 (threshold = 1e-08)
  Iteration 50 (of 50).   Current convergence value = 0.000158305 (threshold = 1e-08)
Current level = 3
  Iteration 1 (of 40).   Current convergence value = 0.00130921 (threshold = 1e-08)
  Iteration 2 (of 40).   Current convergence value = 0.00123244 (threshold = 1e-08)
  Iteration 3 (of 40).   Current convergence value = 0.00119777 (threshold = 1e-08)
  Iteration 4 (of 40).   Current convergence value = 0.00117294 (threshold = 1e-08)
  Iteration 5 (of 40).   Current convergence value = 0.00116196 (threshold = 1e-08)
  Iteration 6 (of 40).   Current convergence value = 0.00112291 (threshold = 1e-08)
  Iteration 7 (of 40).   Current convergence value = 0.00107498 (threshold = 1e-08)
  Iteration 8 (of 40).   Current convergence value = 0.000949881 (threshold = 1e-08)
  Iteration 9 (of 40).   Current convergence value = 0.000857006 (threshold = 1e-08)
  Iteration 10 (of 40).   Current convergence value = 0.000799124 (threshold = 1e-08)
  Iteration 11 (of 40).   Current convergence value = 0.000760627 (threshold = 1e-08)
  Iteration 12 (of 40).   Current convergence value = 0.000728246 (threshold = 1e-08)
  Iteration 13 (of 40).   Current convergence value = 0.000705315 (threshold = 1e-08)
  Iteration 14 (of 40).   Current convergence value = 0.000684304 (threshold = 1e-08)
  Iteration 15 (of 40).   Current convergence value = 0.000665326 (threshold = 1e-08)
  Iteration 16 (of 40).   Current convergence value = 0.000648309 (threshold = 1e-08)
  Iteration 17 (of 40).   Current convergence value = 0.000632797 (threshold = 1e-08)
  Iteration 18 (of 40).   Current convergence value = 0.000615445 (threshold = 1e-08)
  Iteration 19 (of 40).   Current convergence value = 0.000579498 (threshold = 1e-08)
  Iteration 20 (of 40).   Current convergence value = 0.00055037 (threshold = 1e-08)
  Iteration 21 (of 40).   Current convergence value = 0.000525331 (threshold = 1e-08)
  Iteration 22 (of 40).   Current convergence value = 0.000503482 (threshold = 1e-08)
  Iteration 23 (of 40).   Current convergence value = 0.000484198 (threshold = 1e-08)
  Iteration 24 (of 40).   Current convergence value = 0.000467 (threshold = 1e-08)
  Iteration 25 (of 40).   Current convergence value = 0.000451679 (threshold = 1e-08)
  Iteration 26 (of 40).   Current convergence value = 0.000437851 (threshold = 1e-08)
  Iteration 27 (of 40).   Current convergence value = 0.000424332 (threshold = 1e-08)
  Iteration 28 (of 40).   Current convergence value = 0.000407793 (threshold = 1e-08)
  Iteration 29 (of 40).   Current convergence value = 0.000394793 (threshold = 1e-08)
  Iteration 30 (of 40).   Current convergence value = 0.000383517 (threshold = 1e-08)
  Iteration 31 (of 40).   Current convergence value = 0.000373865 (threshold = 1e-08)
  Iteration 32 (of 40).   Current convergence value = 0.000365462 (threshold = 1e-08)
  Iteration 33 (of 40).   Current convergence value = 0.000357973 (threshold = 1e-08)
  Iteration 34 (of 40).   Current convergence value = 0.000351215 (threshold = 1e-08)
  Iteration 35 (of 40).   Current convergence value = 0.000345276 (threshold = 1e-08)
  Iteration 36 (of 40).   Current convergence value = 0.000339945 (threshold = 1e-08)
  Iteration 37 (of 40).   Current convergence value = 0.000335328 (threshold = 1e-08)
  Iteration 38 (of 40).   Current convergence value = 0.00033111 (threshold = 1e-08)
  Iteration 39 (of 40).   Current convergence value = 0.00032735 (threshold = 1e-08)
  Iteration 40 (of 40).   Current convergence value = 0.000323659 (threshold = 1e-08)
Current level = 4
  Iteration 1 (of 30).   Current convergence value = 0.00192666 (threshold = 1e-08)
  Iteration 2 (of 30).   Current convergence value = 0.00194478 (threshold = 1e-08)
  Iteration 3 (of 30).   Current convergence value = 0.00171862 (threshold = 1e-08)
  Iteration 4 (of 30).   Current convergence value = 0.00159375 (threshold = 1e-08)
  Iteration 5 (of 30).   Current convergence value = 0.00147261 (threshold = 1e-08)
  Iteration 6 (of 30).   Current convergence value = 0.00136107 (threshold = 1e-08)
  Iteration 7 (of 30).   Current convergence value = 0.00129252 (threshold = 1e-08)
  Iteration 8 (of 30).   Current convergence value = 0.00123245 (threshold = 1e-08)
  Iteration 9 (of 30).   Current convergence value = 0.0011799 (threshold = 1e-08)
  Iteration 10 (of 30).   Current convergence value = 0.00113427 (threshold = 1e-08)
  Iteration 11 (of 30).   Current convergence value = 0.00109484 (threshold = 1e-08)
  Iteration 12 (of 30).   Current convergence value = 0.00106061 (threshold = 1e-08)
  Iteration 13 (of 30).   Current convergence value = 0.00100175 (threshold = 1e-08)
  Iteration 14 (of 30).   Current convergence value = 0.000920482 (threshold = 1e-08)
  Iteration 15 (of 30).   Current convergence value = 0.000855942 (threshold = 1e-08)
  Iteration 16 (of 30).   Current convergence value = 0.000800809 (threshold = 1e-08)
  Iteration 17 (of 30).   Current convergence value = 0.000752749 (threshold = 1e-08)
  Iteration 18 (of 30).   Current convergence value = 0.000709981 (threshold = 1e-08)
  Iteration 19 (of 30).   Current convergence value = 0.000671597 (threshold = 1e-08)
  Iteration 20 (of 30).   Current convergence value = 0.000636841 (threshold = 1e-08)
  Iteration 21 (of 30).   Current convergence value = 0.000605458 (threshold = 1e-08)
  Iteration 22 (of 30).   Current convergence value = 0.000577142 (threshold = 1e-08)
  Iteration 23 (of 30).   Current convergence value = 0.000551757 (threshold = 1e-08)
  Iteration 24 (of 30).   Current convergence value = 0.000528692 (threshold = 1e-08)
  Iteration 25 (of 30).   Current convergence value = 0.000508044 (threshold = 1e-08)
  Iteration 26 (of 30).   Current convergence value = 0.00048958 (threshold = 1e-08)
  Iteration 27 (of 30).   Current convergence value = 0.000473241 (threshold = 1e-08)
  Iteration 28 (of 30).   Current convergence value = 0.000458898 (threshold = 1e-08)
  Iteration 29 (of 30).   Current convergence value = 0.000446527 (threshold = 1e-08)
  Iteration 30 (of 30).   Current convergence value = 0.000431813 (threshold = 1e-08)
   N4BiasFieldCorrectionImageFilter (0x55ac28bcae20)
     RTTI typeinfo:   itk::N4BiasFieldCorrectionImageFilter<itk::Image<float, 3u>, itk::Image<float, 3u>, itk::Image<float, 3u> >
     Reference Count: 1
     Modified Time: 565
     Debug: Off
     Object Name: 
     Observers: 
       IterationEvent(Command)
     Inputs: 
       ConfidenceImage: (0)
       MaskImage: (0x55ac28bf55d0)
       Primary: (0x55ac28bf0a80) *
     Indexed Inputs: 
       0: Primary (0x55ac28bf0a80)
       1: MaskImage (0x55ac28bf55d0)
       2: ConfidenceImage (0)
     Required Input Names: Primary
     NumberOfRequiredInputs: 1
     Outputs: 
       Primary: (0x55ac28bdaef0)
     Indexed Outputs: 
       0: Primary (0x55ac28bdaef0)
     NumberOfRequiredOutputs: 1
     Number Of Work Units: 32
     ReleaseDataFlag: Off
     ReleaseDataBeforeUpdateFlag: Off
     AbortGenerateData: Off
     Progress: 0
     Multithreader: 
       RTTI typeinfo:   itk::PoolMultiThreader
       Reference Count: 1
       Modified Time: 144
       Debug: Off
       Object Name: 
       Observers: 
         none
       Number of Work Units: 32
       Number of Threads: 8
       Global Maximum Number Of Threads: 128
       Global Default Number Of Threads: 8
       Global Default Threader Type: itk::MultiThreaderBaseEnums::Threader::Pool
       SingleMethod: 0
       SingleData: 0
     DynamicMultiThreading: On
     CoordinateTolerance: 1e-06
     DirectionTolerance: 1e-06
     Use Mask Label: 0
     Mask label: 1
     Number of histogram bins: 200
     Wiener filter noise: 0.01
     Bias field FWHM: 0.15
     Maximum number of iterations: [50, 50, 40, 30]
     Convergence threshold: 1e-08
     Spline order: 3
     Number of fitting levels: [4, 4, 4]
     Number of control points: [4, 5, 5]
     CurrentConvergenceMeasurement: 0.000431813
     CurrentLevel: 4
     ElapsedIterations: 31
     LogBiasFieldControlPointLattice: 
       Image (0x55ac2f6d1fb0)
         RTTI typeinfo:   itk::Image<itk::Vector<float, 1u>, 3u>
         Reference Count: 1
         Modified Time: 343560
         Debug: Off
         Object Name: 
         Observers: 
           none
         Source: (none)
         Source output name: (none)
         Release Data: Off
         Data Released: False
         Global Release Data: Off
         PipelineMTime: 0
         UpdateMTime: 0
         RealTimeStamp: 0 seconds 
         LargestPossibleRegion: 
           Dimension: 3
           Index: [0, 0, 0]
           Size: [11, 19, 19]
         BufferedRegion: 
           Dimension: 3
           Index: [0, 0, 0]
           Size: [11, 19, 19]
         RequestedRegion: 
           Dimension: 3
           Index: [0, 0, 0]
           Size: [11, 19, 19]
         Spacing: [24.75, 24.875, 24.875]
         Origin: [25.8285, 16.9604, -29.9221]
         Direction: 
-0.998332 -0.05657 0.0115551
0.057707 -0.971049 0.231807
-0.00189275 0.232087 0.972693

         IndexToPointMatrix: 
-24.7087 -1.40718 0.287433
1.42825 -24.1548 5.7662
-0.0468457 5.77316 24.1957

         PointToIndexMatrix: 
-0.0403366 0.0023316 -7.64749e-05
-0.00227417 -0.0390371 0.00933014
0.000464526 0.00931887 0.0391032

         Inverse Direction: 
-0.998332 0.057707 -0.00189275
-0.05657 -0.971049 0.232087
0.0115551 0.231807 0.972693

         PixelContainer: 
           ImportImageContainer (0x55ac33f695f0)
             RTTI typeinfo:   itk::ImportImageContainer<unsigned long, itk::Vector<float, 1u> >
             Reference Count: 1
             Modified Time: 343561
             Debug: Off
             Object Name: 
             Observers: 
               none
             Pointer: 0x55ac32d65ce0
             Container manages memory: true
             Size: 3971
             Capacity: 3971
Elapsed time: 295.816
All_Command_lines_OK
Using single precision for computations.
=============================================================================
The composite transform comprises the following transforms (in order): 
  1. Center of mass alignment using fixed image: /home/mpib/nemecz/Projects/miniTRK/Results/01_MRI/GroupTempl/T1w/T_template0.nii.gz and moving image: /home/mpib/nemecz/Projects/miniTRK/Analysis/01_MRI/Preproc/GroupTempl/T1w/sub-526477_T1w.nii.gz (type = Euler3DTransform)
=============================================================================
  number of levels = 4
  number of levels = 4
  number of levels = 4
  fixed image: /home/mpib/nemecz/Projects/miniTRK/Results/01_MRI/GroupTempl/T1w/T_template0.nii.gz
  moving image: /home/mpib/nemecz/Projects/miniTRK/Results/01_MRI/GroupTempl/T1w/T_template0sub-526477_T1wRepaired.nii.gz
  fixed image: /home/mpib/nemecz/Projects/miniTRK/Results/01_MRI/GroupTempl/T1w/T_template0.nii.gz
  moving image: /home/mpib/nemecz/Projects/miniTRK/Results/01_MRI/GroupTempl/T1w/T_template0sub-526477_T1wRepaired.nii.gz
  fixed image: /home/mpib/nemecz/Projects/miniTRK/Results/01_MRI/GroupTempl/T1w/T_template0.nii.gz
  moving image: /home/mpib/nemecz/Projects/miniTRK/Results/01_MRI/GroupTempl/T1w/T_template0sub-526477_T1wRepaired.nii.gz
Dimension = 3
Number of stages = 3
Use Histogram Matching true
Winsorize image intensities true
Lower quantile = 0.01
Upper quantile = 0.99
Stage 1 State
   Image metric = Mattes
     Fixed image = Image (0x5641a15c1ad0)
  RTTI typeinfo:   itk::Image<float, 3u>
  Reference Count: 2
  Modified Time: 1721
  Debug: Off
  Object Name: 
  Observers: 
    none
  Source: (none)
  Source output name: (none)
  Release Data: Off
  Data Released: False
  Global Release Data: Off
  PipelineMTime: 0
  UpdateMTime: 1506
  RealTimeStamp: 0 seconds 
  LargestPossibleRegion: 
    Dimension: 3
    Index: [0, 0, 0]
    Size: [192, 256, 256]
  BufferedRegion: 
    Dimension: 3
    Index: [0, 0, 0]
    Size: [192, 256, 256]
  RequestedRegion: 
    Dimension: 3
    Index: [0, 0, 0]
    Size: [192, 256, 256]
  Spacing: [1, 1, 1]
  Origin: [95.0313, 100.538, -154.123]
  Direction: 
-0.999853 -0.014134 -0.00966312
0.014129 -0.9999 0.000586045
-0.00967044 0.000449429 0.999953

  IndexToPointMatrix: 
-0.999853 -0.014134 -0.00966312
0.014129 -0.9999 0.000586045
-0.00967044 0.000449429 0.999953

  PointToIndexMatrix: 
-0.999853 0.014129 -0.00967044
-0.014134 -0.9999 0.000449429
-0.00966312 0.000586045 0.999953

  Inverse Direction: 
-0.999853 0.014129 -0.00967044
-0.014134 -0.9999 0.000449429
-0.00966312 0.000586045 0.999953

  PixelContainer: 
    ImportImageContainer (0x5641a15c9c80)
      RTTI typeinfo:   itk::ImportImageContainer<unsigned long, float>
      Reference Count: 1
      Modified Time: 1503
      Debug: Off
      Object Name: 
      Observers: 
        none
      Pointer: 0x7f33b5c16010
      Container manages memory: true
      Size: 12582912
      Capacity: 12582912

     Moving image = Image (0x5641a15c2bc0)
  RTTI typeinfo:   itk::Image<float, 3u>
  Reference Count: 2
  Modified Time: 1722
  Debug: Off
  Object Name: 
  Observers: 
    none
  Source: (none)
  Source output name: (none)
  Release Data: Off
  Data Released: False
  Global Release Data: Off
  PipelineMTime: 0
  UpdateMTime: 1719
  RealTimeStamp: 0 seconds 
  LargestPossibleRegion: 
    Dimension: 3
    Index: [0, 0, 0]
    Size: [192, 256, 256]
  BufferedRegion: 
    Dimension: 3
    Index: [0, 0, 0]
    Size: [192, 256, 256]
  RequestedRegion: 
    Dimension: 3
    Index: [0, 0, 0]
    Size: [192, 256, 256]
  Spacing: [1, 1, 1]
  Origin: [97.1242, 56.5596, -178.766]
  Direction: 
-0.998332 -0.05657 0.0115551
0.057707 -0.971049 0.231807
-0.00189275 0.232087 0.972693

  IndexToPointMatrix: 
-0.998332 -0.05657 0.0115551
0.057707 -0.971049 0.231807
-0.00189275 0.232087 0.972693

  PointToIndexMatrix: 
-0.998332 0.057707 -0.00189275
-0.05657 -0.971049 0.232087
0.0115551 0.231807 0.972693

  Inverse Direction: 
-0.998332 0.057707 -0.00189275
-0.05657 -0.971049 0.232087
0.0115551 0.231807 0.972693

  PixelContainer: 
    ImportImageContainer (0x5641a15ce100)
      RTTI typeinfo:   itk::ImportImageContainer<unsigned long, float>
      Reference Count: 1
      Modified Time: 1716
      Debug: Off
      Object Name: 
      Observers: 
        none
      Pointer: 0x7f33b2c15010
      Container manages memory: true
      Size: 12582912
      Capacity: 12582912

     Weighting = 1
     Sampling strategy = regular
     Number of bins = 32
     Radius = 4
     Sampling percentage  = 0.25
   Transform = Rigid
     Gradient step = 0.1
     Update field sigma (voxel space) = 0
     Total field sigma (voxel space) = 0
     Update field time sigma = 0
     Total field time sigma  = 0
     Number of time indices = 0
     Number of time point samples = 0
Stage 2 State
   Image metric = Mattes
     Fixed image = Image (0x5641a15da870)
  RTTI typeinfo:   itk::Image<float, 3u>
  Reference Count: 2
  Modified Time: 2149
  Debug: Off
  Object Name: 
  Observers: 
    none
  Source: (none)
  Source output name: (none)
  Release Data: Off
  Data Released: False
  Global Release Data: Off
  PipelineMTime: 0
  UpdateMTime: 1934
  RealTimeStamp: 0 seconds 
  LargestPossibleRegion: 
    Dimension: 3
    Index: [0, 0, 0]
    Size: [192, 256, 256]
  BufferedRegion: 
    Dimension: 3
    Index: [0, 0, 0]
    Size: [192, 256, 256]
  RequestedRegion: 
    Dimension: 3
    Index: [0, 0, 0]
    Size: [192, 256, 256]
  Spacing: [1, 1, 1]
  Origin: [95.0313, 100.538, -154.123]
  Direction: 
-0.999853 -0.014134 -0.00966312
0.014129 -0.9999 0.000586045
-0.00967044 0.000449429 0.999953

  IndexToPointMatrix: 
-0.999853 -0.014134 -0.00966312
0.014129 -0.9999 0.000586045
-0.00967044 0.000449429 0.999953

  PointToIndexMatrix: 
-0.999853 0.014129 -0.00967044
-0.014134 -0.9999 0.000449429
-0.00966312 0.000586045 0.999953

  Inverse Direction: 
-0.999853 0.014129 -0.00967044
-0.014134 -0.9999 0.000449429
-0.00966312 0.000586045 0.999953

  PixelContainer: 
    ImportImageContainer (0x5641a15c56d0)
      RTTI typeinfo:   itk::ImportImageContainer<unsigned long, float>
      Reference Count: 1
      Modified Time: 1931
      Debug: Off
      Object Name: 
      Observers: 
        none
      Pointer: 0x7f33afc14010
      Container manages memory: true
      Size: 12582912
      Capacity: 12582912

     Moving image = Image (0x5641a15da4c0)
  RTTI typeinfo:   itk::Image<float, 3u>
  Reference Count: 2
  Modified Time: 2150
  Debug: Off
  Object Name: 
  Observers: 
    none
  Source: (none)
  Source output name: (none)
  Release Data: Off
  Data Released: False
  Global Release Data: Off
  PipelineMTime: 0
  UpdateMTime: 2147
  RealTimeStamp: 0 seconds 
  LargestPossibleRegion: 
    Dimension: 3
    Index: [0, 0, 0]
    Size: [192, 256, 256]
  BufferedRegion: 
    Dimension: 3
    Index: [0, 0, 0]
    Size: [192, 256, 256]
  RequestedRegion: 
    Dimension: 3
    Index: [0, 0, 0]
    Size: [192, 256, 256]
  Spacing: [1, 1, 1]
  Origin: [97.1242, 56.5596, -178.766]
  Direction: 
-0.998332 -0.05657 0.0115551
0.057707 -0.971049 0.231807
-0.00189275 0.232087 0.972693

  IndexToPointMatrix: 
-0.998332 -0.05657 0.0115551
0.057707 -0.971049 0.231807
-0.00189275 0.232087 0.972693

  PointToIndexMatrix: 
-0.998332 0.057707 -0.00189275
-0.05657 -0.971049 0.232087
0.0115551 0.231807 0.972693

  Inverse Direction: 
-0.998332 0.057707 -0.00189275
-0.05657 -0.971049 0.232087
0.0115551 0.231807 0.972693

  PixelContainer: 
    ImportImageContainer (0x5641a15db8c0)
      RTTI typeinfo:   itk::ImportImageContainer<unsigned long, float>
      Reference Count: 1
      Modified Time: 2144
      Debug: Off
      Object Name: 
      Observers: 
        none
      Pointer: 0x7f33acc13010
      Container manages memory: true
      Size: 12582912
      Capacity: 12582912

     Weighting = 1
     Sampling strategy = regular
     Number of bins = 32
     Radius = 4
     Sampling percentage  = 0.25
   Transform = Affine
     Gradient step = 0.1
     Update field sigma (voxel space) = 0
     Total field sigma (voxel space) = 0
     Update field time sigma = 0
     Total field time sigma  = 0
     Number of time indices = 0
     Number of time point samples = 0
Stage 3 State
   Image metric = CC
     Fixed image = Image (0x5641a15e1960)
  RTTI typeinfo:   itk::Image<float, 3u>
  Reference Count: 2
  Modified Time: 2577
  Debug: Off
  Object Name: 
  Observers: 
    none
  Source: (none)
  Source output name: (none)
  Release Data: Off
  Data Released: False
  Global Release Data: Off
  PipelineMTime: 0
  UpdateMTime: 2362
  RealTimeStamp: 0 seconds 
  LargestPossibleRegion: 
    Dimension: 3
    Index: [0, 0, 0]
    Size: [192, 256, 256]
  BufferedRegion: 
    Dimension: 3
    Index: [0, 0, 0]
    Size: [192, 256, 256]
  RequestedRegion: 
    Dimension: 3
    Index: [0, 0, 0]
    Size: [192, 256, 256]
  Spacing: [1, 1, 1]
  Origin: [95.0313, 100.538, -154.123]
  Direction: 
-0.999853 -0.014134 -0.00966312
0.014129 -0.9999 0.000586045
-0.00967044 0.000449429 0.999953

  IndexToPointMatrix: 
-0.999853 -0.014134 -0.00966312
0.014129 -0.9999 0.000586045
-0.00967044 0.000449429 0.999953

  PointToIndexMatrix: 
-0.999853 0.014129 -0.00967044
-0.014134 -0.9999 0.000449429
-0.00966312 0.000586045 0.999953

  Inverse Direction: 
-0.999853 0.014129 -0.00967044
-0.014134 -0.9999 0.000449429
-0.00966312 0.000586045 0.999953

  PixelContainer: 
    ImportImageContainer (0x5641a15c2660)
      RTTI typeinfo:   itk::ImportImageContainer<unsigned long, float>
      Reference Count: 1
      Modified Time: 2359
      Debug: Off
      Object Name: 
      Observers: 
        none
      Pointer: 0x7f33a9c12010
      Container manages memory: true
      Size: 12582912
      Capacity: 12582912

     Moving image = Image (0x5641a15e3840)
  RTTI typeinfo:   itk::Image<float, 3u>
  Reference Count: 2
  Modified Time: 2578
  Debug: Off
  Object Name: 
  Observers: 
    none
  Source: (none)
  Source output name: (none)
  Release Data: Off
  Data Released: False
  Global Release Data: Off
  PipelineMTime: 0
  UpdateMTime: 2575
  RealTimeStamp: 0 seconds 
  LargestPossibleRegion: 
    Dimension: 3
    Index: [0, 0, 0]
    Size: [192, 256, 256]
  BufferedRegion: 
    Dimension: 3
    Index: [0, 0, 0]
    Size: [192, 256, 256]
  RequestedRegion: 
    Dimension: 3
    Index: [0, 0, 0]
    Size: [192, 256, 256]
  Spacing: [1, 1, 1]
  Origin: [97.1242, 56.5596, -178.766]
  Direction: 
-0.998332 -0.05657 0.0115551
0.057707 -0.971049 0.231807
-0.00189275 0.232087 0.972693

  IndexToPointMatrix: 
-0.998332 -0.05657 0.0115551
0.057707 -0.971049 0.231807
-0.00189275 0.232087 0.972693

  PointToIndexMatrix: 
-0.998332 0.057707 -0.00189275
-0.05657 -0.971049 0.232087
0.0115551 0.231807 0.972693

  Inverse Direction: 
-0.998332 0.057707 -0.00189275
-0.05657 -0.971049 0.232087
0.0115551 0.231807 0.972693

  PixelContainer: 
    ImportImageContainer (0x5641a15e0660)
      RTTI typeinfo:   itk::ImportImageContainer<unsigned long, float>
      Reference Count: 1
      Modified Time: 2572
      Debug: Off
      Object Name: 
      Observers: 
        none
      Pointer: 0x7f33a6c11010
      Container manages memory: true
      Size: 12582912
      Capacity: 12582912

     Weighting = 1
     Sampling strategy = none
     Number of bins = 32
     Radius = 4
     Sampling percentage  = 1
   Transform = SyN
     Gradient step = 0.1
     Update field sigma (voxel space) = 3
     Total field sigma (voxel space) = 0
     Update field time sigma = 0
     Total field time sigma  = 0
     Number of time indices = 0
     Number of time point samples = 0
Registration using 3 total stages.

Stage 0
  iterations = 1000x500x250x0
  convergence threshold = 1e-06
  convergence window size = 10
  number of levels = 4
  using the Mattes MI metric (number of bins = 32, weight = 1)
  preprocessing:  winsorizing the image intensities
  preprocessing:  histogram matching the images
  Shrink factors (level 1 out of 4): [6, 6, 6]
  Shrink factors (level 2 out of 4): [4, 4, 4]
  Shrink factors (level 3 out of 4): [2, 2, 2]
  Shrink factors (level 4 out of 4): [1, 1, 1]
  smoothing sigmas per level: [4, 2, 1, 0]
  regular sampling (percentage = 0.25)

*** Running Euler3DTransform registration ***

DIAGNOSTIC,Iteration,metricValue,convergenceValue,ITERATION_TIME_INDEX,SINCE_LAST
 2DIAGNOSTIC,     1, -9.718289971352e-01, inf, 7.9405e-01, 7.9405e-01, 
 2DIAGNOSTIC,     2, -9.739167690277e-01, inf, 8.0202e-01, 7.9741e-03, 
 2DIAGNOSTIC,     3, -9.770816564560e-01, inf, 8.0991e-01, 7.8869e-03, 
 2DIAGNOSTIC,     4, -9.808881878853e-01, inf, 8.1766e-01, 7.7541e-03, 
 2DIAGNOSTIC,     5, -9.850837588310e-01, inf, 8.2562e-01, 7.9591e-03, 
 2DIAGNOSTIC,     6, -9.893353581429e-01, inf, 8.3370e-01, 8.0750e-03, 
 2DIAGNOSTIC,     7, -9.944121241570e-01, inf, 8.4162e-01, 7.9250e-03, 
 2DIAGNOSTIC,     8, -1.006850719452e+00, inf, 8.5121e-01, 9.5930e-03, 
 2DIAGNOSTIC,     9, -1.027651667595e+00, inf, 8.6353e-01, 1.2312e-02, 
 2DIAGNOSTIC,    10, -1.028069019318e+00, 3.753492143005e-03, 8.7226e-01, 8.7330e-03, 
 2DIAGNOSTIC,    11, -1.028315544128e+00, 3.704183502123e-03, 8.8475e-01, 1.2495e-02, 
 2DIAGNOSTIC,    12, -1.028968453407e+00, 3.402138361707e-03, 8.9379e-01, 9.0339e-03, 
 2DIAGNOSTIC,    13, -1.029964685440e+00, 2.925523323938e-03, 9.0584e-01, 1.2055e-02, 
 2DIAGNOSTIC,    14, -1.030168056488e+00, 2.326752990484e-03, 9.1565e-01, 9.8078e-03, 
 2DIAGNOSTIC,    15, -1.030146837234e+00, 1.677974942140e-03, 9.2445e-01, 8.7988e-03, 
 2DIAGNOSTIC,    16, -1.030098199844e+00, 1.039110822603e-03, 9.3325e-01, 8.8000e-03, 
 2DIAGNOSTIC,    17, -1.030063390732e+00, 4.634393553715e-04, 9.4307e-01, 9.8162e-03, 
 2DIAGNOSTIC,    18, -1.030085563660e+00, 9.581803897163e-05, 9.5224e-01, 9.1720e-03, 
 2DIAGNOSTIC,    19, -1.030026555061e+00, 6.581316119991e-05, 9.6034e-01, 8.0988e-03, 
 2DIAGNOSTIC,    20, -1.030016303062e+00, 3.888625724358e-05, 9.6804e-01, 7.7012e-03, 
 2DIAGNOSTIC,    21, -1.030060529709e+00, 1.495334072388e-05, 9.7685e-01, 8.8089e-03, 
DIAGNOSTIC,Iteration,metricValue,convergenceValue,ITERATION_TIME_INDEX,SINCE_LAST
 2DIAGNOSTIC,     1, -8.058832287788e-01, inf, 1.6767e+00, 6.9983e-01, 
 2DIAGNOSTIC,     2, -8.069283366203e-01, inf, 1.7070e+00, 3.0355e-02, 
 2DIAGNOSTIC,     3, -8.081027269363e-01, inf, 1.7388e+00, 3.1807e-02, 
 2DIAGNOSTIC,     4, -8.091670274734e-01, inf, 1.7688e+00, 2.9987e-02, 
 2DIAGNOSTIC,     5, -8.100437521935e-01, inf, 1.7988e+00, 2.9964e-02, 
 2DIAGNOSTIC,     6, -8.109338283539e-01, inf, 1.8299e+00, 3.1140e-02, 
 2DIAGNOSTIC,     7, -8.131582736969e-01, inf, 1.8644e+00, 3.4468e-02, 
 2DIAGNOSTIC,     8, -8.134199380875e-01, inf, 1.9142e+00, 4.9777e-02, 
 2DIAGNOSTIC,     9, -8.134778738022e-01, inf, 1.9434e+00, 2.9260e-02, 
 2DIAGNOSTIC,    10, -8.135775327682e-01, 6.750583997928e-04, 1.9730e+00, 2.9576e-02, 
 2DIAGNOSTIC,    11, -8.137062191963e-01, 5.297065945342e-04, 2.0026e+00, 2.9580e-02, 
 2DIAGNOSTIC,    12, -8.137685656548e-01, 3.923202457372e-04, 2.0333e+00, 3.0741e-02, 
 2DIAGNOSTIC,    13, -8.139063715935e-01, 2.758632472251e-04, 2.0641e+00, 3.0729e-02, 
 2DIAGNOSTIC,    14, -8.140130639076e-01, 1.810224930523e-04, 2.0953e+00, 3.1216e-02, 
 2DIAGNOSTIC,    15, -8.141607046127e-01, 1.065282340278e-04, 2.1449e+00, 4.9621e-02, 
 2DIAGNOSTIC,    16, -8.141799569130e-01, 5.031665568822e-05, 2.1801e+00, 3.5212e-02, 
 2DIAGNOSTIC,    17, -8.141835331917e-01, 4.207818710711e-05, 2.2141e+00, 3.3999e-02, 
 2DIAGNOSTIC,    18, -8.141739964485e-01, 3.597024624469e-05, 2.2448e+00, 3.0667e-02, 
 2DIAGNOSTIC,    19, -8.141846060753e-01, 2.855399907276e-05, 2.2796e+00, 3.4848e-02, 
 2DIAGNOSTIC,    20, -8.141917586327e-01, 2.118246993632e-05, 2.3131e+00, 3.3475e-02, 
 2DIAGNOSTIC,    21, -8.141912817955e-01, 1.483412324887e-05, 2.3470e+00, 3.3914e-02, 
 2DIAGNOSTIC,    22, -8.141835331917e-01, 8.687858098710e-06, 2.3852e+00, 3.8213e-02, 
 2DIAGNOSTIC,    23, -8.141798973083e-01, 4.432452897163e-06, 2.4190e+00, 3.3762e-02, 
 2DIAGNOSTIC,    24, -8.141741752625e-01, 1.658383894210e-06, 2.4496e+00, 3.0616e-02, 
 2DIAGNOSTIC,    25, -8.141702413559e-01, 1.074413034985e-06, 2.4806e+00, 3.0985e-02, 
DIAGNOSTIC,Iteration,metricValue,convergenceValue,ITERATION_TIME_INDEX,SINCE_LAST
 2DIAGNOSTIC,     1, -7.098895311356e-01, inf, 3.6512e+00, 1.1706e+00, 
 2DIAGNOSTIC,     2, -7.101019024849e-01, inf, 3.9151e+00, 2.6389e-01, 
 2DIAGNOSTIC,     3, -7.101020216942e-01, inf, 4.2599e+00, 3.4481e-01, 
 2DIAGNOSTIC,     4, -7.101024389267e-01, inf, 4.5704e+00, 3.1045e-01, 
 2DIAGNOSTIC,     5, -7.101013064384e-01, inf, 4.8617e+00, 2.9131e-01, 
 2DIAGNOSTIC,     6, -7.101009488106e-01, inf, 5.1882e+00, 3.2655e-01, 
 2DIAGNOSTIC,     7, -7.101011872292e-01, inf, 5.4464e+00, 2.5820e-01, 
 2DIAGNOSTIC,     8, -7.101009488106e-01, inf, 5.6828e+00, 2.3639e-01, 
 2DIAGNOSTIC,     9, -7.101007699966e-01, inf, 5.9152e+00, 2.3236e-01, 
 2DIAGNOSTIC,    10, -7.100996971130e-01, 1.149751187768e-05, 6.1524e+00, 2.3726e-01, 
 2DIAGNOSTIC,    11, -7.101001739502e-01, 2.707821749937e-06, 6.3873e+00, 2.3488e-01, 
 2DIAGNOSTIC,    12, -7.100999951363e-01, 2.475510655131e-06, 6.6336e+00, 2.4626e-01, 
 2DIAGNOSTIC,    13, -7.100999355316e-01, 2.295554850207e-06, 6.8734e+00, 2.3983e-01, 
 2DIAGNOSTIC,    14, -7.100990414619e-01, 2.142782705050e-06, 7.1570e+00, 2.8357e-01, 
 2DIAGNOSTIC,    15, -7.100992202759e-01, 1.998031166295e-06, 7.3879e+00, 2.3093e-01, 
 2DIAGNOSTIC,    16, -7.100991606712e-01, 1.871364815997e-06, 7.6469e+00, 2.5902e-01, 
 2DIAGNOSTIC,    17, -7.100990414619e-01, 1.772639052433e-06, 7.8855e+00, 2.3861e-01, 
 2DIAGNOSTIC,    18, -7.100989222527e-01, 1.686272412371e-06, 8.1230e+00, 2.3746e-01, 
 2DIAGNOSTIC,    19, -7.100990414619e-01, 1.616281906536e-06, 8.3590e+00, 2.3596e-01, 
 2DIAGNOSTIC,    20, -7.100990414619e-01, 1.536743752695e-06, 8.5937e+00, 2.3474e-01, 
 2DIAGNOSTIC,    21, -7.100989818573e-01, 1.477553610130e-06, 8.8330e+00, 2.3926e-01, 
 2DIAGNOSTIC,    22, -7.100989818573e-01, 1.423970047654e-06, 9.0689e+00, 2.3599e-01, 
 2DIAGNOSTIC,    23, -7.100991010666e-01, 1.378626393489e-06, 9.3063e+00, 2.3736e-01, 
 2DIAGNOSTIC,    24, -7.100991010666e-01, 1.322337311649e-06, 9.5393e+00, 2.3301e-01, 
 2DIAGNOSTIC,    25, -7.100991010666e-01, 1.273697080251e-06, 9.7807e+00, 2.4142e-01, 
 2DIAGNOSTIC,    26, -7.100991010666e-01, 1.227865595865e-06, 1.0014e+01, 2.3327e-01, 
 2DIAGNOSTIC,    27, -7.100990414619e-01, 1.182433152280e-06, 1.0249e+01, 2.3510e-01, 
 2DIAGNOSTIC,    28, -7.100989222527e-01, 1.136367473009e-06, 1.0483e+01, 2.3390e-01, 
 2DIAGNOSTIC,    29, -7.100990414619e-01, 1.096762957786e-06, 1.0720e+01, 2.3681e-01, 
 2DIAGNOSTIC,    30, -7.100989222527e-01, 1.058192992787e-06, 1.0958e+01, 2.3844e-01, 
 2DIAGNOSTIC,    31, -7.100991606712e-01, 1.024681978379e-06, 1.1221e+01, 2.6295e-01, 
DIAGNOSTIC,Iteration,metricValue,convergenceValue,ITERATION_TIME_INDEX,SINCE_LAST
 2DIAGNOSTIC,     1, -6.358249783516e-01, inf, 1.3650e+01, 2.4292e+00, 
  Elapsed time (stage 0): 1.4803e+01


Stage 1
  iterations = 1000x500x250x0
  convergence threshold = 1.0000e-06
  convergence window size = 10
  number of levels = 4
  using the Mattes MI metric (number of bins = 32, weight = 1.0000e+00)
  preprocessing:  winsorizing the image intensities
  preprocessing:  histogram matching the images
  Shrink factors (level 1 out of 4): [6, 6, 6]
  Shrink factors (level 2 out of 4): [4, 4, 4]
  Shrink factors (level 3 out of 4): [2, 2, 2]
  Shrink factors (level 4 out of 4): [1, 1, 1]
  smoothing sigmas per level: [4, 2, 1, 0]
  regular sampling (percentage = 2.5000e-01)

*** Running AffineTransform registration ***

DIAGNOSTIC,Iteration,metricValue,convergenceValue,ITERATION_TIME_INDEX,SINCE_LAST
 2DIAGNOSTIC,     1, -1.023309946060e+00, inf, 7.8168e-01, 7.8168e-01, 
 2DIAGNOSTIC,     2, -1.024726510048e+00, inf, 7.9053e-01, 8.8539e-03, 
 2DIAGNOSTIC,     3, -1.026039242744e+00, inf, 7.9938e-01, 8.8520e-03, 
 2DIAGNOSTIC,     4, -1.027578473091e+00, inf, 8.0825e-01, 8.8701e-03, 
 2DIAGNOSTIC,     5, -1.028806209564e+00, inf, 8.1707e-01, 8.8151e-03, 
 2DIAGNOSTIC,     6, -1.030175924301e+00, inf, 8.2605e-01, 8.9810e-03, 
 2DIAGNOSTIC,     7, -1.032475948334e+00, inf, 8.3617e-01, 1.0119e-02, 
 2DIAGNOSTIC,     8, -1.035169839859e+00, inf, 8.5072e-01, 1.4549e-02, 
 2DIAGNOSTIC,     9, -1.035229563713e+00, inf, 8.6021e-01, 9.4910e-03, 
 2DIAGNOSTIC,    10, -1.035175800323e+00, 8.301189518534e-04, 8.6886e-01, 8.6482e-03, 
 2DIAGNOSTIC,    11, -1.035271883011e+00, 6.862112204544e-04, 8.7834e-01, 9.4800e-03, 
 2DIAGNOSTIC,    12, -1.035358786583e+00, 5.384139367379e-04, 8.8790e-01, 9.5642e-03, 
 2DIAGNOSTIC,    13, -1.035360574722e+00, 3.916153218597e-04, 8.9782e-01, 9.9230e-03, 
 2DIAGNOSTIC,    14, -1.035353302956e+00, 2.608894428704e-04, 9.0651e-01, 8.6892e-03, 
