
Running N4 for 3-dimensional images.

Mask not read.  Using the entire image as the mask.

Original intensity range:  [0, 772]

***********************************************************
Warning:  Your input image contains nonpositive values
which could cause failure or problematic results.  A
possible workaround would be to:
   1. rescale your image to positive values e.g., [10,100].
   2. run N4 on your rescaled image.
   3. (optional) rescale the N4 output to the original
      intensity range.
***********************************************************

Specified spline distance: 200mm
  original image size:  [192, 256, 256]
  padded image size:  [201, 401, 401]
  number of control points:  [4, 5, 5]

Current level = 1
  Iteration 1 (of 50).   Current convergence value = 0.00015042 (threshold = 1e-08)
  Iteration 2 (of 50).   Current convergence value = 0.000151175 (threshold = 1e-08)
  Iteration 3 (of 50).   Current convergence value = 0.000152696 (threshold = 1e-08)
  Iteration 4 (of 50).   Current convergence value = 0.000152984 (threshold = 1e-08)
  Iteration 5 (of 50).   Current convergence value = 0.000152099 (threshold = 1e-08)
  Iteration 6 (of 50).   Current convergence value = 0.000150386 (threshold = 1e-08)
  Iteration 7 (of 50).   Current convergence value = 0.000147968 (threshold = 1e-08)
  Iteration 8 (of 50).   Current convergence value = 0.000145101 (threshold = 1e-08)
  Iteration 9 (of 50).   Current convergence value = 0.000142183 (threshold = 1e-08)
  Iteration 10 (of 50).   Current convergence value = 0.000139271 (threshold = 1e-08)
  Iteration 11 (of 50).   Current convergence value = 0.000136434 (threshold = 1e-08)
  Iteration 12 (of 50).   Current convergence value = 0.000133441 (threshold = 1e-08)
  Iteration 13 (of 50).   Current convergence value = 0.000130682 (threshold = 1e-08)
  Iteration 14 (of 50).   Current convergence value = 0.000128231 (threshold = 1e-08)
  Iteration 15 (of 50).   Current convergence value = 0.000125914 (threshold = 1e-08)
  Iteration 16 (of 50).   Current convergence value = 0.000123559 (threshold = 1e-08)
  Iteration 17 (of 50).   Current convergence value = 0.000121467 (threshold = 1e-08)
  Iteration 18 (of 50).   Current convergence value = 0.000119445 (threshold = 1e-08)
  Iteration 19 (of 50).   Current convergence value = 0.000117638 (threshold = 1e-08)
  Iteration 20 (of 50).   Current convergence value = 0.000115948 (threshold = 1e-08)
  Iteration 21 (of 50).   Current convergence value = 0.000114271 (threshold = 1e-08)
  Iteration 22 (of 50).   Current convergence value = 0.00011267 (threshold = 1e-08)
  Iteration 23 (of 50).   Current convergence value = 0.000111196 (threshold = 1e-08)
  Iteration 24 (of 50).   Current convergence value = 0.000109746 (threshold = 1e-08)
  Iteration 25 (of 50).   Current convergence value = 0.000108463 (threshold = 1e-08)
  Iteration 26 (of 50).   Current convergence value = 0.000107129 (threshold = 1e-08)
  Iteration 27 (of 50).   Current convergence value = 0.000105954 (threshold = 1e-08)
  Iteration 28 (of 50).   Current convergence value = 0.000104929 (threshold = 1e-08)
  Iteration 29 (of 50).   Current convergence value = 0.000103764 (threshold = 1e-08)
  Iteration 30 (of 50).   Current convergence value = 0.00010273 (threshold = 1e-08)
  Iteration 31 (of 50).   Current convergence value = 0.000101712 (threshold = 1e-08)
  Iteration 32 (of 50).   Current convergence value = 0.000100662 (threshold = 1e-08)
  Iteration 33 (of 50).   Current convergence value = 9.98694e-05 (threshold = 1e-08)
  Iteration 34 (of 50).   Current convergence value = 9.90498e-05 (threshold = 1e-08)
  Iteration 35 (of 50).   Current convergence value = 9.83457e-05 (threshold = 1e-08)
  Iteration 36 (of 50).   Current convergence value = 9.75556e-05 (threshold = 1e-08)
  Iteration 37 (of 50).   Current convergence value = 9.67876e-05 (threshold = 1e-08)
  Iteration 38 (of 50).   Current convergence value = 9.59493e-05 (threshold = 1e-08)
  Iteration 39 (of 50).   Current convergence value = 9.53632e-05 (threshold = 1e-08)
  Iteration 40 (of 50).   Current convergence value = 9.47859e-05 (threshold = 1e-08)
  Iteration 41 (of 50).   Current convergence value = 9.43448e-05 (threshold = 1e-08)
  Iteration 42 (of 50).   Current convergence value = 9.39733e-05 (threshold = 1e-08)
  Iteration 43 (of 50).   Current convergence value = 9.3523e-05 (threshold = 1e-08)
  Iteration 44 (of 50).   Current convergence value = 9.29832e-05 (threshold = 1e-08)
  Iteration 45 (of 50).   Current convergence value = 9.24864e-05 (threshold = 1e-08)
  Iteration 46 (of 50).   Current convergence value = 9.20226e-05 (threshold = 1e-08)
  Iteration 47 (of 50).   Current convergence value = 9.16578e-05 (threshold = 1e-08)
  Iteration 48 (of 50).   Current convergence value = 9.13174e-05 (threshold = 1e-08)
  Iteration 49 (of 50).   Current convergence value = 9.09523e-05 (threshold = 1e-08)
  Iteration 50 (of 50).   Current convergence value = 9.04943e-05 (threshold = 1e-08)
Current level = 2
  Iteration 1 (of 50).   Current convergence value = 0.00052348 (threshold = 1e-08)
  Iteration 2 (of 50).   Current convergence value = 0.000428904 (threshold = 1e-08)
  Iteration 3 (of 50).   Current convergence value = 0.000360448 (threshold = 1e-08)
  Iteration 4 (of 50).   Current convergence value = 0.000305426 (threshold = 1e-08)
  Iteration 5 (of 50).   Current convergence value = 0.000260535 (threshold = 1e-08)
  Iteration 6 (of 50).   Current convergence value = 0.000223285 (threshold = 1e-08)
  Iteration 7 (of 50).   Current convergence value = 0.000195962 (threshold = 1e-08)
  Iteration 8 (of 50).   Current convergence value = 0.00017302 (threshold = 1e-08)
  Iteration 9 (of 50).   Current convergence value = 0.000152039 (threshold = 1e-08)
  Iteration 10 (of 50).   Current convergence value = 0.000134277 (threshold = 1e-08)
  Iteration 11 (of 50).   Current convergence value = 0.000119385 (threshold = 1e-08)
  Iteration 12 (of 50).   Current convergence value = 0.0001069 (threshold = 1e-08)
  Iteration 13 (of 50).   Current convergence value = 9.67066e-05 (threshold = 1e-08)
  Iteration 14 (of 50).   Current convergence value = 8.88837e-05 (threshold = 1e-08)
  Iteration 15 (of 50).   Current convergence value = 8.35841e-05 (threshold = 1e-08)
  Iteration 16 (of 50).   Current convergence value = 7.9686e-05 (threshold = 1e-08)
  Iteration 17 (of 50).   Current convergence value = 7.66911e-05 (threshold = 1e-08)
  Iteration 18 (of 50).   Current convergence value = 7.44806e-05 (threshold = 1e-08)
  Iteration 19 (of 50).   Current convergence value = 7.28116e-05 (threshold = 1e-08)
  Iteration 20 (of 50).   Current convergence value = 7.14593e-05 (threshold = 1e-08)
  Iteration 21 (of 50).   Current convergence value = 7.04201e-05 (threshold = 1e-08)
  Iteration 22 (of 50).   Current convergence value = 6.96189e-05 (threshold = 1e-08)
  Iteration 23 (of 50).   Current convergence value = 6.89518e-05 (threshold = 1e-08)
  Iteration 24 (of 50).   Current convergence value = 6.81834e-05 (threshold = 1e-08)
  Iteration 25 (of 50).   Current convergence value = 6.75785e-05 (threshold = 1e-08)
  Iteration 26 (of 50).   Current convergence value = 6.7169e-05 (threshold = 1e-08)
  Iteration 27 (of 50).   Current convergence value = 6.66422e-05 (threshold = 1e-08)
  Iteration 28 (of 50).   Current convergence value = 6.61092e-05 (threshold = 1e-08)
  Iteration 29 (of 50).   Current convergence value = 6.5667e-05 (threshold = 1e-08)
  Iteration 30 (of 50).   Current convergence value = 6.52231e-05 (threshold = 1e-08)
  Iteration 31 (of 50).   Current convergence value = 6.46581e-05 (threshold = 1e-08)
  Iteration 32 (of 50).   Current convergence value = 6.42423e-05 (threshold = 1e-08)
  Iteration 33 (of 50).   Current convergence value = 6.37608e-05 (threshold = 1e-08)
  Iteration 34 (of 50).   Current convergence value = 6.33138e-05 (threshold = 1e-08)
  Iteration 35 (of 50).   Current convergence value = 6.29007e-05 (threshold = 1e-08)
  Iteration 36 (of 50).   Current convergence value = 6.23715e-05 (threshold = 1e-08)
  Iteration 37 (of 50).   Current convergence value = 6.18326e-05 (threshold = 1e-08)
  Iteration 38 (of 50).   Current convergence value = 6.13472e-05 (threshold = 1e-08)
  Iteration 39 (of 50).   Current convergence value = 6.10458e-05 (threshold = 1e-08)
  Iteration 40 (of 50).   Current convergence value = 6.04849e-05 (threshold = 1e-08)
  Iteration 41 (of 50).   Current convergence value = 5.99072e-05 (threshold = 1e-08)
  Iteration 42 (of 50).   Current convergence value = 5.94617e-05 (threshold = 1e-08)
  Iteration 43 (of 50).   Current convergence value = 5.90201e-05 (threshold = 1e-08)
  Iteration 44 (of 50).   Current convergence value = 5.85874e-05 (threshold = 1e-08)
  Iteration 45 (of 50).   Current convergence value = 5.79981e-05 (threshold = 1e-08)
  Iteration 46 (of 50).   Current convergence value = 5.75384e-05 (threshold = 1e-08)
  Iteration 47 (of 50).   Current convergence value = 5.71645e-05 (threshold = 1e-08)
  Iteration 48 (of 50).   Current convergence value = 5.67447e-05 (threshold = 1e-08)
  Iteration 49 (of 50).   Current convergence value = 5.61474e-05 (threshold = 1e-08)
  Iteration 50 (of 50).   Current convergence value = 5.57484e-05 (threshold = 1e-08)
Current level = 3
  Iteration 1 (of 40).   Current convergence value = 0.00154853 (threshold = 1e-08)
  Iteration 2 (of 40).   Current convergence value = 0.00108248 (threshold = 1e-08)
  Iteration 3 (of 40).   Current convergence value = 0.000840871 (threshold = 1e-08)
  Iteration 4 (of 40).   Current convergence value = 0.000689729 (threshold = 1e-08)
  Iteration 5 (of 40).   Current convergence value = 0.000581777 (threshold = 1e-08)
  Iteration 6 (of 40).   Current convergence value = 0.000508323 (threshold = 1e-08)
  Iteration 7 (of 40).   Current convergence value = 0.000460745 (threshold = 1e-08)
  Iteration 8 (of 40).   Current convergence value = 0.00042595 (threshold = 1e-08)
  Iteration 9 (of 40).   Current convergence value = 0.000392121 (threshold = 1e-08)
  Iteration 10 (of 40).   Current convergence value = 0.00036387 (threshold = 1e-08)
  Iteration 11 (of 40).   Current convergence value = 0.000341576 (threshold = 1e-08)
  Iteration 12 (of 40).   Current convergence value = 0.000323544 (threshold = 1e-08)
  Iteration 13 (of 40).   Current convergence value = 0.00030931 (threshold = 1e-08)
  Iteration 14 (of 40).   Current convergence value = 0.00029878 (threshold = 1e-08)
  Iteration 15 (of 40).   Current convergence value = 0.000291162 (threshold = 1e-08)
  Iteration 16 (of 40).   Current convergence value = 0.000284981 (threshold = 1e-08)
  Iteration 17 (of 40).   Current convergence value = 0.000279887 (threshold = 1e-08)
  Iteration 18 (of 40).   Current convergence value = 0.000275476 (threshold = 1e-08)
  Iteration 19 (of 40).   Current convergence value = 0.000271805 (threshold = 1e-08)
  Iteration 20 (of 40).   Current convergence value = 0.00027486 (threshold = 1e-08)
  Iteration 21 (of 40).   Current convergence value = 0.000285388 (threshold = 1e-08)
  Iteration 22 (of 40).   Current convergence value = 0.000296393 (threshold = 1e-08)
  Iteration 23 (of 40).   Current convergence value = 0.000305471 (threshold = 1e-08)
  Iteration 24 (of 40).   Current convergence value = 0.000312353 (threshold = 1e-08)
  Iteration 25 (of 40).   Current convergence value = 0.000317225 (threshold = 1e-08)
  Iteration 26 (of 40).   Current convergence value = 0.000320846 (threshold = 1e-08)
  Iteration 27 (of 40).   Current convergence value = 0.00032328 (threshold = 1e-08)
  Iteration 28 (of 40).   Current convergence value = 0.000324735 (threshold = 1e-08)
  Iteration 29 (of 40).   Current convergence value = 0.000325311 (threshold = 1e-08)
  Iteration 30 (of 40).   Current convergence value = 0.00032539 (threshold = 1e-08)
  Iteration 31 (of 40).   Current convergence value = 0.000324665 (threshold = 1e-08)
  Iteration 32 (of 40).   Current convergence value = 0.000323561 (threshold = 1e-08)
  Iteration 33 (of 40).   Current convergence value = 0.000316565 (threshold = 1e-08)
  Iteration 34 (of 40).   Current convergence value = 0.00030271 (threshold = 1e-08)
  Iteration 35 (of 40).   Current convergence value = 0.000291579 (threshold = 1e-08)
  Iteration 36 (of 40).   Current convergence value = 0.000282231 (threshold = 1e-08)
  Iteration 37 (of 40).   Current convergence value = 0.000274068 (threshold = 1e-08)
  Iteration 38 (of 40).   Current convergence value = 0.000266937 (threshold = 1e-08)
  Iteration 39 (of 40).   Current convergence value = 0.000260735 (threshold = 1e-08)
  Iteration 40 (of 40).   Current convergence value = 0.000255333 (threshold = 1e-08)
Current level = 4
  Iteration 1 (of 30).   Current convergence value = 0.001524 (threshold = 1e-08)
  Iteration 2 (of 30).   Current convergence value = 0.00150413 (threshold = 1e-08)
  Iteration 3 (of 30).   Current convergence value = 0.00144023 (threshold = 1e-08)
  Iteration 4 (of 30).   Current convergence value = 0.00138539 (threshold = 1e-08)
  Iteration 5 (of 30).   Current convergence value = 0.00135927 (threshold = 1e-08)
  Iteration 6 (of 30).   Current convergence value = 0.00136327 (threshold = 1e-08)
  Iteration 7 (of 30).   Current convergence value = 0.00132338 (threshold = 1e-08)
  Iteration 8 (of 30).   Current convergence value = 0.00121358 (threshold = 1e-08)
  Iteration 9 (of 30).   Current convergence value = 0.00113223 (threshold = 1e-08)
  Iteration 10 (of 30).   Current convergence value = 0.00104406 (threshold = 1e-08)
  Iteration 11 (of 30).   Current convergence value = 0.000969479 (threshold = 1e-08)
  Iteration 12 (of 30).   Current convergence value = 0.000910194 (threshold = 1e-08)
  Iteration 13 (of 30).   Current convergence value = 0.000862106 (threshold = 1e-08)
  Iteration 14 (of 30).   Current convergence value = 0.000821268 (threshold = 1e-08)
  Iteration 15 (of 30).   Current convergence value = 0.000786015 (threshold = 1e-08)
  Iteration 16 (of 30).   Current convergence value = 0.000754898 (threshold = 1e-08)
  Iteration 17 (of 30).   Current convergence value = 0.00072772 (threshold = 1e-08)
  Iteration 18 (of 30).   Current convergence value = 0.000704211 (threshold = 1e-08)
  Iteration 19 (of 30).   Current convergence value = 0.0006839 (threshold = 1e-08)
  Iteration 20 (of 30).   Current convergence value = 0.000666981 (threshold = 1e-08)
  Iteration 21 (of 30).   Current convergence value = 0.000653751 (threshold = 1e-08)
  Iteration 22 (of 30).   Current convergence value = 0.000644107 (threshold = 1e-08)
  Iteration 23 (of 30).   Current convergence value = 0.000638467 (threshold = 1e-08)
  Iteration 24 (of 30).   Current convergence value = 0.000637103 (threshold = 1e-08)
  Iteration 25 (of 30).   Current convergence value = 0.000610929 (threshold = 1e-08)
  Iteration 26 (of 30).   Current convergence value = 0.000567402 (threshold = 1e-08)
  Iteration 27 (of 30).   Current convergence value = 0.000531806 (threshold = 1e-08)
  Iteration 28 (of 30).   Current convergence value = 0.000502434 (threshold = 1e-08)
  Iteration 29 (of 30).   Current convergence value = 0.000477487 (threshold = 1e-08)
  Iteration 30 (of 30).   Current convergence value = 0.000456507 (threshold = 1e-08)
   N4BiasFieldCorrectionImageFilter (0x55921cf26e20)
     RTTI typeinfo:   itk::N4BiasFieldCorrectionImageFilter<itk::Image<float, 3u>, itk::Image<float, 3u>, itk::Image<float, 3u> >
     Reference Count: 1
     Modified Time: 565
     Debug: Off
     Object Name: 
     Observers: 
       IterationEvent(Command)
     Inputs: 
       ConfidenceImage: (0)
       MaskImage: (0x55921cf515d0)
       Primary: (0x55921cf4caf0) *
     Indexed Inputs: 
       0: Primary (0x55921cf4caf0)
       1: MaskImage (0x55921cf515d0)
       2: ConfidenceImage (0)
     Required Input Names: Primary
     NumberOfRequiredInputs: 1
     Outputs: 
       Primary: (0x55921cf36ef0)
     Indexed Outputs: 
       0: Primary (0x55921cf36ef0)
     NumberOfRequiredOutputs: 1
     Number Of Work Units: 32
     ReleaseDataFlag: Off
     ReleaseDataBeforeUpdateFlag: Off
     AbortGenerateData: Off
     Progress: 0
     Multithreader: 
       RTTI typeinfo:   itk::PoolMultiThreader
       Reference Count: 1
       Modified Time: 144
       Debug: Off
       Object Name: 
       Observers: 
         none
       Number of Work Units: 32
       Number of Threads: 8
       Global Maximum Number Of Threads: 128
       Global Default Number Of Threads: 8
       Global Default Threader Type: itk::MultiThreaderBaseEnums::Threader::Pool
       SingleMethod: 0
       SingleData: 0
     DynamicMultiThreading: On
     CoordinateTolerance: 1e-06
     DirectionTolerance: 1e-06
     Use Mask Label: 0
     Mask label: 1
     Number of histogram bins: 200
     Wiener filter noise: 0.01
     Bias field FWHM: 0.15
     Maximum number of iterations: [50, 50, 40, 30]
     Convergence threshold: 1e-08
     Spline order: 3
     Number of fitting levels: [4, 4, 4]
     Number of control points: [4, 5, 5]
     CurrentConvergenceMeasurement: 0.000456507
     CurrentLevel: 4
     ElapsedIterations: 31
     LogBiasFieldControlPointLattice: 
       Image (0x559228ec96a0)
         RTTI typeinfo:   itk::Image<itk::Vector<float, 1u>, 3u>
         Reference Count: 1
         Modified Time: 343560
         Debug: Off
         Object Name: 
         Observers: 
           none
         Source: (none)
         Source output name: (none)
         Release Data: Off
         Data Released: False
         Global Release Data: Off
         PipelineMTime: 0
         UpdateMTime: 0
         RealTimeStamp: 0 seconds 
         LargestPossibleRegion: 
           Dimension: 3
           Index: [0, 0, 0]
           Size: [11, 19, 19]
         BufferedRegion: 
           Dimension: 3
           Index: [0, 0, 0]
           Size: [11, 19, 19]
         RequestedRegion: 
           Dimension: 3
           Index: [0, 0, 0]
           Size: [11, 19, 19]
         Spacing: [24.75, 24.875, 24.875]
         Origin: [27.5131, 20.4937, -25.9448]
         Direction: 
-0.996707 -0.0529318 -0.061423
0.04509 -0.99142 0.122691
-0.0673903 0.119518 0.990542

         IndexToPointMatrix: 
-24.6685 -1.31668 -1.5279
1.11598 -24.6616 3.05194
-1.66791 2.97301 24.6397

         PointToIndexMatrix: 
-0.040271 0.00182182 -0.00272284
-0.00212791 -0.0398561 0.00480472
-0.00246927 0.00493232 0.0398208

         Inverse Direction: 
-0.996707 0.04509 -0.0673903
-0.0529318 -0.99142 0.119517
-0.061423 0.122692 0.990542

         PixelContainer: 
           ImportImageContainer (0x55922b096e90)
             RTTI typeinfo:   itk::ImportImageContainer<unsigned long, itk::Vector<float, 1u> >
             Reference Count: 1
             Modified Time: 343561
             Debug: Off
             Object Name: 
             Observers: 
               none
             Pointer: 0x5592270c5a20
             Container manages memory: true
             Size: 3971
             Capacity: 3971
Elapsed time: 304.92
All_Command_lines_OK
Using single precision for computations.
=============================================================================
The composite transform comprises the following transforms (in order): 
  1. Center of mass alignment using fixed image: /home/mpib/nemecz/Projects/miniTRK/Results/01_MRI/GroupTempl/T1w/T_template0.nii.gz and moving image: /home/mpib/nemecz/Projects/miniTRK/Analysis/01_MRI/Preproc/GroupTempl/T1w/sub-848038_T1w.nii.gz (type = Euler3DTransform)
=============================================================================
  number of levels = 4
  number of levels = 4
  number of levels = 4
  fixed image: /home/mpib/nemecz/Projects/miniTRK/Results/01_MRI/GroupTempl/T1w/T_template0.nii.gz
  moving image: /home/mpib/nemecz/Projects/miniTRK/Results/01_MRI/GroupTempl/T1w/T_template0sub-848038_T1wRepaired.nii.gz
  fixed image: /home/mpib/nemecz/Projects/miniTRK/Results/01_MRI/GroupTempl/T1w/T_template0.nii.gz
  moving image: /home/mpib/nemecz/Projects/miniTRK/Results/01_MRI/GroupTempl/T1w/T_template0sub-848038_T1wRepaired.nii.gz
  fixed image: /home/mpib/nemecz/Projects/miniTRK/Results/01_MRI/GroupTempl/T1w/T_template0.nii.gz
  moving image: /home/mpib/nemecz/Projects/miniTRK/Results/01_MRI/GroupTempl/T1w/T_template0sub-848038_T1wRepaired.nii.gz
Dimension = 3
Number of stages = 3
Use Histogram Matching true
Winsorize image intensities true
Lower quantile = 0.01
Upper quantile = 0.99
Stage 1 State
   Image metric = Mattes
     Fixed image = Image (0x5583a7f8aad0)
  RTTI typeinfo:   itk::Image<float, 3u>
  Reference Count: 2
  Modified Time: 1721
  Debug: Off
  Object Name: 
  Observers: 
    none
  Source: (none)
  Source output name: (none)
  Release Data: Off
  Data Released: False
  Global Release Data: Off
  PipelineMTime: 0
  UpdateMTime: 1506
  RealTimeStamp: 0 seconds 
  LargestPossibleRegion: 
    Dimension: 3
    Index: [0, 0, 0]
    Size: [192, 256, 256]
  BufferedRegion: 
    Dimension: 3
    Index: [0, 0, 0]
    Size: [192, 256, 256]
  RequestedRegion: 
    Dimension: 3
    Index: [0, 0, 0]
    Size: [192, 256, 256]
  Spacing: [1, 1, 1]
  Origin: [95.0313, 100.538, -154.123]
  Direction: 
-0.999853 -0.014134 -0.00966312
0.014129 -0.9999 0.000586045
-0.00967044 0.000449429 0.999953

  IndexToPointMatrix: 
-0.999853 -0.014134 -0.00966312
0.014129 -0.9999 0.000586045
-0.00967044 0.000449429 0.999953

  PointToIndexMatrix: 
-0.999853 0.014129 -0.00967044
-0.014134 -0.9999 0.000449429
-0.00966312 0.000586045 0.999953

  Inverse Direction: 
-0.999853 0.014129 -0.00967044
-0.014134 -0.9999 0.000449429
-0.00966312 0.000586045 0.999953

  PixelContainer: 
    ImportImageContainer (0x5583a7f92c80)
      RTTI typeinfo:   itk::ImportImageContainer<unsigned long, float>
      Reference Count: 1
      Modified Time: 1503
      Debug: Off
      Object Name: 
      Observers: 
        none
      Pointer: 0x7f77e2816010
      Container manages memory: true
      Size: 12582912
      Capacity: 12582912

     Moving image = Image (0x5583a7f8bbc0)
  RTTI typeinfo:   itk::Image<float, 3u>
  Reference Count: 2
  Modified Time: 1722
  Debug: Off
  Object Name: 
  Observers: 
    none
  Source: (none)
  Source output name: (none)
  Release Data: Off
  Data Released: False
  Global Release Data: Off
  PipelineMTime: 0
  UpdateMTime: 1719
  RealTimeStamp: 0 seconds 
  LargestPossibleRegion: 
    Dimension: 3
    Index: [0, 0, 0]
    Size: [192, 256, 256]
  BufferedRegion: 
    Dimension: 3
    Index: [0, 0, 0]
    Size: [192, 256, 256]
  RequestedRegion: 
    Dimension: 3
    Index: [0, 0, 0]
    Size: [192, 256, 256]
  Spacing: [1, 1, 1]
  Origin: [108.095, 80.6547, -162.718]
  Direction: 
-0.996707 -0.0529318 -0.061423
0.04509 -0.99142 0.122691
-0.0673903 0.119518 0.990542

  IndexToPointMatrix: 
-0.996707 -0.0529318 -0.061423
0.04509 -0.99142 0.122691
-0.0673903 0.119518 0.990542

  PointToIndexMatrix: 
-0.996707 0.04509 -0.0673903
-0.0529318 -0.99142 0.119518
-0.061423 0.122691 0.990542

  Inverse Direction: 
-0.996707 0.04509 -0.0673903
-0.0529318 -0.99142 0.119518
-0.061423 0.122691 0.990542

  PixelContainer: 
    ImportImageContainer (0x5583a7f97100)
      RTTI typeinfo:   itk::ImportImageContainer<unsigned long, float>
      Reference Count: 1
      Modified Time: 1716
      Debug: Off
      Object Name: 
      Observers: 
        none
      Pointer: 0x7f77df815010
      Container manages memory: true
      Size: 12582912
      Capacity: 12582912

     Weighting = 1
     Sampling strategy = regular
     Number of bins = 32
     Radius = 4
     Sampling percentage  = 0.25
   Transform = Rigid
     Gradient step = 0.1
     Update field sigma (voxel space) = 0
     Total field sigma (voxel space) = 0
     Update field time sigma = 0
     Total field time sigma  = 0
     Number of time indices = 0
     Number of time point samples = 0
Stage 2 State
   Image metric = Mattes
     Fixed image = Image (0x5583a7fa3870)
  RTTI typeinfo:   itk::Image<float, 3u>
  Reference Count: 2
  Modified Time: 2149
  Debug: Off
  Object Name: 
  Observers: 
    none
  Source: (none)
  Source output name: (none)
  Release Data: Off
  Data Released: False
  Global Release Data: Off
  PipelineMTime: 0
  UpdateMTime: 1934
  RealTimeStamp: 0 seconds 
  LargestPossibleRegion: 
    Dimension: 3
    Index: [0, 0, 0]
    Size: [192, 256, 256]
  BufferedRegion: 
    Dimension: 3
    Index: [0, 0, 0]
    Size: [192, 256, 256]
  RequestedRegion: 
    Dimension: 3
    Index: [0, 0, 0]
    Size: [192, 256, 256]
  Spacing: [1, 1, 1]
  Origin: [95.0313, 100.538, -154.123]
  Direction: 
-0.999853 -0.014134 -0.00966312
0.014129 -0.9999 0.000586045
-0.00967044 0.000449429 0.999953

  IndexToPointMatrix: 
-0.999853 -0.014134 -0.00966312
0.014129 -0.9999 0.000586045
-0.00967044 0.000449429 0.999953

  PointToIndexMatrix: 
-0.999853 0.014129 -0.00967044
-0.014134 -0.9999 0.000449429
-0.00966312 0.000586045 0.999953

  Inverse Direction: 
-0.999853 0.014129 -0.00967044
-0.014134 -0.9999 0.000449429
-0.00966312 0.000586045 0.999953

  PixelContainer: 
    ImportImageContainer (0x5583a7f8e6d0)
      RTTI typeinfo:   itk::ImportImageContainer<unsigned long, float>
      Reference Count: 1
      Modified Time: 1931
      Debug: Off
      Object Name: 
      Observers: 
        none
      Pointer: 0x7f77dc814010
      Container manages memory: true
      Size: 12582912
      Capacity: 12582912

     Moving image = Image (0x5583a7fa34c0)
  RTTI typeinfo:   itk::Image<float, 3u>
  Reference Count: 2
  Modified Time: 2150
  Debug: Off
  Object Name: 
  Observers: 
    none
  Source: (none)
  Source output name: (none)
  Release Data: Off
  Data Released: False
  Global Release Data: Off
  PipelineMTime: 0
  UpdateMTime: 2147
  RealTimeStamp: 0 seconds 
  LargestPossibleRegion: 
    Dimension: 3
    Index: [0, 0, 0]
    Size: [192, 256, 256]
  BufferedRegion: 
    Dimension: 3
    Index: [0, 0, 0]
    Size: [192, 256, 256]
  RequestedRegion: 
    Dimension: 3
    Index: [0, 0, 0]
    Size: [192, 256, 256]
  Spacing: [1, 1, 1]
  Origin: [108.095, 80.6547, -162.718]
  Direction: 
-0.996707 -0.0529318 -0.061423
0.04509 -0.99142 0.122691
-0.0673903 0.119518 0.990542

  IndexToPointMatrix: 
-0.996707 -0.0529318 -0.061423
0.04509 -0.99142 0.122691
-0.0673903 0.119518 0.990542

  PointToIndexMatrix: 
-0.996707 0.04509 -0.0673903
-0.0529318 -0.99142 0.119518
-0.061423 0.122691 0.990542

  Inverse Direction: 
-0.996707 0.04509 -0.0673903
-0.0529318 -0.99142 0.119518
-0.061423 0.122691 0.990542

  PixelContainer: 
    ImportImageContainer (0x5583a7fa48c0)
      RTTI typeinfo:   itk::ImportImageContainer<unsigned long, float>
      Reference Count: 1
      Modified Time: 2144
      Debug: Off
      Object Name: 
      Observers: 
        none
      Pointer: 0x7f77d9813010
      Container manages memory: true
      Size: 12582912
      Capacity: 12582912

     Weighting = 1
     Sampling strategy = regular
     Number of bins = 32
     Radius = 4
     Sampling percentage  = 0.25
   Transform = Affine
     Gradient step = 0.1
     Update field sigma (voxel space) = 0
     Total field sigma (voxel space) = 0
     Update field time sigma = 0
     Total field time sigma  = 0
     Number of time indices = 0
     Number of time point samples = 0
Stage 3 State
   Image metric = CC
     Fixed image = Image (0x5583a7faa960)
  RTTI typeinfo:   itk::Image<float, 3u>
  Reference Count: 2
  Modified Time: 2577
  Debug: Off
  Object Name: 
  Observers: 
    none
  Source: (none)
  Source output name: (none)
  Release Data: Off
  Data Released: False
  Global Release Data: Off
  PipelineMTime: 0
  UpdateMTime: 2362
  RealTimeStamp: 0 seconds 
  LargestPossibleRegion: 
    Dimension: 3
    Index: [0, 0, 0]
    Size: [192, 256, 256]
  BufferedRegion: 
    Dimension: 3
    Index: [0, 0, 0]
    Size: [192, 256, 256]
  RequestedRegion: 
    Dimension: 3
    Index: [0, 0, 0]
    Size: [192, 256, 256]
  Spacing: [1, 1, 1]
  Origin: [95.0313, 100.538, -154.123]
  Direction: 
-0.999853 -0.014134 -0.00966312
0.014129 -0.9999 0.000586045
-0.00967044 0.000449429 0.999953

  IndexToPointMatrix: 
-0.999853 -0.014134 -0.00966312
0.014129 -0.9999 0.000586045
-0.00967044 0.000449429 0.999953

  PointToIndexMatrix: 
-0.999853 0.014129 -0.00967044
-0.014134 -0.9999 0.000449429
-0.00966312 0.000586045 0.999953

  Inverse Direction: 
-0.999853 0.014129 -0.00967044
-0.014134 -0.9999 0.000449429
-0.00966312 0.000586045 0.999953

  PixelContainer: 
    ImportImageContainer (0x5583a7f8b660)
      RTTI typeinfo:   itk::ImportImageContainer<unsigned long, float>
      Reference Count: 1
      Modified Time: 2359
      Debug: Off
      Object Name: 
      Observers: 
        none
      Pointer: 0x7f77d6812010
      Container manages memory: true
      Size: 12582912
      Capacity: 12582912

     Moving image = Image (0x5583a7fac840)
  RTTI typeinfo:   itk::Image<float, 3u>
  Reference Count: 2
  Modified Time: 2578
  Debug: Off
  Object Name: 
  Observers: 
    none
  Source: (none)
  Source output name: (none)
  Release Data: Off
  Data Released: False
  Global Release Data: Off
  PipelineMTime: 0
  UpdateMTime: 2575
  RealTimeStamp: 0 seconds 
  LargestPossibleRegion: 
    Dimension: 3
    Index: [0, 0, 0]
    Size: [192, 256, 256]
  BufferedRegion: 
    Dimension: 3
    Index: [0, 0, 0]
    Size: [192, 256, 256]
  RequestedRegion: 
    Dimension: 3
    Index: [0, 0, 0]
    Size: [192, 256, 256]
  Spacing: [1, 1, 1]
  Origin: [108.095, 80.6547, -162.718]
  Direction: 
-0.996707 -0.0529318 -0.061423
0.04509 -0.99142 0.122691
-0.0673903 0.119518 0.990542

  IndexToPointMatrix: 
-0.996707 -0.0529318 -0.061423
0.04509 -0.99142 0.122691
-0.0673903 0.119518 0.990542

  PointToIndexMatrix: 
-0.996707 0.04509 -0.0673903
-0.0529318 -0.99142 0.119518
-0.061423 0.122691 0.990542

  Inverse Direction: 
-0.996707 0.04509 -0.0673903
-0.0529318 -0.99142 0.119518
-0.061423 0.122691 0.990542

  PixelContainer: 
    ImportImageContainer (0x5583a7fa9660)
      RTTI typeinfo:   itk::ImportImageContainer<unsigned long, float>
      Reference Count: 1
      Modified Time: 2572
      Debug: Off
      Object Name: 
      Observers: 
        none
      Pointer: 0x7f77d3811010
      Container manages memory: true
      Size: 12582912
      Capacity: 12582912

     Weighting = 1
     Sampling strategy = none
     Number of bins = 32
     Radius = 4
     Sampling percentage  = 1
   Transform = SyN
     Gradient step = 0.1
     Update field sigma (voxel space) = 3
     Total field sigma (voxel space) = 0
     Update field time sigma = 0
     Total field time sigma  = 0
     Number of time indices = 0
     Number of time point samples = 0
Registration using 3 total stages.

Stage 0
  iterations = 1000x500x250x0
  convergence threshold = 1e-06
  convergence window size = 10
  number of levels = 4
  using the Mattes MI metric (number of bins = 32, weight = 1)
  preprocessing:  winsorizing the image intensities
  preprocessing:  histogram matching the images
  Shrink factors (level 1 out of 4): [6, 6, 6]
  Shrink factors (level 2 out of 4): [4, 4, 4]
  Shrink factors (level 3 out of 4): [2, 2, 2]
  Shrink factors (level 4 out of 4): [1, 1, 1]
  smoothing sigmas per level: [4, 2, 1, 0]
  regular sampling (percentage = 0.25)

*** Running Euler3DTransform registration ***

DIAGNOSTIC,Iteration,metricValue,convergenceValue,ITERATION_TIME_INDEX,SINCE_LAST
 2DIAGNOSTIC,     1, -7.476016283035e-01, inf, 6.6337e-01, 6.6337e-01, 
 2DIAGNOSTIC,     2, -7.487926483154e-01, inf, 6.7198e-01, 8.6100e-03, 
 2DIAGNOSTIC,     3, -7.503231763840e-01, inf, 6.8013e-01, 8.1518e-03, 
 2DIAGNOSTIC,     4, -7.524160146713e-01, inf, 6.8846e-01, 8.3299e-03, 
 2DIAGNOSTIC,     5, -7.553625702858e-01, inf, 6.9679e-01, 8.3320e-03, 
 2DIAGNOSTIC,     6, -7.582459449768e-01, inf, 7.0519e-01, 8.3990e-03, 
 2DIAGNOSTIC,     7, -7.603085637093e-01, inf, 7.1384e-01, 8.6508e-03, 
 2DIAGNOSTIC,     8, -7.629191875458e-01, inf, 7.2255e-01, 8.7121e-03, 
 2DIAGNOSTIC,     9, -7.645717263222e-01, inf, 7.3366e-01, 1.1105e-02, 
 2DIAGNOSTIC,    10, -7.669508457184e-01, 1.736001693644e-03, 7.4371e-01, 1.0055e-02, 
 2DIAGNOSTIC,    11, -7.680944204330e-01, 1.579186762683e-03, 7.5427e-01, 1.0553e-02, 
 2DIAGNOSTIC,    12, -7.703965902328e-01, 1.416253973730e-03, 7.6543e-01, 1.1160e-02, 
 2DIAGNOSTIC,    13, -7.711475491524e-01, 1.215414260514e-03, 7.7531e-01, 9.8810e-03, 
 2DIAGNOSTIC,    14, -7.711928486824e-01, 9.896665578708e-04, 7.8389e-01, 8.5862e-03, 
 2DIAGNOSTIC,    15, -7.713252305984e-01, 7.804593187757e-04, 7.9251e-01, 8.6172e-03, 
 2DIAGNOSTIC,    16, -7.716611027718e-01, 6.007778574713e-04, 8.0200e-01, 9.4850e-03, 
 2DIAGNOSTIC,    17, -7.720799446106e-01, 4.402767517604e-04, 8.1047e-01, 8.4751e-03, 
 2DIAGNOSTIC,    18, -7.724210023880e-01, 3.178509941790e-04, 8.1991e-01, 9.4349e-03, 
 2DIAGNOSTIC,    19, -7.727719545364e-01, 2.180373849114e-04, 8.3110e-01, 1.1193e-02, 
 2DIAGNOSTIC,    20, -7.728393673897e-01, 1.538109790999e-04, 8.4076e-01, 9.6591e-03, 
 2DIAGNOSTIC,    21, -7.728967666626e-01, 1.018642724375e-04, 8.5026e-01, 9.4969e-03, 
 2DIAGNOSTIC,    22, -7.729346752167e-01, 8.445193088846e-05, 8.6025e-01, 9.9940e-03, 
 2DIAGNOSTIC,    23, -7.729485034943e-01, 7.312251545954e-05, 8.6902e-01, 8.7709e-03, 
 2DIAGNOSTIC,    24, -7.731149196625e-01, 5.930968109169e-05, 8.7752e-01, 8.5020e-03, 
 2DIAGNOSTIC,    25, -7.732911109924e-01, 4.566664938466e-05, 8.8621e-01, 8.6870e-03, 
 2DIAGNOSTIC,    26, -7.734649181366e-01, 3.609106715885e-05, 8.9801e-01, 1.1804e-02, 
 2DIAGNOSTIC,    27, -7.735928893089e-01, 3.138362444588e-05, 9.0738e-01, 9.3660e-03, 
 2DIAGNOSTIC,    28, -7.736283540726e-01, 2.904709617724e-05, 9.1666e-01, 9.2759e-03, 
 2DIAGNOSTIC,    29, -7.737338542938e-01, 3.006155384355e-05, 9.2497e-01, 8.3170e-03, 
 2DIAGNOSTIC,    30, -7.741829752922e-01, 3.457792990957e-05, 9.3439e-01, 9.4192e-03, 
 2DIAGNOSTIC,    31, -7.741661071777e-01, 3.595503221732e-05, 9.4783e-01, 1.3442e-02, 
 2DIAGNOSTIC,    32, -7.741696834564e-01, 3.452312375885e-05, 9.5660e-01, 8.7678e-03, 
 2DIAGNOSTIC,    33, -7.742310166359e-01, 3.090724931099e-05, 9.6582e-01, 9.2161e-03, 
 2DIAGNOSTIC,    34, -7.742334008217e-01, 2.643143852765e-05, 9.7502e-01, 9.1980e-03, 
 2DIAGNOSTIC,    35, -7.742678523064e-01, 2.191253588535e-05, 9.8890e-01, 1.3881e-02, 
 2DIAGNOSTIC,    36, -7.742685079575e-01, 1.741315827530e-05, 9.9783e-01, 8.9302e-03, 
 2DIAGNOSTIC,    37, -7.742680311203e-01, 1.293880995945e-05, 1.0082e+00, 1.0395e-02, 
 2DIAGNOSTIC,    38, -7.742685675621e-01, 7.918351002445e-06, 1.0177e+00, 9.5050e-03, 
 2DIAGNOSTIC,    39, -7.742686867714e-01, 3.356786692166e-06, 1.0261e+00, 8.4081e-03, 
 2DIAGNOSTIC,    40, -7.742680907249e-01, 2.936241116913e-06, 1.0362e+00, 1.0050e-02, 
 2DIAGNOSTIC,    41, -7.742682099342e-01, 2.186716073993e-06, 1.0460e+00, 9.7780e-03, 
 2DIAGNOSTIC,    42, -7.742686867714e-01, 1.364255354019e-06, 1.0568e+00, 1.0834e-02, 
 2DIAGNOSTIC,    43, -7.742681503296e-01, 1.047954469868e-06, 1.0674e+00, 1.0557e-02, 
DIAGNOSTIC,Iteration,metricValue,convergenceValue,ITERATION_TIME_INDEX,SINCE_LAST
 2DIAGNOSTIC,     1, -5.899962782860e-01, inf, 1.7563e+00, 6.8893e-01, 
 2DIAGNOSTIC,     2, -5.902776718140e-01, inf, 1.7877e+00, 3.1387e-02, 
 2DIAGNOSTIC,     3, -5.906219482422e-01, inf, 1.8195e+00, 3.1840e-02, 
 2DIAGNOSTIC,     4, -5.909653902054e-01, inf, 1.8563e+00, 3.6756e-02, 
 2DIAGNOSTIC,     5, -5.910269618034e-01, inf, 1.8931e+00, 3.6839e-02, 
 2DIAGNOSTIC,     6, -5.910544991493e-01, inf, 1.9303e+00, 3.7165e-02, 
 2DIAGNOSTIC,     7, -5.910601615906e-01, inf, 1.9629e+00, 3.2662e-02, 
 2DIAGNOSTIC,     8, -5.910944938660e-01, inf, 2.0027e+00, 3.9758e-02, 
 2DIAGNOSTIC,     9, -5.910873413086e-01, inf, 2.0347e+00, 3.2006e-02, 
 2DIAGNOSTIC,    10, -5.910978317261e-01, 1.085031617549e-04, 2.0679e+00, 3.3217e-02, 
 2DIAGNOSTIC,    11, -5.911150574684e-01, 6.285242852755e-05, 2.1133e+00, 4.5404e-02, 
 2DIAGNOSTIC,    12, -5.911220312119e-01, 3.077381552430e-05, 2.1450e+00, 3.1706e-02, 
 2DIAGNOSTIC,    13, -5.911275744438e-01, 1.370109202981e-05, 2.1917e+00, 4.6642e-02, 
 2DIAGNOSTIC,    14, -5.911277532578e-01, 9.810543815547e-06, 2.2293e+00, 3.7665e-02, 
 2DIAGNOSTIC,    15, -5.911242365837e-01, 7.605811788380e-06, 2.2611e+00, 3.1768e-02, 
 2DIAGNOSTIC,    16, -5.911212563515e-01, 5.911159405514e-06, 2.2936e+00, 3.2539e-02, 
 2DIAGNOSTIC,    17, -5.911369919777e-01, 4.630263447325e-06, 2.3306e+00, 3.6983e-02, 
 2DIAGNOSTIC,    18, -5.911387205124e-01, 4.199020622764e-06, 2.3639e+00, 3.3288e-02, 
 2DIAGNOSTIC,    19, -5.911438465118e-01, 3.539153794918e-06, 2.3974e+00, 3.3447e-02, 
 2DIAGNOSTIC,    20, -5.911674499512e-01, 3.588958861656e-06, 2.4376e+00, 4.0231e-02, 
 2DIAGNOSTIC,    21, -5.911805033684e-01, 4.124992756260e-06, 2.4797e+00, 4.2076e-02, 
 2DIAGNOSTIC,    22, -5.911834836006e-01, 4.575692855724e-06, 2.5114e+00, 3.1730e-02, 
 2DIAGNOSTIC,    23, -5.911768078804e-01, 4.676021035266e-06, 2.5429e+00, 3.1502e-02, 
 2DIAGNOSTIC,    24, -5.912005305290e-01, 4.949834419676e-06, 2.5746e+00, 3.1735e-02, 
 2DIAGNOSTIC,    25, -5.912271738052e-01, 5.289449291013e-06, 2.6117e+00, 3.7068e-02, 
 2DIAGNOSTIC,    26, -5.912235975266e-01, 5.080741630081e-06, 2.6482e+00, 3.6531e-02, 
 2DIAGNOSTIC,    27, -5.912465453148e-01, 5.233309821051e-06, 2.6846e+00, 3.6398e-02, 
 2DIAGNOSTIC,    28, -5.912517309189e-01, 5.112935014040e-06, 2.7209e+00, 3.6250e-02, 
 2DIAGNOSTIC,    29, -5.912535786629e-01, 4.726417955681e-06, 2.7654e+00, 4.4508e-02, 
 2DIAGNOSTIC,    30, -5.912490487099e-01, 4.318809260440e-06, 2.8018e+00, 3.6421e-02, 
 2DIAGNOSTIC,    31, -5.912439823151e-01, 3.758119191843e-06, 2.8386e+00, 3.6756e-02, 
 2DIAGNOSTIC,    32, -5.912392139435e-01, 2.956378693852e-06, 2.8753e+00, 3.6771e-02, 
 2DIAGNOSTIC,    33, -5.912340879440e-01, 1.836492742768e-06, 2.9114e+00, 3.6040e-02, 
 2DIAGNOSTIC,    34, -5.912404060364e-01, 1.118016825785e-06, 2.9524e+00, 4.1036e-02, 
DIAGNOSTIC,Iteration,metricValue,convergenceValue,ITERATION_TIME_INDEX,SINCE_LAST
 2DIAGNOSTIC,     1, -5.204584598541e-01, inf, 3.9699e+00, 1.0174e+00, 
 2DIAGNOSTIC,     2, -5.205113887787e-01, inf, 4.2219e+00, 2.5208e-01, 
 2DIAGNOSTIC,     3, -5.205646157265e-01, inf, 4.4826e+00, 2.6069e-01, 
 2DIAGNOSTIC,     4, -5.206066370010e-01, inf, 4.7667e+00, 2.8407e-01, 
 2DIAGNOSTIC,     5, -5.206479430199e-01, inf, 5.0072e+00, 2.4046e-01, 
 2DIAGNOSTIC,     6, -5.207250714302e-01, inf, 5.3185e+00, 3.1132e-01, 
 2DIAGNOSTIC,     7, -5.207360982895e-01, inf, 5.5652e+00, 2.4671e-01, 
 2DIAGNOSTIC,     8, -5.208162069321e-01, inf, 5.8623e+00, 2.9710e-01, 
 2DIAGNOSTIC,     9, -5.209001302719e-01, inf, 6.1020e+00, 2.3975e-01, 
 2DIAGNOSTIC,    10, -5.209341645241e-01, 6.131987902336e-05, 6.3305e+00, 2.2846e-01, 
 2DIAGNOSTIC,    11, -5.209728479385e-01, 5.602071541944e-05, 6.6231e+00, 2.9258e-01, 
 2DIAGNOSTIC,    12, -5.210075378418e-01, 5.080585833639e-05, 6.8604e+00, 2.3727e-01, 
 2DIAGNOSTIC,    13, -5.210350155830e-01, 4.538644861896e-05, 7.1248e+00, 2.6444e-01, 
 2DIAGNOSTIC,    14, -5.210587978363e-01, 3.934207416023e-05, 7.3828e+00, 2.5800e-01, 
 2DIAGNOSTIC,    15, -5.210660696030e-01, 3.242933235015e-05, 7.6444e+00, 2.6163e-01, 
 2DIAGNOSTIC,    16, -5.210868716240e-01, 2.699757169466e-05, 7.9384e+00, 2.9398e-01, 
 2DIAGNOSTIC,    17, -5.210890769958e-01, 2.027357368206e-05, 8.1975e+00, 2.5905e-01, 
 2DIAGNOSTIC,    18, -5.210974216461e-01, 1.522570073575e-05, 8.4343e+00, 2.3689e-01, 
 2DIAGNOSTIC,    19, -5.211061835289e-01, 1.211411836266e-05, 8.6621e+00, 2.2778e-01, 
 2DIAGNOSTIC,    20, -5.211141705513e-01, 9.472540114075e-06, 8.9269e+00, 2.6474e-01, 
 2DIAGNOSTIC,    21, -5.211154818535e-01, 7.370748335234e-06, 9.1881e+00, 2.6124e-01, 
 2DIAGNOSTIC,    22, -5.211197733879e-01, 5.872035217180e-06, 9.4466e+00, 2.5846e-01, 
 2DIAGNOSTIC,    23, -5.211189389229e-01, 4.711856945505e-06, 9.7050e+00, 2.5844e-01, 
