
Running N4 for 3-dimensional images.

Mask not read.  Using the entire image as the mask.

Original intensity range:  [0, 754]

***********************************************************
Warning:  Your input image contains nonpositive values
which could cause failure or problematic results.  A
possible workaround would be to:
   1. rescale your image to positive values e.g., [10,100].
   2. run N4 on your rescaled image.
   3. (optional) rescale the N4 output to the original
      intensity range.
***********************************************************

Specified spline distance: 200mm
  original image size:  [192, 256, 256]
  padded image size:  [201, 401, 401]
  number of control points:  [4, 5, 5]

Current level = 1
  Iteration 1 (of 50).   Current convergence value = 0.000274625 (threshold = 1e-08)
  Iteration 2 (of 50).   Current convergence value = 0.000221148 (threshold = 1e-08)
  Iteration 3 (of 50).   Current convergence value = 0.000150971 (threshold = 1e-08)
  Iteration 4 (of 50).   Current convergence value = 0.000119456 (threshold = 1e-08)
  Iteration 5 (of 50).   Current convergence value = 0.000105761 (threshold = 1e-08)
  Iteration 6 (of 50).   Current convergence value = 9.84375e-05 (threshold = 1e-08)
  Iteration 7 (of 50).   Current convergence value = 9.47462e-05 (threshold = 1e-08)
  Iteration 8 (of 50).   Current convergence value = 9.36214e-05 (threshold = 1e-08)
  Iteration 9 (of 50).   Current convergence value = 9.3107e-05 (threshold = 1e-08)
  Iteration 10 (of 50).   Current convergence value = 9.13757e-05 (threshold = 1e-08)
  Iteration 11 (of 50).   Current convergence value = 8.84311e-05 (threshold = 1e-08)
  Iteration 12 (of 50).   Current convergence value = 8.61215e-05 (threshold = 1e-08)
  Iteration 13 (of 50).   Current convergence value = 8.35751e-05 (threshold = 1e-08)
  Iteration 14 (of 50).   Current convergence value = 8.11627e-05 (threshold = 1e-08)
  Iteration 15 (of 50).   Current convergence value = 7.84461e-05 (threshold = 1e-08)
  Iteration 16 (of 50).   Current convergence value = 7.5893e-05 (threshold = 1e-08)
  Iteration 17 (of 50).   Current convergence value = 7.31372e-05 (threshold = 1e-08)
  Iteration 18 (of 50).   Current convergence value = 7.01961e-05 (threshold = 1e-08)
  Iteration 19 (of 50).   Current convergence value = 6.62958e-05 (threshold = 1e-08)
  Iteration 20 (of 50).   Current convergence value = 6.2527e-05 (threshold = 1e-08)
  Iteration 21 (of 50).   Current convergence value = 5.95387e-05 (threshold = 1e-08)
  Iteration 22 (of 50).   Current convergence value = 5.69244e-05 (threshold = 1e-08)
  Iteration 23 (of 50).   Current convergence value = 5.43137e-05 (threshold = 1e-08)
  Iteration 24 (of 50).   Current convergence value = 5.18071e-05 (threshold = 1e-08)
  Iteration 25 (of 50).   Current convergence value = 4.94796e-05 (threshold = 1e-08)
  Iteration 26 (of 50).   Current convergence value = 4.72112e-05 (threshold = 1e-08)
  Iteration 27 (of 50).   Current convergence value = 4.49571e-05 (threshold = 1e-08)
  Iteration 28 (of 50).   Current convergence value = 4.29073e-05 (threshold = 1e-08)
  Iteration 29 (of 50).   Current convergence value = 4.09164e-05 (threshold = 1e-08)
  Iteration 30 (of 50).   Current convergence value = 3.89449e-05 (threshold = 1e-08)
  Iteration 31 (of 50).   Current convergence value = 3.70283e-05 (threshold = 1e-08)
  Iteration 32 (of 50).   Current convergence value = 3.51194e-05 (threshold = 1e-08)
  Iteration 33 (of 50).   Current convergence value = 3.32189e-05 (threshold = 1e-08)
  Iteration 34 (of 50).   Current convergence value = 3.12899e-05 (threshold = 1e-08)
  Iteration 35 (of 50).   Current convergence value = 2.94825e-05 (threshold = 1e-08)
  Iteration 36 (of 50).   Current convergence value = 2.79643e-05 (threshold = 1e-08)
  Iteration 37 (of 50).   Current convergence value = 2.63747e-05 (threshold = 1e-08)
  Iteration 38 (of 50).   Current convergence value = 2.50428e-05 (threshold = 1e-08)
  Iteration 39 (of 50).   Current convergence value = 2.35727e-05 (threshold = 1e-08)
  Iteration 40 (of 50).   Current convergence value = 2.22228e-05 (threshold = 1e-08)
  Iteration 41 (of 50).   Current convergence value = 2.10216e-05 (threshold = 1e-08)
  Iteration 42 (of 50).   Current convergence value = 1.99172e-05 (threshold = 1e-08)
  Iteration 43 (of 50).   Current convergence value = 1.88166e-05 (threshold = 1e-08)
  Iteration 44 (of 50).   Current convergence value = 1.7845e-05 (threshold = 1e-08)
  Iteration 45 (of 50).   Current convergence value = 1.70218e-05 (threshold = 1e-08)
  Iteration 46 (of 50).   Current convergence value = 1.62141e-05 (threshold = 1e-08)
  Iteration 47 (of 50).   Current convergence value = 1.55202e-05 (threshold = 1e-08)
  Iteration 48 (of 50).   Current convergence value = 1.49059e-05 (threshold = 1e-08)
  Iteration 49 (of 50).   Current convergence value = 1.43494e-05 (threshold = 1e-08)
  Iteration 50 (of 50).   Current convergence value = 1.38914e-05 (threshold = 1e-08)
Current level = 2
  Iteration 1 (of 50).   Current convergence value = 0.000386144 (threshold = 1e-08)
  Iteration 2 (of 50).   Current convergence value = 0.000375551 (threshold = 1e-08)
  Iteration 3 (of 50).   Current convergence value = 0.000367024 (threshold = 1e-08)
  Iteration 4 (of 50).   Current convergence value = 0.000361902 (threshold = 1e-08)
  Iteration 5 (of 50).   Current convergence value = 0.000361379 (threshold = 1e-08)
  Iteration 6 (of 50).   Current convergence value = 0.00035989 (threshold = 1e-08)
  Iteration 7 (of 50).   Current convergence value = 0.000357496 (threshold = 1e-08)
  Iteration 8 (of 50).   Current convergence value = 0.000354296 (threshold = 1e-08)
  Iteration 9 (of 50).   Current convergence value = 0.00035119 (threshold = 1e-08)
  Iteration 10 (of 50).   Current convergence value = 0.000348198 (threshold = 1e-08)
  Iteration 11 (of 50).   Current convergence value = 0.000345497 (threshold = 1e-08)
  Iteration 12 (of 50).   Current convergence value = 0.000343137 (threshold = 1e-08)
  Iteration 13 (of 50).   Current convergence value = 0.000340786 (threshold = 1e-08)
  Iteration 14 (of 50).   Current convergence value = 0.000338569 (threshold = 1e-08)
  Iteration 15 (of 50).   Current convergence value = 0.000336725 (threshold = 1e-08)
  Iteration 16 (of 50).   Current convergence value = 0.000334965 (threshold = 1e-08)
  Iteration 17 (of 50).   Current convergence value = 0.000333169 (threshold = 1e-08)
  Iteration 18 (of 50).   Current convergence value = 0.000331346 (threshold = 1e-08)
  Iteration 19 (of 50).   Current convergence value = 0.000328234 (threshold = 1e-08)
  Iteration 20 (of 50).   Current convergence value = 0.000324406 (threshold = 1e-08)
  Iteration 21 (of 50).   Current convergence value = 0.000320106 (threshold = 1e-08)
  Iteration 22 (of 50).   Current convergence value = 0.000315628 (threshold = 1e-08)
  Iteration 23 (of 50).   Current convergence value = 0.000310997 (threshold = 1e-08)
  Iteration 24 (of 50).   Current convergence value = 0.000306564 (threshold = 1e-08)
  Iteration 25 (of 50).   Current convergence value = 0.000302434 (threshold = 1e-08)
  Iteration 26 (of 50).   Current convergence value = 0.000298365 (threshold = 1e-08)
  Iteration 27 (of 50).   Current convergence value = 0.000294458 (threshold = 1e-08)
  Iteration 28 (of 50).   Current convergence value = 0.000290244 (threshold = 1e-08)
  Iteration 29 (of 50).   Current convergence value = 0.000284453 (threshold = 1e-08)
  Iteration 30 (of 50).   Current convergence value = 0.000279307 (threshold = 1e-08)
  Iteration 31 (of 50).   Current convergence value = 0.000274165 (threshold = 1e-08)
  Iteration 32 (of 50).   Current convergence value = 0.000269268 (threshold = 1e-08)
  Iteration 33 (of 50).   Current convergence value = 0.00026465 (threshold = 1e-08)
  Iteration 34 (of 50).   Current convergence value = 0.000260269 (threshold = 1e-08)
  Iteration 35 (of 50).   Current convergence value = 0.000256141 (threshold = 1e-08)
  Iteration 36 (of 50).   Current convergence value = 0.000252261 (threshold = 1e-08)
  Iteration 37 (of 50).   Current convergence value = 0.000248502 (threshold = 1e-08)
  Iteration 38 (of 50).   Current convergence value = 0.000245006 (threshold = 1e-08)
  Iteration 39 (of 50).   Current convergence value = 0.00024169 (threshold = 1e-08)
  Iteration 40 (of 50).   Current convergence value = 0.000238514 (threshold = 1e-08)
  Iteration 41 (of 50).   Current convergence value = 0.000235363 (threshold = 1e-08)
  Iteration 42 (of 50).   Current convergence value = 0.000232228 (threshold = 1e-08)
  Iteration 43 (of 50).   Current convergence value = 0.000229317 (threshold = 1e-08)
  Iteration 44 (of 50).   Current convergence value = 0.00022653 (threshold = 1e-08)
  Iteration 45 (of 50).   Current convergence value = 0.000223811 (threshold = 1e-08)
  Iteration 46 (of 50).   Current convergence value = 0.000221215 (threshold = 1e-08)
  Iteration 47 (of 50).   Current convergence value = 0.000218748 (threshold = 1e-08)
  Iteration 48 (of 50).   Current convergence value = 0.000216313 (threshold = 1e-08)
  Iteration 49 (of 50).   Current convergence value = 0.000214017 (threshold = 1e-08)
  Iteration 50 (of 50).   Current convergence value = 0.000211844 (threshold = 1e-08)
Current level = 3
  Iteration 1 (of 40).   Current convergence value = 0.00157621 (threshold = 1e-08)
  Iteration 2 (of 40).   Current convergence value = 0.00150706 (threshold = 1e-08)
  Iteration 3 (of 40).   Current convergence value = 0.00149924 (threshold = 1e-08)
  Iteration 4 (of 40).   Current convergence value = 0.0015054 (threshold = 1e-08)
  Iteration 5 (of 40).   Current convergence value = 0.00152493 (threshold = 1e-08)
  Iteration 6 (of 40).   Current convergence value = 0.00146555 (threshold = 1e-08)
  Iteration 7 (of 40).   Current convergence value = 0.00142577 (threshold = 1e-08)
  Iteration 8 (of 40).   Current convergence value = 0.00138783 (threshold = 1e-08)
  Iteration 9 (of 40).   Current convergence value = 0.00136172 (threshold = 1e-08)
  Iteration 10 (of 40).   Current convergence value = 0.00134534 (threshold = 1e-08)
  Iteration 11 (of 40).   Current convergence value = 0.00133463 (threshold = 1e-08)
  Iteration 12 (of 40).   Current convergence value = 0.00132642 (threshold = 1e-08)
  Iteration 13 (of 40).   Current convergence value = 0.00132487 (threshold = 1e-08)
  Iteration 14 (of 40).   Current convergence value = 0.00132799 (threshold = 1e-08)
  Iteration 15 (of 40).   Current convergence value = 0.00128177 (threshold = 1e-08)
  Iteration 16 (of 40).   Current convergence value = 0.00122288 (threshold = 1e-08)
  Iteration 17 (of 40).   Current convergence value = 0.00117738 (threshold = 1e-08)
  Iteration 18 (of 40).   Current convergence value = 0.00112726 (threshold = 1e-08)
  Iteration 19 (of 40).   Current convergence value = 0.00107645 (threshold = 1e-08)
  Iteration 20 (of 40).   Current convergence value = 0.00103623 (threshold = 1e-08)
  Iteration 21 (of 40).   Current convergence value = 0.0010042 (threshold = 1e-08)
  Iteration 22 (of 40).   Current convergence value = 0.000978516 (threshold = 1e-08)
  Iteration 23 (of 40).   Current convergence value = 0.000957615 (threshold = 1e-08)
  Iteration 24 (of 40).   Current convergence value = 0.000941145 (threshold = 1e-08)
  Iteration 25 (of 40).   Current convergence value = 0.000928586 (threshold = 1e-08)
  Iteration 26 (of 40).   Current convergence value = 0.000918902 (threshold = 1e-08)
  Iteration 27 (of 40).   Current convergence value = 0.000911899 (threshold = 1e-08)
  Iteration 28 (of 40).   Current convergence value = 0.000906945 (threshold = 1e-08)
  Iteration 29 (of 40).   Current convergence value = 0.000903751 (threshold = 1e-08)
  Iteration 30 (of 40).   Current convergence value = 0.000902214 (threshold = 1e-08)
  Iteration 31 (of 40).   Current convergence value = 0.000902349 (threshold = 1e-08)
  Iteration 32 (of 40).   Current convergence value = 0.000887093 (threshold = 1e-08)
  Iteration 33 (of 40).   Current convergence value = 0.000840474 (threshold = 1e-08)
  Iteration 34 (of 40).   Current convergence value = 0.000803177 (threshold = 1e-08)
  Iteration 35 (of 40).   Current convergence value = 0.000772204 (threshold = 1e-08)
  Iteration 36 (of 40).   Current convergence value = 0.000745534 (threshold = 1e-08)
  Iteration 37 (of 40).   Current convergence value = 0.000722324 (threshold = 1e-08)
  Iteration 38 (of 40).   Current convergence value = 0.000702447 (threshold = 1e-08)
  Iteration 39 (of 40).   Current convergence value = 0.00068529 (threshold = 1e-08)
  Iteration 40 (of 40).   Current convergence value = 0.000670085 (threshold = 1e-08)
Current level = 4
  Iteration 1 (of 30).   Current convergence value = 0.00210971 (threshold = 1e-08)
  Iteration 2 (of 30).   Current convergence value = 0.00179144 (threshold = 1e-08)
  Iteration 3 (of 30).   Current convergence value = 0.00165431 (threshold = 1e-08)
  Iteration 4 (of 30).   Current convergence value = 0.00157136 (threshold = 1e-08)
  Iteration 5 (of 30).   Current convergence value = 0.00151221 (threshold = 1e-08)
  Iteration 6 (of 30).   Current convergence value = 0.00146885 (threshold = 1e-08)
  Iteration 7 (of 30).   Current convergence value = 0.00143567 (threshold = 1e-08)
  Iteration 8 (of 30).   Current convergence value = 0.00141099 (threshold = 1e-08)
  Iteration 9 (of 30).   Current convergence value = 0.00132788 (threshold = 1e-08)
  Iteration 10 (of 30).   Current convergence value = 0.0012219 (threshold = 1e-08)
  Iteration 11 (of 30).   Current convergence value = 0.00113546 (threshold = 1e-08)
  Iteration 12 (of 30).   Current convergence value = 0.00106231 (threshold = 1e-08)
  Iteration 13 (of 30).   Current convergence value = 0.000998373 (threshold = 1e-08)
  Iteration 14 (of 30).   Current convergence value = 0.00094223 (threshold = 1e-08)
  Iteration 15 (of 30).   Current convergence value = 0.00089253 (threshold = 1e-08)
  Iteration 16 (of 30).   Current convergence value = 0.000848009 (threshold = 1e-08)
  Iteration 17 (of 30).   Current convergence value = 0.000808142 (threshold = 1e-08)
  Iteration 18 (of 30).   Current convergence value = 0.000773297 (threshold = 1e-08)
  Iteration 19 (of 30).   Current convergence value = 0.000740346 (threshold = 1e-08)
  Iteration 20 (of 30).   Current convergence value = 0.000705622 (threshold = 1e-08)
  Iteration 21 (of 30).   Current convergence value = 0.000675341 (threshold = 1e-08)
  Iteration 22 (of 30).   Current convergence value = 0.000648836 (threshold = 1e-08)
  Iteration 23 (of 30).   Current convergence value = 0.000625743 (threshold = 1e-08)
  Iteration 24 (of 30).   Current convergence value = 0.000605675 (threshold = 1e-08)
  Iteration 25 (of 30).   Current convergence value = 0.000588465 (threshold = 1e-08)
  Iteration 26 (of 30).   Current convergence value = 0.000573764 (threshold = 1e-08)
  Iteration 27 (of 30).   Current convergence value = 0.000562217 (threshold = 1e-08)
  Iteration 28 (of 30).   Current convergence value = 0.000552437 (threshold = 1e-08)
  Iteration 29 (of 30).   Current convergence value = 0.000544924 (threshold = 1e-08)
  Iteration 30 (of 30).   Current convergence value = 0.000539801 (threshold = 1e-08)
   N4BiasFieldCorrectionImageFilter (0x557d9b841e20)
     RTTI typeinfo:   itk::N4BiasFieldCorrectionImageFilter<itk::Image<float, 3u>, itk::Image<float, 3u>, itk::Image<float, 3u> >
     Reference Count: 1
     Modified Time: 565
     Debug: Off
     Object Name: 
     Observers: 
       IterationEvent(Command)
     Inputs: 
       ConfidenceImage: (0)
       MaskImage: (0x557d9b86c5d0)
       Primary: (0x557d9b867aa0) *
     Indexed Inputs: 
       0: Primary (0x557d9b867aa0)
       1: MaskImage (0x557d9b86c5d0)
       2: ConfidenceImage (0)
     Required Input Names: Primary
     NumberOfRequiredInputs: 1
     Outputs: 
       Primary: (0x557d9b851ef0)
     Indexed Outputs: 
       0: Primary (0x557d9b851ef0)
     NumberOfRequiredOutputs: 1
     Number Of Work Units: 32
     ReleaseDataFlag: Off
     ReleaseDataBeforeUpdateFlag: Off
     AbortGenerateData: Off
     Progress: 0
     Multithreader: 
       RTTI typeinfo:   itk::PoolMultiThreader
       Reference Count: 1
       Modified Time: 144
       Debug: Off
       Object Name: 
       Observers: 
         none
       Number of Work Units: 32
       Number of Threads: 8
       Global Maximum Number Of Threads: 128
       Global Default Number Of Threads: 8
       Global Default Threader Type: itk::MultiThreaderBaseEnums::Threader::Pool
       SingleMethod: 0
       SingleData: 0
     DynamicMultiThreading: On
     CoordinateTolerance: 1e-06
     DirectionTolerance: 1e-06
     Use Mask Label: 0
     Mask label: 1
     Number of histogram bins: 200
     Wiener filter noise: 0.01
     Bias field FWHM: 0.15
     Maximum number of iterations: [50, 50, 40, 30]
     Convergence threshold: 1e-08
     Spline order: 3
     Number of fitting levels: [4, 4, 4]
     Number of control points: [4, 5, 5]
     CurrentConvergenceMeasurement: 0.000539801
     CurrentLevel: 4
     ElapsedIterations: 31
     LogBiasFieldControlPointLattice: 
       Image (0x557da234b600)
         RTTI typeinfo:   itk::Image<itk::Vector<float, 1u>, 3u>
         Reference Count: 1
         Modified Time: 343560
         Debug: Off
         Object Name: 
         Observers: 
           none
         Source: (none)
         Source output name: (none)
         Release Data: Off
         Data Released: False
         Global Release Data: Off
         PipelineMTime: 0
         UpdateMTime: 0
         RealTimeStamp: 0 seconds 
         LargestPossibleRegion: 
           Dimension: 3
           Index: [0, 0, 0]
           Size: [11, 19, 19]
         BufferedRegion: 
           Dimension: 3
           Index: [0, 0, 0]
           Size: [11, 19, 19]
         RequestedRegion: 
           Dimension: 3
           Index: [0, 0, 0]
           Size: [11, 19, 19]
         Spacing: [24.75, 24.875, 24.875]
         Origin: [26.4027, 20.1251, -27.3491]
         Direction: 
-0.998477 -0.053144 -0.0148125
0.0507629 -0.990137 0.130582
-0.0216061 0.129631 0.991327

         IndexToPointMatrix: 
-24.7123 -1.32196 -0.368461
1.25638 -24.6297 3.24823
-0.53475 3.22457 24.6593

         PointToIndexMatrix: 
-0.0403425 0.00205103 -0.000872972
-0.00213644 -0.0398045 0.0052113
-0.000595478 0.00524952 0.0398523

         Inverse Direction: 
-0.998477 0.0507629 -0.0216061
-0.053144 -0.990137 0.129631
-0.0148125 0.130582 0.991327

         PixelContainer: 
           ImportImageContainer (0x557da7b27460)
             RTTI typeinfo:   itk::ImportImageContainer<unsigned long, itk::Vector<float, 1u> >
             Reference Count: 1
             Modified Time: 343561
             Debug: Off
             Object Name: 
             Observers: 
               none
             Pointer: 0x557da5a0b0f0
             Container manages memory: true
             Size: 3971
             Capacity: 3971
Elapsed time: 316.376
All_Command_lines_OK
Using single precision for computations.
=============================================================================
The composite transform comprises the following transforms (in order): 
  1. Center of mass alignment using fixed image: /home/mpib/nemecz/Projects/miniTRK/Results/01_MRI/GroupTempl/T1w/T_template0.nii.gz and moving image: /home/mpib/nemecz/Projects/miniTRK/Analysis/01_MRI/Preproc/GroupTempl/T1w/sub-991905_T1w.nii.gz (type = Euler3DTransform)
=============================================================================
  number of levels = 4
  number of levels = 4
  number of levels = 4
  fixed image: /home/mpib/nemecz/Projects/miniTRK/Results/01_MRI/GroupTempl/T1w/T_template0.nii.gz
  moving image: /home/mpib/nemecz/Projects/miniTRK/Results/01_MRI/GroupTempl/T1w/T_template0sub-991905_T1wRepaired.nii.gz
  fixed image: /home/mpib/nemecz/Projects/miniTRK/Results/01_MRI/GroupTempl/T1w/T_template0.nii.gz
  moving image: /home/mpib/nemecz/Projects/miniTRK/Results/01_MRI/GroupTempl/T1w/T_template0sub-991905_T1wRepaired.nii.gz
  fixed image: /home/mpib/nemecz/Projects/miniTRK/Results/01_MRI/GroupTempl/T1w/T_template0.nii.gz
  moving image: /home/mpib/nemecz/Projects/miniTRK/Results/01_MRI/GroupTempl/T1w/T_template0sub-991905_T1wRepaired.nii.gz
Dimension = 3
Number of stages = 3
Use Histogram Matching true
Winsorize image intensities true
Lower quantile = 0.01
Upper quantile = 0.99
Stage 1 State
   Image metric = Mattes
     Fixed image = Image (0x55828b4b5ad0)
  RTTI typeinfo:   itk::Image<float, 3u>
  Reference Count: 2
  Modified Time: 1721
  Debug: Off
  Object Name: 
  Observers: 
    none
  Source: (none)
  Source output name: (none)
  Release Data: Off
  Data Released: False
  Global Release Data: Off
  PipelineMTime: 0
  UpdateMTime: 1506
  RealTimeStamp: 0 seconds 
  LargestPossibleRegion: 
    Dimension: 3
    Index: [0, 0, 0]
    Size: [192, 256, 256]
  BufferedRegion: 
    Dimension: 3
    Index: [0, 0, 0]
    Size: [192, 256, 256]
  RequestedRegion: 
    Dimension: 3
    Index: [0, 0, 0]
    Size: [192, 256, 256]
  Spacing: [1, 1, 1]
  Origin: [95.0313, 100.538, -154.123]
  Direction: 
-0.999853 -0.014134 -0.00966312
0.014129 -0.9999 0.000586045
-0.00967044 0.000449429 0.999953

  IndexToPointMatrix: 
-0.999853 -0.014134 -0.00966312
0.014129 -0.9999 0.000586045
-0.00967044 0.000449429 0.999953

  PointToIndexMatrix: 
-0.999853 0.014129 -0.00967044
-0.014134 -0.9999 0.000449429
-0.00966312 0.000586045 0.999953

  Inverse Direction: 
-0.999853 0.014129 -0.00967044
-0.014134 -0.9999 0.000449429
-0.00966312 0.000586045 0.999953

  PixelContainer: 
    ImportImageContainer (0x55828b4bdc80)
      RTTI typeinfo:   itk::ImportImageContainer<unsigned long, float>
      Reference Count: 1
      Modified Time: 1503
      Debug: Off
      Object Name: 
      Observers: 
        none
      Pointer: 0x7ff13ce16010
      Container manages memory: true
      Size: 12582912
      Capacity: 12582912

     Moving image = Image (0x55828b4b6bc0)
  RTTI typeinfo:   itk::Image<float, 3u>
  Reference Count: 2
  Modified Time: 1722
  Debug: Off
  Object Name: 
  Observers: 
    none
  Source: (none)
  Source output name: (none)
  Release Data: Off
  Data Released: False
  Global Release Data: Off
  PipelineMTime: 0
  UpdateMTime: 1719
  RealTimeStamp: 0 seconds 
  LargestPossibleRegion: 
    Dimension: 3
    Index: [0, 0, 0]
    Size: [192, 256, 256]
  BufferedRegion: 
    Dimension: 3
    Index: [0, 0, 0]
    Size: [192, 256, 256]
  RequestedRegion: 
    Dimension: 3
    Index: [0, 0, 0]
    Size: [192, 256, 256]
  Spacing: [1, 1, 1]
  Origin: [103.132, 80.3468, -182.437]
  Direction: 
-0.998477 -0.053144 -0.0148125
0.0507629 -0.990137 0.130582
-0.0216061 0.129631 0.991327

  IndexToPointMatrix: 
-0.998477 -0.053144 -0.0148125
0.0507629 -0.990137 0.130582
-0.0216061 0.129631 0.991327

  PointToIndexMatrix: 
-0.998477 0.0507629 -0.0216061
-0.053144 -0.990137 0.129631
-0.0148125 0.130582 0.991327

  Inverse Direction: 
-0.998477 0.0507629 -0.0216061
-0.053144 -0.990137 0.129631
-0.0148125 0.130582 0.991327

  PixelContainer: 
    ImportImageContainer (0x55828b4c2100)
      RTTI typeinfo:   itk::ImportImageContainer<unsigned long, float>
      Reference Count: 1
      Modified Time: 1716
      Debug: Off
      Object Name: 
      Observers: 
        none
      Pointer: 0x7ff139e15010
      Container manages memory: true
      Size: 12582912
      Capacity: 12582912

     Weighting = 1
     Sampling strategy = regular
     Number of bins = 32
     Radius = 4
     Sampling percentage  = 0.25
   Transform = Rigid
     Gradient step = 0.1
     Update field sigma (voxel space) = 0
     Total field sigma (voxel space) = 0
     Update field time sigma = 0
     Total field time sigma  = 0
     Number of time indices = 0
     Number of time point samples = 0
Stage 2 State
   Image metric = Mattes
     Fixed image = Image (0x55828b4ce870)
  RTTI typeinfo:   itk::Image<float, 3u>
  Reference Count: 2
  Modified Time: 2149
  Debug: Off
  Object Name: 
  Observers: 
    none
  Source: (none)
  Source output name: (none)
  Release Data: Off
  Data Released: False
  Global Release Data: Off
  PipelineMTime: 0
  UpdateMTime: 1934
  RealTimeStamp: 0 seconds 
  LargestPossibleRegion: 
    Dimension: 3
    Index: [0, 0, 0]
    Size: [192, 256, 256]
  BufferedRegion: 
    Dimension: 3
    Index: [0, 0, 0]
    Size: [192, 256, 256]
  RequestedRegion: 
    Dimension: 3
    Index: [0, 0, 0]
    Size: [192, 256, 256]
  Spacing: [1, 1, 1]
  Origin: [95.0313, 100.538, -154.123]
  Direction: 
-0.999853 -0.014134 -0.00966312
0.014129 -0.9999 0.000586045
-0.00967044 0.000449429 0.999953

  IndexToPointMatrix: 
-0.999853 -0.014134 -0.00966312
0.014129 -0.9999 0.000586045
-0.00967044 0.000449429 0.999953

  PointToIndexMatrix: 
-0.999853 0.014129 -0.00967044
-0.014134 -0.9999 0.000449429
-0.00966312 0.000586045 0.999953

  Inverse Direction: 
-0.999853 0.014129 -0.00967044
-0.014134 -0.9999 0.000449429
-0.00966312 0.000586045 0.999953

  PixelContainer: 
    ImportImageContainer (0x55828b4b96d0)
      RTTI typeinfo:   itk::ImportImageContainer<unsigned long, float>
      Reference Count: 1
      Modified Time: 1931
      Debug: Off
      Object Name: 
      Observers: 
        none
      Pointer: 0x7ff136e14010
      Container manages memory: true
      Size: 12582912
      Capacity: 12582912

     Moving image = Image (0x55828b4ce4c0)
  RTTI typeinfo:   itk::Image<float, 3u>
  Reference Count: 2
  Modified Time: 2150
  Debug: Off
  Object Name: 
  Observers: 
    none
  Source: (none)
  Source output name: (none)
  Release Data: Off
  Data Released: False
  Global Release Data: Off
  PipelineMTime: 0
  UpdateMTime: 2147
  RealTimeStamp: 0 seconds 
  LargestPossibleRegion: 
    Dimension: 3
    Index: [0, 0, 0]
    Size: [192, 256, 256]
  BufferedRegion: 
    Dimension: 3
    Index: [0, 0, 0]
    Size: [192, 256, 256]
  RequestedRegion: 
    Dimension: 3
    Index: [0, 0, 0]
    Size: [192, 256, 256]
  Spacing: [1, 1, 1]
  Origin: [103.132, 80.3468, -182.437]
  Direction: 
-0.998477 -0.053144 -0.0148125
0.0507629 -0.990137 0.130582
-0.0216061 0.129631 0.991327

  IndexToPointMatrix: 
-0.998477 -0.053144 -0.0148125
0.0507629 -0.990137 0.130582
-0.0216061 0.129631 0.991327

  PointToIndexMatrix: 
-0.998477 0.0507629 -0.0216061
-0.053144 -0.990137 0.129631
-0.0148125 0.130582 0.991327

  Inverse Direction: 
-0.998477 0.0507629 -0.0216061
-0.053144 -0.990137 0.129631
-0.0148125 0.130582 0.991327

  PixelContainer: 
    ImportImageContainer (0x55828b4cf8c0)
      RTTI typeinfo:   itk::ImportImageContainer<unsigned long, float>
      Reference Count: 1
      Modified Time: 2144
      Debug: Off
      Object Name: 
      Observers: 
        none
      Pointer: 0x7ff133e13010
      Container manages memory: true
      Size: 12582912
      Capacity: 12582912

     Weighting = 1
     Sampling strategy = regular
     Number of bins = 32
     Radius = 4
     Sampling percentage  = 0.25
   Transform = Affine
     Gradient step = 0.1
     Update field sigma (voxel space) = 0
     Total field sigma (voxel space) = 0
     Update field time sigma = 0
     Total field time sigma  = 0
     Number of time indices = 0
     Number of time point samples = 0
Stage 3 State
   Image metric = CC
     Fixed image = Image (0x55828b4d5960)
  RTTI typeinfo:   itk::Image<float, 3u>
  Reference Count: 2
  Modified Time: 2577
  Debug: Off
  Object Name: 
  Observers: 
    none
  Source: (none)
  Source output name: (none)
  Release Data: Off
  Data Released: False
  Global Release Data: Off
  PipelineMTime: 0
  UpdateMTime: 2362
  RealTimeStamp: 0 seconds 
  LargestPossibleRegion: 
    Dimension: 3
    Index: [0, 0, 0]
    Size: [192, 256, 256]
  BufferedRegion: 
    Dimension: 3
    Index: [0, 0, 0]
    Size: [192, 256, 256]
  RequestedRegion: 
    Dimension: 3
    Index: [0, 0, 0]
    Size: [192, 256, 256]
  Spacing: [1, 1, 1]
  Origin: [95.0313, 100.538, -154.123]
  Direction: 
-0.999853 -0.014134 -0.00966312
0.014129 -0.9999 0.000586045
-0.00967044 0.000449429 0.999953

  IndexToPointMatrix: 
-0.999853 -0.014134 -0.00966312
0.014129 -0.9999 0.000586045
-0.00967044 0.000449429 0.999953

  PointToIndexMatrix: 
-0.999853 0.014129 -0.00967044
-0.014134 -0.9999 0.000449429
-0.00966312 0.000586045 0.999953

  Inverse Direction: 
-0.999853 0.014129 -0.00967044
-0.014134 -0.9999 0.000449429
-0.00966312 0.000586045 0.999953

  PixelContainer: 
    ImportImageContainer (0x55828b4b6660)
      RTTI typeinfo:   itk::ImportImageContainer<unsigned long, float>
      Reference Count: 1
      Modified Time: 2359
      Debug: Off
      Object Name: 
      Observers: 
        none
      Pointer: 0x7ff130e12010
      Container manages memory: true
      Size: 12582912
      Capacity: 12582912

     Moving image = Image (0x55828b4d7840)
  RTTI typeinfo:   itk::Image<float, 3u>
  Reference Count: 2
  Modified Time: 2578
  Debug: Off
  Object Name: 
  Observers: 
    none
  Source: (none)
  Source output name: (none)
  Release Data: Off
  Data Released: False
  Global Release Data: Off
  PipelineMTime: 0
  UpdateMTime: 2575
  RealTimeStamp: 0 seconds 
  LargestPossibleRegion: 
    Dimension: 3
    Index: [0, 0, 0]
    Size: [192, 256, 256]
  BufferedRegion: 
    Dimension: 3
    Index: [0, 0, 0]
    Size: [192, 256, 256]
  RequestedRegion: 
    Dimension: 3
    Index: [0, 0, 0]
    Size: [192, 256, 256]
  Spacing: [1, 1, 1]
  Origin: [103.132, 80.3468, -182.437]
  Direction: 
-0.998477 -0.053144 -0.0148125
0.0507629 -0.990137 0.130582
-0.0216061 0.129631 0.991327

  IndexToPointMatrix: 
-0.998477 -0.053144 -0.0148125
0.0507629 -0.990137 0.130582
-0.0216061 0.129631 0.991327

  PointToIndexMatrix: 
-0.998477 0.0507629 -0.0216061
-0.053144 -0.990137 0.129631
-0.0148125 0.130582 0.991327

  Inverse Direction: 
-0.998477 0.0507629 -0.0216061
-0.053144 -0.990137 0.129631
-0.0148125 0.130582 0.991327

  PixelContainer: 
    ImportImageContainer (0x55828b4d4660)
      RTTI typeinfo:   itk::ImportImageContainer<unsigned long, float>
      Reference Count: 1
      Modified Time: 2572
      Debug: Off
      Object Name: 
      Observers: 
        none
      Pointer: 0x7ff12de11010
      Container manages memory: true
      Size: 12582912
      Capacity: 12582912

     Weighting = 1
     Sampling strategy = none
     Number of bins = 32
     Radius = 4
     Sampling percentage  = 1
   Transform = SyN
     Gradient step = 0.1
     Update field sigma (voxel space) = 3
     Total field sigma (voxel space) = 0
     Update field time sigma = 0
     Total field time sigma  = 0
     Number of time indices = 0
     Number of time point samples = 0
Registration using 3 total stages.

Stage 0
  iterations = 1000x500x250x0
  convergence threshold = 1e-06
  convergence window size = 10
  number of levels = 4
  using the Mattes MI metric (number of bins = 32, weight = 1)
  preprocessing:  winsorizing the image intensities
  preprocessing:  histogram matching the images
  Shrink factors (level 1 out of 4): [6, 6, 6]
  Shrink factors (level 2 out of 4): [4, 4, 4]
  Shrink factors (level 3 out of 4): [2, 2, 2]
  Shrink factors (level 4 out of 4): [1, 1, 1]
  smoothing sigmas per level: [4, 2, 1, 0]
  regular sampling (percentage = 0.25)

*** Running Euler3DTransform registration ***

DIAGNOSTIC,Iteration,metricValue,convergenceValue,ITERATION_TIME_INDEX,SINCE_LAST
 2DIAGNOSTIC,     1, -9.863588809967e-01, inf, 6.5377e-01, 6.5377e-01, 
 2DIAGNOSTIC,     2, -9.875048398972e-01, inf, 6.6300e-01, 9.2351e-03, 
 2DIAGNOSTIC,     3, -9.892678856850e-01, inf, 6.7099e-01, 7.9861e-03, 
 2DIAGNOSTIC,     4, -9.905729889870e-01, inf, 6.7859e-01, 7.6051e-03, 
 2DIAGNOSTIC,     5, -9.915342330933e-01, inf, 6.8629e-01, 7.6919e-03, 
 2DIAGNOSTIC,     6, -9.935691356659e-01, inf, 6.9433e-01, 8.0390e-03, 
 2DIAGNOSTIC,     7, -9.966636896133e-01, inf, 7.0208e-01, 7.7541e-03, 
 2DIAGNOSTIC,     8, -1.006247758865e+00, inf, 7.1563e-01, 1.3555e-02, 
 2DIAGNOSTIC,     9, -1.007974028587e+00, inf, 7.2865e-01, 1.3015e-02, 
 2DIAGNOSTIC,    10, -1.009034872055e+00, 1.591654727235e-03, 7.3810e-01, 9.4531e-03, 
 2DIAGNOSTIC,    11, -1.009798645973e+00, 1.535807969049e-03, 7.4645e-01, 8.3461e-03, 
 2DIAGNOSTIC,    12, -1.010780692101e+00, 1.400175038725e-03, 7.5591e-01, 9.4628e-03, 
 2DIAGNOSTIC,    13, -1.011864542961e+00, 1.217967714183e-03, 7.7358e-01, 1.7665e-02, 
 2DIAGNOSTIC,    14, -1.011836647987e+00, 9.771382901818e-04, 7.8114e-01, 7.5591e-03, 
 2DIAGNOSTIC,    15, -1.011844992638e+00, 7.008014363237e-04, 7.8931e-01, 8.1780e-03, 
 2DIAGNOSTIC,    16, -1.011947751045e+00, 4.341514140833e-04, 7.9824e-01, 8.9269e-03, 
 2DIAGNOSTIC,    17, -1.011942148209e+00, 2.065430162475e-04, 8.0714e-01, 8.8980e-03, 
 2DIAGNOSTIC,    18, -1.012004137039e+00, 1.367344666505e-04, 8.1605e-01, 8.9121e-03, 
 2DIAGNOSTIC,    19, -1.012007474899e+00, 8.749128028285e-05, 8.2489e-01, 8.8348e-03, 
 2DIAGNOSTIC,    20, -1.011995434761e+00, 5.020161188440e-05, 8.3247e-01, 7.5819e-03, 
 2DIAGNOSTIC,    21, -1.011983275414e+00, 2.188176767959e-05, 8.4030e-01, 7.8290e-03, 
 2DIAGNOSTIC,    22, -1.012006282806e+00, 6.775907877454e-06, 8.4796e-01, 7.6599e-03, 
 2DIAGNOSTIC,    23, -1.012040495872e+00, 6.251779723243e-06, 8.5554e-01, 7.5791e-03, 
 2DIAGNOSTIC,    24, -1.012081861496e+00, 5.472209068103e-06, 8.6330e-01, 7.7691e-03, 
 2DIAGNOSTIC,    25, -1.012125730515e+00, 4.932898718835e-06, 8.7689e-01, 1.3582e-02, 
 2DIAGNOSTIC,    26, -1.012130975723e+00, 5.275985586195e-06, 8.8528e-01, 8.3919e-03, 
 2DIAGNOSTIC,    27, -1.012097239494e+00, 4.786812041857e-06, 8.9300e-01, 7.7188e-03, 
 2DIAGNOSTIC,    28, -1.012101650238e+00, 4.667937446357e-06, 9.0205e-01, 9.0489e-03, 
 2DIAGNOSTIC,    29, -1.012107372284e+00, 4.304266894906e-06, 9.1134e-01, 9.2950e-03, 
 2DIAGNOSTIC,    30, -1.012037634850e+00, 2.888991275540e-06, 9.2033e-01, 8.9931e-03, 
DIAGNOSTIC,Iteration,metricValue,convergenceValue,ITERATION_TIME_INDEX,SINCE_LAST
 2DIAGNOSTIC,     1, -7.933133840561e-01, inf, 1.4306e+00, 5.1030e-01, 
 2DIAGNOSTIC,     2, -7.941582202911e-01, inf, 1.4617e+00, 3.1051e-02, 
 2DIAGNOSTIC,     3, -7.948350906372e-01, inf, 1.4912e+00, 2.9525e-02, 
 2DIAGNOSTIC,     4, -7.951192259789e-01, inf, 1.5243e+00, 3.3098e-02, 
 2DIAGNOSTIC,     5, -7.951890826225e-01, inf, 1.5628e+00, 3.8546e-02, 
 2DIAGNOSTIC,     6, -7.951849102974e-01, inf, 1.6047e+00, 4.1896e-02, 
 2DIAGNOSTIC,     7, -7.951823472977e-01, inf, 1.6393e+00, 3.4544e-02, 
 2DIAGNOSTIC,     8, -7.951692938805e-01, inf, 1.6725e+00, 3.3200e-02, 
 2DIAGNOSTIC,     9, -7.951650023460e-01, inf, 1.7074e+00, 3.4932e-02, 
 2DIAGNOSTIC,    10, -7.951592803001e-01, 1.100518129533e-04, 1.7419e+00, 3.4435e-02, 
 2DIAGNOSTIC,    11, -7.951448559761e-01, 4.489923230722e-05, 1.7749e+00, 3.3080e-02, 
 2DIAGNOSTIC,    12, -7.951465249062e-01, 1.163332217402e-05, 1.8081e+00, 3.3162e-02, 
 2DIAGNOSTIC,    13, -7.951480746269e-01, 1.129444967773e-06, 1.8376e+00, 2.9487e-02, 
DIAGNOSTIC,Iteration,metricValue,convergenceValue,ITERATION_TIME_INDEX,SINCE_LAST
 2DIAGNOSTIC,     1, -6.955484151840e-01, inf, 2.8268e+00, 9.8923e-01, 
 2DIAGNOSTIC,     2, -6.956959962845e-01, inf, 3.0301e+00, 2.0333e-01, 
 2DIAGNOSTIC,     3, -6.957840919495e-01, inf, 3.2496e+00, 2.1950e-01, 
 2DIAGNOSTIC,     4, -6.958475708961e-01, inf, 3.4526e+00, 2.0294e-01, 
 2DIAGNOSTIC,     5, -6.958936452866e-01, inf, 3.7088e+00, 2.5625e-01, 
 2DIAGNOSTIC,     6, -6.959149837494e-01, inf, 4.0215e+00, 3.1269e-01, 
 2DIAGNOSTIC,     7, -6.959157586098e-01, inf, 4.2275e+00, 2.0594e-01, 
 2DIAGNOSTIC,     8, -6.959242820740e-01, inf, 4.4353e+00, 2.0784e-01, 
 2DIAGNOSTIC,     9, -6.959285140038e-01, inf, 4.6682e+00, 2.3293e-01, 
 2DIAGNOSTIC,    10, -6.959329247475e-01, 3.264721817686e-05, 4.9500e+00, 2.8179e-01, 
 2DIAGNOSTIC,    11, -6.959319710732e-01, 1.912765401357e-05, 5.1848e+00, 2.3481e-01, 
 2DIAGNOSTIC,    12, -6.959311366081e-01, 1.136702121585e-05, 5.4270e+00, 2.4221e-01, 
 2DIAGNOSTIC,    13, -6.959295868874e-01, 6.701303846057e-06, 5.6580e+00, 2.3101e-01, 
 2DIAGNOSTIC,    14, -6.959316134453e-01, 4.193169843347e-06, 5.8894e+00, 2.3135e-01, 
 2DIAGNOSTIC,    15, -6.959351897240e-01, 3.178584165653e-06, 6.1486e+00, 2.5926e-01, 
 2DIAGNOSTIC,    16, -6.959367990494e-01, 2.780863269436e-06, 6.4317e+00, 2.8307e-01, 
 2DIAGNOSTIC,    17, -6.959366798401e-01, 2.371092932663e-06, 6.6660e+00, 2.3432e-01, 
 2DIAGNOSTIC,    18, -6.959362626076e-01, 2.145048256352e-06, 6.9073e+00, 2.4129e-01, 
 2DIAGNOSTIC,    19, -6.959362626076e-01, 1.995399770749e-06, 7.1406e+00, 2.3328e-01, 
 2DIAGNOSTIC,    20, -6.959353089333e-01, 1.899662606775e-06, 7.4030e+00, 2.6238e-01, 
 2DIAGNOSTIC,    21, -6.959362626076e-01, 1.784615051292e-06, 7.6376e+00, 2.3456e-01, 
 2DIAGNOSTIC,    22, -6.959362626076e-01, 1.640945470172e-06, 7.8740e+00, 2.3643e-01, 
 2DIAGNOSTIC,    23, -6.959356069565e-01, 1.452630613130e-06, 8.1084e+00, 2.3442e-01, 
 2DIAGNOSTIC,    24, -6.959353685379e-01, 1.303146405007e-06, 8.3090e+00, 2.0060e-01, 
 2DIAGNOSTIC,    25, -6.959360837936e-01, 1.237125161424e-06, 8.5154e+00, 2.0640e-01, 
 2DIAGNOSTIC,    26, -6.959362626076e-01, 1.206839101542e-06, 8.7271e+00, 2.1169e-01, 
 2DIAGNOSTIC,    27, -6.959372758865e-01, 1.193814455291e-06, 8.9639e+00, 2.3683e-01, 
 2DIAGNOSTIC,    28, -6.959366798401e-01, 1.165481421594e-06, 9.2191e+00, 2.5521e-01, 
 2DIAGNOSTIC,    29, -6.959360837936e-01, 1.128989879362e-06, 9.4820e+00, 2.6284e-01, 
 2DIAGNOSTIC,    30, -6.959356069565e-01, 1.072107693290e-06, 9.7099e+00, 2.2794e-01, 
 2DIAGNOSTIC,    31, -6.959347128868e-01, 1.018247530737e-06, 9.9761e+00, 2.6623e-01, 
DIAGNOSTIC,Iteration,metricValue,convergenceValue,ITERATION_TIME_INDEX,SINCE_LAST
 2DIAGNOSTIC,     1, -6.278246641159e-01, inf, 1.2559e+01, 2.5832e+00, 
  Elapsed time (stage 0): 1.3864e+01


Stage 1
  iterations = 1000x500x250x0
  convergence threshold = 1.0000e-06
  convergence window size = 10
  number of levels = 4
  using the Mattes MI metric (number of bins = 32, weight = 1.0000e+00)
  preprocessing:  winsorizing the image intensities
  preprocessing:  histogram matching the images
  Shrink factors (level 1 out of 4): [6, 6, 6]
  Shrink factors (level 2 out of 4): [4, 4, 4]
  Shrink factors (level 3 out of 4): [2, 2, 2]
  Shrink factors (level 4 out of 4): [1, 1, 1]
  smoothing sigmas per level: [4, 2, 1, 0]
  regular sampling (percentage = 2.5000e-01)

*** Running AffineTransform registration ***

DIAGNOSTIC,Iteration,metricValue,convergenceValue,ITERATION_TIME_INDEX,SINCE_LAST
 2DIAGNOSTIC,     1, -1.006460189819e+00, inf, 7.6534e-01, 7.6534e-01, 
 2DIAGNOSTIC,     2, -1.008513450623e+00, inf, 7.7799e-01, 1.2646e-02, 
 2DIAGNOSTIC,     3, -1.011741638184e+00, inf, 7.8898e-01, 1.0993e-02, 
 2DIAGNOSTIC,     4, -1.015992403030e+00, inf, 7.9804e-01, 9.0640e-03, 
 2DIAGNOSTIC,     5, -1.021598219872e+00, inf, 8.0684e-01, 8.7929e-03, 
 2DIAGNOSTIC,     6, -1.028391003609e+00, inf, 8.1530e-01, 8.4670e-03, 
 2DIAGNOSTIC,     7, -1.033995509148e+00, inf, 8.2365e-01, 8.3439e-03, 
 2DIAGNOSTIC,     8, -1.036383986473e+00, inf, 8.3478e-01, 1.1132e-02, 
 2DIAGNOSTIC,     9, -1.036579489708e+00, inf, 8.4444e-01, 9.6612e-03, 
 2DIAGNOSTIC,    10, -1.036840200424e+00, 2.272301819175e-03, 8.5529e-01, 1.0848e-02, 
 2DIAGNOSTIC,    11, -1.037087202072e+00, 1.837786170654e-03, 8.6406e-01, 8.7712e-03, 
 2DIAGNOSTIC,    12, -1.037665843964e+00, 1.370979472995e-03, 8.7354e-01, 9.4831e-03, 
 2DIAGNOSTIC,    13, -1.037917971611e+00, 9.270730661228e-04, 8.8193e-01, 8.3919e-03, 
 2DIAGNOSTIC,    14, -1.038002610207e+00, 5.490013863891e-04, 8.9278e-01, 1.0846e-02, 
 2DIAGNOSTIC,    15, -1.038078069687e+00, 2.750585845206e-04, 9.0235e-01, 9.5689e-03, 
 2DIAGNOSTIC,    16, -1.038162827492e+00, 1.270799984923e-04, 9.1205e-01, 9.6991e-03, 
 2DIAGNOSTIC,    17, -1.038208246231e+00, 7.570205343654e-05, 9.2187e-01, 9.8221e-03, 
