
Running N4 for 3-dimensional images.

Mask not read.  Using the entire image as the mask.

Original intensity range:  [0, 901]

***********************************************************
Warning:  Your input image contains nonpositive values
which could cause failure or problematic results.  A
possible workaround would be to:
   1. rescale your image to positive values e.g., [10,100].
   2. run N4 on your rescaled image.
   3. (optional) rescale the N4 output to the original
      intensity range.
***********************************************************

Specified spline distance: 200mm
  original image size:  [192, 256, 256]
  padded image size:  [201, 401, 401]
  number of control points:  [4, 5, 5]

Current level = 1
  Iteration 1 (of 50).   Current convergence value = 0.000145981 (threshold = 1e-08)
  Iteration 2 (of 50).   Current convergence value = 0.00012536 (threshold = 1e-08)
  Iteration 3 (of 50).   Current convergence value = 0.000124493 (threshold = 1e-08)
  Iteration 4 (of 50).   Current convergence value = 0.000129539 (threshold = 1e-08)
  Iteration 5 (of 50).   Current convergence value = 0.000133671 (threshold = 1e-08)
  Iteration 6 (of 50).   Current convergence value = 0.000133524 (threshold = 1e-08)
  Iteration 7 (of 50).   Current convergence value = 0.000133015 (threshold = 1e-08)
  Iteration 8 (of 50).   Current convergence value = 0.000132131 (threshold = 1e-08)
  Iteration 9 (of 50).   Current convergence value = 0.000131397 (threshold = 1e-08)
  Iteration 10 (of 50).   Current convergence value = 0.000130356 (threshold = 1e-08)
  Iteration 11 (of 50).   Current convergence value = 0.000129158 (threshold = 1e-08)
  Iteration 12 (of 50).   Current convergence value = 0.000128166 (threshold = 1e-08)
  Iteration 13 (of 50).   Current convergence value = 0.000127006 (threshold = 1e-08)
  Iteration 14 (of 50).   Current convergence value = 0.000125602 (threshold = 1e-08)
  Iteration 15 (of 50).   Current convergence value = 0.000124422 (threshold = 1e-08)
  Iteration 16 (of 50).   Current convergence value = 0.000123097 (threshold = 1e-08)
  Iteration 17 (of 50).   Current convergence value = 0.000121811 (threshold = 1e-08)
  Iteration 18 (of 50).   Current convergence value = 0.000120617 (threshold = 1e-08)
  Iteration 19 (of 50).   Current convergence value = 0.000119389 (threshold = 1e-08)
  Iteration 20 (of 50).   Current convergence value = 0.000118323 (threshold = 1e-08)
  Iteration 21 (of 50).   Current convergence value = 0.000117246 (threshold = 1e-08)
  Iteration 22 (of 50).   Current convergence value = 0.0001161 (threshold = 1e-08)
  Iteration 23 (of 50).   Current convergence value = 0.000115031 (threshold = 1e-08)
  Iteration 24 (of 50).   Current convergence value = 0.000113958 (threshold = 1e-08)
  Iteration 25 (of 50).   Current convergence value = 0.000112953 (threshold = 1e-08)
  Iteration 26 (of 50).   Current convergence value = 0.00011199 (threshold = 1e-08)
  Iteration 27 (of 50).   Current convergence value = 0.000111072 (threshold = 1e-08)
  Iteration 28 (of 50).   Current convergence value = 0.00011015 (threshold = 1e-08)
  Iteration 29 (of 50).   Current convergence value = 0.000109274 (threshold = 1e-08)
  Iteration 30 (of 50).   Current convergence value = 0.000108442 (threshold = 1e-08)
  Iteration 31 (of 50).   Current convergence value = 0.000107566 (threshold = 1e-08)
  Iteration 32 (of 50).   Current convergence value = 0.000106748 (threshold = 1e-08)
  Iteration 33 (of 50).   Current convergence value = 0.00010597 (threshold = 1e-08)
  Iteration 34 (of 50).   Current convergence value = 0.000105118 (threshold = 1e-08)
  Iteration 35 (of 50).   Current convergence value = 0.000104391 (threshold = 1e-08)
  Iteration 36 (of 50).   Current convergence value = 0.000103583 (threshold = 1e-08)
  Iteration 37 (of 50).   Current convergence value = 0.000102845 (threshold = 1e-08)
  Iteration 38 (of 50).   Current convergence value = 0.000102086 (threshold = 1e-08)
  Iteration 39 (of 50).   Current convergence value = 0.000101447 (threshold = 1e-08)
  Iteration 40 (of 50).   Current convergence value = 0.000100811 (threshold = 1e-08)
  Iteration 41 (of 50).   Current convergence value = 0.000100169 (threshold = 1e-08)
  Iteration 42 (of 50).   Current convergence value = 9.95246e-05 (threshold = 1e-08)
  Iteration 43 (of 50).   Current convergence value = 9.89119e-05 (threshold = 1e-08)
  Iteration 44 (of 50).   Current convergence value = 9.82538e-05 (threshold = 1e-08)
  Iteration 45 (of 50).   Current convergence value = 9.76688e-05 (threshold = 1e-08)
  Iteration 46 (of 50).   Current convergence value = 9.71246e-05 (threshold = 1e-08)
  Iteration 47 (of 50).   Current convergence value = 9.66694e-05 (threshold = 1e-08)
  Iteration 48 (of 50).   Current convergence value = 9.6128e-05 (threshold = 1e-08)
  Iteration 49 (of 50).   Current convergence value = 9.56367e-05 (threshold = 1e-08)
  Iteration 50 (of 50).   Current convergence value = 9.50947e-05 (threshold = 1e-08)
Current level = 2
  Iteration 1 (of 50).   Current convergence value = 0.000474645 (threshold = 1e-08)
  Iteration 2 (of 50).   Current convergence value = 0.000397748 (threshold = 1e-08)
  Iteration 3 (of 50).   Current convergence value = 0.000341493 (threshold = 1e-08)
  Iteration 4 (of 50).   Current convergence value = 0.000297795 (threshold = 1e-08)
  Iteration 5 (of 50).   Current convergence value = 0.000258978 (threshold = 1e-08)
  Iteration 6 (of 50).   Current convergence value = 0.000226428 (threshold = 1e-08)
  Iteration 7 (of 50).   Current convergence value = 0.00020046 (threshold = 1e-08)
  Iteration 8 (of 50).   Current convergence value = 0.000183359 (threshold = 1e-08)
  Iteration 9 (of 50).   Current convergence value = 0.000174838 (threshold = 1e-08)
  Iteration 10 (of 50).   Current convergence value = 0.000163677 (threshold = 1e-08)
  Iteration 11 (of 50).   Current convergence value = 0.000151562 (threshold = 1e-08)
  Iteration 12 (of 50).   Current convergence value = 0.000141374 (threshold = 1e-08)
  Iteration 13 (of 50).   Current convergence value = 0.000132059 (threshold = 1e-08)
  Iteration 14 (of 50).   Current convergence value = 0.000123801 (threshold = 1e-08)
  Iteration 15 (of 50).   Current convergence value = 0.000116171 (threshold = 1e-08)
  Iteration 16 (of 50).   Current convergence value = 0.000109362 (threshold = 1e-08)
  Iteration 17 (of 50).   Current convergence value = 0.000103457 (threshold = 1e-08)
  Iteration 18 (of 50).   Current convergence value = 9.81931e-05 (threshold = 1e-08)
  Iteration 19 (of 50).   Current convergence value = 9.64787e-05 (threshold = 1e-08)
  Iteration 20 (of 50).   Current convergence value = 9.54824e-05 (threshold = 1e-08)
  Iteration 21 (of 50).   Current convergence value = 9.46357e-05 (threshold = 1e-08)
  Iteration 22 (of 50).   Current convergence value = 9.40523e-05 (threshold = 1e-08)
  Iteration 23 (of 50).   Current convergence value = 9.35129e-05 (threshold = 1e-08)
  Iteration 24 (of 50).   Current convergence value = 9.30083e-05 (threshold = 1e-08)
  Iteration 25 (of 50).   Current convergence value = 9.25253e-05 (threshold = 1e-08)
  Iteration 26 (of 50).   Current convergence value = 9.19546e-05 (threshold = 1e-08)
  Iteration 27 (of 50).   Current convergence value = 9.15412e-05 (threshold = 1e-08)
  Iteration 28 (of 50).   Current convergence value = 9.10337e-05 (threshold = 1e-08)
  Iteration 29 (of 50).   Current convergence value = 9.04448e-05 (threshold = 1e-08)
  Iteration 30 (of 50).   Current convergence value = 8.99305e-05 (threshold = 1e-08)
  Iteration 31 (of 50).   Current convergence value = 8.93937e-05 (threshold = 1e-08)
  Iteration 32 (of 50).   Current convergence value = 8.87868e-05 (threshold = 1e-08)
  Iteration 33 (of 50).   Current convergence value = 8.81126e-05 (threshold = 1e-08)
  Iteration 34 (of 50).   Current convergence value = 8.75123e-05 (threshold = 1e-08)
  Iteration 35 (of 50).   Current convergence value = 8.69759e-05 (threshold = 1e-08)
  Iteration 36 (of 50).   Current convergence value = 8.6292e-05 (threshold = 1e-08)
  Iteration 37 (of 50).   Current convergence value = 8.56833e-05 (threshold = 1e-08)
  Iteration 38 (of 50).   Current convergence value = 8.50507e-05 (threshold = 1e-08)
  Iteration 39 (of 50).   Current convergence value = 8.44105e-05 (threshold = 1e-08)
  Iteration 40 (of 50).   Current convergence value = 8.37996e-05 (threshold = 1e-08)
  Iteration 41 (of 50).   Current convergence value = 8.31673e-05 (threshold = 1e-08)
  Iteration 42 (of 50).   Current convergence value = 8.26561e-05 (threshold = 1e-08)
  Iteration 43 (of 50).   Current convergence value = 8.19566e-05 (threshold = 1e-08)
  Iteration 44 (of 50).   Current convergence value = 8.14243e-05 (threshold = 1e-08)
  Iteration 45 (of 50).   Current convergence value = 8.07758e-05 (threshold = 1e-08)
  Iteration 46 (of 50).   Current convergence value = 8.02959e-05 (threshold = 1e-08)
  Iteration 47 (of 50).   Current convergence value = 7.96301e-05 (threshold = 1e-08)
  Iteration 48 (of 50).   Current convergence value = 7.914e-05 (threshold = 1e-08)
  Iteration 49 (of 50).   Current convergence value = 7.86277e-05 (threshold = 1e-08)
  Iteration 50 (of 50).   Current convergence value = 7.80878e-05 (threshold = 1e-08)
Current level = 3
  Iteration 1 (of 40).   Current convergence value = 0.00147404 (threshold = 1e-08)
  Iteration 2 (of 40).   Current convergence value = 0.0011639 (threshold = 1e-08)
  Iteration 3 (of 40).   Current convergence value = 0.00099465 (threshold = 1e-08)
  Iteration 4 (of 40).   Current convergence value = 0.000879832 (threshold = 1e-08)
  Iteration 5 (of 40).   Current convergence value = 0.000794713 (threshold = 1e-08)
  Iteration 6 (of 40).   Current convergence value = 0.000733641 (threshold = 1e-08)
  Iteration 7 (of 40).   Current convergence value = 0.000690782 (threshold = 1e-08)
  Iteration 8 (of 40).   Current convergence value = 0.000659026 (threshold = 1e-08)
  Iteration 9 (of 40).   Current convergence value = 0.00063454 (threshold = 1e-08)
  Iteration 10 (of 40).   Current convergence value = 0.000612783 (threshold = 1e-08)
  Iteration 11 (of 40).   Current convergence value = 0.000590029 (threshold = 1e-08)
  Iteration 12 (of 40).   Current convergence value = 0.000570508 (threshold = 1e-08)
  Iteration 13 (of 40).   Current convergence value = 0.000552957 (threshold = 1e-08)
  Iteration 14 (of 40).   Current convergence value = 0.000537042 (threshold = 1e-08)
  Iteration 15 (of 40).   Current convergence value = 0.000522651 (threshold = 1e-08)
  Iteration 16 (of 40).   Current convergence value = 0.000509133 (threshold = 1e-08)
  Iteration 17 (of 40).   Current convergence value = 0.000496805 (threshold = 1e-08)
  Iteration 18 (of 40).   Current convergence value = 0.000485329 (threshold = 1e-08)
  Iteration 19 (of 40).   Current convergence value = 0.000474573 (threshold = 1e-08)
  Iteration 20 (of 40).   Current convergence value = 0.000464631 (threshold = 1e-08)
  Iteration 21 (of 40).   Current convergence value = 0.00045522 (threshold = 1e-08)
  Iteration 22 (of 40).   Current convergence value = 0.000446414 (threshold = 1e-08)
  Iteration 23 (of 40).   Current convergence value = 0.000438092 (threshold = 1e-08)
  Iteration 24 (of 40).   Current convergence value = 0.000429743 (threshold = 1e-08)
  Iteration 25 (of 40).   Current convergence value = 0.000422069 (threshold = 1e-08)
  Iteration 26 (of 40).   Current convergence value = 0.000414476 (threshold = 1e-08)
  Iteration 27 (of 40).   Current convergence value = 0.000407291 (threshold = 1e-08)
  Iteration 28 (of 40).   Current convergence value = 0.000400311 (threshold = 1e-08)
  Iteration 29 (of 40).   Current convergence value = 0.000393481 (threshold = 1e-08)
  Iteration 30 (of 40).   Current convergence value = 0.000387064 (threshold = 1e-08)
  Iteration 31 (of 40).   Current convergence value = 0.000380723 (threshold = 1e-08)
  Iteration 32 (of 40).   Current convergence value = 0.000374685 (threshold = 1e-08)
  Iteration 33 (of 40).   Current convergence value = 0.000368664 (threshold = 1e-08)
  Iteration 34 (of 40).   Current convergence value = 0.000362851 (threshold = 1e-08)
  Iteration 35 (of 40).   Current convergence value = 0.000357284 (threshold = 1e-08)
  Iteration 36 (of 40).   Current convergence value = 0.000351787 (threshold = 1e-08)
  Iteration 37 (of 40).   Current convergence value = 0.000346337 (threshold = 1e-08)
  Iteration 38 (of 40).   Current convergence value = 0.000341206 (threshold = 1e-08)
  Iteration 39 (of 40).   Current convergence value = 0.000336096 (threshold = 1e-08)
  Iteration 40 (of 40).   Current convergence value = 0.000331113 (threshold = 1e-08)
Current level = 4
  Iteration 1 (of 30).   Current convergence value = 0.0021615 (threshold = 1e-08)
  Iteration 2 (of 30).   Current convergence value = 0.00194252 (threshold = 1e-08)
  Iteration 3 (of 30).   Current convergence value = 0.00185945 (threshold = 1e-08)
  Iteration 4 (of 30).   Current convergence value = 0.00178238 (threshold = 1e-08)
  Iteration 5 (of 30).   Current convergence value = 0.00171598 (threshold = 1e-08)
  Iteration 6 (of 30).   Current convergence value = 0.00165812 (threshold = 1e-08)
  Iteration 7 (of 30).   Current convergence value = 0.0016045 (threshold = 1e-08)
  Iteration 8 (of 30).   Current convergence value = 0.00149959 (threshold = 1e-08)
  Iteration 9 (of 30).   Current convergence value = 0.00139568 (threshold = 1e-08)
  Iteration 10 (of 30).   Current convergence value = 0.00130984 (threshold = 1e-08)
  Iteration 11 (of 30).   Current convergence value = 0.00124986 (threshold = 1e-08)
  Iteration 12 (of 30).   Current convergence value = 0.00122396 (threshold = 1e-08)
  Iteration 13 (of 30).   Current convergence value = 0.00122933 (threshold = 1e-08)
  Iteration 14 (of 30).   Current convergence value = 0.00128036 (threshold = 1e-08)
  Iteration 15 (of 30).   Current convergence value = 0.00140711 (threshold = 1e-08)
  Iteration 16 (of 30).   Current convergence value = 0.00150644 (threshold = 1e-08)
  Iteration 17 (of 30).   Current convergence value = 0.00158992 (threshold = 1e-08)
  Iteration 18 (of 30).   Current convergence value = 0.00164579 (threshold = 1e-08)
  Iteration 19 (of 30).   Current convergence value = 0.00167749 (threshold = 1e-08)
  Iteration 20 (of 30).   Current convergence value = 0.00153916 (threshold = 1e-08)
  Iteration 21 (of 30).   Current convergence value = 0.00140896 (threshold = 1e-08)
  Iteration 22 (of 30).   Current convergence value = 0.0012953 (threshold = 1e-08)
  Iteration 23 (of 30).   Current convergence value = 0.0011892 (threshold = 1e-08)
  Iteration 24 (of 30).   Current convergence value = 0.00109234 (threshold = 1e-08)
  Iteration 25 (of 30).   Current convergence value = 0.00100951 (threshold = 1e-08)
  Iteration 26 (of 30).   Current convergence value = 0.000927858 (threshold = 1e-08)
  Iteration 27 (of 30).   Current convergence value = 0.000857295 (threshold = 1e-08)
  Iteration 28 (of 30).   Current convergence value = 0.000796244 (threshold = 1e-08)
  Iteration 29 (of 30).   Current convergence value = 0.000740225 (threshold = 1e-08)
  Iteration 30 (of 30).   Current convergence value = 0.000687871 (threshold = 1e-08)
   N4BiasFieldCorrectionImageFilter (0x55c66db75e20)
     RTTI typeinfo:   itk::N4BiasFieldCorrectionImageFilter<itk::Image<float, 3u>, itk::Image<float, 3u>, itk::Image<float, 3u> >
     Reference Count: 1
     Modified Time: 565
     Debug: Off
     Object Name: 
     Observers: 
       IterationEvent(Command)
     Inputs: 
       ConfidenceImage: (0)
       MaskImage: (0x55c66dba05d0)
       Primary: (0x55c66db9ba80) *
     Indexed Inputs: 
       0: Primary (0x55c66db9ba80)
       1: MaskImage (0x55c66dba05d0)
       2: ConfidenceImage (0)
     Required Input Names: Primary
     NumberOfRequiredInputs: 1
     Outputs: 
       Primary: (0x55c66db85ef0)
     Indexed Outputs: 
       0: Primary (0x55c66db85ef0)
     NumberOfRequiredOutputs: 1
     Number Of Work Units: 32
     ReleaseDataFlag: Off
     ReleaseDataBeforeUpdateFlag: Off
     AbortGenerateData: Off
     Progress: 0
     Multithreader: 
       RTTI typeinfo:   itk::PoolMultiThreader
       Reference Count: 1
       Modified Time: 144
       Debug: Off
       Object Name: 
       Observers: 
         none
       Number of Work Units: 32
       Number of Threads: 8
       Global Maximum Number Of Threads: 128
       Global Default Number Of Threads: 8
       Global Default Threader Type: itk::MultiThreaderBaseEnums::Threader::Pool
       SingleMethod: 0
       SingleData: 0
     DynamicMultiThreading: On
     CoordinateTolerance: 1e-06
     DirectionTolerance: 1e-06
     Use Mask Label: 0
     Mask label: 1
     Number of histogram bins: 200
     Wiener filter noise: 0.01
     Bias field FWHM: 0.15
     Maximum number of iterations: [50, 50, 40, 30]
     Convergence threshold: 1e-08
     Spline order: 3
     Number of fitting levels: [4, 4, 4]
     Number of control points: [4, 5, 5]
     CurrentConvergenceMeasurement: 0.000687871
     CurrentLevel: 4
     ElapsedIterations: 31
     LogBiasFieldControlPointLattice: 
       Image (0x55c674684860)
         RTTI typeinfo:   itk::Image<itk::Vector<float, 1u>, 3u>
         Reference Count: 1
         Modified Time: 343560
         Debug: Off
         Object Name: 
         Observers: 
           none
         Source: (none)
         Source output name: (none)
         Release Data: Off
         Data Released: False
         Global Release Data: Off
         PipelineMTime: 0
         UpdateMTime: 0
         RealTimeStamp: 0 seconds 
         LargestPossibleRegion: 
           Dimension: 3
           Index: [0, 0, 0]
           Size: [11, 19, 19]
         BufferedRegion: 
           Dimension: 3
           Index: [0, 0, 0]
           Size: [11, 19, 19]
         RequestedRegion: 
           Dimension: 3
           Index: [0, 0, 0]
           Size: [11, 19, 19]
         Spacing: [24.75, 24.875, 24.875]
         Origin: [24.6228, 18.5009, -30.0255]
         Direction: 
-0.998435 -0.0377209 0.0412774
0.044972 -0.980386 0.191886
0.0332297 0.193443 0.980549

         IndexToPointMatrix: 
-24.7113 -0.938307 1.02678
1.11306 -24.3871 4.77316
0.822434 4.8119 24.3912

         PointToIndexMatrix: 
-0.0403408 0.00181705 0.00134261
-0.00151642 -0.0394125 0.00777657
0.00165939 0.00771405 0.039419

         Inverse Direction: 
-0.998435 0.044972 0.0332297
-0.0377209 -0.980386 0.193442
0.0412774 0.191887 0.980549

         PixelContainer: 
           ImportImageContainer (0x55c679b1dc60)
             RTTI typeinfo:   itk::ImportImageContainer<unsigned long, itk::Vector<float, 1u> >
             Reference Count: 1
             Modified Time: 343561
             Debug: Off
             Object Name: 
             Observers: 
               none
             Pointer: 0x55c677d19fc0
             Container manages memory: true
             Size: 3971
             Capacity: 3971
Elapsed time: 268.295
All_Command_lines_OK
Using single precision for computations.
=============================================================================
The composite transform comprises the following transforms (in order): 
  1. Center of mass alignment using fixed image: /home/mpib/nemecz/Projects/miniTRK/Results/01_MRI/GroupTempl/T1w/T_template0.nii.gz and moving image: /home/mpib/nemecz/Projects/miniTRK/Analysis/01_MRI/Preproc/GroupTempl/T1w/sub-291670_T1w.nii.gz (type = Euler3DTransform)
=============================================================================
  number of levels = 4
  number of levels = 4
  number of levels = 4
  fixed image: /home/mpib/nemecz/Projects/miniTRK/Results/01_MRI/GroupTempl/T1w/T_template0.nii.gz
  moving image: /home/mpib/nemecz/Projects/miniTRK/Results/01_MRI/GroupTempl/T1w/T_template0sub-291670_T1wRepaired.nii.gz
  fixed image: /home/mpib/nemecz/Projects/miniTRK/Results/01_MRI/GroupTempl/T1w/T_template0.nii.gz
  moving image: /home/mpib/nemecz/Projects/miniTRK/Results/01_MRI/GroupTempl/T1w/T_template0sub-291670_T1wRepaired.nii.gz
  fixed image: /home/mpib/nemecz/Projects/miniTRK/Results/01_MRI/GroupTempl/T1w/T_template0.nii.gz
  moving image: /home/mpib/nemecz/Projects/miniTRK/Results/01_MRI/GroupTempl/T1w/T_template0sub-291670_T1wRepaired.nii.gz
Dimension = 3
Number of stages = 3
Use Histogram Matching true
Winsorize image intensities true
Lower quantile = 0.01
Upper quantile = 0.99
Stage 1 State
   Image metric = Mattes
     Fixed image = Image (0x56491ba35ad0)
  RTTI typeinfo:   itk::Image<float, 3u>
  Reference Count: 2
  Modified Time: 1721
  Debug: Off
  Object Name: 
  Observers: 
    none
  Source: (none)
  Source output name: (none)
  Release Data: Off
  Data Released: False
  Global Release Data: Off
  PipelineMTime: 0
  UpdateMTime: 1506
  RealTimeStamp: 0 seconds 
  LargestPossibleRegion: 
    Dimension: 3
    Index: [0, 0, 0]
    Size: [192, 256, 256]
  BufferedRegion: 
    Dimension: 3
    Index: [0, 0, 0]
    Size: [192, 256, 256]
  RequestedRegion: 
    Dimension: 3
    Index: [0, 0, 0]
    Size: [192, 256, 256]
  Spacing: [1, 1, 1]
  Origin: [95.0313, 100.538, -154.123]
  Direction: 
-0.999853 -0.014134 -0.00966312
0.014129 -0.9999 0.000586045
-0.00967044 0.000449429 0.999953

  IndexToPointMatrix: 
-0.999853 -0.014134 -0.00966312
0.014129 -0.9999 0.000586045
-0.00967044 0.000449429 0.999953

  PointToIndexMatrix: 
-0.999853 0.014129 -0.00967044
-0.014134 -0.9999 0.000449429
-0.00966312 0.000586045 0.999953

  Inverse Direction: 
-0.999853 0.014129 -0.00967044
-0.014134 -0.9999 0.000449429
-0.00966312 0.000586045 0.999953

  PixelContainer: 
    ImportImageContainer (0x56491ba3dc80)
      RTTI typeinfo:   itk::ImportImageContainer<unsigned long, float>
      Reference Count: 1
      Modified Time: 1503
      Debug: Off
      Object Name: 
      Observers: 
        none
      Pointer: 0x7f54de616010
      Container manages memory: true
      Size: 12582912
      Capacity: 12582912

     Moving image = Image (0x56491ba36bc0)
  RTTI typeinfo:   itk::Image<float, 3u>
  Reference Count: 2
  Modified Time: 1722
  Debug: Off
  Object Name: 
  Observers: 
    none
  Source: (none)
  Source output name: (none)
  Release Data: Off
  Data Released: False
  Global Release Data: Off
  PipelineMTime: 0
  UpdateMTime: 1719
  RealTimeStamp: 0 seconds 
  LargestPossibleRegion: 
    Dimension: 3
    Index: [0, 0, 0]
    Size: [192, 256, 256]
  BufferedRegion: 
    Dimension: 3
    Index: [0, 0, 0]
    Size: [192, 256, 256]
  RequestedRegion: 
    Dimension: 3
    Index: [0, 0, 0]
    Size: [192, 256, 256]
  Spacing: [1, 1, 1]
  Origin: [93.6573, 61.6079, -172.785]
  Direction: 
-0.998435 -0.0377209 0.0412774
0.044972 -0.980386 0.191886
0.0332297 0.193443 0.980549

  IndexToPointMatrix: 
-0.998435 -0.0377209 0.0412774
0.044972 -0.980386 0.191886
0.0332297 0.193443 0.980549

  PointToIndexMatrix: 
-0.998435 0.044972 0.0332297
-0.0377209 -0.980386 0.193443
0.0412774 0.191886 0.980549

  Inverse Direction: 
-0.998435 0.044972 0.0332297
-0.0377209 -0.980386 0.193443
0.0412774 0.191886 0.980549

  PixelContainer: 
    ImportImageContainer (0x56491ba42100)
      RTTI typeinfo:   itk::ImportImageContainer<unsigned long, float>
      Reference Count: 1
      Modified Time: 1716
      Debug: Off
      Object Name: 
      Observers: 
        none
      Pointer: 0x7f54db615010
      Container manages memory: true
      Size: 12582912
      Capacity: 12582912

     Weighting = 1
     Sampling strategy = regular
     Number of bins = 32
     Radius = 4
     Sampling percentage  = 0.25
   Transform = Rigid
     Gradient step = 0.1
     Update field sigma (voxel space) = 0
     Total field sigma (voxel space) = 0
     Update field time sigma = 0
     Total field time sigma  = 0
     Number of time indices = 0
     Number of time point samples = 0
Stage 2 State
   Image metric = Mattes
     Fixed image = Image (0x56491ba4e870)
  RTTI typeinfo:   itk::Image<float, 3u>
  Reference Count: 2
  Modified Time: 2149
  Debug: Off
  Object Name: 
  Observers: 
    none
  Source: (none)
  Source output name: (none)
  Release Data: Off
  Data Released: False
  Global Release Data: Off
  PipelineMTime: 0
  UpdateMTime: 1934
  RealTimeStamp: 0 seconds 
  LargestPossibleRegion: 
    Dimension: 3
    Index: [0, 0, 0]
    Size: [192, 256, 256]
  BufferedRegion: 
    Dimension: 3
    Index: [0, 0, 0]
    Size: [192, 256, 256]
  RequestedRegion: 
    Dimension: 3
    Index: [0, 0, 0]
    Size: [192, 256, 256]
  Spacing: [1, 1, 1]
  Origin: [95.0313, 100.538, -154.123]
  Direction: 
-0.999853 -0.014134 -0.00966312
0.014129 -0.9999 0.000586045
-0.00967044 0.000449429 0.999953

  IndexToPointMatrix: 
-0.999853 -0.014134 -0.00966312
0.014129 -0.9999 0.000586045
-0.00967044 0.000449429 0.999953

  PointToIndexMatrix: 
-0.999853 0.014129 -0.00967044
-0.014134 -0.9999 0.000449429
-0.00966312 0.000586045 0.999953

  Inverse Direction: 
-0.999853 0.014129 -0.00967044
-0.014134 -0.9999 0.000449429
-0.00966312 0.000586045 0.999953

  PixelContainer: 
    ImportImageContainer (0x56491ba396d0)
      RTTI typeinfo:   itk::ImportImageContainer<unsigned long, float>
      Reference Count: 1
      Modified Time: 1931
      Debug: Off
      Object Name: 
      Observers: 
        none
      Pointer: 0x7f54d8614010
      Container manages memory: true
      Size: 12582912
      Capacity: 12582912

     Moving image = Image (0x56491ba4e4c0)
  RTTI typeinfo:   itk::Image<float, 3u>
  Reference Count: 2
  Modified Time: 2150
  Debug: Off
  Object Name: 
  Observers: 
    none
  Source: (none)
  Source output name: (none)
  Release Data: Off
  Data Released: False
  Global Release Data: Off
  PipelineMTime: 0
  UpdateMTime: 2147
  RealTimeStamp: 0 seconds 
  LargestPossibleRegion: 
    Dimension: 3
    Index: [0, 0, 0]
    Size: [192, 256, 256]
  BufferedRegion: 
    Dimension: 3
    Index: [0, 0, 0]
    Size: [192, 256, 256]
  RequestedRegion: 
    Dimension: 3
    Index: [0, 0, 0]
    Size: [192, 256, 256]
  Spacing: [1, 1, 1]
  Origin: [93.6573, 61.6079, -172.785]
  Direction: 
-0.998435 -0.0377209 0.0412774
0.044972 -0.980386 0.191886
0.0332297 0.193443 0.980549

  IndexToPointMatrix: 
-0.998435 -0.0377209 0.0412774
0.044972 -0.980386 0.191886
0.0332297 0.193443 0.980549

  PointToIndexMatrix: 
-0.998435 0.044972 0.0332297
-0.0377209 -0.980386 0.193443
0.0412774 0.191886 0.980549

  Inverse Direction: 
-0.998435 0.044972 0.0332297
-0.0377209 -0.980386 0.193443
0.0412774 0.191886 0.980549

  PixelContainer: 
    ImportImageContainer (0x56491ba4f8c0)
      RTTI typeinfo:   itk::ImportImageContainer<unsigned long, float>
      Reference Count: 1
      Modified Time: 2144
      Debug: Off
      Object Name: 
      Observers: 
        none
      Pointer: 0x7f54d5613010
      Container manages memory: true
      Size: 12582912
      Capacity: 12582912

     Weighting = 1
     Sampling strategy = regular
     Number of bins = 32
     Radius = 4
     Sampling percentage  = 0.25
   Transform = Affine
     Gradient step = 0.1
     Update field sigma (voxel space) = 0
     Total field sigma (voxel space) = 0
     Update field time sigma = 0
     Total field time sigma  = 0
     Number of time indices = 0
     Number of time point samples = 0
Stage 3 State
   Image metric = CC
     Fixed image = Image (0x56491ba55960)
  RTTI typeinfo:   itk::Image<float, 3u>
  Reference Count: 2
  Modified Time: 2577
  Debug: Off
  Object Name: 
  Observers: 
    none
  Source: (none)
  Source output name: (none)
  Release Data: Off
  Data Released: False
  Global Release Data: Off
  PipelineMTime: 0
  UpdateMTime: 2362
  RealTimeStamp: 0 seconds 
  LargestPossibleRegion: 
    Dimension: 3
    Index: [0, 0, 0]
    Size: [192, 256, 256]
  BufferedRegion: 
    Dimension: 3
    Index: [0, 0, 0]
    Size: [192, 256, 256]
  RequestedRegion: 
    Dimension: 3
    Index: [0, 0, 0]
    Size: [192, 256, 256]
  Spacing: [1, 1, 1]
  Origin: [95.0313, 100.538, -154.123]
  Direction: 
-0.999853 -0.014134 -0.00966312
0.014129 -0.9999 0.000586045
-0.00967044 0.000449429 0.999953

  IndexToPointMatrix: 
-0.999853 -0.014134 -0.00966312
0.014129 -0.9999 0.000586045
-0.00967044 0.000449429 0.999953

  PointToIndexMatrix: 
-0.999853 0.014129 -0.00967044
-0.014134 -0.9999 0.000449429
-0.00966312 0.000586045 0.999953

  Inverse Direction: 
-0.999853 0.014129 -0.00967044
-0.014134 -0.9999 0.000449429
-0.00966312 0.000586045 0.999953

  PixelContainer: 
    ImportImageContainer (0x56491ba36660)
      RTTI typeinfo:   itk::ImportImageContainer<unsigned long, float>
      Reference Count: 1
      Modified Time: 2359
      Debug: Off
      Object Name: 
      Observers: 
        none
      Pointer: 0x7f54d2612010
      Container manages memory: true
      Size: 12582912
      Capacity: 12582912

     Moving image = Image (0x56491ba57840)
  RTTI typeinfo:   itk::Image<float, 3u>
  Reference Count: 2
  Modified Time: 2578
  Debug: Off
  Object Name: 
  Observers: 
    none
  Source: (none)
  Source output name: (none)
  Release Data: Off
  Data Released: False
  Global Release Data: Off
  PipelineMTime: 0
  UpdateMTime: 2575
  RealTimeStamp: 0 seconds 
  LargestPossibleRegion: 
    Dimension: 3
    Index: [0, 0, 0]
    Size: [192, 256, 256]
  BufferedRegion: 
    Dimension: 3
    Index: [0, 0, 0]
    Size: [192, 256, 256]
  RequestedRegion: 
    Dimension: 3
    Index: [0, 0, 0]
    Size: [192, 256, 256]
  Spacing: [1, 1, 1]
  Origin: [93.6573, 61.6079, -172.785]
  Direction: 
-0.998435 -0.0377209 0.0412774
0.044972 -0.980386 0.191886
0.0332297 0.193443 0.980549

  IndexToPointMatrix: 
-0.998435 -0.0377209 0.0412774
0.044972 -0.980386 0.191886
0.0332297 0.193443 0.980549

  PointToIndexMatrix: 
-0.998435 0.044972 0.0332297
-0.0377209 -0.980386 0.193443
0.0412774 0.191886 0.980549

  Inverse Direction: 
-0.998435 0.044972 0.0332297
-0.0377209 -0.980386 0.193443
0.0412774 0.191886 0.980549

  PixelContainer: 
    ImportImageContainer (0x56491ba54660)
      RTTI typeinfo:   itk::ImportImageContainer<unsigned long, float>
      Reference Count: 1
      Modified Time: 2572
      Debug: Off
      Object Name: 
      Observers: 
        none
      Pointer: 0x7f54cf611010
      Container manages memory: true
      Size: 12582912
      Capacity: 12582912

     Weighting = 1
     Sampling strategy = none
     Number of bins = 32
     Radius = 4
     Sampling percentage  = 1
   Transform = SyN
     Gradient step = 0.1
     Update field sigma (voxel space) = 3
     Total field sigma (voxel space) = 0
     Update field time sigma = 0
     Total field time sigma  = 0
     Number of time indices = 0
     Number of time point samples = 0
Registration using 3 total stages.

Stage 0
  iterations = 1000x500x250x0
  convergence threshold = 1e-06
  convergence window size = 10
  number of levels = 4
  using the Mattes MI metric (number of bins = 32, weight = 1)
  preprocessing:  winsorizing the image intensities
  preprocessing:  histogram matching the images
  Shrink factors (level 1 out of 4): [6, 6, 6]
  Shrink factors (level 2 out of 4): [4, 4, 4]
  Shrink factors (level 3 out of 4): [2, 2, 2]
  Shrink factors (level 4 out of 4): [1, 1, 1]
  smoothing sigmas per level: [4, 2, 1, 0]
  regular sampling (percentage = 0.25)

*** Running Euler3DTransform registration ***

DIAGNOSTIC,Iteration,metricValue,convergenceValue,ITERATION_TIME_INDEX,SINCE_LAST
 2DIAGNOSTIC,     1, -8.006660342216e-01, inf, 4.5867e-01, 4.5866e-01, 
 2DIAGNOSTIC,     2, -8.030650615692e-01, inf, 4.6893e-01, 1.0260e-02, 
 2DIAGNOSTIC,     3, -8.070440888405e-01, inf, 4.7798e-01, 9.0570e-03, 
 2DIAGNOSTIC,     4, -8.132354617119e-01, inf, 4.8694e-01, 8.9619e-03, 
 2DIAGNOSTIC,     5, -8.217936754227e-01, inf, 4.9581e-01, 8.8649e-03, 
 2DIAGNOSTIC,     6, -8.317930698395e-01, inf, 5.0445e-01, 8.6420e-03, 
 2DIAGNOSTIC,     7, -8.411285281181e-01, inf, 5.1287e-01, 8.4159e-03, 
 2DIAGNOSTIC,     8, -8.449987173080e-01, inf, 5.2108e-01, 8.2159e-03, 
 2DIAGNOSTIC,     9, -8.499286174774e-01, inf, 5.2919e-01, 8.1060e-03, 
 2DIAGNOSTIC,    10, -8.631635308266e-01, 4.973943345249e-03, 5.4050e-01, 1.1315e-02, 
 2DIAGNOSTIC,    11, -8.635905981064e-01, 4.595136269927e-03, 5.4960e-01, 9.0911e-03, 
 2DIAGNOSTIC,    12, -8.637444972992e-01, 3.947143908590e-03, 5.5776e-01, 8.1599e-03, 
 2DIAGNOSTIC,    13, -8.655652999878e-01, 3.202998312190e-03, 5.6629e-01, 8.5390e-03, 
 2DIAGNOSTIC,    14, -8.671699762344e-01, 2.463172422722e-03, 5.7868e-01, 1.2385e-02, 
 2DIAGNOSTIC,    15, -8.674314022064e-01, 1.791364396922e-03, 5.8888e-01, 1.0203e-02, 
 2DIAGNOSTIC,    16, -8.674718141556e-01, 1.250828150660e-03, 5.9923e-01, 1.0346e-02, 
 2DIAGNOSTIC,    17, -8.674484491348e-01, 8.490993641317e-04, 6.0867e-01, 9.4380e-03, 
 2DIAGNOSTIC,    18, -8.674392104149e-01, 4.870979173575e-04, 6.1794e-01, 9.2740e-03, 
 2DIAGNOSTIC,    19, -8.674496412277e-01, 1.994301710511e-04, 6.2700e-01, 9.0630e-03, 
 2DIAGNOSTIC,    20, -8.674303889275e-01, 1.447097311029e-04, 6.3485e-01, 7.8471e-03, 
 2DIAGNOSTIC,    21, -8.674156069756e-01, 8.926660666475e-05, 6.4404e-01, 9.1860e-03, 
 2DIAGNOSTIC,    22, -8.674308657646e-01, 3.294046109659e-05, 6.5212e-01, 8.0791e-03, 
 2DIAGNOSTIC,    23, -8.674283027649e-01, 4.490136234381e-06, 6.6112e-01, 9.0060e-03, 
DIAGNOSTIC,Iteration,metricValue,convergenceValue,ITERATION_TIME_INDEX,SINCE_LAST
 2DIAGNOSTIC,     1, -6.592807769775e-01, inf, 1.1533e+00, 4.9219e-01, 
 2DIAGNOSTIC,     2, -6.595970988274e-01, inf, 1.1860e+00, 3.2730e-02, 
 2DIAGNOSTIC,     3, -6.600039005280e-01, inf, 1.2182e+00, 3.2206e-02, 
 2DIAGNOSTIC,     4, -6.606690287590e-01, inf, 1.2486e+00, 3.0406e-02, 
 2DIAGNOSTIC,     5, -6.614931225777e-01, inf, 1.2790e+00, 3.0326e-02, 
 2DIAGNOSTIC,     6, -6.626148819923e-01, inf, 1.3094e+00, 3.0427e-02, 
 2DIAGNOSTIC,     7, -6.639368534088e-01, inf, 1.3399e+00, 3.0478e-02, 
 2DIAGNOSTIC,     8, -6.653292775154e-01, inf, 1.3868e+00, 4.6962e-02, 
 2DIAGNOSTIC,     9, -6.656606793404e-01, inf, 1.4163e+00, 2.9418e-02, 
 2DIAGNOSTIC,    10, -6.658389568329e-01, 7.456408930011e-04, 1.4576e+00, 4.1338e-02, 
 2DIAGNOSTIC,    11, -6.658789515495e-01, 6.614780286327e-04, 1.4920e+00, 3.4368e-02, 
 2DIAGNOSTIC,    12, -6.658744215965e-01, 5.429580342025e-04, 1.5261e+00, 3.4122e-02, 
 2DIAGNOSTIC,    13, -6.658899784088e-01, 4.073370946571e-04, 1.5568e+00, 3.0732e-02, 
 2DIAGNOSTIC,    14, -6.659367084503e-01, 2.761830692180e-04, 1.5864e+00, 2.9540e-02, 
 2DIAGNOSTIC,    15, -6.660134792328e-01, 1.633235078771e-04, 1.6233e+00, 3.6944e-02, 
 2DIAGNOSTIC,    16, -6.660144329071e-01, 7.939355418785e-05, 1.6530e+00, 2.9654e-02, 
 2DIAGNOSTIC,    17, -6.660614609718e-01, 3.192659642082e-05, 1.6934e+00, 4.0395e-02, 
 2DIAGNOSTIC,    18, -6.660615801811e-01, 1.991651879507e-05, 1.7342e+00, 4.0824e-02, 
 2DIAGNOSTIC,    19, -6.660622954369e-01, 1.485531720391e-05, 1.7757e+00, 4.1570e-02, 
 2DIAGNOSTIC,    20, -6.660583019257e-01, 1.277033243241e-05, 1.8114e+00, 3.5617e-02, 
 2DIAGNOSTIC,    21, -6.660577058792e-01, 1.066089771484e-05, 1.8539e+00, 4.2565e-02, 
 2DIAGNOSTIC,    22, -6.660577654839e-01, 7.814051969035e-06, 1.8900e+00, 3.6067e-02, 
 2DIAGNOSTIC,    23, -6.660575866699e-01, 4.893759523839e-06, 1.9225e+00, 3.2523e-02, 
 2DIAGNOSTIC,    24, -6.660573482513e-01, 2.691757117645e-06, 1.9556e+00, 3.3095e-02, 
 2DIAGNOSTIC,    25, -6.660525798798e-01, 1.780494130799e-06, 1.9894e+00, 3.3811e-02, 
DIAGNOSTIC,Iteration,metricValue,convergenceValue,ITERATION_TIME_INDEX,SINCE_LAST
 2DIAGNOSTIC,     1, -5.733081102371e-01, inf, 2.7615e+00, 7.7209e-01, 
 2DIAGNOSTIC,     2, -5.736270546913e-01, inf, 2.9741e+00, 2.1257e-01, 
 2DIAGNOSTIC,     3, -5.739714503288e-01, inf, 3.1865e+00, 2.1246e-01, 
 2DIAGNOSTIC,     4, -5.741814970970e-01, inf, 3.3999e+00, 2.1337e-01, 
 2DIAGNOSTIC,     5, -5.743903517723e-01, inf, 3.6137e+00, 2.1379e-01, 
 2DIAGNOSTIC,     6, -5.746246576309e-01, inf, 3.8550e+00, 2.4125e-01, 
 2DIAGNOSTIC,     7, -5.747058987617e-01, inf, 4.2162e+00, 3.6126e-01, 
 2DIAGNOSTIC,     8, -5.747198462486e-01, inf, 4.4353e+00, 2.1908e-01, 
 2DIAGNOSTIC,     9, -5.747778415680e-01, inf, 4.6531e+00, 2.1780e-01, 
 2DIAGNOSTIC,    10, -5.748196244240e-01, 1.677663240116e-04, 4.8676e+00, 2.1451e-01, 
 2DIAGNOSTIC,    11, -5.748434662819e-01, 1.173028431367e-04, 5.0821e+00, 2.1453e-01, 
 2DIAGNOSTIC,    12, -5.748738050461e-01, 7.917458424345e-05, 5.2962e+00, 2.1405e-01, 
 2DIAGNOSTIC,    13, -5.749128460884e-01, 5.458750456455e-05, 5.5684e+00, 2.7218e-01, 
 2DIAGNOSTIC,    14, -5.749193429947e-01, 3.631248182501e-05, 5.7830e+00, 2.1460e-01, 
 2DIAGNOSTIC,    15, -5.749375224113e-01, 2.466654586897e-05, 6.0544e+00, 2.7145e-01, 
 2DIAGNOSTIC,    16, -5.749368071556e-01, 1.957974927791e-05, 6.2684e+00, 2.1400e-01, 
 2DIAGNOSTIC,    17, -5.749483704567e-01, 1.618964233785e-05, 6.5100e+00, 2.4159e-01, 
 2DIAGNOSTIC,    18, -5.749515891075e-01, 1.228132259712e-05, 6.7250e+00, 2.1497e-01, 
 2DIAGNOSTIC,    19, -5.749648213387e-01, 9.646346370573e-06, 7.0541e+00, 3.2906e-01, 
 2DIAGNOSTIC,    20, -5.749611258507e-01, 7.472286142729e-06, 7.3833e+00, 3.2926e-01, 
 2DIAGNOSTIC,    21, -5.749629139900e-01, 5.559419605561e-06, 7.6536e+00, 2.7032e-01, 
 2DIAGNOSTIC,    22, -5.749627351761e-01, 4.102369075554e-06, 7.8955e+00, 2.4186e-01, 
 2DIAGNOSTIC,    23, -5.749623179436e-01, 3.350705583216e-06, 8.1357e+00, 2.4023e-01, 
 2DIAGNOSTIC,    24, -5.749621987343e-01, 2.597964112283e-06, 8.3771e+00, 2.4135e-01, 
 2DIAGNOSTIC,    25, -5.749623775482e-01, 2.153427885787e-06, 8.6178e+00, 2.4078e-01, 
 2DIAGNOSTIC,    26, -5.749620199203e-01, 1.637876152927e-06, 8.8604e+00, 2.4257e-01, 
 2DIAGNOSTIC,    27, -5.749611854553e-01, 1.318337922385e-06, 9.1029e+00, 2.4245e-01, 
 2DIAGNOSTIC,    28, -5.749616026878e-01, 1.066240884029e-06, 9.3732e+00, 2.7033e-01, 
 2DIAGNOSTIC,    29, -5.749609470367e-01, 1.054337531059e-06, 9.6150e+00, 2.4177e-01, 
DIAGNOSTIC,Iteration,metricValue,convergenceValue,ITERATION_TIME_INDEX,SINCE_LAST
 2DIAGNOSTIC,     1, -5.271013379097e-01, inf, 1.2238e+01, 2.6232e+00, 
  Elapsed time (stage 0): 1.3441e+01


Stage 1
  iterations = 1000x500x250x0
  convergence threshold = 1.0000e-06
  convergence window size = 10
  number of levels = 4
  using the Mattes MI metric (number of bins = 32, weight = 1.0000e+00)
  preprocessing:  winsorizing the image intensities
  preprocessing:  histogram matching the images
  Shrink factors (level 1 out of 4): [6, 6, 6]
  Shrink factors (level 2 out of 4): [4, 4, 4]
  Shrink factors (level 3 out of 4): [2, 2, 2]
  Shrink factors (level 4 out of 4): [1, 1, 1]
  smoothing sigmas per level: [4, 2, 1, 0]
  regular sampling (percentage = 2.5000e-01)

*** Running AffineTransform registration ***

DIAGNOSTIC,Iteration,metricValue,convergenceValue,ITERATION_TIME_INDEX,SINCE_LAST
 2DIAGNOSTIC,     1, -8.636393547058e-01, inf, 4.6288e-01, 4.6288e-01, 
 2DIAGNOSTIC,     2, -8.673576116562e-01, inf, 4.7282e-01, 9.9359e-03, 
 2DIAGNOSTIC,     3, -8.733708858490e-01, inf, 4.8409e-01, 1.1277e-02, 
 2DIAGNOSTIC,     4, -8.835794925690e-01, inf, 4.9519e-01, 1.1092e-02, 
 2DIAGNOSTIC,     5, -9.007774591446e-01, inf, 5.0503e-01, 9.8481e-03, 
 2DIAGNOSTIC,     6, -9.296368360519e-01, inf, 5.1469e-01, 9.6529e-03, 
 2DIAGNOSTIC,     7, -9.758532643318e-01, inf, 5.2365e-01, 8.9650e-03, 
 2DIAGNOSTIC,     8, -1.014748692513e+00, inf, 5.3548e-01, 1.1830e-02, 
 2DIAGNOSTIC,     9, -1.017996668816e+00, inf, 5.4398e-01, 8.4989e-03, 
 2DIAGNOSTIC,    10, -1.022276878357e+00, 1.329826470464e-02, 5.5435e-01, 1.0371e-02, 
 2DIAGNOSTIC,    11, -1.025027751923e+00, 1.213850826025e-02, 5.6468e-01, 1.0330e-02, 
 2DIAGNOSTIC,    12, -1.026168346405e+00, 1.020776946098e-02, 5.7285e-01, 8.1711e-03, 
 2DIAGNOSTIC,    13, -1.028996825218e+00, 7.871728390455e-03, 5.8112e-01, 8.2700e-03, 
 2DIAGNOSTIC,    14, -1.031231880188e+00, 5.451703444123e-03, 5.8935e-01, 8.2281e-03, 
 2DIAGNOSTIC,    15, -1.033050537109e+00, 3.258597571403e-03, 5.9750e-01, 8.1470e-03, 
