
Running N4 for 3-dimensional images.

Mask not read.  Using the entire image as the mask.

Original intensity range:  [0, 822]

***********************************************************
Warning:  Your input image contains nonpositive values
which could cause failure or problematic results.  A
possible workaround would be to:
   1. rescale your image to positive values e.g., [10,100].
   2. run N4 on your rescaled image.
   3. (optional) rescale the N4 output to the original
      intensity range.
***********************************************************

Specified spline distance: 200mm
  original image size:  [192, 256, 256]
  padded image size:  [201, 401, 401]
  number of control points:  [4, 5, 5]

Current level = 1
  Iteration 1 (of 50).   Current convergence value = 0.00020511 (threshold = 1e-08)
  Iteration 2 (of 50).   Current convergence value = 0.000189652 (threshold = 1e-08)
  Iteration 3 (of 50).   Current convergence value = 0.000181806 (threshold = 1e-08)
  Iteration 4 (of 50).   Current convergence value = 0.000176308 (threshold = 1e-08)
  Iteration 5 (of 50).   Current convergence value = 0.0001717 (threshold = 1e-08)
  Iteration 6 (of 50).   Current convergence value = 0.000167655 (threshold = 1e-08)
  Iteration 7 (of 50).   Current convergence value = 0.000163991 (threshold = 1e-08)
  Iteration 8 (of 50).   Current convergence value = 0.000160443 (threshold = 1e-08)
  Iteration 9 (of 50).   Current convergence value = 0.000157022 (threshold = 1e-08)
  Iteration 10 (of 50).   Current convergence value = 0.000153677 (threshold = 1e-08)
  Iteration 11 (of 50).   Current convergence value = 0.000150589 (threshold = 1e-08)
  Iteration 12 (of 50).   Current convergence value = 0.000147672 (threshold = 1e-08)
  Iteration 13 (of 50).   Current convergence value = 0.000144786 (threshold = 1e-08)
  Iteration 14 (of 50).   Current convergence value = 0.000141799 (threshold = 1e-08)
  Iteration 15 (of 50).   Current convergence value = 0.000139152 (threshold = 1e-08)
  Iteration 16 (of 50).   Current convergence value = 0.000136543 (threshold = 1e-08)
  Iteration 17 (of 50).   Current convergence value = 0.000134041 (threshold = 1e-08)
  Iteration 18 (of 50).   Current convergence value = 0.000131642 (threshold = 1e-08)
  Iteration 19 (of 50).   Current convergence value = 0.000129403 (threshold = 1e-08)
  Iteration 20 (of 50).   Current convergence value = 0.000127227 (threshold = 1e-08)
  Iteration 21 (of 50).   Current convergence value = 0.00012522 (threshold = 1e-08)
  Iteration 22 (of 50).   Current convergence value = 0.000123344 (threshold = 1e-08)
  Iteration 23 (of 50).   Current convergence value = 0.000121426 (threshold = 1e-08)
  Iteration 24 (of 50).   Current convergence value = 0.000119607 (threshold = 1e-08)
  Iteration 25 (of 50).   Current convergence value = 0.000117899 (threshold = 1e-08)
  Iteration 26 (of 50).   Current convergence value = 0.000116243 (threshold = 1e-08)
  Iteration 27 (of 50).   Current convergence value = 0.000114723 (threshold = 1e-08)
  Iteration 28 (of 50).   Current convergence value = 0.000113229 (threshold = 1e-08)
  Iteration 29 (of 50).   Current convergence value = 0.000111889 (threshold = 1e-08)
  Iteration 30 (of 50).   Current convergence value = 0.000110531 (threshold = 1e-08)
  Iteration 31 (of 50).   Current convergence value = 0.000109247 (threshold = 1e-08)
  Iteration 32 (of 50).   Current convergence value = 0.000107982 (threshold = 1e-08)
  Iteration 33 (of 50).   Current convergence value = 0.000106765 (threshold = 1e-08)
  Iteration 34 (of 50).   Current convergence value = 0.000105532 (threshold = 1e-08)
  Iteration 35 (of 50).   Current convergence value = 0.000104448 (threshold = 1e-08)
  Iteration 36 (of 50).   Current convergence value = 0.000103389 (threshold = 1e-08)
  Iteration 37 (of 50).   Current convergence value = 0.000102476 (threshold = 1e-08)
  Iteration 38 (of 50).   Current convergence value = 0.00010151 (threshold = 1e-08)
  Iteration 39 (of 50).   Current convergence value = 0.000100601 (threshold = 1e-08)
  Iteration 40 (of 50).   Current convergence value = 9.96985e-05 (threshold = 1e-08)
  Iteration 41 (of 50).   Current convergence value = 9.87559e-05 (threshold = 1e-08)
  Iteration 42 (of 50).   Current convergence value = 9.79893e-05 (threshold = 1e-08)
  Iteration 43 (of 50).   Current convergence value = 9.72098e-05 (threshold = 1e-08)
  Iteration 44 (of 50).   Current convergence value = 9.647e-05 (threshold = 1e-08)
  Iteration 45 (of 50).   Current convergence value = 9.5658e-05 (threshold = 1e-08)
  Iteration 46 (of 50).   Current convergence value = 9.49807e-05 (threshold = 1e-08)
  Iteration 47 (of 50).   Current convergence value = 9.43345e-05 (threshold = 1e-08)
  Iteration 48 (of 50).   Current convergence value = 9.36843e-05 (threshold = 1e-08)
  Iteration 49 (of 50).   Current convergence value = 9.30628e-05 (threshold = 1e-08)
  Iteration 50 (of 50).   Current convergence value = 9.24485e-05 (threshold = 1e-08)
Current level = 2
  Iteration 1 (of 50).   Current convergence value = 0.000452623 (threshold = 1e-08)
  Iteration 2 (of 50).   Current convergence value = 0.00036774 (threshold = 1e-08)
  Iteration 3 (of 50).   Current convergence value = 0.000309138 (threshold = 1e-08)
  Iteration 4 (of 50).   Current convergence value = 0.000264241 (threshold = 1e-08)
  Iteration 5 (of 50).   Current convergence value = 0.000224598 (threshold = 1e-08)
  Iteration 6 (of 50).   Current convergence value = 0.000192435 (threshold = 1e-08)
  Iteration 7 (of 50).   Current convergence value = 0.000174237 (threshold = 1e-08)
  Iteration 8 (of 50).   Current convergence value = 0.000170234 (threshold = 1e-08)
  Iteration 9 (of 50).   Current convergence value = 0.000161535 (threshold = 1e-08)
  Iteration 10 (of 50).   Current convergence value = 0.000150615 (threshold = 1e-08)
  Iteration 11 (of 50).   Current convergence value = 0.000140051 (threshold = 1e-08)
  Iteration 12 (of 50).   Current convergence value = 0.000131376 (threshold = 1e-08)
  Iteration 13 (of 50).   Current convergence value = 0.000123806 (threshold = 1e-08)
  Iteration 14 (of 50).   Current convergence value = 0.000116798 (threshold = 1e-08)
  Iteration 15 (of 50).   Current convergence value = 0.000110428 (threshold = 1e-08)
  Iteration 16 (of 50).   Current convergence value = 0.000105072 (threshold = 1e-08)
  Iteration 17 (of 50).   Current convergence value = 0.000105776 (threshold = 1e-08)
  Iteration 18 (of 50).   Current convergence value = 0.000106982 (threshold = 1e-08)
  Iteration 19 (of 50).   Current convergence value = 0.000108222 (threshold = 1e-08)
  Iteration 20 (of 50).   Current convergence value = 0.000108896 (threshold = 1e-08)
  Iteration 21 (of 50).   Current convergence value = 0.000109701 (threshold = 1e-08)
  Iteration 22 (of 50).   Current convergence value = 0.000110219 (threshold = 1e-08)
  Iteration 23 (of 50).   Current convergence value = 0.00011041 (threshold = 1e-08)
  Iteration 24 (of 50).   Current convergence value = 0.000110665 (threshold = 1e-08)
  Iteration 25 (of 50).   Current convergence value = 0.000110599 (threshold = 1e-08)
  Iteration 26 (of 50).   Current convergence value = 0.000110374 (threshold = 1e-08)
  Iteration 27 (of 50).   Current convergence value = 0.000110229 (threshold = 1e-08)
  Iteration 28 (of 50).   Current convergence value = 0.000109781 (threshold = 1e-08)
  Iteration 29 (of 50).   Current convergence value = 0.000109415 (threshold = 1e-08)
  Iteration 30 (of 50).   Current convergence value = 0.000109048 (threshold = 1e-08)
  Iteration 31 (of 50).   Current convergence value = 0.000108498 (threshold = 1e-08)
  Iteration 32 (of 50).   Current convergence value = 0.000107993 (threshold = 1e-08)
  Iteration 33 (of 50).   Current convergence value = 0.000107359 (threshold = 1e-08)
  Iteration 34 (of 50).   Current convergence value = 0.000106791 (threshold = 1e-08)
  Iteration 35 (of 50).   Current convergence value = 0.00010619 (threshold = 1e-08)
  Iteration 36 (of 50).   Current convergence value = 0.000105694 (threshold = 1e-08)
  Iteration 37 (of 50).   Current convergence value = 0.000104858 (threshold = 1e-08)
  Iteration 38 (of 50).   Current convergence value = 0.000104198 (threshold = 1e-08)
  Iteration 39 (of 50).   Current convergence value = 0.000103597 (threshold = 1e-08)
  Iteration 40 (of 50).   Current convergence value = 0.000102917 (threshold = 1e-08)
  Iteration 41 (of 50).   Current convergence value = 0.000102258 (threshold = 1e-08)
  Iteration 42 (of 50).   Current convergence value = 0.000101525 (threshold = 1e-08)
  Iteration 43 (of 50).   Current convergence value = 0.000100877 (threshold = 1e-08)
  Iteration 44 (of 50).   Current convergence value = 0.00010006 (threshold = 1e-08)
  Iteration 45 (of 50).   Current convergence value = 9.94229e-05 (threshold = 1e-08)
  Iteration 46 (of 50).   Current convergence value = 9.8804e-05 (threshold = 1e-08)
  Iteration 47 (of 50).   Current convergence value = 9.80382e-05 (threshold = 1e-08)
  Iteration 48 (of 50).   Current convergence value = 9.73874e-05 (threshold = 1e-08)
  Iteration 49 (of 50).   Current convergence value = 9.6765e-05 (threshold = 1e-08)
  Iteration 50 (of 50).   Current convergence value = 9.61841e-05 (threshold = 1e-08)
Current level = 3
  Iteration 1 (of 40).   Current convergence value = 0.00173396 (threshold = 1e-08)
  Iteration 2 (of 40).   Current convergence value = 0.00127898 (threshold = 1e-08)
  Iteration 3 (of 40).   Current convergence value = 0.00105296 (threshold = 1e-08)
  Iteration 4 (of 40).   Current convergence value = 0.000913266 (threshold = 1e-08)
  Iteration 5 (of 40).   Current convergence value = 0.000822394 (threshold = 1e-08)
  Iteration 6 (of 40).   Current convergence value = 0.000766755 (threshold = 1e-08)
  Iteration 7 (of 40).   Current convergence value = 0.000733201 (threshold = 1e-08)
  Iteration 8 (of 40).   Current convergence value = 0.000704253 (threshold = 1e-08)
  Iteration 9 (of 40).   Current convergence value = 0.000679574 (threshold = 1e-08)
  Iteration 10 (of 40).   Current convergence value = 0.000658736 (threshold = 1e-08)
  Iteration 11 (of 40).   Current convergence value = 0.000639814 (threshold = 1e-08)
  Iteration 12 (of 40).   Current convergence value = 0.000622847 (threshold = 1e-08)
  Iteration 13 (of 40).   Current convergence value = 0.000608322 (threshold = 1e-08)
  Iteration 14 (of 40).   Current convergence value = 0.00059618 (threshold = 1e-08)
  Iteration 15 (of 40).   Current convergence value = 0.000585719 (threshold = 1e-08)
  Iteration 16 (of 40).   Current convergence value = 0.000576883 (threshold = 1e-08)
  Iteration 17 (of 40).   Current convergence value = 0.000569423 (threshold = 1e-08)
  Iteration 18 (of 40).   Current convergence value = 0.000563147 (threshold = 1e-08)
  Iteration 19 (of 40).   Current convergence value = 0.000556609 (threshold = 1e-08)
  Iteration 20 (of 40).   Current convergence value = 0.000532811 (threshold = 1e-08)
  Iteration 21 (of 40).   Current convergence value = 0.000503674 (threshold = 1e-08)
  Iteration 22 (of 40).   Current convergence value = 0.000478292 (threshold = 1e-08)
  Iteration 23 (of 40).   Current convergence value = 0.000455893 (threshold = 1e-08)
  Iteration 24 (of 40).   Current convergence value = 0.000435879 (threshold = 1e-08)
  Iteration 25 (of 40).   Current convergence value = 0.00041787 (threshold = 1e-08)
  Iteration 26 (of 40).   Current convergence value = 0.000401562 (threshold = 1e-08)
  Iteration 27 (of 40).   Current convergence value = 0.000386653 (threshold = 1e-08)
  Iteration 28 (of 40).   Current convergence value = 0.000372898 (threshold = 1e-08)
  Iteration 29 (of 40).   Current convergence value = 0.000360322 (threshold = 1e-08)
  Iteration 30 (of 40).   Current convergence value = 0.000348966 (threshold = 1e-08)
  Iteration 31 (of 40).   Current convergence value = 0.000338461 (threshold = 1e-08)
  Iteration 32 (of 40).   Current convergence value = 0.000328736 (threshold = 1e-08)
  Iteration 33 (of 40).   Current convergence value = 0.000319691 (threshold = 1e-08)
  Iteration 34 (of 40).   Current convergence value = 0.000311297 (threshold = 1e-08)
  Iteration 35 (of 40).   Current convergence value = 0.000303438 (threshold = 1e-08)
  Iteration 36 (of 40).   Current convergence value = 0.000296103 (threshold = 1e-08)
  Iteration 37 (of 40).   Current convergence value = 0.000289276 (threshold = 1e-08)
  Iteration 38 (of 40).   Current convergence value = 0.000282901 (threshold = 1e-08)
  Iteration 39 (of 40).   Current convergence value = 0.000276819 (threshold = 1e-08)
  Iteration 40 (of 40).   Current convergence value = 0.000270987 (threshold = 1e-08)
Current level = 4
  Iteration 1 (of 30).   Current convergence value = 0.00213304 (threshold = 1e-08)
  Iteration 2 (of 30).   Current convergence value = 0.00187958 (threshold = 1e-08)
  Iteration 3 (of 30).   Current convergence value = 0.00178853 (threshold = 1e-08)
  Iteration 4 (of 30).   Current convergence value = 0.00171411 (threshold = 1e-08)
  Iteration 5 (of 30).   Current convergence value = 0.00165794 (threshold = 1e-08)
  Iteration 6 (of 30).   Current convergence value = 0.00161251 (threshold = 1e-08)
  Iteration 7 (of 30).   Current convergence value = 0.00157045 (threshold = 1e-08)
  Iteration 8 (of 30).   Current convergence value = 0.00153696 (threshold = 1e-08)
  Iteration 9 (of 30).   Current convergence value = 0.00150526 (threshold = 1e-08)
  Iteration 10 (of 30).   Current convergence value = 0.00147246 (threshold = 1e-08)
  Iteration 11 (of 30).   Current convergence value = 0.00144166 (threshold = 1e-08)
  Iteration 12 (of 30).   Current convergence value = 0.00140956 (threshold = 1e-08)
  Iteration 13 (of 30).   Current convergence value = 0.00137581 (threshold = 1e-08)
  Iteration 14 (of 30).   Current convergence value = 0.00134202 (threshold = 1e-08)
  Iteration 15 (of 30).   Current convergence value = 0.00130653 (threshold = 1e-08)
  Iteration 16 (of 30).   Current convergence value = 0.00127096 (threshold = 1e-08)
  Iteration 17 (of 30).   Current convergence value = 0.00123852 (threshold = 1e-08)
  Iteration 18 (of 30).   Current convergence value = 0.00120327 (threshold = 1e-08)
  Iteration 19 (of 30).   Current convergence value = 0.00116928 (threshold = 1e-08)
  Iteration 20 (of 30).   Current convergence value = 0.00113362 (threshold = 1e-08)
  Iteration 21 (of 30).   Current convergence value = 0.00109556 (threshold = 1e-08)
  Iteration 22 (of 30).   Current convergence value = 0.00105486 (threshold = 1e-08)
  Iteration 23 (of 30).   Current convergence value = 0.00101114 (threshold = 1e-08)
  Iteration 24 (of 30).   Current convergence value = 0.000962363 (threshold = 1e-08)
  Iteration 25 (of 30).   Current convergence value = 0.000910016 (threshold = 1e-08)
  Iteration 26 (of 30).   Current convergence value = 0.000787861 (threshold = 1e-08)
  Iteration 27 (of 30).   Current convergence value = 0.000658625 (threshold = 1e-08)
  Iteration 28 (of 30).   Current convergence value = 0.000577154 (threshold = 1e-08)
  Iteration 29 (of 30).   Current convergence value = 0.000521784 (threshold = 1e-08)
  Iteration 30 (of 30).   Current convergence value = 0.000481534 (threshold = 1e-08)
   N4BiasFieldCorrectionImageFilter (0x558c77a62e20)
     RTTI typeinfo:   itk::N4BiasFieldCorrectionImageFilter<itk::Image<float, 3u>, itk::Image<float, 3u>, itk::Image<float, 3u> >
     Reference Count: 1
     Modified Time: 565
     Debug: Off
     Object Name: 
     Observers: 
       IterationEvent(Command)
     Inputs: 
       ConfidenceImage: (0)
       MaskImage: (0x558c77a8d620)
       Primary: (0x558c77a88b70) *
     Indexed Inputs: 
       0: Primary (0x558c77a88b70)
       1: MaskImage (0x558c77a8d620)
       2: ConfidenceImage (0)
     Required Input Names: Primary
     NumberOfRequiredInputs: 1
     Outputs: 
       Primary: (0x558c77a72ef0)
     Indexed Outputs: 
       0: Primary (0x558c77a72ef0)
     NumberOfRequiredOutputs: 1
     Number Of Work Units: 32
     ReleaseDataFlag: Off
     ReleaseDataBeforeUpdateFlag: Off
     AbortGenerateData: Off
     Progress: 0
     Multithreader: 
       RTTI typeinfo:   itk::PoolMultiThreader
       Reference Count: 1
       Modified Time: 144
       Debug: Off
       Object Name: 
       Observers: 
         none
       Number of Work Units: 32
       Number of Threads: 8
       Global Maximum Number Of Threads: 128
       Global Default Number Of Threads: 8
       Global Default Threader Type: itk::MultiThreaderBaseEnums::Threader::Pool
       SingleMethod: 0
       SingleData: 0
     DynamicMultiThreading: On
     CoordinateTolerance: 1e-06
     DirectionTolerance: 1e-06
     Use Mask Label: 0
     Mask label: 1
     Number of histogram bins: 200
     Wiener filter noise: 0.01
     Bias field FWHM: 0.15
     Maximum number of iterations: [50, 50, 40, 30]
     Convergence threshold: 1e-08
     Spline order: 3
     Number of fitting levels: [4, 4, 4]
     Number of control points: [4, 5, 5]
     CurrentConvergenceMeasurement: 0.000481534
     CurrentLevel: 4
     ElapsedIterations: 31
     LogBiasFieldControlPointLattice: 
       Image (0x558c7e569440)
         RTTI typeinfo:   itk::Image<itk::Vector<float, 1u>, 3u>
         Reference Count: 1
         Modified Time: 343560
         Debug: Off
         Object Name: 
         Observers: 
           none
         Source: (none)
         Source output name: (none)
         Release Data: Off
         Data Released: False
         Global Release Data: Off
         PipelineMTime: 0
         UpdateMTime: 0
         RealTimeStamp: 0 seconds 
         LargestPossibleRegion: 
           Dimension: 3
           Index: [0, 0, 0]
           Size: [11, 19, 19]
         BufferedRegion: 
           Dimension: 3
           Index: [0, 0, 0]
           Size: [11, 19, 19]
         RequestedRegion: 
           Dimension: 3
           Index: [0, 0, 0]
           Size: [11, 19, 19]
         Spacing: [24.75, 24.875, 24.875]
         Origin: [27.3951, 19.6044, -26.7445]
         Direction: 
-0.996464 -0.0322875 -0.0775647
0.0180379 -0.983896 0.177831
-0.0820573 0.175803 0.980999

         IndexToPointMatrix: 
-24.6625 -0.803151 -1.92942
0.446438 -24.4744 4.42355
-2.03092 4.3731 24.4024

         PointToIndexMatrix: 
-0.0402612 0.000728804 -0.00331545
-0.00129799 -0.0395536 0.00706747
-0.00311818 0.00714898 0.0394372

         Inverse Direction: 
-0.996464 0.0180379 -0.0820573
-0.0322875 -0.983896 0.175803
-0.0775647 0.177831 0.980999

         PixelContainer: 
           ImportImageContainer (0x558c84c8e6e0)
             RTTI typeinfo:   itk::ImportImageContainer<unsigned long, itk::Vector<float, 1u> >
             Reference Count: 1
             Modified Time: 343561
             Debug: Off
             Object Name: 
             Observers: 
               none
             Pointer: 0x558c81c1d440
             Container manages memory: true
             Size: 3971
             Capacity: 3971
Elapsed time: 306.828
All_Command_lines_OK
Using single precision for computations.
=============================================================================
The composite transform comprises the following transforms (in order): 
  1. Center of mass alignment using fixed image: /home/mpib/nemecz/Projects/miniTRK/Results/01_MRI/GroupTempl/T1w/T_template0.nii.gz and moving image: /home/mpib/nemecz/Projects/miniTRK/Analysis/01_MRI/Preproc/GroupTempl/T1w/sub-652844_T1w.nii.gz (type = Euler3DTransform)
=============================================================================
  number of levels = 4
  number of levels = 4
  number of levels = 4
  fixed image: /home/mpib/nemecz/Projects/miniTRK/Results/01_MRI/GroupTempl/T1w/T_template0.nii.gz
  moving image: /home/mpib/nemecz/Projects/miniTRK/Results/01_MRI/GroupTempl/T1w/T_template0sub-652844_T1wRepaired.nii.gz
  fixed image: /home/mpib/nemecz/Projects/miniTRK/Results/01_MRI/GroupTempl/T1w/T_template0.nii.gz
  moving image: /home/mpib/nemecz/Projects/miniTRK/Results/01_MRI/GroupTempl/T1w/T_template0sub-652844_T1wRepaired.nii.gz
  fixed image: /home/mpib/nemecz/Projects/miniTRK/Results/01_MRI/GroupTempl/T1w/T_template0.nii.gz
  moving image: /home/mpib/nemecz/Projects/miniTRK/Results/01_MRI/GroupTempl/T1w/T_template0sub-652844_T1wRepaired.nii.gz
Dimension = 3
Number of stages = 3
Use Histogram Matching true
Winsorize image intensities true
Lower quantile = 0.01
Upper quantile = 0.99
Stage 1 State
   Image metric = Mattes
     Fixed image = Image (0x55c6ee80dad0)
  RTTI typeinfo:   itk::Image<float, 3u>
  Reference Count: 2
  Modified Time: 1721
  Debug: Off
  Object Name: 
  Observers: 
    none
  Source: (none)
  Source output name: (none)
  Release Data: Off
  Data Released: False
  Global Release Data: Off
  PipelineMTime: 0
  UpdateMTime: 1506
  RealTimeStamp: 0 seconds 
  LargestPossibleRegion: 
    Dimension: 3
    Index: [0, 0, 0]
    Size: [192, 256, 256]
  BufferedRegion: 
    Dimension: 3
    Index: [0, 0, 0]
    Size: [192, 256, 256]
  RequestedRegion: 
    Dimension: 3
    Index: [0, 0, 0]
    Size: [192, 256, 256]
  Spacing: [1, 1, 1]
  Origin: [95.0313, 100.538, -154.123]
  Direction: 
-0.999853 -0.014134 -0.00966312
0.014129 -0.9999 0.000586045
-0.00967044 0.000449429 0.999953

  IndexToPointMatrix: 
-0.999853 -0.014134 -0.00966312
0.014129 -0.9999 0.000586045
-0.00967044 0.000449429 0.999953

  PointToIndexMatrix: 
-0.999853 0.014129 -0.00967044
-0.014134 -0.9999 0.000449429
-0.00966312 0.000586045 0.999953

  Inverse Direction: 
-0.999853 0.014129 -0.00967044
-0.014134 -0.9999 0.000449429
-0.00966312 0.000586045 0.999953

  PixelContainer: 
    ImportImageContainer (0x55c6ee815c80)
      RTTI typeinfo:   itk::ImportImageContainer<unsigned long, float>
      Reference Count: 1
      Modified Time: 1503
      Debug: Off
      Object Name: 
      Observers: 
        none
      Pointer: 0x7f4795ff5010
      Container manages memory: true
      Size: 12582912
      Capacity: 12582912

     Moving image = Image (0x55c6ee80ebc0)
  RTTI typeinfo:   itk::Image<float, 3u>
  Reference Count: 2
  Modified Time: 1722
  Debug: Off
  Object Name: 
  Observers: 
    none
  Source: (none)
  Source output name: (none)
  Release Data: Off
  Data Released: False
  Global Release Data: Off
  PipelineMTime: 0
  UpdateMTime: 1719
  RealTimeStamp: 0 seconds 
  LargestPossibleRegion: 
    Dimension: 3
    Index: [0, 0, 0]
    Size: [192, 256, 256]
  BufferedRegion: 
    Dimension: 3
    Index: [0, 0, 0]
    Size: [192, 256, 256]
  RequestedRegion: 
    Dimension: 3
    Index: [0, 0, 0]
    Size: [192, 256, 256]
  Spacing: [1, 1, 1]
  Origin: [107.044, 69.5572, -162.373]
  Direction: 
-0.996464 -0.0322875 -0.0775647
0.0180379 -0.983896 0.177831
-0.0820573 0.175803 0.980999

  IndexToPointMatrix: 
-0.996464 -0.0322875 -0.0775647
0.0180379 -0.983896 0.177831
-0.0820573 0.175803 0.980999

  PointToIndexMatrix: 
-0.996464 0.0180379 -0.0820573
-0.0322875 -0.983896 0.175803
-0.0775647 0.177831 0.980999

  Inverse Direction: 
-0.996464 0.0180379 -0.0820573
-0.0322875 -0.983896 0.175803
-0.0775647 0.177831 0.980999

  PixelContainer: 
    ImportImageContainer (0x55c6ee81a100)
      RTTI typeinfo:   itk::ImportImageContainer<unsigned long, float>
      Reference Count: 1
      Modified Time: 1716
      Debug: Off
      Object Name: 
      Observers: 
        none
      Pointer: 0x7f4792ff4010
      Container manages memory: true
      Size: 12582912
      Capacity: 12582912

     Weighting = 1
     Sampling strategy = regular
     Number of bins = 32
     Radius = 4
     Sampling percentage  = 0.25
   Transform = Rigid
     Gradient step = 0.1
     Update field sigma (voxel space) = 0
     Total field sigma (voxel space) = 0
     Update field time sigma = 0
     Total field time sigma  = 0
     Number of time indices = 0
     Number of time point samples = 0
Stage 2 State
   Image metric = Mattes
     Fixed image = Image (0x55c6ee826870)
  RTTI typeinfo:   itk::Image<float, 3u>
  Reference Count: 2
  Modified Time: 2149
  Debug: Off
  Object Name: 
  Observers: 
    none
  Source: (none)
  Source output name: (none)
  Release Data: Off
  Data Released: False
  Global Release Data: Off
  PipelineMTime: 0
  UpdateMTime: 1934
  RealTimeStamp: 0 seconds 
  LargestPossibleRegion: 
    Dimension: 3
    Index: [0, 0, 0]
    Size: [192, 256, 256]
  BufferedRegion: 
    Dimension: 3
    Index: [0, 0, 0]
    Size: [192, 256, 256]
  RequestedRegion: 
    Dimension: 3
    Index: [0, 0, 0]
    Size: [192, 256, 256]
  Spacing: [1, 1, 1]
  Origin: [95.0313, 100.538, -154.123]
  Direction: 
-0.999853 -0.014134 -0.00966312
0.014129 -0.9999 0.000586045
-0.00967044 0.000449429 0.999953

  IndexToPointMatrix: 
-0.999853 -0.014134 -0.00966312
0.014129 -0.9999 0.000586045
-0.00967044 0.000449429 0.999953

  PointToIndexMatrix: 
-0.999853 0.014129 -0.00967044
-0.014134 -0.9999 0.000449429
-0.00966312 0.000586045 0.999953

  Inverse Direction: 
-0.999853 0.014129 -0.00967044
-0.014134 -0.9999 0.000449429
-0.00966312 0.000586045 0.999953

  PixelContainer: 
    ImportImageContainer (0x55c6ee8116d0)
      RTTI typeinfo:   itk::ImportImageContainer<unsigned long, float>
      Reference Count: 1
      Modified Time: 1931
      Debug: Off
      Object Name: 
      Observers: 
        none
      Pointer: 0x7f478fff3010
      Container manages memory: true
      Size: 12582912
      Capacity: 12582912

     Moving image = Image (0x55c6ee8264c0)
  RTTI typeinfo:   itk::Image<float, 3u>
  Reference Count: 2
  Modified Time: 2150
  Debug: Off
  Object Name: 
  Observers: 
    none
  Source: (none)
  Source output name: (none)
  Release Data: Off
  Data Released: False
  Global Release Data: Off
  PipelineMTime: 0
  UpdateMTime: 2147
  RealTimeStamp: 0 seconds 
  LargestPossibleRegion: 
    Dimension: 3
    Index: [0, 0, 0]
    Size: [192, 256, 256]
  BufferedRegion: 
    Dimension: 3
    Index: [0, 0, 0]
    Size: [192, 256, 256]
  RequestedRegion: 
    Dimension: 3
    Index: [0, 0, 0]
    Size: [192, 256, 256]
  Spacing: [1, 1, 1]
  Origin: [107.044, 69.5572, -162.373]
  Direction: 
-0.996464 -0.0322875 -0.0775647
0.0180379 -0.983896 0.177831
-0.0820573 0.175803 0.980999

  IndexToPointMatrix: 
-0.996464 -0.0322875 -0.0775647
0.0180379 -0.983896 0.177831
-0.0820573 0.175803 0.980999

  PointToIndexMatrix: 
-0.996464 0.0180379 -0.0820573
-0.0322875 -0.983896 0.175803
-0.0775647 0.177831 0.980999

  Inverse Direction: 
-0.996464 0.0180379 -0.0820573
-0.0322875 -0.983896 0.175803
-0.0775647 0.177831 0.980999

  PixelContainer: 
    ImportImageContainer (0x55c6ee8278c0)
      RTTI typeinfo:   itk::ImportImageContainer<unsigned long, float>
      Reference Count: 1
      Modified Time: 2144
      Debug: Off
      Object Name: 
      Observers: 
        none
      Pointer: 0x7f478cff2010
      Container manages memory: true
      Size: 12582912
      Capacity: 12582912

     Weighting = 1
     Sampling strategy = regular
     Number of bins = 32
     Radius = 4
     Sampling percentage  = 0.25
   Transform = Affine
     Gradient step = 0.1
     Update field sigma (voxel space) = 0
     Total field sigma (voxel space) = 0
     Update field time sigma = 0
     Total field time sigma  = 0
     Number of time indices = 0
     Number of time point samples = 0
Stage 3 State
   Image metric = CC
     Fixed image = Image (0x55c6ee82d960)
  RTTI typeinfo:   itk::Image<float, 3u>
  Reference Count: 2
  Modified Time: 2577
  Debug: Off
  Object Name: 
  Observers: 
    none
  Source: (none)
  Source output name: (none)
  Release Data: Off
  Data Released: False
  Global Release Data: Off
  PipelineMTime: 0
  UpdateMTime: 2362
  RealTimeStamp: 0 seconds 
  LargestPossibleRegion: 
    Dimension: 3
    Index: [0, 0, 0]
    Size: [192, 256, 256]
  BufferedRegion: 
    Dimension: 3
    Index: [0, 0, 0]
    Size: [192, 256, 256]
  RequestedRegion: 
    Dimension: 3
    Index: [0, 0, 0]
    Size: [192, 256, 256]
  Spacing: [1, 1, 1]
  Origin: [95.0313, 100.538, -154.123]
  Direction: 
-0.999853 -0.014134 -0.00966312
0.014129 -0.9999 0.000586045
-0.00967044 0.000449429 0.999953

  IndexToPointMatrix: 
-0.999853 -0.014134 -0.00966312
0.014129 -0.9999 0.000586045
-0.00967044 0.000449429 0.999953

  PointToIndexMatrix: 
-0.999853 0.014129 -0.00967044
-0.014134 -0.9999 0.000449429
-0.00966312 0.000586045 0.999953

  Inverse Direction: 
-0.999853 0.014129 -0.00967044
-0.014134 -0.9999 0.000449429
-0.00966312 0.000586045 0.999953

  PixelContainer: 
    ImportImageContainer (0x55c6ee80e660)
      RTTI typeinfo:   itk::ImportImageContainer<unsigned long, float>
      Reference Count: 1
      Modified Time: 2359
      Debug: Off
      Object Name: 
      Observers: 
        none
      Pointer: 0x7f4789ff1010
      Container manages memory: true
      Size: 12582912
      Capacity: 12582912

     Moving image = Image (0x55c6ee82f840)
  RTTI typeinfo:   itk::Image<float, 3u>
  Reference Count: 2
  Modified Time: 2578
  Debug: Off
  Object Name: 
  Observers: 
    none
  Source: (none)
  Source output name: (none)
  Release Data: Off
  Data Released: False
  Global Release Data: Off
  PipelineMTime: 0
  UpdateMTime: 2575
  RealTimeStamp: 0 seconds 
  LargestPossibleRegion: 
    Dimension: 3
    Index: [0, 0, 0]
    Size: [192, 256, 256]
  BufferedRegion: 
    Dimension: 3
    Index: [0, 0, 0]
    Size: [192, 256, 256]
  RequestedRegion: 
    Dimension: 3
    Index: [0, 0, 0]
    Size: [192, 256, 256]
  Spacing: [1, 1, 1]
  Origin: [107.044, 69.5572, -162.373]
  Direction: 
-0.996464 -0.0322875 -0.0775647
0.0180379 -0.983896 0.177831
-0.0820573 0.175803 0.980999

  IndexToPointMatrix: 
-0.996464 -0.0322875 -0.0775647
0.0180379 -0.983896 0.177831
-0.0820573 0.175803 0.980999

  PointToIndexMatrix: 
-0.996464 0.0180379 -0.0820573
-0.0322875 -0.983896 0.175803
-0.0775647 0.177831 0.980999

  Inverse Direction: 
-0.996464 0.0180379 -0.0820573
-0.0322875 -0.983896 0.175803
-0.0775647 0.177831 0.980999

  PixelContainer: 
    ImportImageContainer (0x55c6ee82c660)
      RTTI typeinfo:   itk::ImportImageContainer<unsigned long, float>
      Reference Count: 1
      Modified Time: 2572
      Debug: Off
      Object Name: 
      Observers: 
        none
      Pointer: 0x7f4786ff0010
      Container manages memory: true
      Size: 12582912
      Capacity: 12582912

     Weighting = 1
     Sampling strategy = none
     Number of bins = 32
     Radius = 4
     Sampling percentage  = 1
   Transform = SyN
     Gradient step = 0.1
     Update field sigma (voxel space) = 3
     Total field sigma (voxel space) = 0
     Update field time sigma = 0
     Total field time sigma  = 0
     Number of time indices = 0
     Number of time point samples = 0
Registration using 3 total stages.

Stage 0
  iterations = 1000x500x250x0
  convergence threshold = 1e-06
  convergence window size = 10
  number of levels = 4
  using the Mattes MI metric (number of bins = 32, weight = 1)
  preprocessing:  winsorizing the image intensities
  preprocessing:  histogram matching the images
  Shrink factors (level 1 out of 4): [6, 6, 6]
  Shrink factors (level 2 out of 4): [4, 4, 4]
  Shrink factors (level 3 out of 4): [2, 2, 2]
  Shrink factors (level 4 out of 4): [1, 1, 1]
  smoothing sigmas per level: [4, 2, 1, 0]
  regular sampling (percentage = 0.25)

*** Running Euler3DTransform registration ***

DIAGNOSTIC,Iteration,metricValue,convergenceValue,ITERATION_TIME_INDEX,SINCE_LAST
 2DIAGNOSTIC,     1, -9.248747825623e-01, inf, 8.4621e-01, 8.4621e-01, 
 2DIAGNOSTIC,     2, -9.265522360802e-01, inf, 8.5419e-01, 7.9780e-03, 
 2DIAGNOSTIC,     3, -9.290865659714e-01, inf, 8.6207e-01, 7.8790e-03, 
 2DIAGNOSTIC,     4, -9.325252771378e-01, inf, 8.7025e-01, 8.1770e-03, 
 2DIAGNOSTIC,     5, -9.373604655266e-01, inf, 8.7805e-01, 7.8032e-03, 
 2DIAGNOSTIC,     6, -9.440544247627e-01, inf, 8.8646e-01, 8.4119e-03, 
 2DIAGNOSTIC,     7, -9.535283446312e-01, inf, 8.9488e-01, 8.4190e-03, 
 2DIAGNOSTIC,     8, -9.769009947777e-01, inf, 9.0536e-01, 1.0482e-02, 
 2DIAGNOSTIC,     9, -9.800297021866e-01, inf, 9.1705e-01, 1.1689e-02, 
 2DIAGNOSTIC,    10, -9.824066162109e-01, 4.458792041987e-03, 9.2532e-01, 8.2700e-03, 
 2DIAGNOSTIC,    11, -9.839558601379e-01, 4.273995757103e-03, 9.3468e-01, 9.3570e-03, 
 2DIAGNOSTIC,    12, -9.903805255890e-01, 3.933149855584e-03, 9.4517e-01, 1.0492e-02, 
 2DIAGNOSTIC,    13, -9.913251996040e-01, 3.360406262800e-03, 9.5442e-01, 9.2499e-03, 
 2DIAGNOSTIC,    14, -9.916942119598e-01, 2.648791531101e-03, 9.6379e-01, 9.3660e-03, 
 2DIAGNOSTIC,    15, -9.917607307434e-01, 1.897272188216e-03, 9.7191e-01, 8.1170e-03, 
 2DIAGNOSTIC,    16, -9.918312430382e-01, 1.193890231661e-03, 9.8117e-01, 9.2618e-03, 
 2DIAGNOSTIC,    17, -9.918535351753e-01, 6.180758355185e-04, 9.9085e-01, 9.6850e-03, 
 2DIAGNOSTIC,    18, -9.919243454933e-01, 4.324451147113e-04, 9.9938e-01, 8.5299e-03, 
 2DIAGNOSTIC,    19, -9.919726848602e-01, 2.767240221146e-04, 1.0077e+00, 8.3320e-03, 
 2DIAGNOSTIC,    20, -9.920314550400e-01, 1.477632322349e-04, 1.0165e+00, 8.7731e-03, 
 2DIAGNOSTIC,    21, -9.921270608902e-01, 3.833602386294e-05, 1.0299e+00, 1.3454e-02, 
 2DIAGNOSTIC,    22, -9.921672344208e-01, 2.125559694832e-05, 1.0383e+00, 8.3911e-03, 
 2DIAGNOSTIC,    23, -9.921829104424e-01, 1.592503394932e-05, 1.0481e+00, 9.7520e-03, 
 2DIAGNOSTIC,    24, -9.922030568123e-01, 1.441659514967e-05, 1.0577e+00, 9.5999e-03, 
 2DIAGNOSTIC,    25, -9.923415780067e-01, 1.417569910700e-05, 1.0675e+00, 9.7971e-03, 
 2DIAGNOSTIC,    26, -9.924388527870e-01, 1.457438338548e-05, 1.0773e+00, 9.8341e-03, 
 2DIAGNOSTIC,    27, -9.924625754356e-01, 1.415921906300e-05, 1.0890e+00, 1.1642e-02, 
 2DIAGNOSTIC,    28, -9.924746155739e-01, 1.344655538560e-05, 1.1039e+00, 1.4984e-02, 
 2DIAGNOSTIC,    29, -9.924825429916e-01, 1.219548994413e-05, 1.1138e+00, 9.8720e-03, 
 2DIAGNOSTIC,    30, -9.924852848053e-01, 1.053481173585e-05, 1.1235e+00, 9.6819e-03, 
 2DIAGNOSTIC,    31, -9.924874901772e-01, 8.980078746390e-06, 1.1320e+00, 8.5220e-03, 
 2DIAGNOSTIC,    32, -9.924169778824e-01, 6.508807018690e-06, 1.1408e+00, 8.7831e-03, 
 2DIAGNOSTIC,    33, -9.924237728119e-01, 3.904781351594e-06, 1.1503e+00, 9.5131e-03, 
 2DIAGNOSTIC,    34, -9.924302101135e-01, 1.374360408590e-06, 1.1613e+00, 1.0965e-02, 
DIAGNOSTIC,Iteration,metricValue,convergenceValue,ITERATION_TIME_INDEX,SINCE_LAST
 2DIAGNOSTIC,     1, -7.776775360107e-01, inf, 1.8940e+00, 7.3269e-01, 
 2DIAGNOSTIC,     2, -7.787275314331e-01, inf, 1.9291e+00, 3.5118e-02, 
 2DIAGNOSTIC,     3, -7.795431017876e-01, inf, 1.9648e+00, 3.5679e-02, 
 2DIAGNOSTIC,     4, -7.798525691032e-01, inf, 2.0010e+00, 3.6214e-02, 
 2DIAGNOSTIC,     5, -7.802267670631e-01, inf, 2.0363e+00, 3.5341e-02, 
 2DIAGNOSTIC,     6, -7.810151576996e-01, inf, 2.0723e+00, 3.5971e-02, 
 2DIAGNOSTIC,     7, -7.814879417419e-01, inf, 2.1127e+00, 4.0450e-02, 
 2DIAGNOSTIC,     8, -7.816309928894e-01, inf, 2.1593e+00, 4.6547e-02, 
 2DIAGNOSTIC,     9, -7.817255854607e-01, inf, 2.2146e+00, 5.5333e-02, 
 2DIAGNOSTIC,    10, -7.817592620850e-01, 3.331658081152e-04, 2.2510e+00, 3.6414e-02, 
 2DIAGNOSTIC,    11, -7.818925976753e-01, 2.395775954938e-04, 2.2868e+00, 3.5758e-02, 
 2DIAGNOSTIC,    12, -7.820617556572e-01, 1.765642082319e-04, 2.3338e+00, 4.7009e-02, 
 2DIAGNOSTIC,    13, -7.820984125137e-01, 1.314603141509e-04, 2.3743e+00, 4.0447e-02, 
 2DIAGNOSTIC,    14, -7.820969223976e-01, 8.929297473514e-05, 2.4299e+00, 5.5678e-02, 
 2DIAGNOSTIC,    15, -7.820919752121e-01, 5.346244506654e-05, 2.4699e+00, 3.9987e-02, 
 2DIAGNOSTIC,    16, -7.820863723755e-01, 3.492726318655e-05, 2.5096e+00, 3.9721e-02, 
 2DIAGNOSTIC,    17, -7.820798754692e-01, 2.539954039094e-05, 2.5443e+00, 3.4654e-02, 
 2DIAGNOSTIC,    18, -7.820754647255e-01, 1.753389187797e-05, 2.5841e+00, 3.9820e-02, 
 2DIAGNOSTIC,    19, -7.820794582367e-01, 1.098670509236e-05, 2.6188e+00, 3.4671e-02, 
 2DIAGNOSTIC,    20, -7.820777297020e-01, 4.786433692061e-06, 2.6535e+00, 3.4767e-02, 
 2DIAGNOSTIC,    21, -7.820867300034e-01, 1.271463247576e-06, 2.6882e+00, 3.4699e-02, 
 2DIAGNOSTIC,    22, -7.821010351181e-01, 1.112664449465e-06, 2.7233e+00, 3.5090e-02, 
 2DIAGNOSTIC,    23, -7.821360230446e-01, 2.126471599695e-06, 2.7632e+00, 3.9845e-02, 
 2DIAGNOSTIC,    24, -7.821546792984e-01, 3.234824362153e-06, 2.7979e+00, 3.4679e-02, 
 2DIAGNOSTIC,    25, -7.821617722511e-01, 4.108090251975e-06, 2.8379e+00, 4.0028e-02, 
 2DIAGNOSTIC,    26, -7.821739315987e-01, 4.747514594783e-06, 2.8827e+00, 4.4821e-02, 
 2DIAGNOSTIC,    27, -7.821722626686e-01, 4.894772246189e-06, 2.9213e+00, 3.8613e-02, 
 2DIAGNOSTIC,    28, -7.821695208549e-01, 4.583052032103e-06, 2.9582e+00, 3.6865e-02, 
 2DIAGNOSTIC,    29, -7.821695804596e-01, 4.020434062113e-06, 2.9909e+00, 3.2727e-02, 
 2DIAGNOSTIC,    30, -7.821736335754e-01, 3.249465407862e-06, 3.0275e+00, 3.6553e-02, 
 2DIAGNOSTIC,    31, -7.821790575981e-01, 2.489531652827e-06, 3.0597e+00, 3.2215e-02, 
 2DIAGNOSTIC,    32, -7.822110056877e-01, 2.155325319109e-06, 3.0917e+00, 3.2010e-02, 
 2DIAGNOSTIC,    33, -7.822397351265e-01, 2.422604666208e-06, 3.1283e+00, 3.6612e-02, 
 2DIAGNOSTIC,    34, -7.822566628456e-01, 2.911607452916e-06, 3.1664e+00, 3.8091e-02, 
 2DIAGNOSTIC,    35, -7.822602987289e-01, 3.295170927231e-06, 3.2052e+00, 3.8784e-02, 
 2DIAGNOSTIC,    36, -7.822735309601e-01, 3.690603534778e-06, 3.2548e+00, 4.9589e-02, 
 2DIAGNOSTIC,    37, -7.822813987732e-01, 3.852776444546e-06, 3.2920e+00, 3.7239e-02, 
 2DIAGNOSTIC,    38, -7.822790145874e-01, 3.667212013170e-06, 3.3286e+00, 3.6623e-02, 
 2DIAGNOSTIC,    39, -7.822667956352e-01, 3.112273816441e-06, 3.3651e+00, 3.6451e-02, 
 2DIAGNOSTIC,    40, -7.822616100311e-01, 2.364681449762e-06, 3.3969e+00, 3.1819e-02, 
 2DIAGNOSTIC,    41, -7.822499275208e-01, 1.443074211238e-06, 3.4287e+00, 3.1769e-02, 
DIAGNOSTIC,Iteration,metricValue,convergenceValue,ITERATION_TIME_INDEX,SINCE_LAST
 2DIAGNOSTIC,     1, -6.890234351158e-01, inf, 4.6611e+00, 1.2324e+00, 
 2DIAGNOSTIC,     2, -6.892126202583e-01, inf, 4.8992e+00, 2.3809e-01, 
 2DIAGNOSTIC,     3, -6.893174052238e-01, inf, 5.1294e+00, 2.3019e-01, 
 2DIAGNOSTIC,     4, -6.895540952682e-01, inf, 5.3908e+00, 2.6142e-01, 
 2DIAGNOSTIC,     5, -6.896656155586e-01, inf, 5.8408e+00, 4.5005e-01, 
 2DIAGNOSTIC,     6, -6.896703243256e-01, inf, 6.0712e+00, 2.3032e-01, 
 2DIAGNOSTIC,     7, -6.896904706955e-01, inf, 6.3311e+00, 2.5990e-01, 
 2DIAGNOSTIC,     8, -6.896987557411e-01, inf, 6.5557e+00, 2.2462e-01, 
 2DIAGNOSTIC,     9, -6.897000074387e-01, inf, 6.8167e+00, 2.6106e-01, 
 2DIAGNOSTIC,    10, -6.897065639496e-01, 6.258185749175e-05, 7.0742e+00, 2.5744e-01, 
 2DIAGNOSTIC,    11, -6.897125244141e-01, 3.890541483997e-05, 7.3071e+00, 2.3289e-01, 
 2DIAGNOSTIC,    12, -6.897168755531e-01, 2.263583337481e-05, 7.5634e+00, 2.5633e-01, 
 2DIAGNOSTIC,    13, -6.897177696228e-01, 1.024049743137e-05, 7.8855e+00, 3.2207e-01, 
 2DIAGNOSTIC,    14, -6.897203326225e-01, 5.870478616998e-06, 8.2106e+00, 3.2517e-01, 
 2DIAGNOSTIC,    15, -6.897206902504e-01, 4.831897058466e-06, 8.4722e+00, 2.6152e-01, 
 2DIAGNOSTIC,    16, -6.897195577621e-01, 3.752174507099e-06, 8.7620e+00, 2.8986e-01, 
 2DIAGNOSTIC,    17, -6.897191405296e-01, 3.112128524663e-06, 9.0215e+00, 2.5948e-01, 
 2DIAGNOSTIC,    18, -6.897186040878e-01, 2.608381009850e-06, 9.3089e+00, 2.8736e-01, 
 2DIAGNOSTIC,    19, -6.897182464600e-01, 2.096942807839e-06, 9.5680e+00, 2.5913e-01, 
 2DIAGNOSTIC,    20, -6.897177696228e-01, 1.720237946756e-06, 9.8007e+00, 2.3271e-01, 
 2DIAGNOSTIC,    21, -6.897174715996e-01, 1.477447995057e-06, 1.0058e+01, 2.5692e-01, 
 2DIAGNOSTIC,    22, -6.897180676460e-01, 1.353309244223e-06, 1.0321e+01, 2.6364e-01, 
 2DIAGNOSTIC,    23, -6.897175312042e-01, 1.253190248462e-06, 1.0578e+01, 2.5639e-01, 
 2DIAGNOSTIC,    24, -6.897179484367e-01, 1.224722836923e-06, 1.0806e+01, 2.2847e-01, 
 2DIAGNOSTIC,    25, -6.897166967392e-01, 1.193603793581e-06, 1.1035e+01, 2.2896e-01, 
