All_Command_lines_OK
Using single precision for computations.
=============================================================================
The composite transform comprises the following transforms (in order): 
  1. Center of mass alignment using fixed image: /home/mpib/nemecz/Projects/miniTRK/Results/01_MRI/GroupTempl/T1w/T_template0.nii.gz and moving image: /home/mpib/nemecz/Projects/miniTRK/Analysis/01_MRI/Preproc/GroupTempl/T1w/sub-351677_T1w.nii.gz (type = Euler3DTransform)
=============================================================================
  number of levels = 4
  fixed image: /home/mpib/nemecz/Projects/miniTRK/Results/01_MRI/GroupTempl/T1w/T_template0.nii.gz
  moving image: /home/mpib/nemecz/Projects/miniTRK/Analysis/01_MRI/Preproc/GroupTempl/T1w/sub-351677_T1w.nii.gz
Dimension = 3
Number of stages = 1
Use Histogram Matching true
Winsorize image intensities true
Lower quantile = 0.01
Upper quantile = 0.99
Stage 1 State
   Image metric = Mattes
     Fixed image = Image (0x5573ec43ffe0)
  RTTI typeinfo:   itk::Image<float, 3u>
  Reference Count: 2
  Modified Time: 1667
  Debug: Off
  Object Name: 
  Observers: 
    none
  Source: (none)
  Source output name: (none)
  Release Data: Off
  Data Released: False
  Global Release Data: Off
  PipelineMTime: 0
  UpdateMTime: 1452
  RealTimeStamp: 0 seconds 
  LargestPossibleRegion: 
    Dimension: 3
    Index: [0, 0, 0]
    Size: [192, 256, 256]
  BufferedRegion: 
    Dimension: 3
    Index: [0, 0, 0]
    Size: [192, 256, 256]
  RequestedRegion: 
    Dimension: 3
    Index: [0, 0, 0]
    Size: [192, 256, 256]
  Spacing: [1, 1, 1]
  Origin: [95.0313, 100.538, -154.123]
  Direction: 
-0.999853 -0.014134 -0.00966312
0.014129 -0.9999 0.000586045
-0.00967044 0.000449429 0.999953

  IndexToPointMatrix: 
-0.999853 -0.014134 -0.00966312
0.014129 -0.9999 0.000586045
-0.00967044 0.000449429 0.999953

  PointToIndexMatrix: 
-0.999853 0.014129 -0.00967044
-0.014134 -0.9999 0.000449429
-0.00966312 0.000586045 0.999953

  Inverse Direction: 
-0.999853 0.014129 -0.00967044
-0.014134 -0.9999 0.000449429
-0.00966312 0.000586045 0.999953

  PixelContainer: 
    ImportImageContainer (0x5573ec44c970)
      RTTI typeinfo:   itk::ImportImageContainer<unsigned long, float>
      Reference Count: 1
      Modified Time: 1449
      Debug: Off
      Object Name: 
      Observers: 
        none
      Pointer: 0x7f313ee16010
      Container manages memory: true
      Size: 12582912
      Capacity: 12582912

     Moving image = Image (0x5573ec44c450)
  RTTI typeinfo:   itk::Image<float, 3u>
  Reference Count: 2
  Modified Time: 1668
  Debug: Off
  Object Name: 
  Observers: 
    none
  Source: (none)
  Source output name: (none)
  Release Data: Off
  Data Released: False
  Global Release Data: Off
  PipelineMTime: 0
  UpdateMTime: 1665
  RealTimeStamp: 0 seconds 
  LargestPossibleRegion: 
    Dimension: 3
    Index: [0, 0, 0]
    Size: [192, 256, 256]
  BufferedRegion: 
    Dimension: 3
    Index: [0, 0, 0]
    Size: [192, 256, 256]
  RequestedRegion: 
    Dimension: 3
    Index: [0, 0, 0]
    Size: [192, 256, 256]
  Spacing: [1, 1, 1]
  Origin: [86.6862, 84.0973, -165.855]
  Direction: 
-0.999029 0.0259476 0.0355963
-0.020576 -0.989402 0.143738
0.0389487 0.142866 0.988975

  IndexToPointMatrix: 
-0.999029 0.0259476 0.0355963
-0.020576 -0.989402 0.143738
0.0389487 0.142866 0.988975

  PointToIndexMatrix: 
-0.999029 -0.020576 0.0389487
0.0259476 -0.989402 0.142866
0.0355963 0.143738 0.988975

  Inverse Direction: 
-0.999029 -0.020576 0.0389487
0.0259476 -0.989402 0.142866
0.0355963 0.143738 0.988975

  PixelContainer: 
    ImportImageContainer (0x5573ec4411a0)
      RTTI typeinfo:   itk::ImportImageContainer<unsigned long, float>
      Reference Count: 1
      Modified Time: 1662
      Debug: Off
      Object Name: 
      Observers: 
        none
      Pointer: 0x7f313be15010
      Container manages memory: true
      Size: 12582912
      Capacity: 12582912

     Weighting = 1
     Sampling strategy = regular
     Number of bins = 32
     Radius = 4
     Sampling percentage  = 0.25
   Transform = Rigid
     Gradient step = 0.1
     Update field sigma (voxel space) = 0
     Total field sigma (voxel space) = 0
     Update field time sigma = 0
     Total field time sigma  = 0
     Number of time indices = 0
     Number of time point samples = 0
Registration using 1 total stages.

Stage 0
  iterations = 1000x500x250x0
  convergence threshold = 1e-06
  convergence window size = 10
  number of levels = 4
  using the Mattes MI metric (number of bins = 32, weight = 1)
  preprocessing:  winsorizing the image intensities
  preprocessing:  histogram matching the images
  Shrink factors (level 1 out of 4): [6, 6, 6]
  Shrink factors (level 2 out of 4): [4, 4, 4]
  Shrink factors (level 3 out of 4): [2, 2, 2]
  Shrink factors (level 4 out of 4): [1, 1, 1]
  smoothing sigmas per level: [3, 2, 1, 0]
  regular sampling (percentage = 0.25)

*** Running Euler3DTransform registration ***

DIAGNOSTIC,Iteration,metricValue,convergenceValue,ITERATION_TIME_INDEX,SINCE_LAST
 2DIAGNOSTIC,     1, -8.036512136459e-01, inf, 4.8707e-01, 4.8707e-01, 
 2DIAGNOSTIC,     2, -8.058730959892e-01, inf, 4.9483e-01, 7.7660e-03, 
 2DIAGNOSTIC,     3, -8.094195723534e-01, inf, 5.0287e-01, 8.0400e-03, 
 2DIAGNOSTIC,     4, -8.144830465317e-01, inf, 5.1079e-01, 7.9169e-03, 
 2DIAGNOSTIC,     5, -8.204790353775e-01, inf, 5.1869e-01, 7.8990e-03, 
 2DIAGNOSTIC,     6, -8.270066380501e-01, inf, 5.2636e-01, 7.6740e-03, 
 2DIAGNOSTIC,     7, -8.301480412483e-01, inf, 5.3449e-01, 8.1289e-03, 
 2DIAGNOSTIC,     8, -8.332299590111e-01, inf, 5.4241e-01, 7.9160e-03, 
 2DIAGNOSTIC,     9, -8.357603549957e-01, inf, 5.5247e-01, 1.0062e-02, 
 2DIAGNOSTIC,    10, -8.380250334740e-01, 2.963287988678e-03, 5.6401e-01, 1.1545e-02, 
 2DIAGNOSTIC,    11, -8.383738994598e-01, 2.478995826095e-03, 5.7768e-01, 1.3663e-02, 
 2DIAGNOSTIC,    12, -8.383376002312e-01, 1.918641733937e-03, 5.8571e-01, 8.0280e-03, 
 2DIAGNOSTIC,    13, -8.385148644447e-01, 1.371696242131e-03, 5.9377e-01, 8.0659e-03, 
 2DIAGNOSTIC,    14, -8.387911915779e-01, 9.083479526453e-04, 6.0167e-01, 7.9019e-03, 
 2DIAGNOSTIC,    15, -8.391833901405e-01, 5.677303997800e-04, 6.0988e-01, 8.2071e-03, 
 2DIAGNOSTIC,    16, -8.398448824883e-01, 3.719556552824e-04, 6.1793e-01, 8.0531e-03, 
 2DIAGNOSTIC,    17, -8.406071662903e-01, 2.435657515889e-04, 6.2688e-01, 8.9469e-03, 
 2DIAGNOSTIC,    18, -8.407855033875e-01, 1.684049202595e-04, 6.3475e-01, 7.8740e-03, 
 2DIAGNOSTIC,    19, -8.408088088036e-01, 1.308816863457e-04, 6.4385e-01, 9.1000e-03, 
 2DIAGNOSTIC,    20, -8.408151268959e-01, 1.239434932359e-04, 6.5319e-01, 9.3331e-03, 
 2DIAGNOSTIC,    21, -8.407812714577e-01, 1.113351318054e-04, 6.6112e-01, 7.9300e-03, 
 2DIAGNOSTIC,    22, -8.407616615295e-01, 8.861588867148e-05, 6.6925e-01, 8.1310e-03, 
 2DIAGNOSTIC,    23, -8.407457470894e-01, 6.216697511263e-05, 6.7843e-01, 9.1770e-03, 
 2DIAGNOSTIC,    24, -8.407569527626e-01, 3.645103788585e-05, 6.9618e-01, 1.7752e-02, 
 2DIAGNOSTIC,    25, -8.408028483391e-01, 1.539124059491e-05, 7.0674e-01, 1.0564e-02, 
 2DIAGNOSTIC,    26, -8.408369421959e-01, 3.503469542920e-06, 7.1616e-01, 9.4171e-03, 
 2DIAGNOSTIC,    27, -8.408316373825e-01, 1.796352876227e-06, 7.2495e-01, 8.7910e-03, 
 2DIAGNOSTIC,    28, -8.408258557320e-01, 2.261774852741e-06, 7.3301e-01, 8.0600e-03, 
 2DIAGNOSTIC,    29, -8.408046364784e-01, 2.607496753626e-06, 7.4225e-01, 9.2371e-03, 
 2DIAGNOSTIC,    30, -8.408152461052e-01, 2.980107410622e-06, 7.5260e-01, 1.0357e-02, 
 2DIAGNOSTIC,    31, -8.408222794533e-01, 2.843775973815e-06, 7.6051e-01, 7.9091e-03, 
 2DIAGNOSTIC,    32, -8.408292531967e-01, 2.419724296487e-06, 7.6825e-01, 7.7410e-03, 
 2DIAGNOSTIC,    33, -8.408393859863e-01, 1.838190542003e-06, 7.7727e-01, 9.0208e-03, 
 2DIAGNOSTIC,    34, -8.408838510513e-01, 1.758742882885e-06, 7.8606e-01, 8.7888e-03, 
 2DIAGNOSTIC,    35, -8.408929705620e-01, 2.118948486896e-06, 7.9522e-01, 9.1529e-03, 
 2DIAGNOSTIC,    36, -8.408942818642e-01, 2.679139697648e-06, 8.0427e-01, 9.0530e-03, 
 2DIAGNOSTIC,    37, -8.408992886543e-01, 3.042243406526e-06, 8.1311e-01, 8.8439e-03, 
 2DIAGNOSTIC,    38, -8.409014940262e-01, 3.151357304887e-06, 8.2121e-01, 8.0931e-03, 
 2DIAGNOSTIC,    39, -8.408833146095e-01, 2.683316779439e-06, 8.3011e-01, 8.9061e-03, 
 2DIAGNOSTIC,    40, -8.408849239349e-01, 2.168069158870e-06, 8.4028e-01, 1.0167e-02, 
 2DIAGNOSTIC,    41, -8.408867716789e-01, 1.624076958251e-06, 8.4845e-01, 8.1720e-03, 
DIAGNOSTIC,Iteration,metricValue,convergenceValue,ITERATION_TIME_INDEX,SINCE_LAST
 2DIAGNOSTIC,     1, -7.318485379219e-01, inf, 1.3351e+00, 4.8666e-01, 
 2DIAGNOSTIC,     2, -7.331259250641e-01, inf, 1.3696e+00, 3.4487e-02, 
 2DIAGNOSTIC,     3, -7.350987195969e-01, inf, 1.4007e+00, 3.1083e-02, 
 2DIAGNOSTIC,     4, -7.373519539833e-01, inf, 1.4318e+00, 3.1093e-02, 
 2DIAGNOSTIC,     5, -7.384310960770e-01, inf, 1.4635e+00, 3.1760e-02, 
 2DIAGNOSTIC,     6, -7.390177249908e-01, inf, 1.4954e+00, 3.1836e-02, 
 2DIAGNOSTIC,     7, -7.395941615105e-01, inf, 1.5262e+00, 3.0838e-02, 
 2DIAGNOSTIC,     8, -7.405615448952e-01, inf, 1.5588e+00, 3.2559e-02, 
 2DIAGNOSTIC,     9, -7.412873506546e-01, inf, 1.6033e+00, 4.4502e-02, 
 2DIAGNOSTIC,    10, -7.414181828499e-01, 8.383081876673e-04, 1.6339e+00, 3.0602e-02, 
 2DIAGNOSTIC,    11, -7.416529059410e-01, 6.294855265878e-04, 1.6657e+00, 3.1790e-02, 
 2DIAGNOSTIC,    12, -7.420008778572e-01, 4.509099526331e-04, 1.7097e+00, 4.4003e-02, 
 2DIAGNOSTIC,    13, -7.421416640282e-01, 3.199980128556e-04, 1.7532e+00, 4.3582e-02, 
 2DIAGNOSTIC,    14, -7.422096133232e-01, 2.420625096420e-04, 1.7834e+00, 3.0149e-02, 
 2DIAGNOSTIC,    15, -7.425837516785e-01, 1.900619245134e-04, 1.8137e+00, 3.0287e-02, 
 2DIAGNOSTIC,    16, -7.428583502769e-01, 1.478924095863e-04, 1.8453e+00, 3.1573e-02, 
 2DIAGNOSTIC,    17, -7.429531812668e-01, 1.118532454711e-04, 1.8758e+00, 3.0572e-02, 
 2DIAGNOSTIC,    18, -7.429776787758e-01, 9.057649003807e-05, 1.9083e+00, 3.2482e-02, 
 2DIAGNOSTIC,    19, -7.430731654167e-01, 8.005529525690e-05, 1.9398e+00, 3.1461e-02, 
 2DIAGNOSTIC,    20, -7.432344555855e-01, 6.874900282128e-05, 1.9708e+00, 3.1012e-02, 
 2DIAGNOSTIC,    21, -7.434111237526e-01, 5.948508623987e-05, 2.0182e+00, 4.7456e-02, 
 2DIAGNOSTIC,    22, -7.434929609299e-01, 5.312973371474e-05, 2.0487e+00, 3.0496e-02, 
 2DIAGNOSTIC,    23, -7.435153722763e-01, 4.535675179795e-05, 2.0796e+00, 3.0834e-02, 
 2DIAGNOSTIC,    24, -7.435514330864e-01, 3.569651744328e-05, 2.1222e+00, 4.2605e-02, 
 2DIAGNOSTIC,    25, -7.435695528984e-01, 2.945879896288e-05, 2.1530e+00, 3.0789e-02, 
 2DIAGNOSTIC,    26, -7.435920834541e-01, 2.536982719903e-05, 2.1837e+00, 3.0760e-02, 
 2DIAGNOSTIC,    27, -7.436106204987e-01, 2.093722105201e-05, 2.2138e+00, 3.0093e-02, 
 2DIAGNOSTIC,    28, -7.436441183090e-01, 1.577127477503e-05, 2.2477e+00, 3.3849e-02, 
 2DIAGNOSTIC,    29, -7.436573505402e-01, 1.098829216062e-05, 2.2896e+00, 4.1938e-02, 
 2DIAGNOSTIC,    30, -7.436654567719e-01, 7.705172720307e-06, 2.3194e+00, 2.9833e-02, 
 2DIAGNOSTIC,    31, -7.436805367470e-01, 6.358133305184e-06, 2.3497e+00, 3.0284e-02, 
 2DIAGNOSTIC,    32, -7.436878681183e-01, 5.652107574861e-06, 2.3876e+00, 3.7917e-02, 
 2DIAGNOSTIC,    33, -7.436998486519e-01, 4.934989192407e-06, 2.4221e+00, 3.4441e-02, 
 2DIAGNOSTIC,    34, -7.437046766281e-01, 4.340600753494e-06, 2.4636e+00, 4.1487e-02, 
 2DIAGNOSTIC,    35, -7.437050938606e-01, 3.660034508357e-06, 2.4975e+00, 3.3921e-02, 
 2DIAGNOSTIC,    36, -7.437058091164e-01, 3.003619440278e-06, 2.5311e+00, 3.3581e-02, 
 2DIAGNOSTIC,    37, -7.437056303024e-01, 2.362759914831e-06, 2.5683e+00, 3.7282e-02, 
 2DIAGNOSTIC,    38, -7.437071800232e-01, 1.963501290447e-06, 2.6035e+00, 3.5174e-02, 
 2DIAGNOSTIC,    39, -7.437083125114e-01, 1.617810880816e-06, 2.6336e+00, 3.0081e-02, 
 2DIAGNOSTIC,    40, -7.437096238136e-01, 1.301484189753e-06, 2.6638e+00, 3.0176e-02, 
 2DIAGNOSTIC,    41, -7.437123060226e-01, 1.118464865613e-06, 2.6974e+00, 3.3652e-02, 
DIAGNOSTIC,Iteration,metricValue,convergenceValue,ITERATION_TIME_INDEX,SINCE_LAST
 2DIAGNOSTIC,     1, -6.599916219711e-01, inf, 3.5056e+00, 8.0816e-01, 
 2DIAGNOSTIC,     2, -6.605377793312e-01, inf, 3.7601e+00, 2.5447e-01, 
 2DIAGNOSTIC,     3, -6.610679626465e-01, inf, 3.9778e+00, 2.1772e-01, 
 2DIAGNOSTIC,     4, -6.614134907722e-01, inf, 4.1971e+00, 2.1927e-01, 
 2DIAGNOSTIC,     5, -6.615332365036e-01, inf, 4.4074e+00, 2.1037e-01, 
 2DIAGNOSTIC,     6, -6.616489291191e-01, inf, 4.6069e+00, 1.9946e-01, 
 2DIAGNOSTIC,     7, -6.618154644966e-01, inf, 4.8068e+00, 1.9989e-01, 
 2DIAGNOSTIC,     8, -6.620430946350e-01, inf, 5.0145e+00, 2.0771e-01, 
 2DIAGNOSTIC,     9, -6.622697710991e-01, inf, 5.3287e+00, 3.1423e-01, 
 2DIAGNOSTIC,    10, -6.623013019562e-01, 2.057351375697e-04, 5.5627e+00, 2.3394e-01, 
 2DIAGNOSTIC,    11, -6.623138785362e-01, 1.481937943026e-04, 5.7626e+00, 1.9999e-01, 
 2DIAGNOSTIC,    12, -6.624574661255e-01, 1.115764098358e-04, 5.9988e+00, 2.3610e-01, 
 2DIAGNOSTIC,    13, -6.624965071678e-01, 8.906557923183e-05, 6.2296e+00, 2.3088e-01, 
 2DIAGNOSTIC,    14, -6.625086665154e-01, 7.277936674654e-05, 6.4311e+00, 2.0146e-01, 
 2DIAGNOSTIC,    15, -6.625182628632e-01, 5.603216777672e-05, 6.6748e+00, 2.4366e-01, 
 2DIAGNOSTIC,    16, -6.625354290009e-01, 4.003795766039e-05, 6.8874e+00, 2.1266e-01, 
 2DIAGNOSTIC,    17, -6.625441908836e-01, 2.669908826647e-05, 7.1441e+00, 2.5664e-01, 
 2DIAGNOSTIC,    18, -6.625582575798e-01, 1.814769530029e-05, 7.3558e+00, 2.1172e-01, 
 2DIAGNOSTIC,    19, -6.625652313232e-01, 1.428621817468e-05, 7.5877e+00, 2.3191e-01, 
 2DIAGNOSTIC,    20, -6.625732183456e-01, 1.052742936736e-05, 7.8169e+00, 2.2919e-01, 
 2DIAGNOSTIC,    21, -6.625789403915e-01, 6.592519184778e-06, 8.0581e+00, 2.4126e-01, 
 2DIAGNOSTIC,    22, -6.625843644142e-01, 5.429166776594e-06, 8.2731e+00, 2.1501e-01, 
 2DIAGNOSTIC,    23, -6.625879406929e-01, 4.786081262864e-06, 8.5254e+00, 2.5227e-01, 
 2DIAGNOSTIC,    24, -6.625970005989e-01, 4.256014562998e-06, 8.8439e+00, 3.1849e-01, 
 2DIAGNOSTIC,    25, -6.625989675522e-01, 3.683814156830e-06, 9.0766e+00, 2.3271e-01, 
 2DIAGNOSTIC,    26, -6.625998020172e-01, 3.226067747164e-06, 9.3045e+00, 2.2785e-01, 
 2DIAGNOSTIC,    27, -6.626000404358e-01, 2.754117986115e-06, 9.5079e+00, 2.0339e-01, 
 2DIAGNOSTIC,    28, -6.626005768776e-01, 2.389808969383e-06, 9.7129e+00, 2.0509e-01, 
 2DIAGNOSTIC,    29, -6.626032590866e-01, 2.071604740195e-06, 9.9446e+00, 2.3163e-01, 
 2DIAGNOSTIC,    30, -6.626062393188e-01, 1.836901333263e-06, 1.0147e+01, 2.0229e-01, 
 2DIAGNOSTIC,    31, -6.626116037369e-01, 1.696958292996e-06, 1.0353e+01, 2.0566e-01, 
 2DIAGNOSTIC,    32, -6.626167893410e-01, 1.643959762987e-06, 1.0583e+01, 2.3023e-01, 
 2DIAGNOSTIC,    33, -6.626193523407e-01, 1.608819161447e-06, 1.0848e+01, 2.6526e-01, 
 2DIAGNOSTIC,    34, -6.626212596893e-01, 1.652703645050e-06, 1.1115e+01, 2.6749e-01, 
 2DIAGNOSTIC,    35, -6.626212000847e-01, 1.648984834901e-06, 1.1373e+01, 2.5724e-01, 
 2DIAGNOSTIC,    36, -6.626217961311e-01, 1.592054104549e-06, 1.1604e+01, 2.3148e-01, 
 2DIAGNOSTIC,    37, -6.626217961311e-01, 1.473145402997e-06, 1.1868e+01, 2.6425e-01, 
 2DIAGNOSTIC,    38, -6.626219749451e-01, 1.310003199251e-06, 1.2123e+01, 2.5427e-01, 
 2DIAGNOSTIC,    39, -6.626216769218e-01, 1.136732066698e-06, 1.2352e+01, 2.2911e-01, 
DIAGNOSTIC,Iteration,metricValue,convergenceValue,ITERATION_TIME_INDEX,SINCE_LAST
 2DIAGNOSTIC,     1, -6.075233221054e-01, inf, 1.4773e+01, 2.4212e+00, 
  Elapsed time (stage 0): 1.6091e+01


Total elapsed time: 1.6093e+01
Using single precision for computations.
Input scalar image: /home/mpib/nemecz/Projects/miniTRK/Analysis/01_MRI/Preproc/GroupTempl/T1w/sub-351677_T1w.nii.gz
Reference image: /home/mpib/nemecz/Projects/miniTRK/Results/01_MRI/GroupTempl/T1w/T_template0.nii.gz
=============================================================================
The composite transform comprises the following transforms (in order): 
  1. /home/mpib/nemecz/Projects/miniTRK/Results/01_MRI/GroupTempl/T1w/rigid8_0GenericAffine.mat (type = AffineTransform)
=============================================================================
Default pixel value: 0
Interpolation type: LinearInterpolateImageFunction
Output warped image: /home/mpib/nemecz/Projects/miniTRK/Results/01_MRI/GroupTempl/T1w/rigid8_0_sub-351677_T1w.nii.gz
