
Running N4 for 3-dimensional images.

Mask not read.  Using the entire image as the mask.

Original intensity range:  [0, 800]

***********************************************************
Warning:  Your input image contains nonpositive values
which could cause failure or problematic results.  A
possible workaround would be to:
   1. rescale your image to positive values e.g., [10,100].
   2. run N4 on your rescaled image.
   3. (optional) rescale the N4 output to the original
      intensity range.
***********************************************************

Specified spline distance: 200mm
  original image size:  [192, 256, 256]
  padded image size:  [201, 401, 401]
  number of control points:  [4, 5, 5]

Current level = 1
  Iteration 1 (of 50).   Current convergence value = 0.000171477 (threshold = 1e-08)
  Iteration 2 (of 50).   Current convergence value = 0.000139666 (threshold = 1e-08)
  Iteration 3 (of 50).   Current convergence value = 0.000128991 (threshold = 1e-08)
  Iteration 4 (of 50).   Current convergence value = 0.000127362 (threshold = 1e-08)
  Iteration 5 (of 50).   Current convergence value = 0.000128784 (threshold = 1e-08)
  Iteration 6 (of 50).   Current convergence value = 0.000130469 (threshold = 1e-08)
  Iteration 7 (of 50).   Current convergence value = 0.00013141 (threshold = 1e-08)
  Iteration 8 (of 50).   Current convergence value = 0.00013137 (threshold = 1e-08)
  Iteration 9 (of 50).   Current convergence value = 0.000130575 (threshold = 1e-08)
  Iteration 10 (of 50).   Current convergence value = 0.000129118 (threshold = 1e-08)
  Iteration 11 (of 50).   Current convergence value = 0.000127375 (threshold = 1e-08)
  Iteration 12 (of 50).   Current convergence value = 0.000125353 (threshold = 1e-08)
  Iteration 13 (of 50).   Current convergence value = 0.00012354 (threshold = 1e-08)
  Iteration 14 (of 50).   Current convergence value = 0.000121516 (threshold = 1e-08)
  Iteration 15 (of 50).   Current convergence value = 0.0001197 (threshold = 1e-08)
  Iteration 16 (of 50).   Current convergence value = 0.000117889 (threshold = 1e-08)
  Iteration 17 (of 50).   Current convergence value = 0.000116163 (threshold = 1e-08)
  Iteration 18 (of 50).   Current convergence value = 0.000114598 (threshold = 1e-08)
  Iteration 19 (of 50).   Current convergence value = 0.000113052 (threshold = 1e-08)
  Iteration 20 (of 50).   Current convergence value = 0.0001115 (threshold = 1e-08)
  Iteration 21 (of 50).   Current convergence value = 0.000110141 (threshold = 1e-08)
  Iteration 22 (of 50).   Current convergence value = 0.000108653 (threshold = 1e-08)
  Iteration 23 (of 50).   Current convergence value = 0.000107137 (threshold = 1e-08)
  Iteration 24 (of 50).   Current convergence value = 0.000105842 (threshold = 1e-08)
  Iteration 25 (of 50).   Current convergence value = 0.000104558 (threshold = 1e-08)
  Iteration 26 (of 50).   Current convergence value = 0.000103345 (threshold = 1e-08)
  Iteration 27 (of 50).   Current convergence value = 0.000102111 (threshold = 1e-08)
  Iteration 28 (of 50).   Current convergence value = 0.000100972 (threshold = 1e-08)
  Iteration 29 (of 50).   Current convergence value = 9.99149e-05 (threshold = 1e-08)
  Iteration 30 (of 50).   Current convergence value = 9.8946e-05 (threshold = 1e-08)
  Iteration 31 (of 50).   Current convergence value = 9.80022e-05 (threshold = 1e-08)
  Iteration 32 (of 50).   Current convergence value = 9.70826e-05 (threshold = 1e-08)
  Iteration 33 (of 50).   Current convergence value = 9.61099e-05 (threshold = 1e-08)
  Iteration 34 (of 50).   Current convergence value = 9.53452e-05 (threshold = 1e-08)
  Iteration 35 (of 50).   Current convergence value = 9.45253e-05 (threshold = 1e-08)
  Iteration 36 (of 50).   Current convergence value = 9.36648e-05 (threshold = 1e-08)
  Iteration 37 (of 50).   Current convergence value = 9.2852e-05 (threshold = 1e-08)
  Iteration 38 (of 50).   Current convergence value = 9.20004e-05 (threshold = 1e-08)
  Iteration 39 (of 50).   Current convergence value = 9.13523e-05 (threshold = 1e-08)
  Iteration 40 (of 50).   Current convergence value = 9.06863e-05 (threshold = 1e-08)
  Iteration 41 (of 50).   Current convergence value = 9.02053e-05 (threshold = 1e-08)
  Iteration 42 (of 50).   Current convergence value = 8.94234e-05 (threshold = 1e-08)
  Iteration 43 (of 50).   Current convergence value = 8.86861e-05 (threshold = 1e-08)
  Iteration 44 (of 50).   Current convergence value = 8.80622e-05 (threshold = 1e-08)
  Iteration 45 (of 50).   Current convergence value = 8.7519e-05 (threshold = 1e-08)
  Iteration 46 (of 50).   Current convergence value = 8.70038e-05 (threshold = 1e-08)
  Iteration 47 (of 50).   Current convergence value = 8.65014e-05 (threshold = 1e-08)
  Iteration 48 (of 50).   Current convergence value = 8.5858e-05 (threshold = 1e-08)
  Iteration 49 (of 50).   Current convergence value = 8.53101e-05 (threshold = 1e-08)
  Iteration 50 (of 50).   Current convergence value = 8.4636e-05 (threshold = 1e-08)
Current level = 2
  Iteration 1 (of 50).   Current convergence value = 0.000529379 (threshold = 1e-08)
  Iteration 2 (of 50).   Current convergence value = 0.000432366 (threshold = 1e-08)
  Iteration 3 (of 50).   Current convergence value = 0.000365513 (threshold = 1e-08)
  Iteration 4 (of 50).   Current convergence value = 0.000312737 (threshold = 1e-08)
  Iteration 5 (of 50).   Current convergence value = 0.000267087 (threshold = 1e-08)
  Iteration 6 (of 50).   Current convergence value = 0.00022986 (threshold = 1e-08)
  Iteration 7 (of 50).   Current convergence value = 0.000202725 (threshold = 1e-08)
  Iteration 8 (of 50).   Current convergence value = 0.000186634 (threshold = 1e-08)
  Iteration 9 (of 50).   Current convergence value = 0.000166443 (threshold = 1e-08)
  Iteration 10 (of 50).   Current convergence value = 0.000148377 (threshold = 1e-08)
  Iteration 11 (of 50).   Current convergence value = 0.000133216 (threshold = 1e-08)
  Iteration 12 (of 50).   Current convergence value = 0.000120147 (threshold = 1e-08)
  Iteration 13 (of 50).   Current convergence value = 0.000108738 (threshold = 1e-08)
  Iteration 14 (of 50).   Current convergence value = 9.90746e-05 (threshold = 1e-08)
  Iteration 15 (of 50).   Current convergence value = 9.0853e-05 (threshold = 1e-08)
  Iteration 16 (of 50).   Current convergence value = 8.3875e-05 (threshold = 1e-08)
  Iteration 17 (of 50).   Current convergence value = 7.89791e-05 (threshold = 1e-08)
  Iteration 18 (of 50).   Current convergence value = 7.65164e-05 (threshold = 1e-08)
  Iteration 19 (of 50).   Current convergence value = 7.44791e-05 (threshold = 1e-08)
  Iteration 20 (of 50).   Current convergence value = 7.31241e-05 (threshold = 1e-08)
  Iteration 21 (of 50).   Current convergence value = 7.20307e-05 (threshold = 1e-08)
  Iteration 22 (of 50).   Current convergence value = 7.1283e-05 (threshold = 1e-08)
  Iteration 23 (of 50).   Current convergence value = 7.05876e-05 (threshold = 1e-08)
  Iteration 24 (of 50).   Current convergence value = 6.99396e-05 (threshold = 1e-08)
  Iteration 25 (of 50).   Current convergence value = 6.94277e-05 (threshold = 1e-08)
  Iteration 26 (of 50).   Current convergence value = 6.90425e-05 (threshold = 1e-08)
  Iteration 27 (of 50).   Current convergence value = 6.84855e-05 (threshold = 1e-08)
  Iteration 28 (of 50).   Current convergence value = 6.8044e-05 (threshold = 1e-08)
  Iteration 29 (of 50).   Current convergence value = 6.74294e-05 (threshold = 1e-08)
  Iteration 30 (of 50).   Current convergence value = 6.7073e-05 (threshold = 1e-08)
  Iteration 31 (of 50).   Current convergence value = 6.67398e-05 (threshold = 1e-08)
  Iteration 32 (of 50).   Current convergence value = 6.6098e-05 (threshold = 1e-08)
  Iteration 33 (of 50).   Current convergence value = 6.56698e-05 (threshold = 1e-08)
  Iteration 34 (of 50).   Current convergence value = 6.50892e-05 (threshold = 1e-08)
  Iteration 35 (of 50).   Current convergence value = 6.48086e-05 (threshold = 1e-08)
  Iteration 36 (of 50).   Current convergence value = 6.42966e-05 (threshold = 1e-08)
  Iteration 37 (of 50).   Current convergence value = 6.38792e-05 (threshold = 1e-08)
  Iteration 38 (of 50).   Current convergence value = 6.3335e-05 (threshold = 1e-08)
  Iteration 39 (of 50).   Current convergence value = 6.29176e-05 (threshold = 1e-08)
  Iteration 40 (of 50).   Current convergence value = 6.25932e-05 (threshold = 1e-08)
  Iteration 41 (of 50).   Current convergence value = 6.23053e-05 (threshold = 1e-08)
  Iteration 42 (of 50).   Current convergence value = 6.17921e-05 (threshold = 1e-08)
  Iteration 43 (of 50).   Current convergence value = 6.14826e-05 (threshold = 1e-08)
  Iteration 44 (of 50).   Current convergence value = 6.09358e-05 (threshold = 1e-08)
  Iteration 45 (of 50).   Current convergence value = 6.05136e-05 (threshold = 1e-08)
  Iteration 46 (of 50).   Current convergence value = 6.02362e-05 (threshold = 1e-08)
  Iteration 47 (of 50).   Current convergence value = 5.9801e-05 (threshold = 1e-08)
  Iteration 48 (of 50).   Current convergence value = 5.94137e-05 (threshold = 1e-08)
  Iteration 49 (of 50).   Current convergence value = 5.8944e-05 (threshold = 1e-08)
  Iteration 50 (of 50).   Current convergence value = 5.8514e-05 (threshold = 1e-08)
Current level = 3
  Iteration 1 (of 40).   Current convergence value = 0.00179984 (threshold = 1e-08)
  Iteration 2 (of 40).   Current convergence value = 0.00121262 (threshold = 1e-08)
  Iteration 3 (of 40).   Current convergence value = 0.000916093 (threshold = 1e-08)
  Iteration 4 (of 40).   Current convergence value = 0.000746953 (threshold = 1e-08)
  Iteration 5 (of 40).   Current convergence value = 0.000642343 (threshold = 1e-08)
  Iteration 6 (of 40).   Current convergence value = 0.00056181 (threshold = 1e-08)
  Iteration 7 (of 40).   Current convergence value = 0.00050213 (threshold = 1e-08)
  Iteration 8 (of 40).   Current convergence value = 0.000462735 (threshold = 1e-08)
  Iteration 9 (of 40).   Current convergence value = 0.000432523 (threshold = 1e-08)
  Iteration 10 (of 40).   Current convergence value = 0.000409154 (threshold = 1e-08)
  Iteration 11 (of 40).   Current convergence value = 0.000390448 (threshold = 1e-08)
  Iteration 12 (of 40).   Current convergence value = 0.000374851 (threshold = 1e-08)
  Iteration 13 (of 40).   Current convergence value = 0.000361951 (threshold = 1e-08)
  Iteration 14 (of 40).   Current convergence value = 0.000350924 (threshold = 1e-08)
  Iteration 15 (of 40).   Current convergence value = 0.000341339 (threshold = 1e-08)
  Iteration 16 (of 40).   Current convergence value = 0.000332996 (threshold = 1e-08)
  Iteration 17 (of 40).   Current convergence value = 0.000325655 (threshold = 1e-08)
  Iteration 18 (of 40).   Current convergence value = 0.000319169 (threshold = 1e-08)
  Iteration 19 (of 40).   Current convergence value = 0.000313274 (threshold = 1e-08)
  Iteration 20 (of 40).   Current convergence value = 0.000307913 (threshold = 1e-08)
  Iteration 21 (of 40).   Current convergence value = 0.000303122 (threshold = 1e-08)
  Iteration 22 (of 40).   Current convergence value = 0.000298845 (threshold = 1e-08)
  Iteration 23 (of 40).   Current convergence value = 0.000295023 (threshold = 1e-08)
  Iteration 24 (of 40).   Current convergence value = 0.000291734 (threshold = 1e-08)
  Iteration 25 (of 40).   Current convergence value = 0.000288794 (threshold = 1e-08)
  Iteration 26 (of 40).   Current convergence value = 0.000286204 (threshold = 1e-08)
  Iteration 27 (of 40).   Current convergence value = 0.000283912 (threshold = 1e-08)
  Iteration 28 (of 40).   Current convergence value = 0.000282002 (threshold = 1e-08)
  Iteration 29 (of 40).   Current convergence value = 0.000280196 (threshold = 1e-08)
  Iteration 30 (of 40).   Current convergence value = 0.000278627 (threshold = 1e-08)
  Iteration 31 (of 40).   Current convergence value = 0.0002773 (threshold = 1e-08)
  Iteration 32 (of 40).   Current convergence value = 0.00027622 (threshold = 1e-08)
  Iteration 33 (of 40).   Current convergence value = 0.000275337 (threshold = 1e-08)
  Iteration 34 (of 40).   Current convergence value = 0.000274629 (threshold = 1e-08)
  Iteration 35 (of 40).   Current convergence value = 0.000274108 (threshold = 1e-08)
  Iteration 36 (of 40).   Current convergence value = 0.000267829 (threshold = 1e-08)
  Iteration 37 (of 40).   Current convergence value = 0.00025992 (threshold = 1e-08)
  Iteration 38 (of 40).   Current convergence value = 0.000252829 (threshold = 1e-08)
  Iteration 39 (of 40).   Current convergence value = 0.000246034 (threshold = 1e-08)
  Iteration 40 (of 40).   Current convergence value = 0.000238659 (threshold = 1e-08)
Current level = 4
  Iteration 1 (of 30).   Current convergence value = 0.00197446 (threshold = 1e-08)
  Iteration 2 (of 30).   Current convergence value = 0.00169318 (threshold = 1e-08)
  Iteration 3 (of 30).   Current convergence value = 0.00159063 (threshold = 1e-08)
  Iteration 4 (of 30).   Current convergence value = 0.00149343 (threshold = 1e-08)
  Iteration 5 (of 30).   Current convergence value = 0.00137599 (threshold = 1e-08)
  Iteration 6 (of 30).   Current convergence value = 0.00129876 (threshold = 1e-08)
  Iteration 7 (of 30).   Current convergence value = 0.00124159 (threshold = 1e-08)
  Iteration 8 (of 30).   Current convergence value = 0.00119894 (threshold = 1e-08)
  Iteration 9 (of 30).   Current convergence value = 0.00116749 (threshold = 1e-08)
  Iteration 10 (of 30).   Current convergence value = 0.00111999 (threshold = 1e-08)
  Iteration 11 (of 30).   Current convergence value = 0.00103904 (threshold = 1e-08)
  Iteration 12 (of 30).   Current convergence value = 0.000972903 (threshold = 1e-08)
  Iteration 13 (of 30).   Current convergence value = 0.000916607 (threshold = 1e-08)
  Iteration 14 (of 30).   Current convergence value = 0.000865913 (threshold = 1e-08)
  Iteration 15 (of 30).   Current convergence value = 0.000819481 (threshold = 1e-08)
  Iteration 16 (of 30).   Current convergence value = 0.000777221 (threshold = 1e-08)
  Iteration 17 (of 30).   Current convergence value = 0.000738034 (threshold = 1e-08)
  Iteration 18 (of 30).   Current convergence value = 0.000701558 (threshold = 1e-08)
  Iteration 19 (of 30).   Current convergence value = 0.000667793 (threshold = 1e-08)
  Iteration 20 (of 30).   Current convergence value = 0.000635821 (threshold = 1e-08)
  Iteration 21 (of 30).   Current convergence value = 0.000605795 (threshold = 1e-08)
  Iteration 22 (of 30).   Current convergence value = 0.000577697 (threshold = 1e-08)
  Iteration 23 (of 30).   Current convergence value = 0.000550896 (threshold = 1e-08)
  Iteration 24 (of 30).   Current convergence value = 0.000531347 (threshold = 1e-08)
  Iteration 25 (of 30).   Current convergence value = 0.000531 (threshold = 1e-08)
  Iteration 26 (of 30).   Current convergence value = 0.000523667 (threshold = 1e-08)
  Iteration 27 (of 30).   Current convergence value = 0.000514601 (threshold = 1e-08)
  Iteration 28 (of 30).   Current convergence value = 0.000502563 (threshold = 1e-08)
  Iteration 29 (of 30).   Current convergence value = 0.000489507 (threshold = 1e-08)
  Iteration 30 (of 30).   Current convergence value = 0.000476426 (threshold = 1e-08)
   N4BiasFieldCorrectionImageFilter (0x5640ce056e20)
     RTTI typeinfo:   itk::N4BiasFieldCorrectionImageFilter<itk::Image<float, 3u>, itk::Image<float, 3u>, itk::Image<float, 3u> >
     Reference Count: 1
     Modified Time: 565
     Debug: Off
     Object Name: 
     Observers: 
       IterationEvent(Command)
     Inputs: 
       ConfidenceImage: (0)
       MaskImage: (0x5640ce0815e0)
       Primary: (0x5640ce07cae0) *
     Indexed Inputs: 
       0: Primary (0x5640ce07cae0)
       1: MaskImage (0x5640ce0815e0)
       2: ConfidenceImage (0)
     Required Input Names: Primary
     NumberOfRequiredInputs: 1
     Outputs: 
       Primary: (0x5640ce066ef0)
     Indexed Outputs: 
       0: Primary (0x5640ce066ef0)
     NumberOfRequiredOutputs: 1
     Number Of Work Units: 32
     ReleaseDataFlag: Off
     ReleaseDataBeforeUpdateFlag: Off
     AbortGenerateData: Off
     Progress: 0
     Multithreader: 
       RTTI typeinfo:   itk::PoolMultiThreader
       Reference Count: 1
       Modified Time: 144
       Debug: Off
       Object Name: 
       Observers: 
         none
       Number of Work Units: 32
       Number of Threads: 8
       Global Maximum Number Of Threads: 128
       Global Default Number Of Threads: 8
       Global Default Threader Type: itk::MultiThreaderBaseEnums::Threader::Pool
       SingleMethod: 0
       SingleData: 0
     DynamicMultiThreading: On
     CoordinateTolerance: 1e-06
     DirectionTolerance: 1e-06
     Use Mask Label: 0
     Mask label: 1
     Number of histogram bins: 200
     Wiener filter noise: 0.01
     Bias field FWHM: 0.15
     Maximum number of iterations: [50, 50, 40, 30]
     Convergence threshold: 1e-08
     Spline order: 3
     Number of fitting levels: [4, 4, 4]
     Number of control points: [4, 5, 5]
     CurrentConvergenceMeasurement: 0.000476426
     CurrentLevel: 4
     ElapsedIterations: 31
     LogBiasFieldControlPointLattice: 
       Image (0x5640d90b7cd0)
         RTTI typeinfo:   itk::Image<itk::Vector<float, 1u>, 3u>
         Reference Count: 1
         Modified Time: 343560
         Debug: Off
         Object Name: 
         Observers: 
           none
         Source: (none)
         Source output name: (none)
         Release Data: Off
         Data Released: False
         Global Release Data: Off
         PipelineMTime: 0
         UpdateMTime: 0
         RealTimeStamp: 0 seconds 
         LargestPossibleRegion: 
           Dimension: 3
           Index: [0, 0, 0]
           Size: [11, 19, 19]
         BufferedRegion: 
           Dimension: 3
           Index: [0, 0, 0]
           Size: [11, 19, 19]
         RequestedRegion: 
           Dimension: 3
           Index: [0, 0, 0]
           Size: [11, 19, 19]
         Spacing: [24.75, 24.875, 24.875]
         Origin: [25.3383, 24.5082, -24.6457]
         Direction: 
-0.999853 -0.014134 -0.00966312
0.014129 -0.9999 0.000586045
-0.00967044 0.000449429 0.999953

         IndexToPointMatrix: 
-24.7464 -0.351583 -0.24037
0.349693 -24.8725 0.0145779
-0.239343 0.0111795 24.8738

         PointToIndexMatrix: 
-0.0403981 0.000570868 -0.000390725
-0.000568201 -0.040197 1.80675e-05
-0.000388467 2.35596e-05 0.0401991

         Inverse Direction: 
-0.999853 0.014129 -0.00967044
-0.014134 -0.9999 0.000449429
-0.00966312 0.000586045 0.999953

         PixelContainer: 
           ImportImageContainer (0x5640d90b50f0)
             RTTI typeinfo:   itk::ImportImageContainer<unsigned long, itk::Vector<float, 1u> >
             Reference Count: 1
             Modified Time: 343561
             Debug: Off
             Object Name: 
             Observers: 
               none
             Pointer: 0x5640d81f2030
             Container manages memory: true
             Size: 3971
             Capacity: 3971
Elapsed time: 268.002
All_Command_lines_OK
Using single precision for computations.
=============================================================================
The composite transform comprises the following transforms (in order): 
  1. Center of mass alignment using fixed image: /home/mpib/nemecz/Projects/miniTRK/Results/01_MRI/GroupTempl/T1w/T_template0.nii.gz and moving image: /home/mpib/nemecz/Projects/miniTRK/Analysis/01_MRI/Preproc/GroupTempl/T1w/sub-067534_T1w.nii.gz (type = Euler3DTransform)
=============================================================================
  number of levels = 4
  number of levels = 4
  number of levels = 4
  fixed image: /home/mpib/nemecz/Projects/miniTRK/Results/01_MRI/GroupTempl/T1w/T_template0.nii.gz
  moving image: /home/mpib/nemecz/Projects/miniTRK/Results/01_MRI/GroupTempl/T1w/T_template0sub-067534_T1wRepaired.nii.gz
  fixed image: /home/mpib/nemecz/Projects/miniTRK/Results/01_MRI/GroupTempl/T1w/T_template0.nii.gz
  moving image: /home/mpib/nemecz/Projects/miniTRK/Results/01_MRI/GroupTempl/T1w/T_template0sub-067534_T1wRepaired.nii.gz
  fixed image: /home/mpib/nemecz/Projects/miniTRK/Results/01_MRI/GroupTempl/T1w/T_template0.nii.gz
  moving image: /home/mpib/nemecz/Projects/miniTRK/Results/01_MRI/GroupTempl/T1w/T_template0sub-067534_T1wRepaired.nii.gz
Dimension = 3
Number of stages = 3
Use Histogram Matching true
Winsorize image intensities true
Lower quantile = 0.01
Upper quantile = 0.99
Stage 1 State
   Image metric = Mattes
     Fixed image = Image (0x55afb981cad0)
  RTTI typeinfo:   itk::Image<float, 3u>
  Reference Count: 2
  Modified Time: 1721
  Debug: Off
  Object Name: 
  Observers: 
    none
  Source: (none)
  Source output name: (none)
  Release Data: Off
  Data Released: False
  Global Release Data: Off
  PipelineMTime: 0
  UpdateMTime: 1506
  RealTimeStamp: 0 seconds 
  LargestPossibleRegion: 
    Dimension: 3
    Index: [0, 0, 0]
    Size: [192, 256, 256]
  BufferedRegion: 
    Dimension: 3
    Index: [0, 0, 0]
    Size: [192, 256, 256]
  RequestedRegion: 
    Dimension: 3
    Index: [0, 0, 0]
    Size: [192, 256, 256]
  Spacing: [1, 1, 1]
  Origin: [95.0313, 100.538, -154.123]
  Direction: 
-0.999853 -0.014134 -0.00966312
0.014129 -0.9999 0.000586045
-0.00967044 0.000449429 0.999953

  IndexToPointMatrix: 
-0.999853 -0.014134 -0.00966312
0.014129 -0.9999 0.000586045
-0.00967044 0.000449429 0.999953

  PointToIndexMatrix: 
-0.999853 0.014129 -0.00967044
-0.014134 -0.9999 0.000449429
-0.00966312 0.000586045 0.999953

  Inverse Direction: 
-0.999853 0.014129 -0.00967044
-0.014134 -0.9999 0.000449429
-0.00966312 0.000586045 0.999953

  PixelContainer: 
    ImportImageContainer (0x55afb9824c80)
      RTTI typeinfo:   itk::ImportImageContainer<unsigned long, float>
      Reference Count: 1
      Modified Time: 1503
      Debug: Off
      Object Name: 
      Observers: 
        none
      Pointer: 0x7f4693c16010
      Container manages memory: true
      Size: 12582912
      Capacity: 12582912

     Moving image = Image (0x55afb981db40)
  RTTI typeinfo:   itk::Image<float, 3u>
  Reference Count: 2
  Modified Time: 1722
  Debug: Off
  Object Name: 
  Observers: 
    none
  Source: (none)
  Source output name: (none)
  Release Data: Off
  Data Released: False
  Global Release Data: Off
  PipelineMTime: 0
  UpdateMTime: 1719
  RealTimeStamp: 0 seconds 
  LargestPossibleRegion: 
    Dimension: 3
    Index: [0, 0, 0]
    Size: [192, 256, 256]
  BufferedRegion: 
    Dimension: 3
    Index: [0, 0, 0]
    Size: [192, 256, 256]
  RequestedRegion: 
    Dimension: 3
    Index: [0, 0, 0]
    Size: [192, 256, 256]
  Spacing: [1, 1, 1]
  Origin: [95.0313, 100.538, -154.123]
  Direction: 
-0.999853 -0.014134 -0.00966312
0.014129 -0.9999 0.000586045
-0.00967044 0.000449429 0.999953

  IndexToPointMatrix: 
-0.999853 -0.014134 -0.00966312
0.014129 -0.9999 0.000586045
-0.00967044 0.000449429 0.999953

  PointToIndexMatrix: 
-0.999853 0.014129 -0.00967044
-0.014134 -0.9999 0.000449429
-0.00966312 0.000586045 0.999953

  Inverse Direction: 
-0.999853 0.014129 -0.00967044
-0.014134 -0.9999 0.000449429
-0.00966312 0.000586045 0.999953

  PixelContainer: 
    ImportImageContainer (0x55afb9691bf0)
      RTTI typeinfo:   itk::ImportImageContainer<unsigned long, float>
      Reference Count: 1
      Modified Time: 1716
      Debug: Off
      Object Name: 
      Observers: 
        none
      Pointer: 0x7f4690c15010
      Container manages memory: true
      Size: 12582912
      Capacity: 12582912

     Weighting = 1
     Sampling strategy = regular
     Number of bins = 32
     Radius = 4
     Sampling percentage  = 0.25
   Transform = Rigid
     Gradient step = 0.1
     Update field sigma (voxel space) = 0
     Total field sigma (voxel space) = 0
     Update field time sigma = 0
     Total field time sigma  = 0
     Number of time indices = 0
     Number of time point samples = 0
Stage 2 State
   Image metric = Mattes
     Fixed image = Image (0x55afb98358a0)
  RTTI typeinfo:   itk::Image<float, 3u>
  Reference Count: 2
  Modified Time: 2149
  Debug: Off
  Object Name: 
  Observers: 
    none
  Source: (none)
  Source output name: (none)
  Release Data: Off
  Data Released: False
  Global Release Data: Off
  PipelineMTime: 0
  UpdateMTime: 1934
  RealTimeStamp: 0 seconds 
  LargestPossibleRegion: 
    Dimension: 3
    Index: [0, 0, 0]
    Size: [192, 256, 256]
  BufferedRegion: 
    Dimension: 3
    Index: [0, 0, 0]
    Size: [192, 256, 256]
  RequestedRegion: 
    Dimension: 3
    Index: [0, 0, 0]
    Size: [192, 256, 256]
  Spacing: [1, 1, 1]
  Origin: [95.0313, 100.538, -154.123]
  Direction: 
-0.999853 -0.014134 -0.00966312
0.014129 -0.9999 0.000586045
-0.00967044 0.000449429 0.999953

  IndexToPointMatrix: 
-0.999853 -0.014134 -0.00966312
0.014129 -0.9999 0.000586045
-0.00967044 0.000449429 0.999953

  PointToIndexMatrix: 
-0.999853 0.014129 -0.00967044
-0.014134 -0.9999 0.000449429
-0.00966312 0.000586045 0.999953

  Inverse Direction: 
-0.999853 0.014129 -0.00967044
-0.014134 -0.9999 0.000449429
-0.00966312 0.000586045 0.999953

  PixelContainer: 
    ImportImageContainer (0x55afb9822d60)
      RTTI typeinfo:   itk::ImportImageContainer<unsigned long, float>
      Reference Count: 1
      Modified Time: 1931
      Debug: Off
      Object Name: 
      Observers: 
        none
      Pointer: 0x7f468dc14010
      Container manages memory: true
      Size: 12582912
      Capacity: 12582912

     Moving image = Image (0x55afb98354a0)
  RTTI typeinfo:   itk::Image<float, 3u>
  Reference Count: 2
  Modified Time: 2150
  Debug: Off
  Object Name: 
  Observers: 
    none
  Source: (none)
  Source output name: (none)
  Release Data: Off
  Data Released: False
  Global Release Data: Off
  PipelineMTime: 0
  UpdateMTime: 2147
  RealTimeStamp: 0 seconds 
  LargestPossibleRegion: 
    Dimension: 3
    Index: [0, 0, 0]
    Size: [192, 256, 256]
  BufferedRegion: 
    Dimension: 3
    Index: [0, 0, 0]
    Size: [192, 256, 256]
  RequestedRegion: 
    Dimension: 3
    Index: [0, 0, 0]
    Size: [192, 256, 256]
  Spacing: [1, 1, 1]
  Origin: [95.0313, 100.538, -154.123]
  Direction: 
-0.999853 -0.014134 -0.00966312
0.014129 -0.9999 0.000586045
-0.00967044 0.000449429 0.999953

  IndexToPointMatrix: 
-0.999853 -0.014134 -0.00966312
0.014129 -0.9999 0.000586045
-0.00967044 0.000449429 0.999953

  PointToIndexMatrix: 
-0.999853 0.014129 -0.00967044
-0.014134 -0.9999 0.000449429
-0.00966312 0.000586045 0.999953

  Inverse Direction: 
-0.999853 0.014129 -0.00967044
-0.014134 -0.9999 0.000449429
-0.00966312 0.000586045 0.999953

  PixelContainer: 
    ImportImageContainer (0x55afb983a7d0)
      RTTI typeinfo:   itk::ImportImageContainer<unsigned long, float>
      Reference Count: 1
      Modified Time: 2144
      Debug: Off
      Object Name: 
      Observers: 
        none
      Pointer: 0x7f468ac13010
      Container manages memory: true
      Size: 12582912
      Capacity: 12582912

     Weighting = 1
     Sampling strategy = regular
     Number of bins = 32
     Radius = 4
     Sampling percentage  = 0.25
   Transform = Affine
     Gradient step = 0.1
     Update field sigma (voxel space) = 0
     Total field sigma (voxel space) = 0
     Update field time sigma = 0
     Total field time sigma  = 0
     Number of time indices = 0
     Number of time point samples = 0
Stage 3 State
   Image metric = CC
     Fixed image = Image (0x55afb983c9f0)
  RTTI typeinfo:   itk::Image<float, 3u>
  Reference Count: 2
  Modified Time: 2577
  Debug: Off
  Object Name: 
  Observers: 
    none
  Source: (none)
  Source output name: (none)
  Release Data: Off
  Data Released: False
  Global Release Data: Off
  PipelineMTime: 0
  UpdateMTime: 2362
  RealTimeStamp: 0 seconds 
  LargestPossibleRegion: 
    Dimension: 3
    Index: [0, 0, 0]
    Size: [192, 256, 256]
  BufferedRegion: 
    Dimension: 3
    Index: [0, 0, 0]
    Size: [192, 256, 256]
  RequestedRegion: 
    Dimension: 3
    Index: [0, 0, 0]
    Size: [192, 256, 256]
  Spacing: [1, 1, 1]
  Origin: [95.0313, 100.538, -154.123]
  Direction: 
-0.999853 -0.014134 -0.00966312
0.014129 -0.9999 0.000586045
-0.00967044 0.000449429 0.999953

  IndexToPointMatrix: 
-0.999853 -0.014134 -0.00966312
0.014129 -0.9999 0.000586045
-0.00967044 0.000449429 0.999953

  PointToIndexMatrix: 
-0.999853 0.014129 -0.00967044
-0.014134 -0.9999 0.000449429
-0.00966312 0.000586045 0.999953

  Inverse Direction: 
-0.999853 0.014129 -0.00967044
-0.014134 -0.9999 0.000449429
-0.00966312 0.000586045 0.999953

  PixelContainer: 
    ImportImageContainer (0x55afb981d040)
      RTTI typeinfo:   itk::ImportImageContainer<unsigned long, float>
      Reference Count: 1
      Modified Time: 2359
      Debug: Off
      Object Name: 
      Observers: 
        none
      Pointer: 0x7f4687c12010
      Container manages memory: true
      Size: 12582912
      Capacity: 12582912

     Moving image = Image (0x55afb983e800)
  RTTI typeinfo:   itk::Image<float, 3u>
  Reference Count: 2
  Modified Time: 2578
  Debug: Off
  Object Name: 
  Observers: 
    none
  Source: (none)
  Source output name: (none)
  Release Data: Off
  Data Released: False
  Global Release Data: Off
  PipelineMTime: 0
  UpdateMTime: 2575
  RealTimeStamp: 0 seconds 
  LargestPossibleRegion: 
    Dimension: 3
    Index: [0, 0, 0]
    Size: [192, 256, 256]
  BufferedRegion: 
    Dimension: 3
    Index: [0, 0, 0]
    Size: [192, 256, 256]
  RequestedRegion: 
    Dimension: 3
    Index: [0, 0, 0]
    Size: [192, 256, 256]
  Spacing: [1, 1, 1]
  Origin: [95.0313, 100.538, -154.123]
  Direction: 
-0.999853 -0.014134 -0.00966312
0.014129 -0.9999 0.000586045
-0.00967044 0.000449429 0.999953

  IndexToPointMatrix: 
-0.999853 -0.014134 -0.00966312
0.014129 -0.9999 0.000586045
-0.00967044 0.000449429 0.999953

  PointToIndexMatrix: 
-0.999853 0.014129 -0.00967044
-0.014134 -0.9999 0.000449429
-0.00966312 0.000586045 0.999953

  Inverse Direction: 
-0.999853 0.014129 -0.00967044
-0.014134 -0.9999 0.000449429
-0.00966312 0.000586045 0.999953

  PixelContainer: 
    ImportImageContainer (0x55afb9834260)
      RTTI typeinfo:   itk::ImportImageContainer<unsigned long, float>
      Reference Count: 1
      Modified Time: 2572
      Debug: Off
      Object Name: 
      Observers: 
        none
      Pointer: 0x7f4684c11010
      Container manages memory: true
      Size: 12582912
      Capacity: 12582912

     Weighting = 1
     Sampling strategy = none
     Number of bins = 32
     Radius = 4
     Sampling percentage  = 1
   Transform = SyN
     Gradient step = 0.1
     Update field sigma (voxel space) = 3
     Total field sigma (voxel space) = 0
     Update field time sigma = 0
     Total field time sigma  = 0
     Number of time indices = 0
     Number of time point samples = 0
Registration using 3 total stages.

Stage 0
  iterations = 1000x500x250x0
  convergence threshold = 1e-06
  convergence window size = 10
  number of levels = 4
  using the Mattes MI metric (number of bins = 32, weight = 1)
  preprocessing:  winsorizing the image intensities
  preprocessing:  histogram matching the images
  Shrink factors (level 1 out of 4): [6, 6, 6]
  Shrink factors (level 2 out of 4): [4, 4, 4]
  Shrink factors (level 3 out of 4): [2, 2, 2]
  Shrink factors (level 4 out of 4): [1, 1, 1]
  smoothing sigmas per level: [4, 2, 1, 0]
  regular sampling (percentage = 0.25)

*** Running Euler3DTransform registration ***

DIAGNOSTIC,Iteration,metricValue,convergenceValue,ITERATION_TIME_INDEX,SINCE_LAST
 2DIAGNOSTIC,     1, -8.631373643875e-01, inf, 7.1170e-01, 7.1170e-01, 
 2DIAGNOSTIC,     2, -8.656544685364e-01, inf, 7.2159e-01, 9.8870e-03, 
 2DIAGNOSTIC,     3, -8.693375587463e-01, inf, 7.3040e-01, 8.8110e-03, 
 2DIAGNOSTIC,     4, -8.740607500076e-01, inf, 7.3935e-01, 8.9540e-03, 
 2DIAGNOSTIC,     5, -8.794113397598e-01, inf, 7.4868e-01, 9.3288e-03, 
 2DIAGNOSTIC,     6, -8.845654726028e-01, inf, 7.5785e-01, 9.1681e-03, 
 2DIAGNOSTIC,     7, -8.873187303543e-01, inf, 7.6713e-01, 9.2771e-03, 
 2DIAGNOSTIC,     8, -8.902208209038e-01, inf, 7.7636e-01, 9.2361e-03, 
 2DIAGNOSTIC,     9, -9.029216170311e-01, inf, 7.8992e-01, 1.3554e-02, 
 2DIAGNOSTIC,    10, -9.046567082405e-01, 3.089039353654e-03, 8.0087e-01, 1.0957e-02, 
 2DIAGNOSTIC,    11, -9.054234623909e-01, 2.819376066327e-03, 8.1004e-01, 9.1679e-03, 
 2DIAGNOSTIC,    12, -9.069613814354e-01, 2.456137444824e-03, 8.1809e-01, 8.0500e-03, 
 2DIAGNOSTIC,    13, -9.101098775864e-01, 2.094060182571e-03, 8.2707e-01, 8.9769e-03, 
 2DIAGNOSTIC,    14, -9.110851883888e-01, 1.717485836707e-03, 8.3501e-01, 7.9360e-03, 
 2DIAGNOSTIC,    15, -9.115407466888e-01, 1.356946537271e-03, 8.4294e-01, 7.9341e-03, 
 2DIAGNOSTIC,    16, -9.128922820091e-01, 1.051525003277e-03, 8.5166e-01, 8.7221e-03, 
 2DIAGNOSTIC,    17, -9.136031866074e-01, 7.518447819166e-04, 8.6169e-01, 1.0029e-02, 
 2DIAGNOSTIC,    18, -9.137310981750e-01, 4.635483783204e-04, 8.7049e-01, 8.8019e-03, 
 2DIAGNOSTIC,    19, -9.137584567070e-01, 3.756935766432e-04, 8.7927e-01, 8.7800e-03, 
 2DIAGNOSTIC,    20, -9.137403368950e-01, 2.899778482970e-04, 8.8817e-01, 8.9021e-03, 
 2DIAGNOSTIC,    21, -9.137071967125e-01, 1.965789851965e-04, 8.9681e-01, 8.6331e-03, 
 2DIAGNOSTIC,    22, -9.136213660240e-01, 1.132477482315e-04, 9.0556e-01, 8.7490e-03, 
 2DIAGNOSTIC,    23, -9.135997295380e-01, 6.976484291954e-05, 9.1328e-01, 7.7200e-03, 
 2DIAGNOSTIC,    24, -9.135498404503e-01, 3.591282074922e-05, 9.2191e-01, 8.6310e-03, 
 2DIAGNOSTIC,    25, -9.135625958443e-01, 7.126783657441e-06, 9.2964e-01, 7.7360e-03, 
DIAGNOSTIC,Iteration,metricValue,convergenceValue,ITERATION_TIME_INDEX,SINCE_LAST
 2DIAGNOSTIC,     1, -7.004410624504e-01, inf, 1.5458e+00, 6.1620e-01, 
 2DIAGNOSTIC,     2, -7.007991671562e-01, inf, 1.5758e+00, 2.9993e-02, 
 2DIAGNOSTIC,     3, -7.010630369186e-01, inf, 1.6057e+00, 2.9825e-02, 
 2DIAGNOSTIC,     4, -7.012999057770e-01, inf, 1.6352e+00, 2.9498e-02, 
 2DIAGNOSTIC,     5, -7.013881206512e-01, inf, 1.6689e+00, 3.3778e-02, 
 2DIAGNOSTIC,     6, -7.015046477318e-01, inf, 1.7183e+00, 4.9357e-02, 
 2DIAGNOSTIC,     7, -7.015383243561e-01, inf, 1.7488e+00, 3.0480e-02, 
 2DIAGNOSTIC,     8, -7.016500830650e-01, inf, 1.7792e+00, 3.0472e-02, 
 2DIAGNOSTIC,     9, -7.016813755035e-01, inf, 1.8147e+00, 3.5489e-02, 
 2DIAGNOSTIC,    10, -7.016788125038e-01, 1.065709802788e-04, 1.8490e+00, 3.4258e-02, 
 2DIAGNOSTIC,    11, -7.016649246216e-01, 6.918174040038e-05, 1.8831e+00, 3.4081e-02, 
 2DIAGNOSTIC,    12, -7.016675472260e-01, 4.413541682879e-05, 1.9170e+00, 3.3930e-02, 
 2DIAGNOSTIC,    13, -7.016498446465e-01, 2.667701301107e-05, 1.9514e+00, 3.4386e-02, 
 2DIAGNOSTIC,    14, -7.016285061836e-01, 1.571624306962e-05, 1.9858e+00, 3.4392e-02, 
 2DIAGNOSTIC,    15, -7.016339898109e-01, 7.502346306865e-06, 2.0198e+00, 3.4064e-02, 
 2DIAGNOSTIC,    16, -7.016257643700e-01, 2.575427743068e-06, 2.0587e+00, 3.8850e-02, 
DIAGNOSTIC,Iteration,metricValue,convergenceValue,ITERATION_TIME_INDEX,SINCE_LAST
 2DIAGNOSTIC,     1, -6.211912631989e-01, inf, 3.0501e+00, 9.9142e-01, 
 2DIAGNOSTIC,     2, -6.215763092041e-01, inf, 3.2686e+00, 2.1852e-01, 
 2DIAGNOSTIC,     3, -6.220858097076e-01, inf, 3.4868e+00, 2.1814e-01, 
 2DIAGNOSTIC,     4, -6.229692101479e-01, inf, 3.7054e+00, 2.1865e-01, 
 2DIAGNOSTIC,     5, -6.242529749870e-01, inf, 3.9534e+00, 2.4792e-01, 
 2DIAGNOSTIC,     6, -6.250040531158e-01, inf, 4.2600e+00, 3.0663e-01, 
 2DIAGNOSTIC,     7, -6.250366568565e-01, inf, 4.5132e+00, 2.5324e-01, 
 2DIAGNOSTIC,     8, -6.250529885292e-01, inf, 4.8279e+00, 3.1464e-01, 
 2DIAGNOSTIC,     9, -6.250568628311e-01, inf, 5.1653e+00, 3.3739e-01, 
 2DIAGNOSTIC,    10, -6.250564455986e-01, 4.624186549336e-04, 5.4148e+00, 2.4954e-01, 
 2DIAGNOSTIC,    11, -6.250558495522e-01, 3.308829618618e-04, 5.6924e+00, 2.7755e-01, 
 2DIAGNOSTIC,    12, -6.250562667847e-01, 2.070535410894e-04, 5.9412e+00, 2.4880e-01, 
 2DIAGNOSTIC,    13, -6.250562071800e-01, 1.017694085022e-04, 6.2753e+00, 3.3413e-01, 
 2DIAGNOSTIC,    14, -6.250559687614e-01, 3.036610542040e-05, 6.5224e+00, 2.4716e-01, 
 2DIAGNOSTIC,    15, -6.250554323196e-01, 4.252602593624e-06, 6.8592e+00, 3.3673e-01, 
 2DIAGNOSTIC,    16, -6.250556707382e-01, 2.573500751168e-06, 7.1093e+00, 2.5017e-01, 
 2DIAGNOSTIC,    17, -6.250554919243e-01, 1.894836373140e-06, 7.3586e+00, 2.4928e-01, 
 2DIAGNOSTIC,    18, -6.250556111336e-01, 1.702559188743e-06, 7.6092e+00, 2.5053e-01, 
 2DIAGNOSTIC,    19, -6.250555515289e-01, 1.628509721741e-06, 7.8572e+00, 2.4809e-01, 
 2DIAGNOSTIC,    20, -6.250557303429e-01, 1.561559315633e-06, 8.1064e+00, 2.4914e-01, 
 2DIAGNOSTIC,    21, -6.250556111336e-01, 1.487869894845e-06, 8.3564e+00, 2.5005e-01, 
 2DIAGNOSTIC,    22, -6.250550150871e-01, 1.419765226274e-06, 8.6062e+00, 2.4980e-01, 
 2DIAGNOSTIC,    23, -6.250551939011e-01, 1.362951934425e-06, 8.8534e+00, 2.4720e-01, 
 2DIAGNOSTIC,    24, -6.250551342964e-01, 1.307247543991e-06, 9.1079e+00, 2.5445e-01, 
 2DIAGNOSTIC,    25, -6.250551342964e-01, 1.247776708624e-06, 9.3934e+00, 2.8556e-01, 
 2DIAGNOSTIC,    26, -6.250550150871e-01, 1.197587039314e-06, 9.6168e+00, 2.2333e-01, 
 2DIAGNOSTIC,    27, -6.250551342964e-01, 1.152830463980e-06, 9.8952e+00, 2.7848e-01, 
 2DIAGNOSTIC,    28, -6.250550746918e-01, 1.114660562962e-06, 1.0146e+01, 2.5065e-01, 
 2DIAGNOSTIC,    29, -6.250549554825e-01, 1.078190848602e-06, 1.0397e+01, 2.5108e-01, 
 2DIAGNOSTIC,    30, -6.250548958778e-01, 1.047874320648e-06, 1.0649e+01, 2.5221e-01, 
 2DIAGNOSTIC,    31, -6.250548362732e-01, 1.018421471599e-06, 1.0899e+01, 2.4990e-01, 
DIAGNOSTIC,Iteration,metricValue,convergenceValue,ITERATION_TIME_INDEX,SINCE_LAST
 2DIAGNOSTIC,     1, -5.712522864342e-01, inf, 1.3400e+01, 2.5005e+00, 
  Elapsed time (stage 0): 1.4528e+01


Stage 1
  iterations = 1000x500x250x0
  convergence threshold = 1.0000e-06
  convergence window size = 10
  number of levels = 4
  using the Mattes MI metric (number of bins = 32, weight = 1.0000e+00)
  preprocessing:  winsorizing the image intensities
  preprocessing:  histogram matching the images
  Shrink factors (level 1 out of 4): [6, 6, 6]
  Shrink factors (level 2 out of 4): [4, 4, 4]
  Shrink factors (level 3 out of 4): [2, 2, 2]
  Shrink factors (level 4 out of 4): [1, 1, 1]
  smoothing sigmas per level: [4, 2, 1, 0]
  regular sampling (percentage = 2.5000e-01)

*** Running AffineTransform registration ***

DIAGNOSTIC,Iteration,metricValue,convergenceValue,ITERATION_TIME_INDEX,SINCE_LAST
 2DIAGNOSTIC,     1, -9.085959792137e-01, inf, 6.8638e-01, 6.8638e-01, 
 2DIAGNOSTIC,     2, -9.124734997749e-01, inf, 6.9771e-01, 1.1325e-02, 
 2DIAGNOSTIC,     3, -9.188432693481e-01, inf, 7.0997e-01, 1.2266e-02, 
 2DIAGNOSTIC,     4, -9.293102025986e-01, inf, 7.2141e-01, 1.1433e-02, 
 2DIAGNOSTIC,     5, -9.461566209793e-01, inf, 7.3228e-01, 1.0874e-02, 
 2DIAGNOSTIC,     6, -9.704774022102e-01, inf, 7.4290e-01, 1.0620e-02, 
 2DIAGNOSTIC,     7, -9.998842477798e-01, inf, 7.5429e-01, 1.1389e-02, 
 2DIAGNOSTIC,     8, -1.026905536652e+00, inf, 7.6666e-01, 1.2365e-02, 
 2DIAGNOSTIC,     9, -1.033706665039e+00, inf, 7.7638e-01, 9.7260e-03, 
 2DIAGNOSTIC,    10, -1.037327647209e+00, 1.020153518766e-02, 7.8995e-01, 1.3566e-02, 
 2DIAGNOSTIC,    11, -1.038533926010e+00, 9.158943779767e-03, 8.0098e-01, 1.1031e-02, 
 2DIAGNOSTIC,    12, -1.039283156395e+00, 7.586831692606e-03, 8.1250e-01, 1.1522e-02, 
 2DIAGNOSTIC,    13, -1.039502859116e+00, 5.729264114052e-03, 8.2415e-01, 1.1645e-02, 
 2DIAGNOSTIC,    14, -1.039603710175e+00, 3.851305460557e-03, 8.3538e-01, 1.1237e-02, 
 2DIAGNOSTIC,    15, -1.039739251137e+00, 2.210262231529e-03, 8.4710e-01, 1.1714e-02, 
 2DIAGNOSTIC,    16, -1.039830446243e+00, 1.009602332488e-03, 8.5904e-01, 1.1947e-02, 
 2DIAGNOSTIC,    17, -1.039954662323e+00, 3.476166166365e-04, 8.7299e-01, 1.3944e-02, 
 2DIAGNOSTIC,    18, -1.040092587471e+00, 1.568990846863e-04, 8.9054e-01, 1.7550e-02, 
