
Running N4 for 3-dimensional images.

Mask not read.  Using the entire image as the mask.

Original intensity range:  [0, 778]

***********************************************************
Warning:  Your input image contains nonpositive values
which could cause failure or problematic results.  A
possible workaround would be to:
   1. rescale your image to positive values e.g., [10,100].
   2. run N4 on your rescaled image.
   3. (optional) rescale the N4 output to the original
      intensity range.
***********************************************************

Specified spline distance: 200mm
  original image size:  [192, 256, 256]
  padded image size:  [201, 401, 401]
  number of control points:  [4, 5, 5]

Current level = 1
  Iteration 1 (of 50).   Current convergence value = 0.000296967 (threshold = 1e-08)
  Iteration 2 (of 50).   Current convergence value = 0.000199943 (threshold = 1e-08)
  Iteration 3 (of 50).   Current convergence value = 0.000145231 (threshold = 1e-08)
  Iteration 4 (of 50).   Current convergence value = 0.000121009 (threshold = 1e-08)
  Iteration 5 (of 50).   Current convergence value = 0.000115709 (threshold = 1e-08)
  Iteration 6 (of 50).   Current convergence value = 0.000118572 (threshold = 1e-08)
  Iteration 7 (of 50).   Current convergence value = 0.000122756 (threshold = 1e-08)
  Iteration 8 (of 50).   Current convergence value = 0.000126487 (threshold = 1e-08)
  Iteration 9 (of 50).   Current convergence value = 0.000128664 (threshold = 1e-08)
  Iteration 10 (of 50).   Current convergence value = 0.000129592 (threshold = 1e-08)
  Iteration 11 (of 50).   Current convergence value = 0.00012964 (threshold = 1e-08)
  Iteration 12 (of 50).   Current convergence value = 0.000128964 (threshold = 1e-08)
  Iteration 13 (of 50).   Current convergence value = 0.000127794 (threshold = 1e-08)
  Iteration 14 (of 50).   Current convergence value = 0.000126186 (threshold = 1e-08)
  Iteration 15 (of 50).   Current convergence value = 0.000124545 (threshold = 1e-08)
  Iteration 16 (of 50).   Current convergence value = 0.000122829 (threshold = 1e-08)
  Iteration 17 (of 50).   Current convergence value = 0.000121054 (threshold = 1e-08)
  Iteration 18 (of 50).   Current convergence value = 0.00011931 (threshold = 1e-08)
  Iteration 19 (of 50).   Current convergence value = 0.000117663 (threshold = 1e-08)
  Iteration 20 (of 50).   Current convergence value = 0.000115982 (threshold = 1e-08)
  Iteration 21 (of 50).   Current convergence value = 0.000114378 (threshold = 1e-08)
  Iteration 22 (of 50).   Current convergence value = 0.000112969 (threshold = 1e-08)
  Iteration 23 (of 50).   Current convergence value = 0.000111579 (threshold = 1e-08)
  Iteration 24 (of 50).   Current convergence value = 0.000110178 (threshold = 1e-08)
  Iteration 25 (of 50).   Current convergence value = 0.000108889 (threshold = 1e-08)
  Iteration 26 (of 50).   Current convergence value = 0.000107664 (threshold = 1e-08)
  Iteration 27 (of 50).   Current convergence value = 0.000106563 (threshold = 1e-08)
  Iteration 28 (of 50).   Current convergence value = 0.000105433 (threshold = 1e-08)
  Iteration 29 (of 50).   Current convergence value = 0.000104304 (threshold = 1e-08)
  Iteration 30 (of 50).   Current convergence value = 0.000103369 (threshold = 1e-08)
  Iteration 31 (of 50).   Current convergence value = 0.000102337 (threshold = 1e-08)
  Iteration 32 (of 50).   Current convergence value = 0.000101439 (threshold = 1e-08)
  Iteration 33 (of 50).   Current convergence value = 0.000100541 (threshold = 1e-08)
  Iteration 34 (of 50).   Current convergence value = 9.97589e-05 (threshold = 1e-08)
  Iteration 35 (of 50).   Current convergence value = 9.89354e-05 (threshold = 1e-08)
  Iteration 36 (of 50).   Current convergence value = 9.81016e-05 (threshold = 1e-08)
  Iteration 37 (of 50).   Current convergence value = 9.73039e-05 (threshold = 1e-08)
  Iteration 38 (of 50).   Current convergence value = 9.65704e-05 (threshold = 1e-08)
  Iteration 39 (of 50).   Current convergence value = 9.57486e-05 (threshold = 1e-08)
  Iteration 40 (of 50).   Current convergence value = 9.49352e-05 (threshold = 1e-08)
  Iteration 41 (of 50).   Current convergence value = 9.4192e-05 (threshold = 1e-08)
  Iteration 42 (of 50).   Current convergence value = 9.35292e-05 (threshold = 1e-08)
  Iteration 43 (of 50).   Current convergence value = 9.29189e-05 (threshold = 1e-08)
  Iteration 44 (of 50).   Current convergence value = 9.21356e-05 (threshold = 1e-08)
  Iteration 45 (of 50).   Current convergence value = 9.14658e-05 (threshold = 1e-08)
  Iteration 46 (of 50).   Current convergence value = 9.09604e-05 (threshold = 1e-08)
  Iteration 47 (of 50).   Current convergence value = 9.0446e-05 (threshold = 1e-08)
  Iteration 48 (of 50).   Current convergence value = 8.97896e-05 (threshold = 1e-08)
  Iteration 49 (of 50).   Current convergence value = 8.92267e-05 (threshold = 1e-08)
  Iteration 50 (of 50).   Current convergence value = 8.86261e-05 (threshold = 1e-08)
Current level = 2
  Iteration 1 (of 50).   Current convergence value = 0.000485102 (threshold = 1e-08)
  Iteration 2 (of 50).   Current convergence value = 0.000395155 (threshold = 1e-08)
  Iteration 3 (of 50).   Current convergence value = 0.000332326 (threshold = 1e-08)
  Iteration 4 (of 50).   Current convergence value = 0.00028368 (threshold = 1e-08)
  Iteration 5 (of 50).   Current convergence value = 0.000243023 (threshold = 1e-08)
  Iteration 6 (of 50).   Current convergence value = 0.000208645 (threshold = 1e-08)
  Iteration 7 (of 50).   Current convergence value = 0.000184117 (threshold = 1e-08)
  Iteration 8 (of 50).   Current convergence value = 0.000172191 (threshold = 1e-08)
  Iteration 9 (of 50).   Current convergence value = 0.000156493 (threshold = 1e-08)
  Iteration 10 (of 50).   Current convergence value = 0.000143171 (threshold = 1e-08)
  Iteration 11 (of 50).   Current convergence value = 0.000131514 (threshold = 1e-08)
  Iteration 12 (of 50).   Current convergence value = 0.000121504 (threshold = 1e-08)
  Iteration 13 (of 50).   Current convergence value = 0.000113153 (threshold = 1e-08)
  Iteration 14 (of 50).   Current convergence value = 0.000105565 (threshold = 1e-08)
  Iteration 15 (of 50).   Current convergence value = 9.90117e-05 (threshold = 1e-08)
  Iteration 16 (of 50).   Current convergence value = 9.34092e-05 (threshold = 1e-08)
  Iteration 17 (of 50).   Current convergence value = 8.85641e-05 (threshold = 1e-08)
  Iteration 18 (of 50).   Current convergence value = 8.81716e-05 (threshold = 1e-08)
  Iteration 19 (of 50).   Current convergence value = 8.91519e-05 (threshold = 1e-08)
  Iteration 20 (of 50).   Current convergence value = 9.00283e-05 (threshold = 1e-08)
  Iteration 21 (of 50).   Current convergence value = 9.08178e-05 (threshold = 1e-08)
  Iteration 22 (of 50).   Current convergence value = 9.17371e-05 (threshold = 1e-08)
  Iteration 23 (of 50).   Current convergence value = 9.22119e-05 (threshold = 1e-08)
  Iteration 24 (of 50).   Current convergence value = 9.25547e-05 (threshold = 1e-08)
  Iteration 25 (of 50).   Current convergence value = 9.29081e-05 (threshold = 1e-08)
  Iteration 26 (of 50).   Current convergence value = 9.30491e-05 (threshold = 1e-08)
  Iteration 27 (of 50).   Current convergence value = 9.33194e-05 (threshold = 1e-08)
  Iteration 28 (of 50).   Current convergence value = 9.33946e-05 (threshold = 1e-08)
  Iteration 29 (of 50).   Current convergence value = 9.3214e-05 (threshold = 1e-08)
  Iteration 30 (of 50).   Current convergence value = 9.31529e-05 (threshold = 1e-08)
  Iteration 31 (of 50).   Current convergence value = 9.30368e-05 (threshold = 1e-08)
  Iteration 32 (of 50).   Current convergence value = 9.28266e-05 (threshold = 1e-08)
  Iteration 33 (of 50).   Current convergence value = 9.24588e-05 (threshold = 1e-08)
  Iteration 34 (of 50).   Current convergence value = 9.21856e-05 (threshold = 1e-08)
  Iteration 35 (of 50).   Current convergence value = 9.18827e-05 (threshold = 1e-08)
  Iteration 36 (of 50).   Current convergence value = 9.14696e-05 (threshold = 1e-08)
  Iteration 37 (of 50).   Current convergence value = 9.09782e-05 (threshold = 1e-08)
  Iteration 38 (of 50).   Current convergence value = 9.06565e-05 (threshold = 1e-08)
  Iteration 39 (of 50).   Current convergence value = 9.03395e-05 (threshold = 1e-08)
  Iteration 40 (of 50).   Current convergence value = 8.98749e-05 (threshold = 1e-08)
  Iteration 41 (of 50).   Current convergence value = 8.93677e-05 (threshold = 1e-08)
  Iteration 42 (of 50).   Current convergence value = 8.88838e-05 (threshold = 1e-08)
  Iteration 43 (of 50).   Current convergence value = 8.85409e-05 (threshold = 1e-08)
  Iteration 44 (of 50).   Current convergence value = 8.79801e-05 (threshold = 1e-08)
  Iteration 45 (of 50).   Current convergence value = 8.75954e-05 (threshold = 1e-08)
  Iteration 46 (of 50).   Current convergence value = 8.71487e-05 (threshold = 1e-08)
  Iteration 47 (of 50).   Current convergence value = 8.65909e-05 (threshold = 1e-08)
  Iteration 48 (of 50).   Current convergence value = 8.60924e-05 (threshold = 1e-08)
  Iteration 49 (of 50).   Current convergence value = 8.56752e-05 (threshold = 1e-08)
  Iteration 50 (of 50).   Current convergence value = 8.51456e-05 (threshold = 1e-08)
Current level = 3
  Iteration 1 (of 40).   Current convergence value = 0.00172988 (threshold = 1e-08)
  Iteration 2 (of 40).   Current convergence value = 0.00131111 (threshold = 1e-08)
  Iteration 3 (of 40).   Current convergence value = 0.00108643 (threshold = 1e-08)
  Iteration 4 (of 40).   Current convergence value = 0.00093351 (threshold = 1e-08)
  Iteration 5 (of 40).   Current convergence value = 0.000821404 (threshold = 1e-08)
  Iteration 6 (of 40).   Current convergence value = 0.000742205 (threshold = 1e-08)
  Iteration 7 (of 40).   Current convergence value = 0.000692088 (threshold = 1e-08)
  Iteration 8 (of 40).   Current convergence value = 0.000653978 (threshold = 1e-08)
  Iteration 9 (of 40).   Current convergence value = 0.000623781 (threshold = 1e-08)
  Iteration 10 (of 40).   Current convergence value = 0.000598912 (threshold = 1e-08)
  Iteration 11 (of 40).   Current convergence value = 0.000574742 (threshold = 1e-08)
  Iteration 12 (of 40).   Current convergence value = 0.000553659 (threshold = 1e-08)
  Iteration 13 (of 40).   Current convergence value = 0.000535871 (threshold = 1e-08)
  Iteration 14 (of 40).   Current convergence value = 0.000521134 (threshold = 1e-08)
  Iteration 15 (of 40).   Current convergence value = 0.000508718 (threshold = 1e-08)
  Iteration 16 (of 40).   Current convergence value = 0.000498316 (threshold = 1e-08)
  Iteration 17 (of 40).   Current convergence value = 0.000489626 (threshold = 1e-08)
  Iteration 18 (of 40).   Current convergence value = 0.000482625 (threshold = 1e-08)
  Iteration 19 (of 40).   Current convergence value = 0.000467791 (threshold = 1e-08)
  Iteration 20 (of 40).   Current convergence value = 0.000447825 (threshold = 1e-08)
  Iteration 21 (of 40).   Current convergence value = 0.000429732 (threshold = 1e-08)
  Iteration 22 (of 40).   Current convergence value = 0.000413436 (threshold = 1e-08)
  Iteration 23 (of 40).   Current convergence value = 0.000398837 (threshold = 1e-08)
  Iteration 24 (of 40).   Current convergence value = 0.000385525 (threshold = 1e-08)
  Iteration 25 (of 40).   Current convergence value = 0.000372961 (threshold = 1e-08)
  Iteration 26 (of 40).   Current convergence value = 0.000360174 (threshold = 1e-08)
  Iteration 27 (of 40).   Current convergence value = 0.000348572 (threshold = 1e-08)
  Iteration 28 (of 40).   Current convergence value = 0.000338037 (threshold = 1e-08)
  Iteration 29 (of 40).   Current convergence value = 0.000328365 (threshold = 1e-08)
  Iteration 30 (of 40).   Current convergence value = 0.000319574 (threshold = 1e-08)
  Iteration 31 (of 40).   Current convergence value = 0.000311366 (threshold = 1e-08)
  Iteration 32 (of 40).   Current convergence value = 0.000304101 (threshold = 1e-08)
  Iteration 33 (of 40).   Current convergence value = 0.000297852 (threshold = 1e-08)
  Iteration 34 (of 40).   Current convergence value = 0.000291984 (threshold = 1e-08)
  Iteration 35 (of 40).   Current convergence value = 0.00028652 (threshold = 1e-08)
  Iteration 36 (of 40).   Current convergence value = 0.000281482 (threshold = 1e-08)
  Iteration 37 (of 40).   Current convergence value = 0.000276608 (threshold = 1e-08)
  Iteration 38 (of 40).   Current convergence value = 0.000272001 (threshold = 1e-08)
  Iteration 39 (of 40).   Current convergence value = 0.000267629 (threshold = 1e-08)
  Iteration 40 (of 40).   Current convergence value = 0.000263465 (threshold = 1e-08)
Current level = 4
  Iteration 1 (of 30).   Current convergence value = 0.00197141 (threshold = 1e-08)
  Iteration 2 (of 30).   Current convergence value = 0.00167959 (threshold = 1e-08)
  Iteration 3 (of 30).   Current convergence value = 0.00160735 (threshold = 1e-08)
  Iteration 4 (of 30).   Current convergence value = 0.00155801 (threshold = 1e-08)
  Iteration 5 (of 30).   Current convergence value = 0.00151702 (threshold = 1e-08)
  Iteration 6 (of 30).   Current convergence value = 0.00147905 (threshold = 1e-08)
  Iteration 7 (of 30).   Current convergence value = 0.00144772 (threshold = 1e-08)
  Iteration 8 (of 30).   Current convergence value = 0.00141891 (threshold = 1e-08)
  Iteration 9 (of 30).   Current convergence value = 0.0013911 (threshold = 1e-08)
  Iteration 10 (of 30).   Current convergence value = 0.00136525 (threshold = 1e-08)
  Iteration 11 (of 30).   Current convergence value = 0.00134239 (threshold = 1e-08)
  Iteration 12 (of 30).   Current convergence value = 0.00132077 (threshold = 1e-08)
  Iteration 13 (of 30).   Current convergence value = 0.00129897 (threshold = 1e-08)
  Iteration 14 (of 30).   Current convergence value = 0.00127743 (threshold = 1e-08)
  Iteration 15 (of 30).   Current convergence value = 0.00125456 (threshold = 1e-08)
  Iteration 16 (of 30).   Current convergence value = 0.00122147 (threshold = 1e-08)
  Iteration 17 (of 30).   Current convergence value = 0.00118887 (threshold = 1e-08)
  Iteration 18 (of 30).   Current convergence value = 0.00115626 (threshold = 1e-08)
  Iteration 19 (of 30).   Current convergence value = 0.00112419 (threshold = 1e-08)
  Iteration 20 (of 30).   Current convergence value = 0.00109114 (threshold = 1e-08)
  Iteration 21 (of 30).   Current convergence value = 0.00105732 (threshold = 1e-08)
  Iteration 22 (of 30).   Current convergence value = 0.001023 (threshold = 1e-08)
  Iteration 23 (of 30).   Current convergence value = 0.000986957 (threshold = 1e-08)
  Iteration 24 (of 30).   Current convergence value = 0.0009484 (threshold = 1e-08)
  Iteration 25 (of 30).   Current convergence value = 0.000906118 (threshold = 1e-08)
  Iteration 26 (of 30).   Current convergence value = 0.000864673 (threshold = 1e-08)
  Iteration 27 (of 30).   Current convergence value = 0.000824984 (threshold = 1e-08)
  Iteration 28 (of 30).   Current convergence value = 0.000750286 (threshold = 1e-08)
  Iteration 29 (of 30).   Current convergence value = 0.000652408 (threshold = 1e-08)
  Iteration 30 (of 30).   Current convergence value = 0.000588438 (threshold = 1e-08)
   N4BiasFieldCorrectionImageFilter (0x5649bd974e20)
     RTTI typeinfo:   itk::N4BiasFieldCorrectionImageFilter<itk::Image<float, 3u>, itk::Image<float, 3u>, itk::Image<float, 3u> >
     Reference Count: 1
     Modified Time: 565
     Debug: Off
     Object Name: 
     Observers: 
       IterationEvent(Command)
     Inputs: 
       ConfidenceImage: (0)
       MaskImage: (0x5649bd99f5e0)
       Primary: (0x5649bd99ab30) *
     Indexed Inputs: 
       0: Primary (0x5649bd99ab30)
       1: MaskImage (0x5649bd99f5e0)
       2: ConfidenceImage (0)
     Required Input Names: Primary
     NumberOfRequiredInputs: 1
     Outputs: 
       Primary: (0x5649bd984ef0)
     Indexed Outputs: 
       0: Primary (0x5649bd984ef0)
     NumberOfRequiredOutputs: 1
     Number Of Work Units: 32
     ReleaseDataFlag: Off
     ReleaseDataBeforeUpdateFlag: Off
     AbortGenerateData: Off
     Progress: 0
     Multithreader: 
       RTTI typeinfo:   itk::PoolMultiThreader
       Reference Count: 1
       Modified Time: 144
       Debug: Off
       Object Name: 
       Observers: 
         none
       Number of Work Units: 32
       Number of Threads: 8
       Global Maximum Number Of Threads: 128
       Global Default Number Of Threads: 8
       Global Default Threader Type: itk::MultiThreaderBaseEnums::Threader::Pool
       SingleMethod: 0
       SingleData: 0
     DynamicMultiThreading: On
     CoordinateTolerance: 1e-06
     DirectionTolerance: 1e-06
     Use Mask Label: 0
     Mask label: 1
     Number of histogram bins: 200
     Wiener filter noise: 0.01
     Bias field FWHM: 0.15
     Maximum number of iterations: [50, 50, 40, 30]
     Convergence threshold: 1e-08
     Spline order: 3
     Number of fitting levels: [4, 4, 4]
     Number of control points: [4, 5, 5]
     CurrentConvergenceMeasurement: 0.000588438
     CurrentLevel: 4
     ElapsedIterations: 31
     LogBiasFieldControlPointLattice: 
       Image (0x5649c9917710)
         RTTI typeinfo:   itk::Image<itk::Vector<float, 1u>, 3u>
         Reference Count: 1
         Modified Time: 343560
         Debug: Off
         Object Name: 
         Observers: 
           none
         Source: (none)
         Source output name: (none)
         Release Data: Off
         Data Released: False
         Global Release Data: Off
         PipelineMTime: 0
         UpdateMTime: 0
         RealTimeStamp: 0 seconds 
         LargestPossibleRegion: 
           Dimension: 3
           Index: [0, 0, 0]
           Size: [11, 19, 19]
         BufferedRegion: 
           Dimension: 3
           Index: [0, 0, 0]
           Size: [11, 19, 19]
         RequestedRegion: 
           Dimension: 3
           Index: [0, 0, 0]
           Size: [11, 19, 19]
         Spacing: [24.75, 24.875, 24.875]
         Origin: [20.7425, 17.9524, -33.1293]
         Direction: 
-0.991239 0.0221819 0.130205
0.00973003 -0.970855 0.23947
0.131722 0.238639 0.962133

         IndexToPointMatrix: 
-24.5332 0.551775 3.23885
0.240818 -24.15 5.95681
3.26012 5.93614 23.9331

         PointToIndexMatrix: 
-0.0400501 0.000393132 0.0053221
0.000891733 -0.0390293 0.00959352
0.00523437 0.00962694 0.0386787

         Inverse Direction: 
-0.991239 0.00973003 0.131722
0.0221819 -0.970855 0.238639
0.130205 0.23947 0.962133

         PixelContainer: 
           ImportImageContainer (0x5649c447cc80)
             RTTI typeinfo:   itk::ImportImageContainer<unsigned long, itk::Vector<float, 1u> >
             Reference Count: 1
             Modified Time: 343561
             Debug: Off
             Object Name: 
             Observers: 
               none
             Pointer: 0x5649c7b2dcc0
             Container manages memory: true
             Size: 3971
             Capacity: 3971
Elapsed time: 298.993
All_Command_lines_OK
Using single precision for computations.
=============================================================================
The composite transform comprises the following transforms (in order): 
  1. Center of mass alignment using fixed image: /home/mpib/nemecz/Projects/miniTRK/Results/01_MRI/GroupTempl/T1w/T_template0.nii.gz and moving image: /home/mpib/nemecz/Projects/miniTRK/Analysis/01_MRI/Preproc/GroupTempl/T1w/sub-936212_T1w.nii.gz (type = Euler3DTransform)
=============================================================================
  number of levels = 4
  number of levels = 4
  number of levels = 4
  fixed image: /home/mpib/nemecz/Projects/miniTRK/Results/01_MRI/GroupTempl/T1w/T_template0.nii.gz
  moving image: /home/mpib/nemecz/Projects/miniTRK/Results/01_MRI/GroupTempl/T1w/T_template0sub-936212_T1wRepaired.nii.gz
  fixed image: /home/mpib/nemecz/Projects/miniTRK/Results/01_MRI/GroupTempl/T1w/T_template0.nii.gz
  moving image: /home/mpib/nemecz/Projects/miniTRK/Results/01_MRI/GroupTempl/T1w/T_template0sub-936212_T1wRepaired.nii.gz
  fixed image: /home/mpib/nemecz/Projects/miniTRK/Results/01_MRI/GroupTempl/T1w/T_template0.nii.gz
  moving image: /home/mpib/nemecz/Projects/miniTRK/Results/01_MRI/GroupTempl/T1w/T_template0sub-936212_T1wRepaired.nii.gz
Dimension = 3
Number of stages = 3
Use Histogram Matching true
Winsorize image intensities true
Lower quantile = 0.01
Upper quantile = 0.99
Stage 1 State
   Image metric = Mattes
     Fixed image = Image (0x55e11f48cad0)
  RTTI typeinfo:   itk::Image<float, 3u>
  Reference Count: 2
  Modified Time: 1721
  Debug: Off
  Object Name: 
  Observers: 
    none
  Source: (none)
  Source output name: (none)
  Release Data: Off
  Data Released: False
  Global Release Data: Off
  PipelineMTime: 0
  UpdateMTime: 1506
  RealTimeStamp: 0 seconds 
  LargestPossibleRegion: 
    Dimension: 3
    Index: [0, 0, 0]
    Size: [192, 256, 256]
  BufferedRegion: 
    Dimension: 3
    Index: [0, 0, 0]
    Size: [192, 256, 256]
  RequestedRegion: 
    Dimension: 3
    Index: [0, 0, 0]
    Size: [192, 256, 256]
  Spacing: [1, 1, 1]
  Origin: [95.0313, 100.538, -154.123]
  Direction: 
-0.999853 -0.014134 -0.00966312
0.014129 -0.9999 0.000586045
-0.00967044 0.000449429 0.999953

  IndexToPointMatrix: 
-0.999853 -0.014134 -0.00966312
0.014129 -0.9999 0.000586045
-0.00967044 0.000449429 0.999953

  PointToIndexMatrix: 
-0.999853 0.014129 -0.00967044
-0.014134 -0.9999 0.000449429
-0.00966312 0.000586045 0.999953

  Inverse Direction: 
-0.999853 0.014129 -0.00967044
-0.014134 -0.9999 0.000449429
-0.00966312 0.000586045 0.999953

  PixelContainer: 
    ImportImageContainer (0x55e11f494c80)
      RTTI typeinfo:   itk::ImportImageContainer<unsigned long, float>
      Reference Count: 1
      Modified Time: 1503
      Debug: Off
      Object Name: 
      Observers: 
        none
      Pointer: 0x7fb415a16010
      Container manages memory: true
      Size: 12582912
      Capacity: 12582912

     Moving image = Image (0x55e11f48dbc0)
  RTTI typeinfo:   itk::Image<float, 3u>
  Reference Count: 2
  Modified Time: 1722
  Debug: Off
  Object Name: 
  Observers: 
    none
  Source: (none)
  Source output name: (none)
  Release Data: Off
  Data Released: False
  Global Release Data: Off
  PipelineMTime: 0
  UpdateMTime: 1719
  RealTimeStamp: 0 seconds 
  LargestPossibleRegion: 
    Dimension: 3
    Index: [0, 0, 0]
    Size: [192, 256, 256]
  BufferedRegion: 
    Dimension: 3
    Index: [0, 0, 0]
    Size: [192, 256, 256]
  RequestedRegion: 
    Dimension: 3
    Index: [0, 0, 0]
    Size: [192, 256, 256]
  Spacing: [1, 1, 1]
  Origin: [74.0387, 63.9808, -191.387]
  Direction: 
-0.991239 0.0221819 0.130205
0.00973003 -0.970855 0.23947
0.131722 0.238639 0.962133

  IndexToPointMatrix: 
-0.991239 0.0221819 0.130205
0.00973003 -0.970855 0.23947
0.131722 0.238639 0.962133

  PointToIndexMatrix: 
-0.991239 0.00973003 0.131722
0.0221819 -0.970855 0.238639
0.130205 0.23947 0.962133

  Inverse Direction: 
-0.991239 0.00973003 0.131722
0.0221819 -0.970855 0.238639
0.130205 0.23947 0.962133

  PixelContainer: 
    ImportImageContainer (0x55e11f499100)
      RTTI typeinfo:   itk::ImportImageContainer<unsigned long, float>
      Reference Count: 1
      Modified Time: 1716
      Debug: Off
      Object Name: 
      Observers: 
        none
      Pointer: 0x7fb412a15010
      Container manages memory: true
      Size: 12582912
      Capacity: 12582912

     Weighting = 1
     Sampling strategy = regular
     Number of bins = 32
     Radius = 4
     Sampling percentage  = 0.25
   Transform = Rigid
     Gradient step = 0.1
     Update field sigma (voxel space) = 0
     Total field sigma (voxel space) = 0
     Update field time sigma = 0
     Total field time sigma  = 0
     Number of time indices = 0
     Number of time point samples = 0
Stage 2 State
   Image metric = Mattes
     Fixed image = Image (0x55e11f4a5870)
  RTTI typeinfo:   itk::Image<float, 3u>
  Reference Count: 2
  Modified Time: 2149
  Debug: Off
  Object Name: 
  Observers: 
    none
  Source: (none)
  Source output name: (none)
  Release Data: Off
  Data Released: False
  Global Release Data: Off
  PipelineMTime: 0
  UpdateMTime: 1934
  RealTimeStamp: 0 seconds 
  LargestPossibleRegion: 
    Dimension: 3
    Index: [0, 0, 0]
    Size: [192, 256, 256]
  BufferedRegion: 
    Dimension: 3
    Index: [0, 0, 0]
    Size: [192, 256, 256]
  RequestedRegion: 
    Dimension: 3
    Index: [0, 0, 0]
    Size: [192, 256, 256]
  Spacing: [1, 1, 1]
  Origin: [95.0313, 100.538, -154.123]
  Direction: 
-0.999853 -0.014134 -0.00966312
0.014129 -0.9999 0.000586045
-0.00967044 0.000449429 0.999953

  IndexToPointMatrix: 
-0.999853 -0.014134 -0.00966312
0.014129 -0.9999 0.000586045
-0.00967044 0.000449429 0.999953

  PointToIndexMatrix: 
-0.999853 0.014129 -0.00967044
-0.014134 -0.9999 0.000449429
-0.00966312 0.000586045 0.999953

  Inverse Direction: 
-0.999853 0.014129 -0.00967044
-0.014134 -0.9999 0.000449429
-0.00966312 0.000586045 0.999953

  PixelContainer: 
    ImportImageContainer (0x55e11f4906d0)
      RTTI typeinfo:   itk::ImportImageContainer<unsigned long, float>
      Reference Count: 1
      Modified Time: 1931
      Debug: Off
      Object Name: 
      Observers: 
        none
      Pointer: 0x7fb40fa14010
      Container manages memory: true
      Size: 12582912
      Capacity: 12582912

     Moving image = Image (0x55e11f4a54c0)
  RTTI typeinfo:   itk::Image<float, 3u>
  Reference Count: 2
  Modified Time: 2150
  Debug: Off
  Object Name: 
  Observers: 
    none
  Source: (none)
  Source output name: (none)
  Release Data: Off
  Data Released: False
  Global Release Data: Off
  PipelineMTime: 0
  UpdateMTime: 2147
  RealTimeStamp: 0 seconds 
  LargestPossibleRegion: 
    Dimension: 3
    Index: [0, 0, 0]
    Size: [192, 256, 256]
  BufferedRegion: 
    Dimension: 3
    Index: [0, 0, 0]
    Size: [192, 256, 256]
  RequestedRegion: 
    Dimension: 3
    Index: [0, 0, 0]
    Size: [192, 256, 256]
  Spacing: [1, 1, 1]
  Origin: [74.0387, 63.9808, -191.387]
  Direction: 
-0.991239 0.0221819 0.130205
0.00973003 -0.970855 0.23947
0.131722 0.238639 0.962133

  IndexToPointMatrix: 
-0.991239 0.0221819 0.130205
0.00973003 -0.970855 0.23947
0.131722 0.238639 0.962133

  PointToIndexMatrix: 
-0.991239 0.00973003 0.131722
0.0221819 -0.970855 0.238639
0.130205 0.23947 0.962133

  Inverse Direction: 
-0.991239 0.00973003 0.131722
0.0221819 -0.970855 0.238639
0.130205 0.23947 0.962133

  PixelContainer: 
    ImportImageContainer (0x55e11f4a68c0)
      RTTI typeinfo:   itk::ImportImageContainer<unsigned long, float>
      Reference Count: 1
      Modified Time: 2144
      Debug: Off
      Object Name: 
      Observers: 
        none
      Pointer: 0x7fb40ca13010
      Container manages memory: true
      Size: 12582912
      Capacity: 12582912

     Weighting = 1
     Sampling strategy = regular
     Number of bins = 32
     Radius = 4
     Sampling percentage  = 0.25
   Transform = Affine
     Gradient step = 0.1
     Update field sigma (voxel space) = 0
     Total field sigma (voxel space) = 0
     Update field time sigma = 0
     Total field time sigma  = 0
     Number of time indices = 0
     Number of time point samples = 0
Stage 3 State
   Image metric = CC
     Fixed image = Image (0x55e11f4ac960)
  RTTI typeinfo:   itk::Image<float, 3u>
  Reference Count: 2
  Modified Time: 2577
  Debug: Off
  Object Name: 
  Observers: 
    none
  Source: (none)
  Source output name: (none)
  Release Data: Off
  Data Released: False
  Global Release Data: Off
  PipelineMTime: 0
  UpdateMTime: 2362
  RealTimeStamp: 0 seconds 
  LargestPossibleRegion: 
    Dimension: 3
    Index: [0, 0, 0]
    Size: [192, 256, 256]
  BufferedRegion: 
    Dimension: 3
    Index: [0, 0, 0]
    Size: [192, 256, 256]
  RequestedRegion: 
    Dimension: 3
    Index: [0, 0, 0]
    Size: [192, 256, 256]
  Spacing: [1, 1, 1]
  Origin: [95.0313, 100.538, -154.123]
  Direction: 
-0.999853 -0.014134 -0.00966312
0.014129 -0.9999 0.000586045
-0.00967044 0.000449429 0.999953

  IndexToPointMatrix: 
-0.999853 -0.014134 -0.00966312
0.014129 -0.9999 0.000586045
-0.00967044 0.000449429 0.999953

  PointToIndexMatrix: 
-0.999853 0.014129 -0.00967044
-0.014134 -0.9999 0.000449429
-0.00966312 0.000586045 0.999953

  Inverse Direction: 
-0.999853 0.014129 -0.00967044
-0.014134 -0.9999 0.000449429
-0.00966312 0.000586045 0.999953

  PixelContainer: 
    ImportImageContainer (0x55e11f48d660)
      RTTI typeinfo:   itk::ImportImageContainer<unsigned long, float>
      Reference Count: 1
      Modified Time: 2359
      Debug: Off
      Object Name: 
      Observers: 
        none
      Pointer: 0x7fb409a12010
      Container manages memory: true
      Size: 12582912
      Capacity: 12582912

     Moving image = Image (0x55e11f4ae840)
  RTTI typeinfo:   itk::Image<float, 3u>
  Reference Count: 2
  Modified Time: 2578
  Debug: Off
  Object Name: 
  Observers: 
    none
  Source: (none)
  Source output name: (none)
  Release Data: Off
  Data Released: False
  Global Release Data: Off
  PipelineMTime: 0
  UpdateMTime: 2575
  RealTimeStamp: 0 seconds 
  LargestPossibleRegion: 
    Dimension: 3
    Index: [0, 0, 0]
    Size: [192, 256, 256]
  BufferedRegion: 
    Dimension: 3
    Index: [0, 0, 0]
    Size: [192, 256, 256]
  RequestedRegion: 
    Dimension: 3
    Index: [0, 0, 0]
    Size: [192, 256, 256]
  Spacing: [1, 1, 1]
  Origin: [74.0387, 63.9808, -191.387]
  Direction: 
-0.991239 0.0221819 0.130205
0.00973003 -0.970855 0.23947
0.131722 0.238639 0.962133

  IndexToPointMatrix: 
-0.991239 0.0221819 0.130205
0.00973003 -0.970855 0.23947
0.131722 0.238639 0.962133

  PointToIndexMatrix: 
-0.991239 0.00973003 0.131722
0.0221819 -0.970855 0.238639
0.130205 0.23947 0.962133

  Inverse Direction: 
-0.991239 0.00973003 0.131722
0.0221819 -0.970855 0.238639
0.130205 0.23947 0.962133

  PixelContainer: 
    ImportImageContainer (0x55e11f4ab660)
      RTTI typeinfo:   itk::ImportImageContainer<unsigned long, float>
      Reference Count: 1
      Modified Time: 2572
      Debug: Off
      Object Name: 
      Observers: 
        none
      Pointer: 0x7fb406a11010
      Container manages memory: true
      Size: 12582912
      Capacity: 12582912

     Weighting = 1
     Sampling strategy = none
     Number of bins = 32
     Radius = 4
     Sampling percentage  = 1
   Transform = SyN
     Gradient step = 0.1
     Update field sigma (voxel space) = 3
     Total field sigma (voxel space) = 0
     Update field time sigma = 0
     Total field time sigma  = 0
     Number of time indices = 0
     Number of time point samples = 0
Registration using 3 total stages.

Stage 0
  iterations = 1000x500x250x0
  convergence threshold = 1e-06
  convergence window size = 10
  number of levels = 4
  using the Mattes MI metric (number of bins = 32, weight = 1)
  preprocessing:  winsorizing the image intensities
  preprocessing:  histogram matching the images
  Shrink factors (level 1 out of 4): [6, 6, 6]
  Shrink factors (level 2 out of 4): [4, 4, 4]
  Shrink factors (level 3 out of 4): [2, 2, 2]
  Shrink factors (level 4 out of 4): [1, 1, 1]
  smoothing sigmas per level: [4, 2, 1, 0]
  regular sampling (percentage = 0.25)

*** Running Euler3DTransform registration ***

DIAGNOSTIC,Iteration,metricValue,convergenceValue,ITERATION_TIME_INDEX,SINCE_LAST
 2DIAGNOSTIC,     1, -8.779276013374e-01, inf, 7.8371e-01, 7.8371e-01, 
 2DIAGNOSTIC,     2, -8.789173960686e-01, inf, 7.9088e-01, 7.1709e-03, 
 2DIAGNOSTIC,     3, -8.806113600731e-01, inf, 7.9816e-01, 7.2792e-03, 
 2DIAGNOSTIC,     4, -8.832792639732e-01, inf, 8.0527e-01, 7.1051e-03, 
 2DIAGNOSTIC,     5, -8.874709010124e-01, inf, 8.1244e-01, 7.1750e-03, 
 2DIAGNOSTIC,     6, -8.933207988739e-01, inf, 8.1961e-01, 7.1721e-03, 
 2DIAGNOSTIC,     7, -9.023731946945e-01, inf, 8.2711e-01, 7.4968e-03, 
 2DIAGNOSTIC,     8, -9.150470495224e-01, inf, 8.3682e-01, 9.7120e-03, 
 2DIAGNOSTIC,     9, -9.431994557381e-01, inf, 8.4790e-01, 1.1079e-02, 
 2DIAGNOSTIC,    10, -9.437408447266e-01, 4.927108995616e-03, 8.5792e-01, 1.0016e-02, 
 2DIAGNOSTIC,    11, -9.436926841736e-01, 5.040878430009e-03, 8.7028e-01, 1.2366e-02, 
 2DIAGNOSTIC,    12, -9.437023997307e-01, 4.718648735434e-03, 8.7868e-01, 8.4012e-03, 
 2DIAGNOSTIC,    13, -9.436492323875e-01, 4.056064411998e-03, 8.8694e-01, 8.2550e-03, 
 2DIAGNOSTIC,    14, -9.436284303665e-01, 3.173507517204e-03, 8.9527e-01, 8.3301e-03, 
 2DIAGNOSTIC,    15, -9.436027407646e-01, 2.210420789197e-03, 9.0283e-01, 7.5569e-03, 
 2DIAGNOSTIC,    16, -9.436168670654e-01, 1.289564184844e-03, 9.1043e-01, 7.6060e-03, 
 2DIAGNOSTIC,    17, -9.435700774193e-01, 5.253615090623e-04, 9.1788e-01, 7.4530e-03, 
 2DIAGNOSTIC,    18, -9.435573220253e-01, 3.624474629760e-06, 9.2527e-01, 7.3831e-03, 
DIAGNOSTIC,Iteration,metricValue,convergenceValue,ITERATION_TIME_INDEX,SINCE_LAST
 2DIAGNOSTIC,     1, -7.558302283287e-01, inf, 1.7799e+00, 8.5462e-01, 
 2DIAGNOSTIC,     2, -7.566218972206e-01, inf, 1.8101e+00, 3.0210e-02, 
 2DIAGNOSTIC,     3, -7.574747800827e-01, inf, 1.8400e+00, 2.9954e-02, 
 2DIAGNOSTIC,     4, -7.578355669975e-01, inf, 1.8697e+00, 2.9661e-02, 
 2DIAGNOSTIC,     5, -7.580421566963e-01, inf, 1.8996e+00, 2.9883e-02, 
 2DIAGNOSTIC,     6, -7.583736777306e-01, inf, 1.9296e+00, 2.9964e-02, 
 2DIAGNOSTIC,     7, -7.587537169456e-01, inf, 1.9599e+00, 3.0323e-02, 
 2DIAGNOSTIC,     8, -7.593143582344e-01, inf, 1.9986e+00, 3.8741e-02, 
 2DIAGNOSTIC,     9, -7.592777609825e-01, inf, 2.0334e+00, 3.4763e-02, 
 2DIAGNOSTIC,    10, -7.593425512314e-01, 2.883911947720e-04, 2.0682e+00, 3.4856e-02, 
 2DIAGNOSTIC,    11, -7.594416141510e-01, 2.114651579177e-04, 2.1164e+00, 4.8132e-02, 
 2DIAGNOSTIC,    12, -7.594281435013e-01, 1.520754594821e-04, 2.1600e+00, 4.3583e-02, 
 2DIAGNOSTIC,    13, -7.594048976898e-01, 1.119570806623e-04, 2.1904e+00, 3.0474e-02, 
 2DIAGNOSTIC,    14, -7.594032883644e-01, 7.736969564576e-05, 2.2255e+00, 3.5117e-02, 
 2DIAGNOSTIC,    15, -7.594076395035e-01, 4.587408693624e-05, 2.2601e+00, 3.4599e-02, 
 2DIAGNOSTIC,    16, -7.593986988068e-01, 2.169478466385e-05, 2.2946e+00, 3.4496e-02, 
 2DIAGNOSTIC,    17, -7.593829631805e-01, 6.241540631891e-06, 2.3336e+00, 3.9005e-02, 
 2DIAGNOSTIC,    18, -7.593783736229e-01, 3.765588417082e-06, 2.3683e+00, 3.4702e-02, 
DIAGNOSTIC,Iteration,metricValue,convergenceValue,ITERATION_TIME_INDEX,SINCE_LAST
 2DIAGNOSTIC,     1, -6.634593009949e-01, inf, 3.4575e+00, 1.0891e+00, 
 2DIAGNOSTIC,     2, -6.636223793030e-01, inf, 3.6731e+00, 2.1560e-01, 
 2DIAGNOSTIC,     3, -6.637202501297e-01, inf, 3.8885e+00, 2.1547e-01, 
 2DIAGNOSTIC,     4, -6.637462377548e-01, inf, 4.1345e+00, 2.4597e-01, 
 2DIAGNOSTIC,     5, -6.637625694275e-01, inf, 4.3491e+00, 2.1456e-01, 
 2DIAGNOSTIC,     6, -6.637699007988e-01, inf, 4.7453e+00, 3.9625e-01, 
 2DIAGNOSTIC,     7, -6.637665629387e-01, inf, 4.9902e+00, 2.4486e-01, 
 2DIAGNOSTIC,     8, -6.637669801712e-01, inf, 5.2386e+00, 2.4845e-01, 
 2DIAGNOSTIC,     9, -6.637660861015e-01, inf, 5.5732e+00, 3.3458e-01, 
 2DIAGNOSTIC,    10, -6.637662053108e-01, 2.356192635489e-05, 5.8190e+00, 2.4580e-01, 
 2DIAGNOSTIC,    11, -6.637654304504e-01, 1.062466890289e-05, 6.0949e+00, 2.7590e-01, 
 2DIAGNOSTIC,    12, -6.637638211250e-01, 4.834077572013e-06, 6.3394e+00, 2.4447e-01, 
 2DIAGNOSTIC,    13, -6.637629866600e-01, 2.920989572885e-06, 6.6748e+00, 3.3540e-01, 
 2DIAGNOSTIC,    14, -6.637628674507e-01, 2.016239250224e-06, 6.9276e+00, 2.5283e-01, 
 2DIAGNOSTIC,    15, -6.637629866600e-01, 1.717346776786e-06, 7.1891e+00, 2.6148e-01, 
 2DIAGNOSTIC,    16, -6.637630462646e-01, 1.692925138741e-06, 7.4469e+00, 2.5787e-01, 
 2DIAGNOSTIC,    17, -6.637625098228e-01, 1.601231588211e-06, 7.7262e+00, 2.7923e-01, 
 2DIAGNOSTIC,    18, -6.637626886368e-01, 1.560111513754e-06, 7.9415e+00, 2.1535e-01, 
 2DIAGNOSTIC,    19, -6.637626290321e-01, 1.520013597656e-06, 8.1868e+00, 2.4529e-01, 
 2DIAGNOSTIC,    20, -6.637625098228e-01, 1.497885932622e-06, 8.4313e+00, 2.4451e-01, 
 2DIAGNOSTIC,    21, -6.637625098228e-01, 1.471520931773e-06, 8.6771e+00, 2.4580e-01, 
 2DIAGNOSTIC,    22, -6.637617945671e-01, 1.406938508808e-06, 8.9219e+00, 2.4476e-01, 
 2DIAGNOSTIC,    23, -6.637619733810e-01, 1.339854520666e-06, 9.2277e+00, 3.0577e-01, 
 2DIAGNOSTIC,    24, -6.637619137764e-01, 1.278787635783e-06, 9.5020e+00, 2.7436e-01, 
 2DIAGNOSTIC,    25, -6.637617945671e-01, 1.226802737619e-06, 9.7481e+00, 2.4611e-01, 
 2DIAGNOSTIC,    26, -6.637616753578e-01, 1.182543883260e-06, 9.9928e+00, 2.4471e-01, 
 2DIAGNOSTIC,    27, -6.637616157532e-01, 1.136040737038e-06, 1.0239e+01, 2.4607e-01, 
 2DIAGNOSTIC,    28, -6.637617945671e-01, 1.102279384213e-06, 1.0484e+01, 2.4486e-01, 
 2DIAGNOSTIC,    29, -6.637619137764e-01, 1.074695205716e-06, 1.0729e+01, 2.4512e-01, 
 2DIAGNOSTIC,    30, -6.637617349625e-01, 1.046723014042e-06, 1.1003e+01, 2.7430e-01, 
 2DIAGNOSTIC,    31, -6.637615561485e-01, 1.019843580252e-06, 1.1247e+01, 2.4396e-01, 
DIAGNOSTIC,Iteration,metricValue,convergenceValue,ITERATION_TIME_INDEX,SINCE_LAST
 2DIAGNOSTIC,     1, -5.991737842560e-01, inf, 1.3896e+01, 2.6493e+00, 
  Elapsed time (stage 0): 1.5025e+01


Stage 1
  iterations = 1000x500x250x0
  convergence threshold = 1.0000e-06
  convergence window size = 10
  number of levels = 4
  using the Mattes MI metric (number of bins = 32, weight = 1.0000e+00)
  preprocessing:  winsorizing the image intensities
  preprocessing:  histogram matching the images
  Shrink factors (level 1 out of 4): [6, 6, 6]
  Shrink factors (level 2 out of 4): [4, 4, 4]
  Shrink factors (level 3 out of 4): [2, 2, 2]
  Shrink factors (level 4 out of 4): [1, 1, 1]
  smoothing sigmas per level: [4, 2, 1, 0]
  regular sampling (percentage = 2.5000e-01)

*** Running AffineTransform registration ***

DIAGNOSTIC,Iteration,metricValue,convergenceValue,ITERATION_TIME_INDEX,SINCE_LAST
 2DIAGNOSTIC,     1, -9.422621726990e-01, inf, 7.7579e-01, 7.7579e-01, 
 2DIAGNOSTIC,     2, -9.456441998482e-01, inf, 7.8415e-01, 8.3630e-03, 
 2DIAGNOSTIC,     3, -9.514954686165e-01, inf, 7.9254e-01, 8.3952e-03, 
 2DIAGNOSTIC,     4, -9.614254236221e-01, inf, 8.0139e-01, 8.8420e-03, 
 2DIAGNOSTIC,     5, -9.780084490776e-01, inf, 8.1017e-01, 8.7841e-03, 
 2DIAGNOSTIC,     6, -1.003992438316e+00, inf, 8.1903e-01, 8.8570e-03, 
 2DIAGNOSTIC,     7, -1.032324552536e+00, inf, 8.3142e-01, 1.2389e-02, 
 2DIAGNOSTIC,     8, -1.040523409843e+00, inf, 8.4600e-01, 1.4583e-02, 
 2DIAGNOSTIC,     9, -1.040720820427e+00, inf, 8.5460e-01, 8.5971e-03, 
 2DIAGNOSTIC,    10, -1.041146278381e+00, 8.063822053373e-03, 8.6357e-01, 8.9760e-03, 
 2DIAGNOSTIC,    11, -1.041923522949e+00, 6.840337533504e-03, 8.7201e-01, 8.4369e-03, 
 2DIAGNOSTIC,    12, -1.043064951897e+00, 5.315141286701e-03, 8.8025e-01, 8.2421e-03, 
 2DIAGNOSTIC,    13, -1.044822096825e+00, 3.721995512024e-03, 8.8883e-01, 8.5740e-03, 
 2DIAGNOSTIC,    14, -1.047014951706e+00, 2.276498125866e-03, 8.9732e-01, 8.4991e-03, 
 2DIAGNOSTIC,    15, -1.049663066864e+00, 1.178163685836e-03, 9.0576e-01, 8.4329e-03, 
 2DIAGNOSTIC,    16, -1.052276015282e+00, 6.024872418493e-04, 9.1423e-01, 8.4741e-03, 
 2DIAGNOSTIC,    17, -1.055270433426e+00, 5.529915215448e-04, 9.2370e-01, 9.4650e-03, 
 2DIAGNOSTIC,    18, -1.057681918144e+00, 6.222219672054e-04, 9.3738e-01, 1.3686e-02, 
 2DIAGNOSTIC,    19, -1.057567954063e+00, 6.273408071138e-04, 9.4905e-01, 1.1672e-02, 
 2DIAGNOSTIC,    20, -1.057601332664e+00, 5.808142595924e-04, 9.5738e-01, 8.3251e-03, 
 2DIAGNOSTIC,    21, -1.057596087456e+00, 4.951494629495e-04, 9.6581e-01, 8.4281e-03, 
 2DIAGNOSTIC,    22, -1.057691097260e+00, 3.864265454467e-04, 9.7443e-01, 8.6179e-03, 
 2DIAGNOSTIC,    23, -1.057772755623e+00, 2.730962587520e-04, 9.8270e-01, 8.2738e-03, 
 2DIAGNOSTIC,    24, -1.057885289192e+00, 1.705528411549e-04, 9.9097e-01, 8.2700e-03, 
 2DIAGNOSTIC,    25, -1.057981252670e+00, 9.087474609260e-05, 9.9937e-01, 8.4009e-03, 
