
Running N4 for 3-dimensional images.

Mask not read.  Using the entire image as the mask.

Original intensity range:  [0, 861]

***********************************************************
Warning:  Your input image contains nonpositive values
which could cause failure or problematic results.  A
possible workaround would be to:
   1. rescale your image to positive values e.g., [10,100].
   2. run N4 on your rescaled image.
   3. (optional) rescale the N4 output to the original
      intensity range.
***********************************************************

Specified spline distance: 200mm
  original image size:  [192, 256, 256]
  padded image size:  [201, 401, 401]
  number of control points:  [4, 5, 5]

Current level = 1
  Iteration 1 (of 50).   Current convergence value = 0.000418836 (threshold = 1e-08)
  Iteration 2 (of 50).   Current convergence value = 0.000385016 (threshold = 1e-08)
  Iteration 3 (of 50).   Current convergence value = 0.000322059 (threshold = 1e-08)
  Iteration 4 (of 50).   Current convergence value = 0.000247106 (threshold = 1e-08)
  Iteration 5 (of 50).   Current convergence value = 0.000191102 (threshold = 1e-08)
  Iteration 6 (of 50).   Current convergence value = 0.000151061 (threshold = 1e-08)
  Iteration 7 (of 50).   Current convergence value = 0.000122635 (threshold = 1e-08)
  Iteration 8 (of 50).   Current convergence value = 0.000102625 (threshold = 1e-08)
  Iteration 9 (of 50).   Current convergence value = 8.81143e-05 (threshold = 1e-08)
  Iteration 10 (of 50).   Current convergence value = 7.80563e-05 (threshold = 1e-08)
  Iteration 11 (of 50).   Current convergence value = 7.07967e-05 (threshold = 1e-08)
  Iteration 12 (of 50).   Current convergence value = 6.54535e-05 (threshold = 1e-08)
  Iteration 13 (of 50).   Current convergence value = 6.16607e-05 (threshold = 1e-08)
  Iteration 14 (of 50).   Current convergence value = 5.88161e-05 (threshold = 1e-08)
  Iteration 15 (of 50).   Current convergence value = 5.65651e-05 (threshold = 1e-08)
  Iteration 16 (of 50).   Current convergence value = 5.5146e-05 (threshold = 1e-08)
  Iteration 17 (of 50).   Current convergence value = 5.4079e-05 (threshold = 1e-08)
  Iteration 18 (of 50).   Current convergence value = 5.33675e-05 (threshold = 1e-08)
  Iteration 19 (of 50).   Current convergence value = 5.27439e-05 (threshold = 1e-08)
  Iteration 20 (of 50).   Current convergence value = 5.22734e-05 (threshold = 1e-08)
  Iteration 21 (of 50).   Current convergence value = 5.18592e-05 (threshold = 1e-08)
  Iteration 22 (of 50).   Current convergence value = 5.16833e-05 (threshold = 1e-08)
  Iteration 23 (of 50).   Current convergence value = 5.15907e-05 (threshold = 1e-08)
  Iteration 24 (of 50).   Current convergence value = 5.15799e-05 (threshold = 1e-08)
  Iteration 25 (of 50).   Current convergence value = 5.17025e-05 (threshold = 1e-08)
  Iteration 26 (of 50).   Current convergence value = 5.16538e-05 (threshold = 1e-08)
  Iteration 27 (of 50).   Current convergence value = 5.18839e-05 (threshold = 1e-08)
  Iteration 28 (of 50).   Current convergence value = 5.21273e-05 (threshold = 1e-08)
  Iteration 29 (of 50).   Current convergence value = 5.22043e-05 (threshold = 1e-08)
  Iteration 30 (of 50).   Current convergence value = 5.25729e-05 (threshold = 1e-08)
  Iteration 31 (of 50).   Current convergence value = 5.2901e-05 (threshold = 1e-08)
  Iteration 32 (of 50).   Current convergence value = 5.30955e-05 (threshold = 1e-08)
  Iteration 33 (of 50).   Current convergence value = 5.34862e-05 (threshold = 1e-08)
  Iteration 34 (of 50).   Current convergence value = 5.37553e-05 (threshold = 1e-08)
  Iteration 35 (of 50).   Current convergence value = 5.4069e-05 (threshold = 1e-08)
  Iteration 36 (of 50).   Current convergence value = 5.45407e-05 (threshold = 1e-08)
  Iteration 37 (of 50).   Current convergence value = 5.47789e-05 (threshold = 1e-08)
  Iteration 38 (of 50).   Current convergence value = 5.50602e-05 (threshold = 1e-08)
  Iteration 39 (of 50).   Current convergence value = 5.5328e-05 (threshold = 1e-08)
  Iteration 40 (of 50).   Current convergence value = 5.5469e-05 (threshold = 1e-08)
  Iteration 41 (of 50).   Current convergence value = 5.57976e-05 (threshold = 1e-08)
  Iteration 42 (of 50).   Current convergence value = 5.59738e-05 (threshold = 1e-08)
  Iteration 43 (of 50).   Current convergence value = 5.62667e-05 (threshold = 1e-08)
  Iteration 44 (of 50).   Current convergence value = 5.64268e-05 (threshold = 1e-08)
  Iteration 45 (of 50).   Current convergence value = 5.65986e-05 (threshold = 1e-08)
  Iteration 46 (of 50).   Current convergence value = 5.67322e-05 (threshold = 1e-08)
  Iteration 47 (of 50).   Current convergence value = 5.68676e-05 (threshold = 1e-08)
  Iteration 48 (of 50).   Current convergence value = 5.69435e-05 (threshold = 1e-08)
  Iteration 49 (of 50).   Current convergence value = 5.70124e-05 (threshold = 1e-08)
  Iteration 50 (of 50).   Current convergence value = 5.71606e-05 (threshold = 1e-08)
Current level = 2
  Iteration 1 (of 50).   Current convergence value = 0.000466082 (threshold = 1e-08)
  Iteration 2 (of 50).   Current convergence value = 0.000423398 (threshold = 1e-08)
  Iteration 3 (of 50).   Current convergence value = 0.00039872 (threshold = 1e-08)
  Iteration 4 (of 50).   Current convergence value = 0.000376253 (threshold = 1e-08)
  Iteration 5 (of 50).   Current convergence value = 0.000354397 (threshold = 1e-08)
  Iteration 6 (of 50).   Current convergence value = 0.000330226 (threshold = 1e-08)
  Iteration 7 (of 50).   Current convergence value = 0.000305202 (threshold = 1e-08)
  Iteration 8 (of 50).   Current convergence value = 0.000279786 (threshold = 1e-08)
  Iteration 9 (of 50).   Current convergence value = 0.000263622 (threshold = 1e-08)
  Iteration 10 (of 50).   Current convergence value = 0.000251463 (threshold = 1e-08)
  Iteration 11 (of 50).   Current convergence value = 0.000239188 (threshold = 1e-08)
  Iteration 12 (of 50).   Current convergence value = 0.00022825 (threshold = 1e-08)
  Iteration 13 (of 50).   Current convergence value = 0.000219052 (threshold = 1e-08)
  Iteration 14 (of 50).   Current convergence value = 0.000211576 (threshold = 1e-08)
  Iteration 15 (of 50).   Current convergence value = 0.000205608 (threshold = 1e-08)
  Iteration 16 (of 50).   Current convergence value = 0.00020062 (threshold = 1e-08)
  Iteration 17 (of 50).   Current convergence value = 0.000168755 (threshold = 1e-08)
  Iteration 18 (of 50).   Current convergence value = 0.000162022 (threshold = 1e-08)
  Iteration 19 (of 50).   Current convergence value = 0.0001561 (threshold = 1e-08)
  Iteration 20 (of 50).   Current convergence value = 0.000150349 (threshold = 1e-08)
  Iteration 21 (of 50).   Current convergence value = 0.000144769 (threshold = 1e-08)
  Iteration 22 (of 50).   Current convergence value = 0.000139711 (threshold = 1e-08)
  Iteration 23 (of 50).   Current convergence value = 0.000134534 (threshold = 1e-08)
  Iteration 24 (of 50).   Current convergence value = 0.000130017 (threshold = 1e-08)
  Iteration 25 (of 50).   Current convergence value = 0.000125668 (threshold = 1e-08)
  Iteration 26 (of 50).   Current convergence value = 0.000121903 (threshold = 1e-08)
  Iteration 27 (of 50).   Current convergence value = 0.000118536 (threshold = 1e-08)
  Iteration 28 (of 50).   Current convergence value = 0.000115359 (threshold = 1e-08)
  Iteration 29 (of 50).   Current convergence value = 0.000112612 (threshold = 1e-08)
  Iteration 30 (of 50).   Current convergence value = 0.000109907 (threshold = 1e-08)
  Iteration 31 (of 50).   Current convergence value = 0.00010764 (threshold = 1e-08)
  Iteration 32 (of 50).   Current convergence value = 0.000105418 (threshold = 1e-08)
  Iteration 33 (of 50).   Current convergence value = 0.000103406 (threshold = 1e-08)
  Iteration 34 (of 50).   Current convergence value = 0.000101824 (threshold = 1e-08)
  Iteration 35 (of 50).   Current convergence value = 0.000100272 (threshold = 1e-08)
  Iteration 36 (of 50).   Current convergence value = 9.89463e-05 (threshold = 1e-08)
  Iteration 37 (of 50).   Current convergence value = 9.75505e-05 (threshold = 1e-08)
  Iteration 38 (of 50).   Current convergence value = 9.63441e-05 (threshold = 1e-08)
  Iteration 39 (of 50).   Current convergence value = 9.52163e-05 (threshold = 1e-08)
  Iteration 40 (of 50).   Current convergence value = 9.40499e-05 (threshold = 1e-08)
  Iteration 41 (of 50).   Current convergence value = 9.29575e-05 (threshold = 1e-08)
  Iteration 42 (of 50).   Current convergence value = 9.19379e-05 (threshold = 1e-08)
  Iteration 43 (of 50).   Current convergence value = 9.08847e-05 (threshold = 1e-08)
  Iteration 44 (of 50).   Current convergence value = 9.00448e-05 (threshold = 1e-08)
  Iteration 45 (of 50).   Current convergence value = 8.90643e-05 (threshold = 1e-08)
  Iteration 46 (of 50).   Current convergence value = 8.82421e-05 (threshold = 1e-08)
  Iteration 47 (of 50).   Current convergence value = 8.74591e-05 (threshold = 1e-08)
  Iteration 48 (of 50).   Current convergence value = 8.67056e-05 (threshold = 1e-08)
  Iteration 49 (of 50).   Current convergence value = 8.59764e-05 (threshold = 1e-08)
  Iteration 50 (of 50).   Current convergence value = 8.53687e-05 (threshold = 1e-08)
Current level = 3
  Iteration 1 (of 40).   Current convergence value = 0.00110847 (threshold = 1e-08)
  Iteration 2 (of 40).   Current convergence value = 0.000720232 (threshold = 1e-08)
  Iteration 3 (of 40).   Current convergence value = 0.000823722 (threshold = 1e-08)
  Iteration 4 (of 40).   Current convergence value = 0.000897961 (threshold = 1e-08)
  Iteration 5 (of 40).   Current convergence value = 0.000896686 (threshold = 1e-08)
  Iteration 6 (of 40).   Current convergence value = 0.000838239 (threshold = 1e-08)
  Iteration 7 (of 40).   Current convergence value = 0.000790873 (threshold = 1e-08)
  Iteration 8 (of 40).   Current convergence value = 0.00074607 (threshold = 1e-08)
  Iteration 9 (of 40).   Current convergence value = 0.000713311 (threshold = 1e-08)
  Iteration 10 (of 40).   Current convergence value = 0.000683615 (threshold = 1e-08)
  Iteration 11 (of 40).   Current convergence value = 0.000664797 (threshold = 1e-08)
  Iteration 12 (of 40).   Current convergence value = 0.00064808 (threshold = 1e-08)
  Iteration 13 (of 40).   Current convergence value = 0.000632728 (threshold = 1e-08)
  Iteration 14 (of 40).   Current convergence value = 0.000617476 (threshold = 1e-08)
  Iteration 15 (of 40).   Current convergence value = 0.000600442 (threshold = 1e-08)
  Iteration 16 (of 40).   Current convergence value = 0.000578152 (threshold = 1e-08)
  Iteration 17 (of 40).   Current convergence value = 0.000556968 (threshold = 1e-08)
  Iteration 18 (of 40).   Current convergence value = 0.000539496 (threshold = 1e-08)
  Iteration 19 (of 40).   Current convergence value = 0.000524913 (threshold = 1e-08)
  Iteration 20 (of 40).   Current convergence value = 0.000512578 (threshold = 1e-08)
  Iteration 21 (of 40).   Current convergence value = 0.000502048 (threshold = 1e-08)
  Iteration 22 (of 40).   Current convergence value = 0.000493055 (threshold = 1e-08)
  Iteration 23 (of 40).   Current convergence value = 0.000485259 (threshold = 1e-08)
  Iteration 24 (of 40).   Current convergence value = 0.000478252 (threshold = 1e-08)
  Iteration 25 (of 40).   Current convergence value = 0.000472073 (threshold = 1e-08)
  Iteration 26 (of 40).   Current convergence value = 0.000466297 (threshold = 1e-08)
  Iteration 27 (of 40).   Current convergence value = 0.000461163 (threshold = 1e-08)
  Iteration 28 (of 40).   Current convergence value = 0.000456189 (threshold = 1e-08)
  Iteration 29 (of 40).   Current convergence value = 0.000448303 (threshold = 1e-08)
  Iteration 30 (of 40).   Current convergence value = 0.000437561 (threshold = 1e-08)
  Iteration 31 (of 40).   Current convergence value = 0.000414652 (threshold = 1e-08)
  Iteration 32 (of 40).   Current convergence value = 0.000388342 (threshold = 1e-08)
  Iteration 33 (of 40).   Current convergence value = 0.000366642 (threshold = 1e-08)
  Iteration 34 (of 40).   Current convergence value = 0.000348216 (threshold = 1e-08)
  Iteration 35 (of 40).   Current convergence value = 0.000332246 (threshold = 1e-08)
  Iteration 36 (of 40).   Current convergence value = 0.00031825 (threshold = 1e-08)
  Iteration 37 (of 40).   Current convergence value = 0.000305965 (threshold = 1e-08)
  Iteration 38 (of 40).   Current convergence value = 0.00029493 (threshold = 1e-08)
  Iteration 39 (of 40).   Current convergence value = 0.000285088 (threshold = 1e-08)
  Iteration 40 (of 40).   Current convergence value = 0.00027612 (threshold = 1e-08)
Current level = 4
  Iteration 1 (of 30).   Current convergence value = 0.00179241 (threshold = 1e-08)
  Iteration 2 (of 30).   Current convergence value = 0.00163484 (threshold = 1e-08)
  Iteration 3 (of 30).   Current convergence value = 0.00158952 (threshold = 1e-08)
  Iteration 4 (of 30).   Current convergence value = 0.00157949 (threshold = 1e-08)
  Iteration 5 (of 30).   Current convergence value = 0.00156351 (threshold = 1e-08)
  Iteration 6 (of 30).   Current convergence value = 0.00149176 (threshold = 1e-08)
  Iteration 7 (of 30).   Current convergence value = 0.0013587 (threshold = 1e-08)
  Iteration 8 (of 30).   Current convergence value = 0.00126754 (threshold = 1e-08)
  Iteration 9 (of 30).   Current convergence value = 0.00119854 (threshold = 1e-08)
  Iteration 10 (of 30).   Current convergence value = 0.0011225 (threshold = 1e-08)
  Iteration 11 (of 30).   Current convergence value = 0.00106259 (threshold = 1e-08)
  Iteration 12 (of 30).   Current convergence value = 0.00101386 (threshold = 1e-08)
  Iteration 13 (of 30).   Current convergence value = 0.000972426 (threshold = 1e-08)
  Iteration 14 (of 30).   Current convergence value = 0.000936098 (threshold = 1e-08)
  Iteration 15 (of 30).   Current convergence value = 0.000904201 (threshold = 1e-08)
  Iteration 16 (of 30).   Current convergence value = 0.000875724 (threshold = 1e-08)
  Iteration 17 (of 30).   Current convergence value = 0.00085048 (threshold = 1e-08)
  Iteration 18 (of 30).   Current convergence value = 0.000829133 (threshold = 1e-08)
  Iteration 19 (of 30).   Current convergence value = 0.000812018 (threshold = 1e-08)
  Iteration 20 (of 30).   Current convergence value = 0.000799285 (threshold = 1e-08)
  Iteration 21 (of 30).   Current convergence value = 0.000792479 (threshold = 1e-08)
  Iteration 22 (of 30).   Current convergence value = 0.000790578 (threshold = 1e-08)
  Iteration 23 (of 30).   Current convergence value = 0.000794574 (threshold = 1e-08)
  Iteration 24 (of 30).   Current convergence value = 0.000803638 (threshold = 1e-08)
  Iteration 25 (of 30).   Current convergence value = 0.000751382 (threshold = 1e-08)
  Iteration 26 (of 30).   Current convergence value = 0.000712217 (threshold = 1e-08)
  Iteration 27 (of 30).   Current convergence value = 0.000681803 (threshold = 1e-08)
  Iteration 28 (of 30).   Current convergence value = 0.000657717 (threshold = 1e-08)
  Iteration 29 (of 30).   Current convergence value = 0.000638084 (threshold = 1e-08)
  Iteration 30 (of 30).   Current convergence value = 0.000622168 (threshold = 1e-08)
   N4BiasFieldCorrectionImageFilter (0x56459cc9ce20)
     RTTI typeinfo:   itk::N4BiasFieldCorrectionImageFilter<itk::Image<float, 3u>, itk::Image<float, 3u>, itk::Image<float, 3u> >
     Reference Count: 1
     Modified Time: 565
     Debug: Off
     Object Name: 
     Observers: 
       IterationEvent(Command)
     Inputs: 
       ConfidenceImage: (0)
       MaskImage: (0x56459ccc7610)
       Primary: (0x56459ccc2ae0) *
     Indexed Inputs: 
       0: Primary (0x56459ccc2ae0)
       1: MaskImage (0x56459ccc7610)
       2: ConfidenceImage (0)
     Required Input Names: Primary
     NumberOfRequiredInputs: 1
     Outputs: 
       Primary: (0x56459ccacef0)
     Indexed Outputs: 
       0: Primary (0x56459ccacef0)
     NumberOfRequiredOutputs: 1
     Number Of Work Units: 32
     ReleaseDataFlag: Off
     ReleaseDataBeforeUpdateFlag: Off
     AbortGenerateData: Off
     Progress: 0
     Multithreader: 
       RTTI typeinfo:   itk::PoolMultiThreader
       Reference Count: 1
       Modified Time: 144
       Debug: Off
       Object Name: 
       Observers: 
         none
       Number of Work Units: 32
       Number of Threads: 8
       Global Maximum Number Of Threads: 128
       Global Default Number Of Threads: 8
       Global Default Threader Type: itk::MultiThreaderBaseEnums::Threader::Pool
       SingleMethod: 0
       SingleData: 0
     DynamicMultiThreading: On
     CoordinateTolerance: 1e-06
     DirectionTolerance: 1e-06
     Use Mask Label: 0
     Mask label: 1
     Number of histogram bins: 200
     Wiener filter noise: 0.01
     Bias field FWHM: 0.15
     Maximum number of iterations: [50, 50, 40, 30]
     Convergence threshold: 1e-08
     Spline order: 3
     Number of fitting levels: [4, 4, 4]
     Number of control points: [4, 5, 5]
     CurrentConvergenceMeasurement: 0.000622168
     CurrentLevel: 4
     ElapsedIterations: 31
     LogBiasFieldControlPointLattice: 
       Image (0x5645aae0ddb0)
         RTTI typeinfo:   itk::Image<itk::Vector<float, 1u>, 3u>
         Reference Count: 1
         Modified Time: 343560
         Debug: Off
         Object Name: 
         Observers: 
           none
         Source: (none)
         Source output name: (none)
         Release Data: Off
         Data Released: False
         Global Release Data: Off
         PipelineMTime: 0
         UpdateMTime: 0
         RealTimeStamp: 0 seconds 
         LargestPossibleRegion: 
           Dimension: 3
           Index: [0, 0, 0]
           Size: [11, 19, 19]
         BufferedRegion: 
           Dimension: 3
           Index: [0, 0, 0]
           Size: [11, 19, 19]
         RequestedRegion: 
           Dimension: 3
           Index: [0, 0, 0]
           Size: [11, 19, 19]
         Spacing: [24.75, 24.875, 24.875]
         Origin: [26.3933, 20.0338, -27.4251]
         Direction: 
-0.998711 -0.0460974 -0.0212455
0.042647 -0.989056 0.141245
-0.027524 0.140157 0.989747

         IndexToPointMatrix: 
-24.7181 -1.14667 -0.528482
1.05551 -24.6028 3.51347
-0.681219 3.4864 24.6199

         PointToIndexMatrix: 
-0.040352 0.00172311 -0.00111208
-0.00185316 -0.039761 0.00563445
-0.00085409 0.00567819 0.0397888

         Inverse Direction: 
-0.998711 0.042647 -0.027524
-0.0460974 -0.989056 0.140157
-0.0212455 0.141245 0.989747

         PixelContainer: 
           ImportImageContainer (0x5645a8c45ee0)
             RTTI typeinfo:   itk::ImportImageContainer<unsigned long, itk::Vector<float, 1u> >
             Reference Count: 1
             Modified Time: 343561
             Debug: Off
             Object Name: 
             Observers: 
               none
             Pointer: 0x5645a6e3dc50
             Container manages memory: true
             Size: 3971
             Capacity: 3971
Elapsed time: 268.531
All_Command_lines_OK
Using single precision for computations.
=============================================================================
The composite transform comprises the following transforms (in order): 
  1. Center of mass alignment using fixed image: /home/mpib/nemecz/Projects/miniTRK/Results/01_MRI/GroupTempl/T1w/T_template0.nii.gz and moving image: /home/mpib/nemecz/Projects/miniTRK/Analysis/01_MRI/Preproc/GroupTempl/T1w/sub-449900_T1w.nii.gz (type = Euler3DTransform)
=============================================================================
  number of levels = 4
  number of levels = 4
  number of levels = 4
  fixed image: /home/mpib/nemecz/Projects/miniTRK/Results/01_MRI/GroupTempl/T1w/T_template0.nii.gz
  moving image: /home/mpib/nemecz/Projects/miniTRK/Results/01_MRI/GroupTempl/T1w/T_template0sub-449900_T1wRepaired.nii.gz
  fixed image: /home/mpib/nemecz/Projects/miniTRK/Results/01_MRI/GroupTempl/T1w/T_template0.nii.gz
  moving image: /home/mpib/nemecz/Projects/miniTRK/Results/01_MRI/GroupTempl/T1w/T_template0sub-449900_T1wRepaired.nii.gz
  fixed image: /home/mpib/nemecz/Projects/miniTRK/Results/01_MRI/GroupTempl/T1w/T_template0.nii.gz
  moving image: /home/mpib/nemecz/Projects/miniTRK/Results/01_MRI/GroupTempl/T1w/T_template0sub-449900_T1wRepaired.nii.gz
Dimension = 3
Number of stages = 3
Use Histogram Matching true
Winsorize image intensities true
Lower quantile = 0.01
Upper quantile = 0.99
Stage 1 State
   Image metric = Mattes
     Fixed image = Image (0x55e37e227ad0)
  RTTI typeinfo:   itk::Image<float, 3u>
  Reference Count: 2
  Modified Time: 1721
  Debug: Off
  Object Name: 
  Observers: 
    none
  Source: (none)
  Source output name: (none)
  Release Data: Off
  Data Released: False
  Global Release Data: Off
  PipelineMTime: 0
  UpdateMTime: 1506
  RealTimeStamp: 0 seconds 
  LargestPossibleRegion: 
    Dimension: 3
    Index: [0, 0, 0]
    Size: [192, 256, 256]
  BufferedRegion: 
    Dimension: 3
    Index: [0, 0, 0]
    Size: [192, 256, 256]
  RequestedRegion: 
    Dimension: 3
    Index: [0, 0, 0]
    Size: [192, 256, 256]
  Spacing: [1, 1, 1]
  Origin: [95.0313, 100.538, -154.123]
  Direction: 
-0.999853 -0.014134 -0.00966312
0.014129 -0.9999 0.000586045
-0.00967044 0.000449429 0.999953

  IndexToPointMatrix: 
-0.999853 -0.014134 -0.00966312
0.014129 -0.9999 0.000586045
-0.00967044 0.000449429 0.999953

  PointToIndexMatrix: 
-0.999853 0.014129 -0.00967044
-0.014134 -0.9999 0.000449429
-0.00966312 0.000586045 0.999953

  Inverse Direction: 
-0.999853 0.014129 -0.00967044
-0.014134 -0.9999 0.000449429
-0.00966312 0.000586045 0.999953

  PixelContainer: 
    ImportImageContainer (0x55e37e22fc80)
      RTTI typeinfo:   itk::ImportImageContainer<unsigned long, float>
      Reference Count: 1
      Modified Time: 1503
      Debug: Off
      Object Name: 
      Observers: 
        none
      Pointer: 0x7fd3dadf5010
      Container manages memory: true
      Size: 12582912
      Capacity: 12582912

     Moving image = Image (0x55e37e228bc0)
  RTTI typeinfo:   itk::Image<float, 3u>
  Reference Count: 2
  Modified Time: 1722
  Debug: Off
  Object Name: 
  Observers: 
    none
  Source: (none)
  Source output name: (none)
  Release Data: Off
  Data Released: False
  Global Release Data: Off
  PipelineMTime: 0
  UpdateMTime: 1719
  RealTimeStamp: 0 seconds 
  LargestPossibleRegion: 
    Dimension: 3
    Index: [0, 0, 0]
    Size: [192, 256, 256]
  BufferedRegion: 
    Dimension: 3
    Index: [0, 0, 0]
    Size: [192, 256, 256]
  RequestedRegion: 
    Dimension: 3
    Index: [0, 0, 0]
    Size: [192, 256, 256]
  Spacing: [1, 1, 1]
  Origin: [103.265, 74.7231, -171.779]
  Direction: 
-0.998711 -0.0460974 -0.0212455
0.042647 -0.989056 0.141245
-0.027524 0.140157 0.989747

  IndexToPointMatrix: 
-0.998711 -0.0460974 -0.0212455
0.042647 -0.989056 0.141245
-0.027524 0.140157 0.989747

  PointToIndexMatrix: 
-0.998711 0.042647 -0.027524
-0.0460974 -0.989056 0.140157
-0.0212455 0.141245 0.989747

  Inverse Direction: 
-0.998711 0.042647 -0.027524
-0.0460974 -0.989056 0.140157
-0.0212455 0.141245 0.989747

  PixelContainer: 
    ImportImageContainer (0x55e37e234100)
      RTTI typeinfo:   itk::ImportImageContainer<unsigned long, float>
      Reference Count: 1
      Modified Time: 1716
      Debug: Off
      Object Name: 
      Observers: 
        none
      Pointer: 0x7fd3d7df4010
      Container manages memory: true
      Size: 12582912
      Capacity: 12582912

     Weighting = 1
     Sampling strategy = regular
     Number of bins = 32
     Radius = 4
     Sampling percentage  = 0.25
   Transform = Rigid
     Gradient step = 0.1
     Update field sigma (voxel space) = 0
     Total field sigma (voxel space) = 0
     Update field time sigma = 0
     Total field time sigma  = 0
     Number of time indices = 0
     Number of time point samples = 0
Stage 2 State
   Image metric = Mattes
     Fixed image = Image (0x55e37e240870)
  RTTI typeinfo:   itk::Image<float, 3u>
  Reference Count: 2
  Modified Time: 2149
  Debug: Off
  Object Name: 
  Observers: 
    none
  Source: (none)
  Source output name: (none)
  Release Data: Off
  Data Released: False
  Global Release Data: Off
  PipelineMTime: 0
  UpdateMTime: 1934
  RealTimeStamp: 0 seconds 
  LargestPossibleRegion: 
    Dimension: 3
    Index: [0, 0, 0]
    Size: [192, 256, 256]
  BufferedRegion: 
    Dimension: 3
    Index: [0, 0, 0]
    Size: [192, 256, 256]
  RequestedRegion: 
    Dimension: 3
    Index: [0, 0, 0]
    Size: [192, 256, 256]
  Spacing: [1, 1, 1]
  Origin: [95.0313, 100.538, -154.123]
  Direction: 
-0.999853 -0.014134 -0.00966312
0.014129 -0.9999 0.000586045
-0.00967044 0.000449429 0.999953

  IndexToPointMatrix: 
-0.999853 -0.014134 -0.00966312
0.014129 -0.9999 0.000586045
-0.00967044 0.000449429 0.999953

  PointToIndexMatrix: 
-0.999853 0.014129 -0.00967044
-0.014134 -0.9999 0.000449429
-0.00966312 0.000586045 0.999953

  Inverse Direction: 
-0.999853 0.014129 -0.00967044
-0.014134 -0.9999 0.000449429
-0.00966312 0.000586045 0.999953

  PixelContainer: 
    ImportImageContainer (0x55e37e22b6d0)
      RTTI typeinfo:   itk::ImportImageContainer<unsigned long, float>
      Reference Count: 1
      Modified Time: 1931
      Debug: Off
      Object Name: 
      Observers: 
        none
      Pointer: 0x7fd3d4df3010
      Container manages memory: true
      Size: 12582912
      Capacity: 12582912

     Moving image = Image (0x55e37e2404c0)
  RTTI typeinfo:   itk::Image<float, 3u>
  Reference Count: 2
  Modified Time: 2150
  Debug: Off
  Object Name: 
  Observers: 
    none
  Source: (none)
  Source output name: (none)
  Release Data: Off
  Data Released: False
  Global Release Data: Off
  PipelineMTime: 0
  UpdateMTime: 2147
  RealTimeStamp: 0 seconds 
  LargestPossibleRegion: 
    Dimension: 3
    Index: [0, 0, 0]
    Size: [192, 256, 256]
  BufferedRegion: 
    Dimension: 3
    Index: [0, 0, 0]
    Size: [192, 256, 256]
  RequestedRegion: 
    Dimension: 3
    Index: [0, 0, 0]
    Size: [192, 256, 256]
  Spacing: [1, 1, 1]
  Origin: [103.265, 74.7231, -171.779]
  Direction: 
-0.998711 -0.0460974 -0.0212455
0.042647 -0.989056 0.141245
-0.027524 0.140157 0.989747

  IndexToPointMatrix: 
-0.998711 -0.0460974 -0.0212455
0.042647 -0.989056 0.141245
-0.027524 0.140157 0.989747

  PointToIndexMatrix: 
-0.998711 0.042647 -0.027524
-0.0460974 -0.989056 0.140157
-0.0212455 0.141245 0.989747

  Inverse Direction: 
-0.998711 0.042647 -0.027524
-0.0460974 -0.989056 0.140157
-0.0212455 0.141245 0.989747

  PixelContainer: 
    ImportImageContainer (0x55e37e2418c0)
      RTTI typeinfo:   itk::ImportImageContainer<unsigned long, float>
      Reference Count: 1
      Modified Time: 2144
      Debug: Off
      Object Name: 
      Observers: 
        none
      Pointer: 0x7fd3d1df2010
      Container manages memory: true
      Size: 12582912
      Capacity: 12582912

     Weighting = 1
     Sampling strategy = regular
     Number of bins = 32
     Radius = 4
     Sampling percentage  = 0.25
   Transform = Affine
     Gradient step = 0.1
     Update field sigma (voxel space) = 0
     Total field sigma (voxel space) = 0
     Update field time sigma = 0
     Total field time sigma  = 0
     Number of time indices = 0
     Number of time point samples = 0
Stage 3 State
   Image metric = CC
     Fixed image = Image (0x55e37e247960)
  RTTI typeinfo:   itk::Image<float, 3u>
  Reference Count: 2
  Modified Time: 2577
  Debug: Off
  Object Name: 
  Observers: 
    none
  Source: (none)
  Source output name: (none)
  Release Data: Off
  Data Released: False
  Global Release Data: Off
  PipelineMTime: 0
  UpdateMTime: 2362
  RealTimeStamp: 0 seconds 
  LargestPossibleRegion: 
    Dimension: 3
    Index: [0, 0, 0]
    Size: [192, 256, 256]
  BufferedRegion: 
    Dimension: 3
    Index: [0, 0, 0]
    Size: [192, 256, 256]
  RequestedRegion: 
    Dimension: 3
    Index: [0, 0, 0]
    Size: [192, 256, 256]
  Spacing: [1, 1, 1]
  Origin: [95.0313, 100.538, -154.123]
  Direction: 
-0.999853 -0.014134 -0.00966312
0.014129 -0.9999 0.000586045
-0.00967044 0.000449429 0.999953

  IndexToPointMatrix: 
-0.999853 -0.014134 -0.00966312
0.014129 -0.9999 0.000586045
-0.00967044 0.000449429 0.999953

  PointToIndexMatrix: 
-0.999853 0.014129 -0.00967044
-0.014134 -0.9999 0.000449429
-0.00966312 0.000586045 0.999953

  Inverse Direction: 
-0.999853 0.014129 -0.00967044
-0.014134 -0.9999 0.000449429
-0.00966312 0.000586045 0.999953

  PixelContainer: 
    ImportImageContainer (0x55e37e228660)
      RTTI typeinfo:   itk::ImportImageContainer<unsigned long, float>
      Reference Count: 1
      Modified Time: 2359
      Debug: Off
      Object Name: 
      Observers: 
        none
      Pointer: 0x7fd3cedf1010
      Container manages memory: true
      Size: 12582912
      Capacity: 12582912

     Moving image = Image (0x55e37e249840)
  RTTI typeinfo:   itk::Image<float, 3u>
  Reference Count: 2
  Modified Time: 2578
  Debug: Off
  Object Name: 
  Observers: 
    none
  Source: (none)
  Source output name: (none)
  Release Data: Off
  Data Released: False
  Global Release Data: Off
  PipelineMTime: 0
  UpdateMTime: 2575
  RealTimeStamp: 0 seconds 
  LargestPossibleRegion: 
    Dimension: 3
    Index: [0, 0, 0]
    Size: [192, 256, 256]
  BufferedRegion: 
    Dimension: 3
    Index: [0, 0, 0]
    Size: [192, 256, 256]
  RequestedRegion: 
    Dimension: 3
    Index: [0, 0, 0]
    Size: [192, 256, 256]
  Spacing: [1, 1, 1]
  Origin: [103.265, 74.7231, -171.779]
  Direction: 
-0.998711 -0.0460974 -0.0212455
0.042647 -0.989056 0.141245
-0.027524 0.140157 0.989747

  IndexToPointMatrix: 
-0.998711 -0.0460974 -0.0212455
0.042647 -0.989056 0.141245
-0.027524 0.140157 0.989747

  PointToIndexMatrix: 
-0.998711 0.042647 -0.027524
-0.0460974 -0.989056 0.140157
-0.0212455 0.141245 0.989747

  Inverse Direction: 
-0.998711 0.042647 -0.027524
-0.0460974 -0.989056 0.140157
-0.0212455 0.141245 0.989747

  PixelContainer: 
    ImportImageContainer (0x55e37e246660)
      RTTI typeinfo:   itk::ImportImageContainer<unsigned long, float>
      Reference Count: 1
      Modified Time: 2572
      Debug: Off
      Object Name: 
      Observers: 
        none
      Pointer: 0x7fd3cbdf0010
      Container manages memory: true
      Size: 12582912
      Capacity: 12582912

     Weighting = 1
     Sampling strategy = none
     Number of bins = 32
     Radius = 4
     Sampling percentage  = 1
   Transform = SyN
     Gradient step = 0.1
     Update field sigma (voxel space) = 3
     Total field sigma (voxel space) = 0
     Update field time sigma = 0
     Total field time sigma  = 0
     Number of time indices = 0
     Number of time point samples = 0
Registration using 3 total stages.

Stage 0
  iterations = 1000x500x250x0
  convergence threshold = 1e-06
  convergence window size = 10
  number of levels = 4
  using the Mattes MI metric (number of bins = 32, weight = 1)
  preprocessing:  winsorizing the image intensities
  preprocessing:  histogram matching the images
  Shrink factors (level 1 out of 4): [6, 6, 6]
  Shrink factors (level 2 out of 4): [4, 4, 4]
  Shrink factors (level 3 out of 4): [2, 2, 2]
  Shrink factors (level 4 out of 4): [1, 1, 1]
  smoothing sigmas per level: [4, 2, 1, 0]
  regular sampling (percentage = 0.25)

*** Running Euler3DTransform registration ***

DIAGNOSTIC,Iteration,metricValue,convergenceValue,ITERATION_TIME_INDEX,SINCE_LAST
 2DIAGNOSTIC,     1, -9.537811875343e-01, inf, 6.7504e-01, 6.7504e-01, 
 2DIAGNOSTIC,     2, -9.571238756180e-01, inf, 6.8383e-01, 8.7821e-03, 
 2DIAGNOSTIC,     3, -9.618156552315e-01, inf, 6.9253e-01, 8.7030e-03, 
 2DIAGNOSTIC,     4, -9.677971601486e-01, inf, 7.0112e-01, 8.5928e-03, 
 2DIAGNOSTIC,     5, -9.735456705093e-01, inf, 7.0949e-01, 8.3680e-03, 
 2DIAGNOSTIC,     6, -9.784706830978e-01, inf, 7.1784e-01, 8.3539e-03, 
 2DIAGNOSTIC,     7, -9.833805561066e-01, inf, 7.2582e-01, 7.9749e-03, 
 2DIAGNOSTIC,     8, -9.909526705742e-01, inf, 7.3313e-01, 7.3121e-03, 
 2DIAGNOSTIC,     9, -1.000031828880e+00, inf, 7.4358e-01, 1.0445e-02, 
 2DIAGNOSTIC,    10, -1.002430558205e+00, 3.339463612065e-03, 7.5515e-01, 1.1571e-02, 
 2DIAGNOSTIC,    11, -1.002753376961e+00, 2.975884592161e-03, 7.6292e-01, 7.7710e-03, 
 2DIAGNOSTIC,    12, -1.006145477295e+00, 2.571679651737e-03, 7.7052e-01, 7.6051e-03, 
 2DIAGNOSTIC,    13, -1.009199738503e+00, 2.165574580431e-03, 7.7809e-01, 7.5650e-03, 
 2DIAGNOSTIC,    14, -1.010668277740e+00, 1.770758419298e-03, 7.8674e-01, 8.6551e-03, 
 2DIAGNOSTIC,    15, -1.012163162231e+00, 1.407832838595e-03, 7.9682e-01, 1.0079e-02, 
 2DIAGNOSTIC,    16, -1.013183832169e+00, 1.071095233783e-03, 8.0443e-01, 7.6089e-03, 
 2DIAGNOSTIC,    17, -1.014355182648e+00, 7.770843803883e-04, 8.1289e-01, 8.4629e-03, 
 2DIAGNOSTIC,    18, -1.015702009201e+00, 5.822542589158e-04, 8.2444e-01, 1.1545e-02, 
 2DIAGNOSTIC,    19, -1.016081213951e+00, 4.962394596078e-04, 8.3208e-01, 7.6451e-03, 
 2DIAGNOSTIC,    20, -1.017475128174e+00, 4.283082089387e-04, 8.4060e-01, 8.5132e-03, 
 2DIAGNOSTIC,    21, -1.018589258194e+00, 3.457540587988e-04, 8.4814e-01, 7.5390e-03, 
 2DIAGNOSTIC,    22, -1.018700361252e+00, 2.831011661328e-04, 8.5702e-01, 8.8820e-03, 
 2DIAGNOSTIC,    23, -1.018765687943e+00, 2.382941311225e-04, 8.6482e-01, 7.8030e-03, 
 2DIAGNOSTIC,    24, -1.018870592117e+00, 1.936481567100e-04, 8.7266e-01, 7.8380e-03, 
 2DIAGNOSTIC,    25, -1.019028902054e+00, 1.531508896733e-04, 8.8054e-01, 7.8781e-03, 
 2DIAGNOSTIC,    26, -1.019294023514e+00, 1.151971446234e-04, 8.8947e-01, 8.9359e-03, 
 2DIAGNOSTIC,    27, -1.019520163536e+00, 8.385316323256e-05, 8.9930e-01, 9.8240e-03, 
 2DIAGNOSTIC,    28, -1.019614577293e+00, 6.182400102261e-05, 9.1007e-01, 1.0769e-02, 
 2DIAGNOSTIC,    29, -1.019651532173e+00, 3.945999196731e-05, 9.1897e-01, 8.9061e-03, 
 2DIAGNOSTIC,    30, -1.019629478455e+00, 2.766932630038e-05, 9.2684e-01, 7.8650e-03, 
 2DIAGNOSTIC,    31, -1.019615888596e+00, 2.415756898699e-05, 9.3476e-01, 7.9200e-03, 
 2DIAGNOSTIC,    32, -1.019617557526e+00, 1.965567389561e-05, 9.4265e-01, 7.8959e-03, 
 2DIAGNOSTIC,    33, -1.019723773003e+00, 1.513488132332e-05, 9.5055e-01, 7.9000e-03, 
 2DIAGNOSTIC,    34, -1.019846320152e+00, 1.141823668149e-05, 9.6227e-01, 1.1716e-02, 
 2DIAGNOSTIC,    35, -1.019860744476e+00, 8.275944310299e-06, 9.7006e-01, 7.7879e-03, 
 2DIAGNOSTIC,    36, -1.019877076149e+00, 6.808648777223e-06, 9.7881e-01, 8.7509e-03, 
 2DIAGNOSTIC,    37, -1.019894242287e+00, 6.707414740958e-06, 9.8667e-01, 7.8630e-03, 
 2DIAGNOSTIC,    38, -1.019994735718e+00, 7.475915481336e-06, 9.9646e-01, 9.7890e-03, 
 2DIAGNOSTIC,    39, -1.020002841949e+00, 7.867248314142e-06, 1.0043e+00, 7.8380e-03, 
 2DIAGNOSTIC,    40, -1.020012378693e+00, 7.497770639020e-06, 1.0130e+00, 8.7318e-03, 
 2DIAGNOSTIC,    41, -1.020022392273e+00, 6.513091193483e-06, 1.0217e+00, 8.7059e-03, 
 2DIAGNOSTIC,    42, -1.020073771477e+00, 5.371297447709e-06, 1.0315e+00, 9.7179e-03, 
 2DIAGNOSTIC,    43, -1.020081281662e+00, 4.549558525468e-06, 1.0408e+00, 9.3620e-03, 
 2DIAGNOSTIC,    44, -1.020082712173e+00, 4.197256657790e-06, 1.0509e+00, 1.0099e-02, 
 2DIAGNOSTIC,    45, -1.020083069801e+00, 3.634746008174e-06, 1.0642e+00, 1.3333e-02, 
 2DIAGNOSTIC,    46, -1.020083785057e+00, 2.925651642727e-06, 1.0743e+00, 1.0015e-02, 
 2DIAGNOSTIC,    47, -1.020083665848e+00, 2.114858943969e-06, 1.0844e+00, 1.0111e-02, 
 2DIAGNOSTIC,    48, -1.020082950592e+00, 1.785152448974e-06, 1.0943e+00, 9.9270e-03, 
 2DIAGNOSTIC,    49, -1.020082831383e+00, 1.411911512150e-06, 1.1043e+00, 9.9659e-03, 
 2DIAGNOSTIC,    50, -1.020083308220e+00, 1.040140546138e-06, 1.1143e+00, 1.0050e-02, 
DIAGNOSTIC,Iteration,metricValue,convergenceValue,ITERATION_TIME_INDEX,SINCE_LAST
 2DIAGNOSTIC,     1, -7.774693369865e-01, inf, 1.8420e+00, 7.2771e-01, 
 2DIAGNOSTIC,     2, -7.782239317894e-01, inf, 1.8716e+00, 2.9586e-02, 
 2DIAGNOSTIC,     3, -7.790205478668e-01, inf, 1.9003e+00, 2.8652e-02, 
 2DIAGNOSTIC,     4, -7.793766260147e-01, inf, 1.9289e+00, 2.8625e-02, 
 2DIAGNOSTIC,     5, -7.795653939247e-01, inf, 1.9581e+00, 2.9164e-02, 
 2DIAGNOSTIC,     6, -7.798289060593e-01, inf, 1.9945e+00, 3.6451e-02, 
 2DIAGNOSTIC,     7, -7.798707485199e-01, inf, 2.0469e+00, 5.2424e-02, 
 2DIAGNOSTIC,     8, -7.798966765404e-01, inf, 2.0774e+00, 3.0436e-02, 
 2DIAGNOSTIC,     9, -7.799838185310e-01, inf, 2.1079e+00, 3.0510e-02, 
 2DIAGNOSTIC,    10, -7.800240516663e-01, 1.848501269706e-04, 2.1390e+00, 3.1121e-02, 
 2DIAGNOSTIC,    11, -7.800936102867e-01, 1.134236445068e-04, 2.1694e+00, 3.0455e-02, 
 2DIAGNOSTIC,    12, -7.801382541656e-01, 6.775928341085e-05, 2.2042e+00, 3.4772e-02, 
 2DIAGNOSTIC,    13, -7.801987528801e-01, 4.716441981145e-05, 2.2406e+00, 3.6413e-02, 
 2DIAGNOSTIC,    14, -7.802155017853e-01, 3.507492147037e-05, 2.2762e+00, 3.5552e-02, 
 2DIAGNOSTIC,    15, -7.802489995956e-01, 2.683779530344e-05, 2.3103e+00, 3.4109e-02, 
 2DIAGNOSTIC,    16, -7.802619934082e-01, 2.364789179410e-05, 2.3391e+00, 2.8760e-02, 
 2DIAGNOSTIC,    17, -7.802742123604e-01, 1.999947380682e-05, 2.3754e+00, 3.6387e-02, 
 2DIAGNOSTIC,    18, -7.802901864052e-01, 1.589470048202e-05, 2.4082e+00, 3.2751e-02, 
 2DIAGNOSTIC,    19, -7.803172469139e-01, 1.309793242399e-05, 2.4417e+00, 3.3460e-02, 
 2DIAGNOSTIC,    20, -7.803271412849e-01, 1.040526967699e-05, 2.4708e+00, 2.9191e-02, 
 2DIAGNOSTIC,    21, -7.803277969360e-01, 8.360437277588e-06, 2.5031e+00, 3.2299e-02, 
 2DIAGNOSTIC,    22, -7.803574800491e-01, 7.081222065608e-06, 2.5396e+00, 3.6458e-02, 
 2DIAGNOSTIC,    23, -7.803625464439e-01, 6.409818524844e-06, 2.5684e+00, 2.8833e-02, 
 2DIAGNOSTIC,    24, -7.803784012794e-01, 5.804145985167e-06, 2.6070e+00, 3.8590e-02, 
 2DIAGNOSTIC,    25, -7.803741693497e-01, 5.250982212601e-06, 2.6376e+00, 3.0578e-02, 
 2DIAGNOSTIC,    26, -7.803816199303e-01, 4.660076683649e-06, 2.6683e+00, 3.0676e-02, 
 2DIAGNOSTIC,    27, -7.803962826729e-01, 4.145410912315e-06, 2.7118e+00, 4.3523e-02, 
 2DIAGNOSTIC,    28, -7.803993821144e-01, 3.619005155997e-06, 2.7424e+00, 3.0616e-02, 
 2DIAGNOSTIC,    29, -7.804020643234e-01, 3.270063643868e-06, 2.7773e+00, 3.4859e-02, 
 2DIAGNOSTIC,    30, -7.804046869278e-01, 2.898354296121e-06, 2.8085e+00, 3.1246e-02, 
 2DIAGNOSTIC,    31, -7.804093956947e-01, 2.431663460811e-06, 2.8398e+00, 3.1277e-02, 
 2DIAGNOSTIC,    32, -7.804338335991e-01, 2.473052063579e-06, 2.8798e+00, 4.0041e-02, 
 2DIAGNOSTIC,    33, -7.804356813431e-01, 2.435881015117e-06, 2.9164e+00, 3.6560e-02, 
 2DIAGNOSTIC,    34, -7.804461121559e-01, 2.550405724833e-06, 2.9491e+00, 3.2709e-02, 
 2DIAGNOSTIC,    35, -7.804481983185e-01, 2.483316393409e-06, 2.9821e+00, 3.2988e-02, 
 2DIAGNOSTIC,    36, -7.804488539696e-01, 2.348016550968e-06, 3.0110e+00, 2.8908e-02, 
 2DIAGNOSTIC,    37, -7.804497480392e-01, 2.231196049252e-06, 3.0446e+00, 3.3608e-02, 
 2DIAGNOSTIC,    38, -7.804515957832e-01, 2.036282239715e-06, 3.0733e+00, 2.8695e-02, 
 2DIAGNOSTIC,    39, -7.804616093636e-01, 1.857191818999e-06, 3.1028e+00, 2.9480e-02, 
 2DIAGNOSTIC,    40, -7.804630398750e-01, 1.623436673981e-06, 3.1353e+00, 3.2532e-02, 
 2DIAGNOSTIC,    41, -7.804821133614e-01, 1.529670726086e-06, 3.1681e+00, 3.2761e-02, 
 2DIAGNOSTIC,    42, -7.804831266403e-01, 1.586745497661e-06, 3.2027e+00, 3.4647e-02, 
 2DIAGNOSTIC,    43, -7.804906368256e-01, 1.640297341510e-06, 3.2377e+00, 3.4938e-02, 
 2DIAGNOSTIC,    44, -7.804931998253e-01, 1.712035782475e-06, 3.2726e+00, 3.4962e-02, 
 2DIAGNOSTIC,    45, -7.804852128029e-01, 1.637620698602e-06, 3.3082e+00, 3.5563e-02, 
 2DIAGNOSTIC,    46, -7.804852128029e-01, 1.484274548602e-06, 3.3474e+00, 3.9260e-02, 
 2DIAGNOSTIC,    47, -7.804859876633e-01, 1.273904672416e-06, 3.3869e+00, 3.9481e-02, 
 2DIAGNOSTIC,    48, -7.804859280586e-01, 1.026807353810e-06, 3.4274e+00, 4.0420e-02, 
DIAGNOSTIC,Iteration,metricValue,convergenceValue,ITERATION_TIME_INDEX,SINCE_LAST
 2DIAGNOSTIC,     1, -6.981970667839e-01, inf, 4.4363e+00, 1.0089e+00, 
