
Running N4 for 3-dimensional images.

Mask not read.  Using the entire image as the mask.

Original intensity range:  [0, 909]

***********************************************************
Warning:  Your input image contains nonpositive values
which could cause failure or problematic results.  A
possible workaround would be to:
   1. rescale your image to positive values e.g., [10,100].
   2. run N4 on your rescaled image.
   3. (optional) rescale the N4 output to the original
      intensity range.
***********************************************************

Specified spline distance: 200mm
  original image size:  [192, 256, 256]
  padded image size:  [201, 401, 401]
  number of control points:  [4, 5, 5]

Current level = 1
  Iteration 1 (of 50).   Current convergence value = 0.000359043 (threshold = 1e-08)
  Iteration 2 (of 50).   Current convergence value = 0.00033845 (threshold = 1e-08)
  Iteration 3 (of 50).   Current convergence value = 0.000262818 (threshold = 1e-08)
  Iteration 4 (of 50).   Current convergence value = 0.000192734 (threshold = 1e-08)
  Iteration 5 (of 50).   Current convergence value = 0.000144206 (threshold = 1e-08)
  Iteration 6 (of 50).   Current convergence value = 0.00011103 (threshold = 1e-08)
  Iteration 7 (of 50).   Current convergence value = 8.89749e-05 (threshold = 1e-08)
  Iteration 8 (of 50).   Current convergence value = 7.45626e-05 (threshold = 1e-08)
  Iteration 9 (of 50).   Current convergence value = 6.52652e-05 (threshold = 1e-08)
  Iteration 10 (of 50).   Current convergence value = 5.94407e-05 (threshold = 1e-08)
  Iteration 11 (of 50).   Current convergence value = 5.55434e-05 (threshold = 1e-08)
  Iteration 12 (of 50).   Current convergence value = 5.28508e-05 (threshold = 1e-08)
  Iteration 13 (of 50).   Current convergence value = 5.11062e-05 (threshold = 1e-08)
  Iteration 14 (of 50).   Current convergence value = 4.99226e-05 (threshold = 1e-08)
  Iteration 15 (of 50).   Current convergence value = 4.90723e-05 (threshold = 1e-08)
  Iteration 16 (of 50).   Current convergence value = 4.84899e-05 (threshold = 1e-08)
  Iteration 17 (of 50).   Current convergence value = 4.80546e-05 (threshold = 1e-08)
  Iteration 18 (of 50).   Current convergence value = 4.77882e-05 (threshold = 1e-08)
  Iteration 19 (of 50).   Current convergence value = 4.76555e-05 (threshold = 1e-08)
  Iteration 20 (of 50).   Current convergence value = 4.77078e-05 (threshold = 1e-08)
  Iteration 21 (of 50).   Current convergence value = 4.78578e-05 (threshold = 1e-08)
  Iteration 22 (of 50).   Current convergence value = 4.80675e-05 (threshold = 1e-08)
  Iteration 23 (of 50).   Current convergence value = 4.83533e-05 (threshold = 1e-08)
  Iteration 24 (of 50).   Current convergence value = 4.87766e-05 (threshold = 1e-08)
  Iteration 25 (of 50).   Current convergence value = 4.90994e-05 (threshold = 1e-08)
  Iteration 26 (of 50).   Current convergence value = 4.95533e-05 (threshold = 1e-08)
  Iteration 27 (of 50).   Current convergence value = 5.00889e-05 (threshold = 1e-08)
  Iteration 28 (of 50).   Current convergence value = 5.05904e-05 (threshold = 1e-08)
  Iteration 29 (of 50).   Current convergence value = 5.12361e-05 (threshold = 1e-08)
  Iteration 30 (of 50).   Current convergence value = 5.1765e-05 (threshold = 1e-08)
  Iteration 31 (of 50).   Current convergence value = 5.24701e-05 (threshold = 1e-08)
  Iteration 32 (of 50).   Current convergence value = 5.30102e-05 (threshold = 1e-08)
  Iteration 33 (of 50).   Current convergence value = 5.35929e-05 (threshold = 1e-08)
  Iteration 34 (of 50).   Current convergence value = 5.42615e-05 (threshold = 1e-08)
  Iteration 35 (of 50).   Current convergence value = 5.47772e-05 (threshold = 1e-08)
  Iteration 36 (of 50).   Current convergence value = 5.53517e-05 (threshold = 1e-08)
  Iteration 37 (of 50).   Current convergence value = 5.56901e-05 (threshold = 1e-08)
  Iteration 38 (of 50).   Current convergence value = 5.61504e-05 (threshold = 1e-08)
  Iteration 39 (of 50).   Current convergence value = 5.65934e-05 (threshold = 1e-08)
  Iteration 40 (of 50).   Current convergence value = 5.71037e-05 (threshold = 1e-08)
  Iteration 41 (of 50).   Current convergence value = 5.74845e-05 (threshold = 1e-08)
  Iteration 42 (of 50).   Current convergence value = 5.77405e-05 (threshold = 1e-08)
  Iteration 43 (of 50).   Current convergence value = 5.81088e-05 (threshold = 1e-08)
  Iteration 44 (of 50).   Current convergence value = 5.85322e-05 (threshold = 1e-08)
  Iteration 45 (of 50).   Current convergence value = 5.88123e-05 (threshold = 1e-08)
  Iteration 46 (of 50).   Current convergence value = 5.90374e-05 (threshold = 1e-08)
  Iteration 47 (of 50).   Current convergence value = 5.93337e-05 (threshold = 1e-08)
  Iteration 48 (of 50).   Current convergence value = 5.97157e-05 (threshold = 1e-08)
  Iteration 49 (of 50).   Current convergence value = 6.00459e-05 (threshold = 1e-08)
  Iteration 50 (of 50).   Current convergence value = 6.04477e-05 (threshold = 1e-08)
Current level = 2
  Iteration 1 (of 50).   Current convergence value = 0.00055015 (threshold = 1e-08)
  Iteration 2 (of 50).   Current convergence value = 0.000513774 (threshold = 1e-08)
  Iteration 3 (of 50).   Current convergence value = 0.000490509 (threshold = 1e-08)
  Iteration 4 (of 50).   Current convergence value = 0.000470625 (threshold = 1e-08)
  Iteration 5 (of 50).   Current convergence value = 0.000452162 (threshold = 1e-08)
  Iteration 6 (of 50).   Current convergence value = 0.000434165 (threshold = 1e-08)
  Iteration 7 (of 50).   Current convergence value = 0.000416239 (threshold = 1e-08)
  Iteration 8 (of 50).   Current convergence value = 0.000399342 (threshold = 1e-08)
  Iteration 9 (of 50).   Current convergence value = 0.000382306 (threshold = 1e-08)
  Iteration 10 (of 50).   Current convergence value = 0.000366168 (threshold = 1e-08)
  Iteration 11 (of 50).   Current convergence value = 0.000350494 (threshold = 1e-08)
  Iteration 12 (of 50).   Current convergence value = 0.000336083 (threshold = 1e-08)
  Iteration 13 (of 50).   Current convergence value = 0.000323125 (threshold = 1e-08)
  Iteration 14 (of 50).   Current convergence value = 0.000311653 (threshold = 1e-08)
  Iteration 15 (of 50).   Current convergence value = 0.000301541 (threshold = 1e-08)
  Iteration 16 (of 50).   Current convergence value = 0.000292586 (threshold = 1e-08)
  Iteration 17 (of 50).   Current convergence value = 0.000284461 (threshold = 1e-08)
  Iteration 18 (of 50).   Current convergence value = 0.000277504 (threshold = 1e-08)
  Iteration 19 (of 50).   Current convergence value = 0.000270315 (threshold = 1e-08)
  Iteration 20 (of 50).   Current convergence value = 0.000263749 (threshold = 1e-08)
  Iteration 21 (of 50).   Current convergence value = 0.000257922 (threshold = 1e-08)
  Iteration 22 (of 50).   Current convergence value = 0.000252617 (threshold = 1e-08)
  Iteration 23 (of 50).   Current convergence value = 0.000247976 (threshold = 1e-08)
  Iteration 24 (of 50).   Current convergence value = 0.000243399 (threshold = 1e-08)
  Iteration 25 (of 50).   Current convergence value = 0.000239408 (threshold = 1e-08)
  Iteration 26 (of 50).   Current convergence value = 0.000235783 (threshold = 1e-08)
  Iteration 27 (of 50).   Current convergence value = 0.00023236 (threshold = 1e-08)
  Iteration 28 (of 50).   Current convergence value = 0.000229174 (threshold = 1e-08)
  Iteration 29 (of 50).   Current convergence value = 0.000226179 (threshold = 1e-08)
  Iteration 30 (of 50).   Current convergence value = 0.000223377 (threshold = 1e-08)
  Iteration 31 (of 50).   Current convergence value = 0.00022078 (threshold = 1e-08)
  Iteration 32 (of 50).   Current convergence value = 0.000218325 (threshold = 1e-08)
  Iteration 33 (of 50).   Current convergence value = 0.000216044 (threshold = 1e-08)
  Iteration 34 (of 50).   Current convergence value = 0.000213862 (threshold = 1e-08)
  Iteration 35 (of 50).   Current convergence value = 0.000211792 (threshold = 1e-08)
  Iteration 36 (of 50).   Current convergence value = 0.000209882 (threshold = 1e-08)
  Iteration 37 (of 50).   Current convergence value = 0.000208033 (threshold = 1e-08)
  Iteration 38 (of 50).   Current convergence value = 0.000206305 (threshold = 1e-08)
  Iteration 39 (of 50).   Current convergence value = 0.000204535 (threshold = 1e-08)
  Iteration 40 (of 50).   Current convergence value = 0.000202955 (threshold = 1e-08)
  Iteration 41 (of 50).   Current convergence value = 0.000201358 (threshold = 1e-08)
  Iteration 42 (of 50).   Current convergence value = 0.000199387 (threshold = 1e-08)
  Iteration 43 (of 50).   Current convergence value = 0.00019761 (threshold = 1e-08)
  Iteration 44 (of 50).   Current convergence value = 0.00019563 (threshold = 1e-08)
  Iteration 45 (of 50).   Current convergence value = 0.000193821 (threshold = 1e-08)
  Iteration 46 (of 50).   Current convergence value = 0.00019202 (threshold = 1e-08)
  Iteration 47 (of 50).   Current convergence value = 0.000190355 (threshold = 1e-08)
  Iteration 48 (of 50).   Current convergence value = 0.000188773 (threshold = 1e-08)
  Iteration 49 (of 50).   Current convergence value = 0.000187292 (threshold = 1e-08)
  Iteration 50 (of 50).   Current convergence value = 0.000185693 (threshold = 1e-08)
Current level = 3
  Iteration 1 (of 40).   Current convergence value = 0.00159758 (threshold = 1e-08)
  Iteration 2 (of 40).   Current convergence value = 0.00149085 (threshold = 1e-08)
  Iteration 3 (of 40).   Current convergence value = 0.00140933 (threshold = 1e-08)
  Iteration 4 (of 40).   Current convergence value = 0.00134203 (threshold = 1e-08)
  Iteration 5 (of 40).   Current convergence value = 0.00128922 (threshold = 1e-08)
  Iteration 6 (of 40).   Current convergence value = 0.00124075 (threshold = 1e-08)
  Iteration 7 (of 40).   Current convergence value = 0.00120881 (threshold = 1e-08)
  Iteration 8 (of 40).   Current convergence value = 0.00118324 (threshold = 1e-08)
  Iteration 9 (of 40).   Current convergence value = 0.00116044 (threshold = 1e-08)
  Iteration 10 (of 40).   Current convergence value = 0.00114252 (threshold = 1e-08)
  Iteration 11 (of 40).   Current convergence value = 0.0011307 (threshold = 1e-08)
  Iteration 12 (of 40).   Current convergence value = 0.00112515 (threshold = 1e-08)
  Iteration 13 (of 40).   Current convergence value = 0.0010731 (threshold = 1e-08)
  Iteration 14 (of 40).   Current convergence value = 0.00100188 (threshold = 1e-08)
  Iteration 15 (of 40).   Current convergence value = 0.000945088 (threshold = 1e-08)
  Iteration 16 (of 40).   Current convergence value = 0.000892617 (threshold = 1e-08)
  Iteration 17 (of 40).   Current convergence value = 0.000836426 (threshold = 1e-08)
  Iteration 18 (of 40).   Current convergence value = 0.00079096 (threshold = 1e-08)
  Iteration 19 (of 40).   Current convergence value = 0.000753319 (threshold = 1e-08)
  Iteration 20 (of 40).   Current convergence value = 0.000722374 (threshold = 1e-08)
  Iteration 21 (of 40).   Current convergence value = 0.000696905 (threshold = 1e-08)
  Iteration 22 (of 40).   Current convergence value = 0.000675977 (threshold = 1e-08)
  Iteration 23 (of 40).   Current convergence value = 0.000658994 (threshold = 1e-08)
  Iteration 24 (of 40).   Current convergence value = 0.00064492 (threshold = 1e-08)
  Iteration 25 (of 40).   Current convergence value = 0.000634149 (threshold = 1e-08)
  Iteration 26 (of 40).   Current convergence value = 0.000626318 (threshold = 1e-08)
  Iteration 27 (of 40).   Current convergence value = 0.000620843 (threshold = 1e-08)
  Iteration 28 (of 40).   Current convergence value = 0.000618035 (threshold = 1e-08)
  Iteration 29 (of 40).   Current convergence value = 0.000605566 (threshold = 1e-08)
  Iteration 30 (of 40).   Current convergence value = 0.000593894 (threshold = 1e-08)
  Iteration 31 (of 40).   Current convergence value = 0.000586185 (threshold = 1e-08)
  Iteration 32 (of 40).   Current convergence value = 0.000581614 (threshold = 1e-08)
  Iteration 33 (of 40).   Current convergence value = 0.000556017 (threshold = 1e-08)
  Iteration 34 (of 40).   Current convergence value = 0.000509414 (threshold = 1e-08)
  Iteration 35 (of 40).   Current convergence value = 0.000471731 (threshold = 1e-08)
  Iteration 36 (of 40).   Current convergence value = 0.000440392 (threshold = 1e-08)
  Iteration 37 (of 40).   Current convergence value = 0.000413657 (threshold = 1e-08)
  Iteration 38 (of 40).   Current convergence value = 0.000390334 (threshold = 1e-08)
  Iteration 39 (of 40).   Current convergence value = 0.000369886 (threshold = 1e-08)
  Iteration 40 (of 40).   Current convergence value = 0.000351607 (threshold = 1e-08)
Current level = 4
  Iteration 1 (of 30).   Current convergence value = 0.00197469 (threshold = 1e-08)
  Iteration 2 (of 30).   Current convergence value = 0.00176324 (threshold = 1e-08)
  Iteration 3 (of 30).   Current convergence value = 0.00174614 (threshold = 1e-08)
  Iteration 4 (of 30).   Current convergence value = 0.00174631 (threshold = 1e-08)
  Iteration 5 (of 30).   Current convergence value = 0.00175688 (threshold = 1e-08)
  Iteration 6 (of 30).   Current convergence value = 0.00176609 (threshold = 1e-08)
  Iteration 7 (of 30).   Current convergence value = 0.00177096 (threshold = 1e-08)
  Iteration 8 (of 30).   Current convergence value = 0.00177645 (threshold = 1e-08)
  Iteration 9 (of 30).   Current convergence value = 0.00176238 (threshold = 1e-08)
  Iteration 10 (of 30).   Current convergence value = 0.00174157 (threshold = 1e-08)
  Iteration 11 (of 30).   Current convergence value = 0.00174446 (threshold = 1e-08)
  Iteration 12 (of 30).   Current convergence value = 0.00180967 (threshold = 1e-08)
  Iteration 13 (of 30).   Current convergence value = 0.00179708 (threshold = 1e-08)
  Iteration 14 (of 30).   Current convergence value = 0.00175814 (threshold = 1e-08)
  Iteration 15 (of 30).   Current convergence value = 0.00176108 (threshold = 1e-08)
  Iteration 16 (of 30).   Current convergence value = 0.00177726 (threshold = 1e-08)
  Iteration 17 (of 30).   Current convergence value = 0.00179269 (threshold = 1e-08)
  Iteration 18 (of 30).   Current convergence value = 0.00179518 (threshold = 1e-08)
  Iteration 19 (of 30).   Current convergence value = 0.00178079 (threshold = 1e-08)
  Iteration 20 (of 30).   Current convergence value = 0.0017501 (threshold = 1e-08)
  Iteration 21 (of 30).   Current convergence value = 0.00176178 (threshold = 1e-08)
  Iteration 22 (of 30).   Current convergence value = 0.00175888 (threshold = 1e-08)
  Iteration 23 (of 30).   Current convergence value = 0.00173268 (threshold = 1e-08)
  Iteration 24 (of 30).   Current convergence value = 0.00167796 (threshold = 1e-08)
  Iteration 25 (of 30).   Current convergence value = 0.0015915 (threshold = 1e-08)
  Iteration 26 (of 30).   Current convergence value = 0.00147872 (threshold = 1e-08)
  Iteration 27 (of 30).   Current convergence value = 0.00144374 (threshold = 1e-08)
  Iteration 28 (of 30).   Current convergence value = 0.00148588 (threshold = 1e-08)
  Iteration 29 (of 30).   Current convergence value = 0.00152616 (threshold = 1e-08)
  Iteration 30 (of 30).   Current convergence value = 0.0015634 (threshold = 1e-08)
   N4BiasFieldCorrectionImageFilter (0x55f127536e20)
     RTTI typeinfo:   itk::N4BiasFieldCorrectionImageFilter<itk::Image<float, 3u>, itk::Image<float, 3u>, itk::Image<float, 3u> >
     Reference Count: 1
     Modified Time: 565
     Debug: Off
     Object Name: 
     Observers: 
       IterationEvent(Command)
     Inputs: 
       ConfidenceImage: (0)
       MaskImage: (0x55f127561580)
       Primary: (0x55f12755ca30) *
     Indexed Inputs: 
       0: Primary (0x55f12755ca30)
       1: MaskImage (0x55f127561580)
       2: ConfidenceImage (0)
     Required Input Names: Primary
     NumberOfRequiredInputs: 1
     Outputs: 
       Primary: (0x55f127546ef0)
     Indexed Outputs: 
       0: Primary (0x55f127546ef0)
     NumberOfRequiredOutputs: 1
     Number Of Work Units: 32
     ReleaseDataFlag: Off
     ReleaseDataBeforeUpdateFlag: Off
     AbortGenerateData: Off
     Progress: 0
     Multithreader: 
       RTTI typeinfo:   itk::PoolMultiThreader
       Reference Count: 1
       Modified Time: 144
       Debug: Off
       Object Name: 
       Observers: 
         none
       Number of Work Units: 32
       Number of Threads: 8
       Global Maximum Number Of Threads: 128
       Global Default Number Of Threads: 8
       Global Default Threader Type: itk::MultiThreaderBaseEnums::Threader::Pool
       SingleMethod: 0
       SingleData: 0
     DynamicMultiThreading: On
     CoordinateTolerance: 1e-06
     DirectionTolerance: 1e-06
     Use Mask Label: 0
     Mask label: 1
     Number of histogram bins: 200
     Wiener filter noise: 0.01
     Bias field FWHM: 0.15
     Maximum number of iterations: [50, 50, 40, 30]
     Convergence threshold: 1e-08
     Spline order: 3
     Number of fitting levels: [4, 4, 4]
     Number of control points: [4, 5, 5]
     CurrentConvergenceMeasurement: 0.0015634
     CurrentLevel: 4
     ElapsedIterations: 31
     LogBiasFieldControlPointLattice: 
       Image (0x55f12e036450)
         RTTI typeinfo:   itk::Image<itk::Vector<float, 1u>, 3u>
         Reference Count: 1
         Modified Time: 343560
         Debug: Off
         Object Name: 
         Observers: 
           none
         Source: (none)
         Source output name: (none)
         Release Data: Off
         Data Released: False
         Global Release Data: Off
         PipelineMTime: 0
         UpdateMTime: 0
         RealTimeStamp: 0 seconds 
         LargestPossibleRegion: 
           Dimension: 3
           Index: [0, 0, 0]
           Size: [11, 19, 19]
         BufferedRegion: 
           Dimension: 3
           Index: [0, 0, 0]
           Size: [11, 19, 19]
         RequestedRegion: 
           Dimension: 3
           Index: [0, 0, 0]
           Size: [11, 19, 19]
         Spacing: [24.75, 24.875, 24.875]
         Origin: [24.5746, 23.5272, -26.3183]
         Direction: 
-0.999981 0.00608391 0.000950037
-0.00601799 -0.998273 0.058442
0.00130395 0.0584352 0.99829

         IndexToPointMatrix: 
-24.7495 0.151337 0.0236322
-0.148945 -24.832 1.45375
0.0322728 1.45358 24.8325

         PointToIndexMatrix: 
-0.0404033 -0.000243151 5.26849e-05
0.000244579 -0.0401316 0.00234915
3.81925e-05 0.00234943 0.0401323

         Inverse Direction: 
-0.999981 -0.00601799 0.00130395
0.00608391 -0.998273 0.0584352
0.000950037 0.058442 0.99829

         PixelContainer: 
           ImportImageContainer (0x55f12e0460e0)
             RTTI typeinfo:   itk::ImportImageContainer<unsigned long, itk::Vector<float, 1u> >
             Reference Count: 1
             Modified Time: 343561
             Debug: Off
             Object Name: 
             Observers: 
               none
             Pointer: 0x55f1316e5180
             Container manages memory: true
             Size: 3971
             Capacity: 3971
Elapsed time: 266.656
All_Command_lines_OK
Using single precision for computations.
=============================================================================
The composite transform comprises the following transforms (in order): 
  1. Center of mass alignment using fixed image: /home/mpib/nemecz/Projects/miniTRK/Results/01_MRI/GroupTempl/T1w/T_template0.nii.gz and moving image: /home/mpib/nemecz/Projects/miniTRK/Analysis/01_MRI/Preproc/GroupTempl/T1w/sub-193847_T1w.nii.gz (type = Euler3DTransform)
=============================================================================
  number of levels = 4
  number of levels = 4
  number of levels = 4
  fixed image: /home/mpib/nemecz/Projects/miniTRK/Results/01_MRI/GroupTempl/T1w/T_template0.nii.gz
  moving image: /home/mpib/nemecz/Projects/miniTRK/Results/01_MRI/GroupTempl/T1w/T_template0sub-193847_T1wRepaired.nii.gz
  fixed image: /home/mpib/nemecz/Projects/miniTRK/Results/01_MRI/GroupTempl/T1w/T_template0.nii.gz
  moving image: /home/mpib/nemecz/Projects/miniTRK/Results/01_MRI/GroupTempl/T1w/T_template0sub-193847_T1wRepaired.nii.gz
  fixed image: /home/mpib/nemecz/Projects/miniTRK/Results/01_MRI/GroupTempl/T1w/T_template0.nii.gz
  moving image: /home/mpib/nemecz/Projects/miniTRK/Results/01_MRI/GroupTempl/T1w/T_template0sub-193847_T1wRepaired.nii.gz
Dimension = 3
Number of stages = 3
Use Histogram Matching true
Winsorize image intensities true
Lower quantile = 0.01
Upper quantile = 0.99
Stage 1 State
   Image metric = Mattes
     Fixed image = Image (0x55e8b16a0ad0)
  RTTI typeinfo:   itk::Image<float, 3u>
  Reference Count: 2
  Modified Time: 1721
  Debug: Off
  Object Name: 
  Observers: 
    none
  Source: (none)
  Source output name: (none)
  Release Data: Off
  Data Released: False
  Global Release Data: Off
  PipelineMTime: 0
  UpdateMTime: 1506
  RealTimeStamp: 0 seconds 
  LargestPossibleRegion: 
    Dimension: 3
    Index: [0, 0, 0]
    Size: [192, 256, 256]
  BufferedRegion: 
    Dimension: 3
    Index: [0, 0, 0]
    Size: [192, 256, 256]
  RequestedRegion: 
    Dimension: 3
    Index: [0, 0, 0]
    Size: [192, 256, 256]
  Spacing: [1, 1, 1]
  Origin: [95.0313, 100.538, -154.123]
  Direction: 
-0.999853 -0.014134 -0.00966312
0.014129 -0.9999 0.000586045
-0.00967044 0.000449429 0.999953

  IndexToPointMatrix: 
-0.999853 -0.014134 -0.00966312
0.014129 -0.9999 0.000586045
-0.00967044 0.000449429 0.999953

  PointToIndexMatrix: 
-0.999853 0.014129 -0.00967044
-0.014134 -0.9999 0.000449429
-0.00966312 0.000586045 0.999953

  Inverse Direction: 
-0.999853 0.014129 -0.00967044
-0.014134 -0.9999 0.000449429
-0.00966312 0.000586045 0.999953

  PixelContainer: 
    ImportImageContainer (0x55e8b16a8c80)
      RTTI typeinfo:   itk::ImportImageContainer<unsigned long, float>
      Reference Count: 1
      Modified Time: 1503
      Debug: Off
      Object Name: 
      Observers: 
        none
      Pointer: 0x7f213d7f5010
      Container manages memory: true
      Size: 12582912
      Capacity: 12582912

     Moving image = Image (0x55e8b16ace40)
  RTTI typeinfo:   itk::Image<float, 3u>
  Reference Count: 2
  Modified Time: 1722
  Debug: Off
  Object Name: 
  Observers: 
    none
  Source: (none)
  Source output name: (none)
  Release Data: Off
  Data Released: False
  Global Release Data: Off
  PipelineMTime: 0
  UpdateMTime: 1719
  RealTimeStamp: 0 seconds 
  LargestPossibleRegion: 
    Dimension: 3
    Index: [0, 0, 0]
    Size: [192, 256, 256]
  BufferedRegion: 
    Dimension: 3
    Index: [0, 0, 0]
    Size: [192, 256, 256]
  RequestedRegion: 
    Dimension: 3
    Index: [0, 0, 0]
    Size: [192, 256, 256]
  Spacing: [1, 1, 1]
  Origin: [93.1805, 92.9992, -159.088]
  Direction: 
-0.999981 0.00608391 0.000950037
-0.00601799 -0.998273 0.058442
0.00130395 0.0584352 0.99829

  IndexToPointMatrix: 
-0.999981 0.00608391 0.000950037
-0.00601799 -0.998273 0.058442
0.00130395 0.0584352 0.99829

  PointToIndexMatrix: 
-0.999981 -0.00601799 0.00130395
0.00608391 -0.998273 0.0584352
0.000950037 0.058442 0.99829

  Inverse Direction: 
-0.999981 -0.00601799 0.00130395
0.00608391 -0.998273 0.0584352
0.000950037 0.058442 0.99829

  PixelContainer: 
    ImportImageContainer (0x55e8b16a42d0)
      RTTI typeinfo:   itk::ImportImageContainer<unsigned long, float>
      Reference Count: 1
      Modified Time: 1716
      Debug: Off
      Object Name: 
      Observers: 
        none
      Pointer: 0x7f213a7f4010
      Container manages memory: true
      Size: 12582912
      Capacity: 12582912

     Weighting = 1
     Sampling strategy = regular
     Number of bins = 32
     Radius = 4
     Sampling percentage  = 0.25
   Transform = Rigid
     Gradient step = 0.1
     Update field sigma (voxel space) = 0
     Total field sigma (voxel space) = 0
     Update field time sigma = 0
     Total field time sigma  = 0
     Number of time indices = 0
     Number of time point samples = 0
Stage 2 State
   Image metric = Mattes
     Fixed image = Image (0x55e8b16b98d0)
  RTTI typeinfo:   itk::Image<float, 3u>
  Reference Count: 2
  Modified Time: 2149
  Debug: Off
  Object Name: 
  Observers: 
    none
  Source: (none)
  Source output name: (none)
  Release Data: Off
  Data Released: False
  Global Release Data: Off
  PipelineMTime: 0
  UpdateMTime: 1934
  RealTimeStamp: 0 seconds 
  LargestPossibleRegion: 
    Dimension: 3
    Index: [0, 0, 0]
    Size: [192, 256, 256]
  BufferedRegion: 
    Dimension: 3
    Index: [0, 0, 0]
    Size: [192, 256, 256]
  RequestedRegion: 
    Dimension: 3
    Index: [0, 0, 0]
    Size: [192, 256, 256]
  Spacing: [1, 1, 1]
  Origin: [95.0313, 100.538, -154.123]
  Direction: 
-0.999853 -0.014134 -0.00966312
0.014129 -0.9999 0.000586045
-0.00967044 0.000449429 0.999953

  IndexToPointMatrix: 
-0.999853 -0.014134 -0.00966312
0.014129 -0.9999 0.000586045
-0.00967044 0.000449429 0.999953

  PointToIndexMatrix: 
-0.999853 0.014129 -0.00967044
-0.014134 -0.9999 0.000449429
-0.00966312 0.000586045 0.999953

  Inverse Direction: 
-0.999853 0.014129 -0.00967044
-0.014134 -0.9999 0.000449429
-0.00966312 0.000586045 0.999953

  PixelContainer: 
    ImportImageContainer (0x55e8b16a96a0)
      RTTI typeinfo:   itk::ImportImageContainer<unsigned long, float>
      Reference Count: 1
      Modified Time: 1931
      Debug: Off
      Object Name: 
      Observers: 
        none
      Pointer: 0x7f21377f3010
      Container manages memory: true
      Size: 12582912
      Capacity: 12582912

     Moving image = Image (0x55e8b16b9530)
  RTTI typeinfo:   itk::Image<float, 3u>
  Reference Count: 2
  Modified Time: 2150
  Debug: Off
  Object Name: 
  Observers: 
    none
  Source: (none)
  Source output name: (none)
  Release Data: Off
  Data Released: False
  Global Release Data: Off
  PipelineMTime: 0
  UpdateMTime: 2147
  RealTimeStamp: 0 seconds 
  LargestPossibleRegion: 
    Dimension: 3
    Index: [0, 0, 0]
    Size: [192, 256, 256]
  BufferedRegion: 
    Dimension: 3
    Index: [0, 0, 0]
    Size: [192, 256, 256]
  RequestedRegion: 
    Dimension: 3
    Index: [0, 0, 0]
    Size: [192, 256, 256]
  Spacing: [1, 1, 1]
  Origin: [93.1805, 92.9992, -159.088]
  Direction: 
-0.999981 0.00608391 0.000950037
-0.00601799 -0.998273 0.058442
0.00130395 0.0584352 0.99829

  IndexToPointMatrix: 
-0.999981 0.00608391 0.000950037
-0.00601799 -0.998273 0.058442
0.00130395 0.0584352 0.99829

  PointToIndexMatrix: 
-0.999981 -0.00601799 0.00130395
0.00608391 -0.998273 0.0584352
0.000950037 0.058442 0.99829

  Inverse Direction: 
-0.999981 -0.00601799 0.00130395
0.00608391 -0.998273 0.0584352
0.000950037 0.058442 0.99829

  PixelContainer: 
    ImportImageContainer (0x55e8b16ba8a0)
      RTTI typeinfo:   itk::ImportImageContainer<unsigned long, float>
      Reference Count: 1
      Modified Time: 2144
      Debug: Off
      Object Name: 
      Observers: 
        none
      Pointer: 0x7f21347f2010
      Container manages memory: true
      Size: 12582912
      Capacity: 12582912

     Weighting = 1
     Sampling strategy = regular
     Number of bins = 32
     Radius = 4
     Sampling percentage  = 0.25
   Transform = Affine
     Gradient step = 0.1
     Update field sigma (voxel space) = 0
     Total field sigma (voxel space) = 0
     Update field time sigma = 0
     Total field time sigma  = 0
     Number of time indices = 0
     Number of time point samples = 0
Stage 3 State
   Image metric = CC
     Fixed image = Image (0x55e8b16c0a00)
  RTTI typeinfo:   itk::Image<float, 3u>
  Reference Count: 2
  Modified Time: 2577
  Debug: Off
  Object Name: 
  Observers: 
    none
  Source: (none)
  Source output name: (none)
  Release Data: Off
  Data Released: False
  Global Release Data: Off
  PipelineMTime: 0
  UpdateMTime: 2362
  RealTimeStamp: 0 seconds 
  LargestPossibleRegion: 
    Dimension: 3
    Index: [0, 0, 0]
    Size: [192, 256, 256]
  BufferedRegion: 
    Dimension: 3
    Index: [0, 0, 0]
    Size: [192, 256, 256]
  RequestedRegion: 
    Dimension: 3
    Index: [0, 0, 0]
    Size: [192, 256, 256]
  Spacing: [1, 1, 1]
  Origin: [95.0313, 100.538, -154.123]
  Direction: 
-0.999853 -0.014134 -0.00966312
0.014129 -0.9999 0.000586045
-0.00967044 0.000449429 0.999953

  IndexToPointMatrix: 
-0.999853 -0.014134 -0.00966312
0.014129 -0.9999 0.000586045
-0.00967044 0.000449429 0.999953

  PointToIndexMatrix: 
-0.999853 0.014129 -0.00967044
-0.014134 -0.9999 0.000449429
-0.00966312 0.000586045 0.999953

  Inverse Direction: 
-0.999853 0.014129 -0.00967044
-0.014134 -0.9999 0.000449429
-0.00966312 0.000586045 0.999953

  PixelContainer: 
    ImportImageContainer (0x55e8b16a2b50)
      RTTI typeinfo:   itk::ImportImageContainer<unsigned long, float>
      Reference Count: 1
      Modified Time: 2359
      Debug: Off
      Object Name: 
      Observers: 
        none
      Pointer: 0x7f21317f1010
      Container manages memory: true
      Size: 12582912
      Capacity: 12582912

     Moving image = Image (0x55e8b16bdd50)
  RTTI typeinfo:   itk::Image<float, 3u>
  Reference Count: 2
  Modified Time: 2578
  Debug: Off
  Object Name: 
  Observers: 
    none
  Source: (none)
  Source output name: (none)
  Release Data: Off
  Data Released: False
  Global Release Data: Off
  PipelineMTime: 0
  UpdateMTime: 2575
  RealTimeStamp: 0 seconds 
  LargestPossibleRegion: 
    Dimension: 3
    Index: [0, 0, 0]
    Size: [192, 256, 256]
  BufferedRegion: 
    Dimension: 3
    Index: [0, 0, 0]
    Size: [192, 256, 256]
  RequestedRegion: 
    Dimension: 3
    Index: [0, 0, 0]
    Size: [192, 256, 256]
  Spacing: [1, 1, 1]
  Origin: [93.1805, 92.9992, -159.088]
  Direction: 
-0.999981 0.00608391 0.000950037
-0.00601799 -0.998273 0.058442
0.00130395 0.0584352 0.99829

  IndexToPointMatrix: 
-0.999981 0.00608391 0.000950037
-0.00601799 -0.998273 0.058442
0.00130395 0.0584352 0.99829

  PointToIndexMatrix: 
-0.999981 -0.00601799 0.00130395
0.00608391 -0.998273 0.0584352
0.000950037 0.058442 0.99829

  Inverse Direction: 
-0.999981 -0.00601799 0.00130395
0.00608391 -0.998273 0.0584352
0.000950037 0.058442 0.99829

  PixelContainer: 
    ImportImageContainer (0x55e8b16bcb00)
      RTTI typeinfo:   itk::ImportImageContainer<unsigned long, float>
      Reference Count: 1
      Modified Time: 2572
      Debug: Off
      Object Name: 
      Observers: 
        none
      Pointer: 0x7f212e7f0010
      Container manages memory: true
      Size: 12582912
      Capacity: 12582912

     Weighting = 1
     Sampling strategy = none
     Number of bins = 32
     Radius = 4
     Sampling percentage  = 1
   Transform = SyN
     Gradient step = 0.1
     Update field sigma (voxel space) = 3
     Total field sigma (voxel space) = 0
     Update field time sigma = 0
     Total field time sigma  = 0
     Number of time indices = 0
     Number of time point samples = 0
Registration using 3 total stages.

Stage 0
  iterations = 1000x500x250x0
  convergence threshold = 1e-06
  convergence window size = 10
  number of levels = 4
  using the Mattes MI metric (number of bins = 32, weight = 1)
  preprocessing:  winsorizing the image intensities
  preprocessing:  histogram matching the images
  Shrink factors (level 1 out of 4): [6, 6, 6]
  Shrink factors (level 2 out of 4): [4, 4, 4]
  Shrink factors (level 3 out of 4): [2, 2, 2]
  Shrink factors (level 4 out of 4): [1, 1, 1]
  smoothing sigmas per level: [4, 2, 1, 0]
  regular sampling (percentage = 0.25)

*** Running Euler3DTransform registration ***

DIAGNOSTIC,Iteration,metricValue,convergenceValue,ITERATION_TIME_INDEX,SINCE_LAST
 2DIAGNOSTIC,     1, -8.519772887230e-01, inf, 6.6207e-01, 6.6207e-01, 
 2DIAGNOSTIC,     2, -8.528032898903e-01, inf, 6.7107e-01, 9.0091e-03, 
 2DIAGNOSTIC,     3, -8.538644313812e-01, inf, 6.8019e-01, 9.1131e-03, 
 2DIAGNOSTIC,     4, -8.553461432457e-01, inf, 6.8924e-01, 9.0551e-03, 
 2DIAGNOSTIC,     5, -8.572201728821e-01, inf, 6.9802e-01, 8.7810e-03, 
 2DIAGNOSTIC,     6, -8.602159619331e-01, inf, 7.0675e-01, 8.7271e-03, 
 2DIAGNOSTIC,     7, -8.647781014442e-01, inf, 7.1521e-01, 8.4620e-03, 
 2DIAGNOSTIC,     8, -8.708940148354e-01, inf, 7.2311e-01, 7.8928e-03, 
 2DIAGNOSTIC,     9, -8.775398135185e-01, inf, 7.3597e-01, 1.2864e-02, 
 2DIAGNOSTIC,    10, -8.786134123802e-01, 2.148811472580e-03, 7.4411e-01, 8.1389e-03, 
 2DIAGNOSTIC,    11, -8.800573348999e-01, 2.144051715732e-03, 7.5225e-01, 8.1401e-03, 
 2DIAGNOSTIC,    12, -8.841358423233e-01, 2.081474522129e-03, 7.6600e-01, 1.3754e-02, 
 2DIAGNOSTIC,    13, -8.844190239906e-01, 1.870181877166e-03, 7.7511e-01, 9.1081e-03, 
 2DIAGNOSTIC,    14, -8.849845528603e-01, 1.567611703649e-03, 7.8312e-01, 8.0049e-03, 
 2DIAGNOSTIC,    15, -8.850811719894e-01, 1.207933179103e-03, 7.9220e-01, 9.0871e-03, 
 2DIAGNOSTIC,    16, -8.851670026779e-01, 8.467356092297e-04, 8.0127e-01, 9.0671e-03, 
 2DIAGNOSTIC,    17, -8.851336836815e-01, 5.351331201382e-04, 8.0949e-01, 8.2240e-03, 
 2DIAGNOSTIC,    18, -8.851405382156e-01, 3.171822754666e-04, 8.2050e-01, 1.1006e-02, 
 2DIAGNOSTIC,    19, -8.851156830788e-01, 2.075103111565e-04, 8.2946e-01, 8.9622e-03, 
 2DIAGNOSTIC,    20, -8.850784897804e-01, 1.068439669325e-04, 8.3857e-01, 9.1109e-03, 
 2DIAGNOSTIC,    21, -8.850118517876e-01, 2.579084321042e-05, 8.4858e-01, 1.0009e-02, 
 2DIAGNOSTIC,    22, -8.850248456001e-01, 1.040114329953e-05, 8.5766e-01, 9.0780e-03, 
DIAGNOSTIC,Iteration,metricValue,convergenceValue,ITERATION_TIME_INDEX,SINCE_LAST
 2DIAGNOSTIC,     1, -7.058420181274e-01, inf, 1.5829e+00, 7.2527e-01, 
 2DIAGNOSTIC,     2, -7.075108885765e-01, inf, 1.6136e+00, 3.0636e-02, 
 2DIAGNOSTIC,     3, -7.100232243538e-01, inf, 1.6428e+00, 2.9247e-02, 
 2DIAGNOSTIC,     4, -7.129930257797e-01, inf, 1.6716e+00, 2.8736e-02, 
 2DIAGNOSTIC,     5, -7.149606943130e-01, inf, 1.7003e+00, 2.8702e-02, 
 2DIAGNOSTIC,     6, -7.158504724503e-01, inf, 1.7295e+00, 2.9266e-02, 
 2DIAGNOSTIC,     7, -7.166184186935e-01, inf, 1.7577e+00, 2.8143e-02, 
 2DIAGNOSTIC,     8, -7.176994681358e-01, inf, 1.7895e+00, 3.1794e-02, 
 2DIAGNOSTIC,     9, -7.179687619209e-01, inf, 1.8248e+00, 3.5392e-02, 
 2DIAGNOSTIC,    10, -7.181094884872e-01, 1.143307774328e-03, 1.8575e+00, 3.2648e-02, 
 2DIAGNOSTIC,    11, -7.182366847992e-01, 8.237453293987e-04, 1.8859e+00, 2.8390e-02, 
 2DIAGNOSTIC,    12, -7.186752557755e-01, 5.532531649806e-04, 1.9254e+00, 3.9554e-02, 
 2DIAGNOSTIC,    13, -7.187342643738e-01, 3.511639370117e-04, 1.9578e+00, 3.2368e-02, 
 2DIAGNOSTIC,    14, -7.188247442245e-01, 2.322596701561e-04, 1.9976e+00, 3.9761e-02, 
 2DIAGNOSTIC,    15, -7.188287973404e-01, 1.605923171155e-04, 2.0295e+00, 3.1915e-02, 
 2DIAGNOSTIC,    16, -7.188113927841e-01, 1.048780832207e-04, 2.0581e+00, 2.8617e-02, 
 2DIAGNOSTIC,    17, -7.188196778297e-01, 6.367040623445e-05, 2.0900e+00, 3.1948e-02, 
 2DIAGNOSTIC,    18, -7.188191413879e-01, 4.502032606979e-05, 2.1219e+00, 3.1900e-02, 
 2DIAGNOSTIC,    19, -7.188095450401e-01, 2.981568832183e-05, 2.1540e+00, 3.2044e-02, 
 2DIAGNOSTIC,    20, -7.188063859940e-01, 1.630521001061e-05, 2.1825e+00, 2.8545e-02, 
 2DIAGNOSTIC,    21, -7.188045382500e-01, 4.891635398963e-06, 2.2182e+00, 3.5700e-02, 
 2DIAGNOSTIC,    22, -7.188151478767e-01, 2.289803660460e-06, 2.2570e+00, 3.8723e-02, 
DIAGNOSTIC,Iteration,metricValue,convergenceValue,ITERATION_TIME_INDEX,SINCE_LAST
 2DIAGNOSTIC,     1, -6.195688247681e-01, inf, 3.2624e+00, 1.0054e+00, 
 2DIAGNOSTIC,     2, -6.203139424324e-01, inf, 3.4813e+00, 2.1888e-01, 
 2DIAGNOSTIC,     3, -6.209495067596e-01, inf, 3.7003e+00, 2.1903e-01, 
 2DIAGNOSTIC,     4, -6.212033033371e-01, inf, 3.9192e+00, 2.1887e-01, 
 2DIAGNOSTIC,     5, -6.212502121925e-01, inf, 4.1596e+00, 2.4045e-01, 
 2DIAGNOSTIC,     6, -6.212651729584e-01, inf, 4.5825e+00, 4.2292e-01, 
 2DIAGNOSTIC,     7, -6.212655901909e-01, inf, 4.8332e+00, 2.5070e-01, 
 2DIAGNOSTIC,     8, -6.212646365166e-01, inf, 5.0760e+00, 2.4274e-01, 
 2DIAGNOSTIC,     9, -6.212633252144e-01, inf, 5.4564e+00, 3.8039e-01, 
 2DIAGNOSTIC,    10, -6.212636232376e-01, 1.302819000557e-04, 5.7836e+00, 3.2727e-01, 
 2DIAGNOSTIC,    11, -6.212633848190e-01, 5.584930113400e-05, 6.0260e+00, 2.4235e-01, 
 2DIAGNOSTIC,    12, -6.212632060051e-01, 1.693766535027e-05, 6.2689e+00, 2.4290e-01, 
 2DIAGNOSTIC,    13, -6.212632060051e-01, 4.872018507740e-06, 6.5115e+00, 2.4265e-01, 
 2DIAGNOSTIC,    14, -6.212625503540e-01, 2.547858912294e-06, 6.7291e+00, 2.1759e-01, 
 2DIAGNOSTIC,    15, -6.212620139122e-01, 1.910416813189e-06, 6.9703e+00, 2.4115e-01, 
 2DIAGNOSTIC,    16, -6.212619543076e-01, 1.797237587198e-06, 7.2150e+00, 2.4477e-01, 
 2DIAGNOSTIC,    17, -6.212614774704e-01, 1.713532697067e-06, 7.4666e+00, 2.5155e-01, 
 2DIAGNOSTIC,    18, -6.212613582611e-01, 1.627602728149e-06, 7.7351e+00, 2.6850e-01, 
 2DIAGNOSTIC,    19, -6.212613582611e-01, 1.532010855954e-06, 8.0038e+00, 2.6871e-01, 
 2DIAGNOSTIC,    20, -6.212613582611e-01, 1.466216758672e-06, 8.2440e+00, 2.4020e-01, 
 2DIAGNOSTIC,    21, -6.212612986565e-01, 1.411751100022e-06, 8.4914e+00, 2.4743e-01, 
 2DIAGNOSTIC,    22, -6.212612986565e-01, 1.368039193039e-06, 8.7320e+00, 2.4059e-01, 
 2DIAGNOSTIC,    23, -6.212612390518e-01, 1.334545913778e-06, 8.9756e+00, 2.4365e-01, 
 2DIAGNOSTIC,    24, -6.212611794472e-01, 1.294934577345e-06, 9.2170e+00, 2.4140e-01, 
 2DIAGNOSTIC,    25, -6.212611794472e-01, 1.251474259334e-06, 9.4580e+00, 2.4093e-01, 
 2DIAGNOSTIC,    26, -6.212610602379e-01, 1.210405116581e-06, 9.6985e+00, 2.4057e-01, 
 2DIAGNOSTIC,    27, -6.212612390518e-01, 1.168685798802e-06, 9.9399e+00, 2.4132e-01, 
 2DIAGNOSTIC,    28, -6.212612390518e-01, 1.128808207795e-06, 1.0182e+01, 2.4214e-01, 
 2DIAGNOSTIC,    29, -6.212610006332e-01, 1.088635372071e-06, 1.0424e+01, 2.4157e-01, 
 2DIAGNOSTIC,    30, -6.212611794472e-01, 1.054836161529e-06, 1.0665e+01, 2.4142e-01, 
 2DIAGNOSTIC,    31, -6.212611198425e-01, 1.021871639750e-06, 1.0907e+01, 2.4168e-01, 
DIAGNOSTIC,Iteration,metricValue,convergenceValue,ITERATION_TIME_INDEX,SINCE_LAST
 2DIAGNOSTIC,     1, -5.551946163177e-01, inf, 1.3371e+01, 2.4641e+00, 
  Elapsed time (stage 0): 1.4541e+01


Stage 1
  iterations = 1000x500x250x0
  convergence threshold = 1.0000e-06
  convergence window size = 10
  number of levels = 4
  using the Mattes MI metric (number of bins = 32, weight = 1.0000e+00)
  preprocessing:  winsorizing the image intensities
  preprocessing:  histogram matching the images
  Shrink factors (level 1 out of 4): [6, 6, 6]
  Shrink factors (level 2 out of 4): [4, 4, 4]
  Shrink factors (level 3 out of 4): [2, 2, 2]
  Shrink factors (level 4 out of 4): [1, 1, 1]
  smoothing sigmas per level: [4, 2, 1, 0]
  regular sampling (percentage = 2.5000e-01)

*** Running AffineTransform registration ***

DIAGNOSTIC,Iteration,metricValue,convergenceValue,ITERATION_TIME_INDEX,SINCE_LAST
 2DIAGNOSTIC,     1, -8.786793947220e-01, inf, 6.7000e-01, 6.7000e-01, 
 2DIAGNOSTIC,     2, -8.821615576744e-01, inf, 6.8129e-01, 1.1291e-02, 
 2DIAGNOSTIC,     3, -8.883023262024e-01, inf, 6.9250e-01, 1.1216e-02, 
 2DIAGNOSTIC,     4, -8.984065055847e-01, inf, 7.0331e-01, 1.0802e-02, 
 2DIAGNOSTIC,     5, -9.142372012138e-01, inf, 7.1371e-01, 1.0400e-02, 
 2DIAGNOSTIC,     6, -9.387359619141e-01, inf, 7.2411e-01, 1.0405e-02, 
 2DIAGNOSTIC,     7, -9.723177552223e-01, inf, 7.3369e-01, 9.5742e-03, 
 2DIAGNOSTIC,     8, -1.010831236839e+00, inf, 7.4724e-01, 1.3559e-02, 
 2DIAGNOSTIC,     9, -1.015589714050e+00, inf, 7.5662e-01, 9.3749e-03, 
 2DIAGNOSTIC,    10, -1.024258852005e+00, 1.166676357388e-02, 7.6564e-01, 9.0179e-03, 
 2DIAGNOSTIC,    11, -1.030668139458e+00, 1.088276598603e-02, 7.7470e-01, 9.0590e-03, 
 2DIAGNOSTIC,    12, -1.034792184830e+00, 9.440749883652e-03, 7.8542e-01, 1.0728e-02, 
 2DIAGNOSTIC,    13, -1.036772012711e+00, 7.564320694655e-03, 7.9574e-01, 1.0320e-02, 
 2DIAGNOSTIC,    14, -1.037547707558e+00, 5.524140782654e-03, 8.0591e-01, 1.0164e-02, 
 2DIAGNOSTIC,    15, -1.038164973259e+00, 3.596309805289e-03, 8.1886e-01, 1.2957e-02, 
 2DIAGNOSTIC,    16, -1.038227319717e+00, 2.032473683357e-03, 8.2849e-01, 9.6240e-03, 
