
Running N4 for 3-dimensional images.

Mask not read.  Using the entire image as the mask.

Original intensity range:  [0, 815]

***********************************************************
Warning:  Your input image contains nonpositive values
which could cause failure or problematic results.  A
possible workaround would be to:
   1. rescale your image to positive values e.g., [10,100].
   2. run N4 on your rescaled image.
   3. (optional) rescale the N4 output to the original
      intensity range.
***********************************************************

Specified spline distance: 200mm
  original image size:  [192, 256, 256]
  padded image size:  [201, 401, 401]
  number of control points:  [4, 5, 5]

Current level = 1
  Iteration 1 (of 50).   Current convergence value = 0.000592462 (threshold = 1e-08)
  Iteration 2 (of 50).   Current convergence value = 0.000406122 (threshold = 1e-08)
  Iteration 3 (of 50).   Current convergence value = 0.000277715 (threshold = 1e-08)
  Iteration 4 (of 50).   Current convergence value = 0.000191281 (threshold = 1e-08)
  Iteration 5 (of 50).   Current convergence value = 0.000134879 (threshold = 1e-08)
  Iteration 6 (of 50).   Current convergence value = 0.000101068 (threshold = 1e-08)
  Iteration 7 (of 50).   Current convergence value = 8.36971e-05 (threshold = 1e-08)
  Iteration 8 (of 50).   Current convergence value = 7.87911e-05 (threshold = 1e-08)
  Iteration 9 (of 50).   Current convergence value = 8.01745e-05 (threshold = 1e-08)
  Iteration 10 (of 50).   Current convergence value = 8.35489e-05 (threshold = 1e-08)
  Iteration 11 (of 50).   Current convergence value = 8.3816e-05 (threshold = 1e-08)
  Iteration 12 (of 50).   Current convergence value = 8.30886e-05 (threshold = 1e-08)
  Iteration 13 (of 50).   Current convergence value = 8.2728e-05 (threshold = 1e-08)
  Iteration 14 (of 50).   Current convergence value = 8.25013e-05 (threshold = 1e-08)
  Iteration 15 (of 50).   Current convergence value = 8.22972e-05 (threshold = 1e-08)
  Iteration 16 (of 50).   Current convergence value = 8.21574e-05 (threshold = 1e-08)
  Iteration 17 (of 50).   Current convergence value = 8.19934e-05 (threshold = 1e-08)
  Iteration 18 (of 50).   Current convergence value = 8.18609e-05 (threshold = 1e-08)
  Iteration 19 (of 50).   Current convergence value = 8.15376e-05 (threshold = 1e-08)
  Iteration 20 (of 50).   Current convergence value = 8.13002e-05 (threshold = 1e-08)
  Iteration 21 (of 50).   Current convergence value = 8.09748e-05 (threshold = 1e-08)
  Iteration 22 (of 50).   Current convergence value = 8.06396e-05 (threshold = 1e-08)
  Iteration 23 (of 50).   Current convergence value = 8.0367e-05 (threshold = 1e-08)
  Iteration 24 (of 50).   Current convergence value = 8.01033e-05 (threshold = 1e-08)
  Iteration 25 (of 50).   Current convergence value = 7.97885e-05 (threshold = 1e-08)
  Iteration 26 (of 50).   Current convergence value = 7.94689e-05 (threshold = 1e-08)
  Iteration 27 (of 50).   Current convergence value = 7.91539e-05 (threshold = 1e-08)
  Iteration 28 (of 50).   Current convergence value = 7.89103e-05 (threshold = 1e-08)
  Iteration 29 (of 50).   Current convergence value = 7.86539e-05 (threshold = 1e-08)
  Iteration 30 (of 50).   Current convergence value = 7.83196e-05 (threshold = 1e-08)
  Iteration 31 (of 50).   Current convergence value = 7.80477e-05 (threshold = 1e-08)
  Iteration 32 (of 50).   Current convergence value = 7.78193e-05 (threshold = 1e-08)
  Iteration 33 (of 50).   Current convergence value = 7.75349e-05 (threshold = 1e-08)
  Iteration 34 (of 50).   Current convergence value = 7.72828e-05 (threshold = 1e-08)
  Iteration 35 (of 50).   Current convergence value = 7.71114e-05 (threshold = 1e-08)
  Iteration 36 (of 50).   Current convergence value = 7.69033e-05 (threshold = 1e-08)
  Iteration 37 (of 50).   Current convergence value = 7.67017e-05 (threshold = 1e-08)
  Iteration 38 (of 50).   Current convergence value = 7.65136e-05 (threshold = 1e-08)
  Iteration 39 (of 50).   Current convergence value = 7.65176e-05 (threshold = 1e-08)
  Iteration 40 (of 50).   Current convergence value = 7.65201e-05 (threshold = 1e-08)
  Iteration 41 (of 50).   Current convergence value = 7.64544e-05 (threshold = 1e-08)
  Iteration 42 (of 50).   Current convergence value = 7.64121e-05 (threshold = 1e-08)
  Iteration 43 (of 50).   Current convergence value = 7.64033e-05 (threshold = 1e-08)
  Iteration 44 (of 50).   Current convergence value = 7.63972e-05 (threshold = 1e-08)
  Iteration 45 (of 50).   Current convergence value = 7.62906e-05 (threshold = 1e-08)
  Iteration 46 (of 50).   Current convergence value = 7.62316e-05 (threshold = 1e-08)
  Iteration 47 (of 50).   Current convergence value = 7.6123e-05 (threshold = 1e-08)
  Iteration 48 (of 50).   Current convergence value = 7.59658e-05 (threshold = 1e-08)
  Iteration 49 (of 50).   Current convergence value = 7.59511e-05 (threshold = 1e-08)
  Iteration 50 (of 50).   Current convergence value = 7.58974e-05 (threshold = 1e-08)
Current level = 2
  Iteration 1 (of 50).   Current convergence value = 0.000492996 (threshold = 1e-08)
  Iteration 2 (of 50).   Current convergence value = 0.00040013 (threshold = 1e-08)
  Iteration 3 (of 50).   Current convergence value = 0.000337475 (threshold = 1e-08)
  Iteration 4 (of 50).   Current convergence value = 0.000286691 (threshold = 1e-08)
  Iteration 5 (of 50).   Current convergence value = 0.000245466 (threshold = 1e-08)
  Iteration 6 (of 50).   Current convergence value = 0.00021333 (threshold = 1e-08)
  Iteration 7 (of 50).   Current convergence value = 0.000192164 (threshold = 1e-08)
  Iteration 8 (of 50).   Current convergence value = 0.000169524 (threshold = 1e-08)
  Iteration 9 (of 50).   Current convergence value = 0.000150081 (threshold = 1e-08)
  Iteration 10 (of 50).   Current convergence value = 0.000133872 (threshold = 1e-08)
  Iteration 11 (of 50).   Current convergence value = 0.000120128 (threshold = 1e-08)
  Iteration 12 (of 50).   Current convergence value = 0.000108454 (threshold = 1e-08)
  Iteration 13 (of 50).   Current convergence value = 9.86946e-05 (threshold = 1e-08)
  Iteration 14 (of 50).   Current convergence value = 9.14787e-05 (threshold = 1e-08)
  Iteration 15 (of 50).   Current convergence value = 8.8659e-05 (threshold = 1e-08)
  Iteration 16 (of 50).   Current convergence value = 8.67962e-05 (threshold = 1e-08)
  Iteration 17 (of 50).   Current convergence value = 8.59099e-05 (threshold = 1e-08)
  Iteration 18 (of 50).   Current convergence value = 8.52616e-05 (threshold = 1e-08)
  Iteration 19 (of 50).   Current convergence value = 8.48376e-05 (threshold = 1e-08)
  Iteration 20 (of 50).   Current convergence value = 8.46347e-05 (threshold = 1e-08)
  Iteration 21 (of 50).   Current convergence value = 8.43462e-05 (threshold = 1e-08)
  Iteration 22 (of 50).   Current convergence value = 8.43363e-05 (threshold = 1e-08)
  Iteration 23 (of 50).   Current convergence value = 8.41721e-05 (threshold = 1e-08)
  Iteration 24 (of 50).   Current convergence value = 8.40999e-05 (threshold = 1e-08)
  Iteration 25 (of 50).   Current convergence value = 8.39242e-05 (threshold = 1e-08)
  Iteration 26 (of 50).   Current convergence value = 8.37071e-05 (threshold = 1e-08)
  Iteration 27 (of 50).   Current convergence value = 8.35431e-05 (threshold = 1e-08)
  Iteration 28 (of 50).   Current convergence value = 8.3221e-05 (threshold = 1e-08)
  Iteration 29 (of 50).   Current convergence value = 8.27355e-05 (threshold = 1e-08)
  Iteration 30 (of 50).   Current convergence value = 8.2425e-05 (threshold = 1e-08)
  Iteration 31 (of 50).   Current convergence value = 8.1953e-05 (threshold = 1e-08)
  Iteration 32 (of 50).   Current convergence value = 8.15885e-05 (threshold = 1e-08)
  Iteration 33 (of 50).   Current convergence value = 8.11229e-05 (threshold = 1e-08)
  Iteration 34 (of 50).   Current convergence value = 8.06767e-05 (threshold = 1e-08)
  Iteration 35 (of 50).   Current convergence value = 8.01218e-05 (threshold = 1e-08)
  Iteration 36 (of 50).   Current convergence value = 7.9434e-05 (threshold = 1e-08)
  Iteration 37 (of 50).   Current convergence value = 7.89875e-05 (threshold = 1e-08)
  Iteration 38 (of 50).   Current convergence value = 7.83439e-05 (threshold = 1e-08)
  Iteration 39 (of 50).   Current convergence value = 7.78355e-05 (threshold = 1e-08)
  Iteration 40 (of 50).   Current convergence value = 7.72059e-05 (threshold = 1e-08)
  Iteration 41 (of 50).   Current convergence value = 7.65056e-05 (threshold = 1e-08)
  Iteration 42 (of 50).   Current convergence value = 7.59423e-05 (threshold = 1e-08)
  Iteration 43 (of 50).   Current convergence value = 7.53543e-05 (threshold = 1e-08)
  Iteration 44 (of 50).   Current convergence value = 7.46844e-05 (threshold = 1e-08)
  Iteration 45 (of 50).   Current convergence value = 7.40496e-05 (threshold = 1e-08)
  Iteration 46 (of 50).   Current convergence value = 7.35698e-05 (threshold = 1e-08)
  Iteration 47 (of 50).   Current convergence value = 7.28888e-05 (threshold = 1e-08)
  Iteration 48 (of 50).   Current convergence value = 7.23798e-05 (threshold = 1e-08)
  Iteration 49 (of 50).   Current convergence value = 7.16691e-05 (threshold = 1e-08)
  Iteration 50 (of 50).   Current convergence value = 7.10751e-05 (threshold = 1e-08)
Current level = 3
  Iteration 1 (of 40).   Current convergence value = 0.00150684 (threshold = 1e-08)
  Iteration 2 (of 40).   Current convergence value = 0.00111204 (threshold = 1e-08)
  Iteration 3 (of 40).   Current convergence value = 0.000885869 (threshold = 1e-08)
  Iteration 4 (of 40).   Current convergence value = 0.000743006 (threshold = 1e-08)
  Iteration 5 (of 40).   Current convergence value = 0.000640041 (threshold = 1e-08)
  Iteration 6 (of 40).   Current convergence value = 0.000571503 (threshold = 1e-08)
  Iteration 7 (of 40).   Current convergence value = 0.000526657 (threshold = 1e-08)
  Iteration 8 (of 40).   Current convergence value = 0.000489594 (threshold = 1e-08)
  Iteration 9 (of 40).   Current convergence value = 0.000460383 (threshold = 1e-08)
  Iteration 10 (of 40).   Current convergence value = 0.000437529 (threshold = 1e-08)
  Iteration 11 (of 40).   Current convergence value = 0.000419453 (threshold = 1e-08)
  Iteration 12 (of 40).   Current convergence value = 0.000404752 (threshold = 1e-08)
  Iteration 13 (of 40).   Current convergence value = 0.00039285 (threshold = 1e-08)
  Iteration 14 (of 40).   Current convergence value = 0.000382549 (threshold = 1e-08)
  Iteration 15 (of 40).   Current convergence value = 0.000373708 (threshold = 1e-08)
  Iteration 16 (of 40).   Current convergence value = 0.000365946 (threshold = 1e-08)
  Iteration 17 (of 40).   Current convergence value = 0.000358744 (threshold = 1e-08)
  Iteration 18 (of 40).   Current convergence value = 0.000351931 (threshold = 1e-08)
  Iteration 19 (of 40).   Current convergence value = 0.000345777 (threshold = 1e-08)
  Iteration 20 (of 40).   Current convergence value = 0.00034021 (threshold = 1e-08)
  Iteration 21 (of 40).   Current convergence value = 0.000335221 (threshold = 1e-08)
  Iteration 22 (of 40).   Current convergence value = 0.000330655 (threshold = 1e-08)
  Iteration 23 (of 40).   Current convergence value = 0.000326406 (threshold = 1e-08)
  Iteration 24 (of 40).   Current convergence value = 0.000322422 (threshold = 1e-08)
  Iteration 25 (of 40).   Current convergence value = 0.000318686 (threshold = 1e-08)
  Iteration 26 (of 40).   Current convergence value = 0.000315118 (threshold = 1e-08)
  Iteration 27 (of 40).   Current convergence value = 0.00031128 (threshold = 1e-08)
  Iteration 28 (of 40).   Current convergence value = 0.000307284 (threshold = 1e-08)
  Iteration 29 (of 40).   Current convergence value = 0.000303366 (threshold = 1e-08)
  Iteration 30 (of 40).   Current convergence value = 0.000299504 (threshold = 1e-08)
  Iteration 31 (of 40).   Current convergence value = 0.00029572 (threshold = 1e-08)
  Iteration 32 (of 40).   Current convergence value = 0.000291927 (threshold = 1e-08)
  Iteration 33 (of 40).   Current convergence value = 0.000288241 (threshold = 1e-08)
  Iteration 34 (of 40).   Current convergence value = 0.00028464 (threshold = 1e-08)
  Iteration 35 (of 40).   Current convergence value = 0.000281265 (threshold = 1e-08)
  Iteration 36 (of 40).   Current convergence value = 0.000277706 (threshold = 1e-08)
  Iteration 37 (of 40).   Current convergence value = 0.000274159 (threshold = 1e-08)
  Iteration 38 (of 40).   Current convergence value = 0.000270667 (threshold = 1e-08)
  Iteration 39 (of 40).   Current convergence value = 0.000267229 (threshold = 1e-08)
  Iteration 40 (of 40).   Current convergence value = 0.000263771 (threshold = 1e-08)
Current level = 4
  Iteration 1 (of 30).   Current convergence value = 0.00198144 (threshold = 1e-08)
  Iteration 2 (of 30).   Current convergence value = 0.00175278 (threshold = 1e-08)
  Iteration 3 (of 30).   Current convergence value = 0.00164536 (threshold = 1e-08)
  Iteration 4 (of 30).   Current convergence value = 0.00156817 (threshold = 1e-08)
  Iteration 5 (of 30).   Current convergence value = 0.00151764 (threshold = 1e-08)
  Iteration 6 (of 30).   Current convergence value = 0.00147682 (threshold = 1e-08)
  Iteration 7 (of 30).   Current convergence value = 0.0014392 (threshold = 1e-08)
  Iteration 8 (of 30).   Current convergence value = 0.0014041 (threshold = 1e-08)
  Iteration 9 (of 30).   Current convergence value = 0.00137234 (threshold = 1e-08)
  Iteration 10 (of 30).   Current convergence value = 0.00134297 (threshold = 1e-08)
  Iteration 11 (of 30).   Current convergence value = 0.00131499 (threshold = 1e-08)
  Iteration 12 (of 30).   Current convergence value = 0.0013147 (threshold = 1e-08)
  Iteration 13 (of 30).   Current convergence value = 0.00130497 (threshold = 1e-08)
  Iteration 14 (of 30).   Current convergence value = 0.00127799 (threshold = 1e-08)
  Iteration 15 (of 30).   Current convergence value = 0.00125573 (threshold = 1e-08)
  Iteration 16 (of 30).   Current convergence value = 0.00121491 (threshold = 1e-08)
  Iteration 17 (of 30).   Current convergence value = 0.00114891 (threshold = 1e-08)
  Iteration 18 (of 30).   Current convergence value = 0.00105343 (threshold = 1e-08)
  Iteration 19 (of 30).   Current convergence value = 0.000801451 (threshold = 1e-08)
  Iteration 20 (of 30).   Current convergence value = 0.000868615 (threshold = 1e-08)
  Iteration 21 (of 30).   Current convergence value = 0.000941009 (threshold = 1e-08)
  Iteration 22 (of 30).   Current convergence value = 0.000912348 (threshold = 1e-08)
  Iteration 23 (of 30).   Current convergence value = 0.000786335 (threshold = 1e-08)
  Iteration 24 (of 30).   Current convergence value = 0.000740251 (threshold = 1e-08)
  Iteration 25 (of 30).   Current convergence value = 0.000711086 (threshold = 1e-08)
  Iteration 26 (of 30).   Current convergence value = 0.000691263 (threshold = 1e-08)
  Iteration 27 (of 30).   Current convergence value = 0.000678203 (threshold = 1e-08)
  Iteration 28 (of 30).   Current convergence value = 0.000671392 (threshold = 1e-08)
  Iteration 29 (of 30).   Current convergence value = 0.000667153 (threshold = 1e-08)
  Iteration 30 (of 30).   Current convergence value = 0.000660754 (threshold = 1e-08)
   N4BiasFieldCorrectionImageFilter (0x55bdfa893e20)
     RTTI typeinfo:   itk::N4BiasFieldCorrectionImageFilter<itk::Image<float, 3u>, itk::Image<float, 3u>, itk::Image<float, 3u> >
     Reference Count: 1
     Modified Time: 565
     Debug: Off
     Object Name: 
     Observers: 
       IterationEvent(Command)
     Inputs: 
       ConfidenceImage: (0)
       MaskImage: (0x55bdfa8be540)
       Primary: (0x55bdfa8b9a40) *
     Indexed Inputs: 
       0: Primary (0x55bdfa8b9a40)
       1: MaskImage (0x55bdfa8be540)
       2: ConfidenceImage (0)
     Required Input Names: Primary
     NumberOfRequiredInputs: 1
     Outputs: 
       Primary: (0x55bdfa8a3ef0)
     Indexed Outputs: 
       0: Primary (0x55bdfa8a3ef0)
     NumberOfRequiredOutputs: 1
     Number Of Work Units: 32
     ReleaseDataFlag: Off
     ReleaseDataBeforeUpdateFlag: Off
     AbortGenerateData: Off
     Progress: 0
     Multithreader: 
       RTTI typeinfo:   itk::PoolMultiThreader
       Reference Count: 1
       Modified Time: 144
       Debug: Off
       Object Name: 
       Observers: 
         none
       Number of Work Units: 32
       Number of Threads: 8
       Global Maximum Number Of Threads: 128
       Global Default Number Of Threads: 8
       Global Default Threader Type: itk::MultiThreaderBaseEnums::Threader::Pool
       SingleMethod: 0
       SingleData: 0
     DynamicMultiThreading: On
     CoordinateTolerance: 1e-06
     DirectionTolerance: 1e-06
     Use Mask Label: 0
     Mask label: 1
     Number of histogram bins: 200
     Wiener filter noise: 0.01
     Bias field FWHM: 0.15
     Maximum number of iterations: [50, 50, 40, 30]
     Convergence threshold: 1e-08
     Spline order: 3
     Number of fitting levels: [4, 4, 4]
     Number of control points: [4, 5, 5]
     CurrentConvergenceMeasurement: 0.000660754
     CurrentLevel: 4
     ElapsedIterations: 31
     LogBiasFieldControlPointLattice: 
       Image (0x55be0139ba00)
         RTTI typeinfo:   itk::Image<itk::Vector<float, 1u>, 3u>
         Reference Count: 1
         Modified Time: 343560
         Debug: Off
         Object Name: 
         Observers: 
           none
         Source: (none)
         Source output name: (none)
         Release Data: Off
         Data Released: False
         Global Release Data: Off
         PipelineMTime: 0
         UpdateMTime: 0
         RealTimeStamp: 0 seconds 
         LargestPossibleRegion: 
           Dimension: 3
           Index: [0, 0, 0]
           Size: [11, 19, 19]
         BufferedRegion: 
           Dimension: 3
           Index: [0, 0, 0]
           Size: [11, 19, 19]
         RequestedRegion: 
           Dimension: 3
           Index: [0, 0, 0]
           Size: [11, 19, 19]
         Spacing: [24.75, 24.875, 24.875]
         Origin: [24.6121, 21.3547, -28.0769]
         Direction: 
-0.999953 -0.00351781 0.00901511
0.00464797 -0.991688 0.128582
0.00848785 0.128618 0.991658

         IndexToPointMatrix: 
-24.7488 -0.0875055 0.224251
0.115037 -24.6682 3.19848
0.210074 3.19937 24.6675

         PointToIndexMatrix: 
-0.0404021 0.000187797 0.000342943
-0.00014142 -0.0398669 0.00517057
0.000362416 0.00516913 0.0398656

         Inverse Direction: 
-0.999953 0.00464797 0.00848785
-0.00351781 -0.991688 0.128618
0.00901511 0.128582 0.991658

         PixelContainer: 
           ImportImageContainer (0x55be05c2f9e0)
             RTTI typeinfo:   itk::ImportImageContainer<unsigned long, itk::Vector<float, 1u> >
             Reference Count: 1
             Modified Time: 343561
             Debug: Off
             Object Name: 
             Observers: 
               none
             Pointer: 0x55be04a2cb50
             Container manages memory: true
             Size: 3971
             Capacity: 3971
Elapsed time: 307.424
All_Command_lines_OK
Using single precision for computations.
=============================================================================
The composite transform comprises the following transforms (in order): 
  1. Center of mass alignment using fixed image: /home/mpib/nemecz/Projects/miniTRK/Results/01_MRI/GroupTempl/T1w/T_template0.nii.gz and moving image: /home/mpib/nemecz/Projects/miniTRK/Analysis/01_MRI/Preproc/GroupTempl/T1w/sub-553081_T1w.nii.gz (type = Euler3DTransform)
=============================================================================
  number of levels = 4
  number of levels = 4
  number of levels = 4
  fixed image: /home/mpib/nemecz/Projects/miniTRK/Results/01_MRI/GroupTempl/T1w/T_template0.nii.gz
  moving image: /home/mpib/nemecz/Projects/miniTRK/Results/01_MRI/GroupTempl/T1w/T_template0sub-553081_T1wRepaired.nii.gz
  fixed image: /home/mpib/nemecz/Projects/miniTRK/Results/01_MRI/GroupTempl/T1w/T_template0.nii.gz
  moving image: /home/mpib/nemecz/Projects/miniTRK/Results/01_MRI/GroupTempl/T1w/T_template0sub-553081_T1wRepaired.nii.gz
  fixed image: /home/mpib/nemecz/Projects/miniTRK/Results/01_MRI/GroupTempl/T1w/T_template0.nii.gz
  moving image: /home/mpib/nemecz/Projects/miniTRK/Results/01_MRI/GroupTempl/T1w/T_template0sub-553081_T1wRepaired.nii.gz
Dimension = 3
Number of stages = 3
Use Histogram Matching true
Winsorize image intensities true
Lower quantile = 0.01
Upper quantile = 0.99
Stage 1 State
   Image metric = Mattes
     Fixed image = Image (0x56159a90bad0)
  RTTI typeinfo:   itk::Image<float, 3u>
  Reference Count: 2
  Modified Time: 1721
  Debug: Off
  Object Name: 
  Observers: 
    none
  Source: (none)
  Source output name: (none)
  Release Data: Off
  Data Released: False
  Global Release Data: Off
  PipelineMTime: 0
  UpdateMTime: 1506
  RealTimeStamp: 0 seconds 
  LargestPossibleRegion: 
    Dimension: 3
    Index: [0, 0, 0]
    Size: [192, 256, 256]
  BufferedRegion: 
    Dimension: 3
    Index: [0, 0, 0]
    Size: [192, 256, 256]
  RequestedRegion: 
    Dimension: 3
    Index: [0, 0, 0]
    Size: [192, 256, 256]
  Spacing: [1, 1, 1]
  Origin: [95.0313, 100.538, -154.123]
  Direction: 
-0.999853 -0.014134 -0.00966312
0.014129 -0.9999 0.000586045
-0.00967044 0.000449429 0.999953

  IndexToPointMatrix: 
-0.999853 -0.014134 -0.00966312
0.014129 -0.9999 0.000586045
-0.00967044 0.000449429 0.999953

  PointToIndexMatrix: 
-0.999853 0.014129 -0.00967044
-0.014134 -0.9999 0.000449429
-0.00966312 0.000586045 0.999953

  Inverse Direction: 
-0.999853 0.014129 -0.00967044
-0.014134 -0.9999 0.000449429
-0.00966312 0.000586045 0.999953

  PixelContainer: 
    ImportImageContainer (0x56159a913c80)
      RTTI typeinfo:   itk::ImportImageContainer<unsigned long, float>
      Reference Count: 1
      Modified Time: 1503
      Debug: Off
      Object Name: 
      Observers: 
        none
      Pointer: 0x7f324ee16010
      Container manages memory: true
      Size: 12582912
      Capacity: 12582912

     Moving image = Image (0x56159a917e40)
  RTTI typeinfo:   itk::Image<float, 3u>
  Reference Count: 2
  Modified Time: 1722
  Debug: Off
  Object Name: 
  Observers: 
    none
  Source: (none)
  Source output name: (none)
  Release Data: Off
  Data Released: False
  Global Release Data: Off
  PipelineMTime: 0
  UpdateMTime: 1719
  RealTimeStamp: 0 seconds 
  LargestPossibleRegion: 
    Dimension: 3
    Index: [0, 0, 0]
    Size: [192, 256, 256]
  BufferedRegion: 
    Dimension: 3
    Index: [0, 0, 0]
    Size: [192, 256, 256]
  RequestedRegion: 
    Dimension: 3
    Index: [0, 0, 0]
    Size: [192, 256, 256]
  Spacing: [1, 1, 1]
  Origin: [91.7228, 81.3203, -174.819]
  Direction: 
-0.999953 -0.00351781 0.00901511
0.00464797 -0.991688 0.128582
0.00848785 0.128618 0.991658

  IndexToPointMatrix: 
-0.999953 -0.00351781 0.00901511
0.00464797 -0.991688 0.128582
0.00848785 0.128618 0.991658

  PointToIndexMatrix: 
-0.999953 0.00464797 0.00848785
-0.00351781 -0.991688 0.128618
0.00901511 0.128582 0.991658

  Inverse Direction: 
-0.999953 0.00464797 0.00848785
-0.00351781 -0.991688 0.128618
0.00901511 0.128582 0.991658

  PixelContainer: 
    ImportImageContainer (0x56159a90f2d0)
      RTTI typeinfo:   itk::ImportImageContainer<unsigned long, float>
      Reference Count: 1
      Modified Time: 1716
      Debug: Off
      Object Name: 
      Observers: 
        none
      Pointer: 0x7f324be15010
      Container manages memory: true
      Size: 12582912
      Capacity: 12582912

     Weighting = 1
     Sampling strategy = regular
     Number of bins = 32
     Radius = 4
     Sampling percentage  = 0.25
   Transform = Rigid
     Gradient step = 0.1
     Update field sigma (voxel space) = 0
     Total field sigma (voxel space) = 0
     Update field time sigma = 0
     Total field time sigma  = 0
     Number of time indices = 0
     Number of time point samples = 0
Stage 2 State
   Image metric = Mattes
     Fixed image = Image (0x56159a9248d0)
  RTTI typeinfo:   itk::Image<float, 3u>
  Reference Count: 2
  Modified Time: 2149
  Debug: Off
  Object Name: 
  Observers: 
    none
  Source: (none)
  Source output name: (none)
  Release Data: Off
  Data Released: False
  Global Release Data: Off
  PipelineMTime: 0
  UpdateMTime: 1934
  RealTimeStamp: 0 seconds 
  LargestPossibleRegion: 
    Dimension: 3
    Index: [0, 0, 0]
    Size: [192, 256, 256]
  BufferedRegion: 
    Dimension: 3
    Index: [0, 0, 0]
    Size: [192, 256, 256]
  RequestedRegion: 
    Dimension: 3
    Index: [0, 0, 0]
    Size: [192, 256, 256]
  Spacing: [1, 1, 1]
  Origin: [95.0313, 100.538, -154.123]
  Direction: 
-0.999853 -0.014134 -0.00966312
0.014129 -0.9999 0.000586045
-0.00967044 0.000449429 0.999953

  IndexToPointMatrix: 
-0.999853 -0.014134 -0.00966312
0.014129 -0.9999 0.000586045
-0.00967044 0.000449429 0.999953

  PointToIndexMatrix: 
-0.999853 0.014129 -0.00967044
-0.014134 -0.9999 0.000449429
-0.00966312 0.000586045 0.999953

  Inverse Direction: 
-0.999853 0.014129 -0.00967044
-0.014134 -0.9999 0.000449429
-0.00966312 0.000586045 0.999953

  PixelContainer: 
    ImportImageContainer (0x56159a9146a0)
      RTTI typeinfo:   itk::ImportImageContainer<unsigned long, float>
      Reference Count: 1
      Modified Time: 1931
      Debug: Off
      Object Name: 
      Observers: 
        none
      Pointer: 0x7f3248e14010
      Container manages memory: true
      Size: 12582912
      Capacity: 12582912

     Moving image = Image (0x56159a924530)
  RTTI typeinfo:   itk::Image<float, 3u>
  Reference Count: 2
  Modified Time: 2150
  Debug: Off
  Object Name: 
  Observers: 
    none
  Source: (none)
  Source output name: (none)
  Release Data: Off
  Data Released: False
  Global Release Data: Off
  PipelineMTime: 0
  UpdateMTime: 2147
  RealTimeStamp: 0 seconds 
  LargestPossibleRegion: 
    Dimension: 3
    Index: [0, 0, 0]
    Size: [192, 256, 256]
  BufferedRegion: 
    Dimension: 3
    Index: [0, 0, 0]
    Size: [192, 256, 256]
  RequestedRegion: 
    Dimension: 3
    Index: [0, 0, 0]
    Size: [192, 256, 256]
  Spacing: [1, 1, 1]
  Origin: [91.7228, 81.3203, -174.819]
  Direction: 
-0.999953 -0.00351781 0.00901511
0.00464797 -0.991688 0.128582
0.00848785 0.128618 0.991658

  IndexToPointMatrix: 
-0.999953 -0.00351781 0.00901511
0.00464797 -0.991688 0.128582
0.00848785 0.128618 0.991658

  PointToIndexMatrix: 
-0.999953 0.00464797 0.00848785
-0.00351781 -0.991688 0.128618
0.00901511 0.128582 0.991658

  Inverse Direction: 
-0.999953 0.00464797 0.00848785
-0.00351781 -0.991688 0.128618
0.00901511 0.128582 0.991658

  PixelContainer: 
    ImportImageContainer (0x56159a9258a0)
      RTTI typeinfo:   itk::ImportImageContainer<unsigned long, float>
      Reference Count: 1
      Modified Time: 2144
      Debug: Off
      Object Name: 
      Observers: 
        none
      Pointer: 0x7f3245e13010
      Container manages memory: true
      Size: 12582912
      Capacity: 12582912

     Weighting = 1
     Sampling strategy = regular
     Number of bins = 32
     Radius = 4
     Sampling percentage  = 0.25
   Transform = Affine
     Gradient step = 0.1
     Update field sigma (voxel space) = 0
     Total field sigma (voxel space) = 0
     Update field time sigma = 0
     Total field time sigma  = 0
     Number of time indices = 0
     Number of time point samples = 0
Stage 3 State
   Image metric = CC
     Fixed image = Image (0x56159a92ba00)
  RTTI typeinfo:   itk::Image<float, 3u>
  Reference Count: 2
  Modified Time: 2577
  Debug: Off
  Object Name: 
  Observers: 
    none
  Source: (none)
  Source output name: (none)
  Release Data: Off
  Data Released: False
  Global Release Data: Off
  PipelineMTime: 0
  UpdateMTime: 2362
  RealTimeStamp: 0 seconds 
  LargestPossibleRegion: 
    Dimension: 3
    Index: [0, 0, 0]
    Size: [192, 256, 256]
  BufferedRegion: 
    Dimension: 3
    Index: [0, 0, 0]
    Size: [192, 256, 256]
  RequestedRegion: 
    Dimension: 3
    Index: [0, 0, 0]
    Size: [192, 256, 256]
  Spacing: [1, 1, 1]
  Origin: [95.0313, 100.538, -154.123]
  Direction: 
-0.999853 -0.014134 -0.00966312
0.014129 -0.9999 0.000586045
-0.00967044 0.000449429 0.999953

  IndexToPointMatrix: 
-0.999853 -0.014134 -0.00966312
0.014129 -0.9999 0.000586045
-0.00967044 0.000449429 0.999953

  PointToIndexMatrix: 
-0.999853 0.014129 -0.00967044
-0.014134 -0.9999 0.000449429
-0.00966312 0.000586045 0.999953

  Inverse Direction: 
-0.999853 0.014129 -0.00967044
-0.014134 -0.9999 0.000449429
-0.00966312 0.000586045 0.999953

  PixelContainer: 
    ImportImageContainer (0x56159a90db50)
      RTTI typeinfo:   itk::ImportImageContainer<unsigned long, float>
      Reference Count: 1
      Modified Time: 2359
      Debug: Off
      Object Name: 
      Observers: 
        none
      Pointer: 0x7f3242e12010
      Container manages memory: true
      Size: 12582912
      Capacity: 12582912

     Moving image = Image (0x56159a928d50)
  RTTI typeinfo:   itk::Image<float, 3u>
  Reference Count: 2
  Modified Time: 2578
  Debug: Off
  Object Name: 
  Observers: 
    none
  Source: (none)
  Source output name: (none)
  Release Data: Off
  Data Released: False
  Global Release Data: Off
  PipelineMTime: 0
  UpdateMTime: 2575
  RealTimeStamp: 0 seconds 
  LargestPossibleRegion: 
    Dimension: 3
    Index: [0, 0, 0]
    Size: [192, 256, 256]
  BufferedRegion: 
    Dimension: 3
    Index: [0, 0, 0]
    Size: [192, 256, 256]
  RequestedRegion: 
    Dimension: 3
    Index: [0, 0, 0]
    Size: [192, 256, 256]
  Spacing: [1, 1, 1]
  Origin: [91.7228, 81.3203, -174.819]
  Direction: 
-0.999953 -0.00351781 0.00901511
0.00464797 -0.991688 0.128582
0.00848785 0.128618 0.991658

  IndexToPointMatrix: 
-0.999953 -0.00351781 0.00901511
0.00464797 -0.991688 0.128582
0.00848785 0.128618 0.991658

  PointToIndexMatrix: 
-0.999953 0.00464797 0.00848785
-0.00351781 -0.991688 0.128618
0.00901511 0.128582 0.991658

  Inverse Direction: 
-0.999953 0.00464797 0.00848785
-0.00351781 -0.991688 0.128618
0.00901511 0.128582 0.991658

  PixelContainer: 
    ImportImageContainer (0x56159a927b00)
      RTTI typeinfo:   itk::ImportImageContainer<unsigned long, float>
      Reference Count: 1
      Modified Time: 2572
      Debug: Off
      Object Name: 
      Observers: 
        none
      Pointer: 0x7f323fe11010
      Container manages memory: true
      Size: 12582912
      Capacity: 12582912

     Weighting = 1
     Sampling strategy = none
     Number of bins = 32
     Radius = 4
     Sampling percentage  = 1
   Transform = SyN
     Gradient step = 0.1
     Update field sigma (voxel space) = 3
     Total field sigma (voxel space) = 0
     Update field time sigma = 0
     Total field time sigma  = 0
     Number of time indices = 0
     Number of time point samples = 0
Registration using 3 total stages.

Stage 0
  iterations = 1000x500x250x0
  convergence threshold = 1e-06
  convergence window size = 10
  number of levels = 4
  using the Mattes MI metric (number of bins = 32, weight = 1)
  preprocessing:  winsorizing the image intensities
  preprocessing:  histogram matching the images
  Shrink factors (level 1 out of 4): [6, 6, 6]
  Shrink factors (level 2 out of 4): [4, 4, 4]
  Shrink factors (level 3 out of 4): [2, 2, 2]
  Shrink factors (level 4 out of 4): [1, 1, 1]
  smoothing sigmas per level: [4, 2, 1, 0]
  regular sampling (percentage = 0.25)

*** Running Euler3DTransform registration ***

DIAGNOSTIC,Iteration,metricValue,convergenceValue,ITERATION_TIME_INDEX,SINCE_LAST
 2DIAGNOSTIC,     1, -8.543246984482e-01, inf, 6.8167e-01, 6.8167e-01, 
 2DIAGNOSTIC,     2, -8.562461733818e-01, inf, 6.9050e-01, 8.8310e-03, 
 2DIAGNOSTIC,     3, -8.591664433479e-01, inf, 6.9931e-01, 8.8060e-03, 
 2DIAGNOSTIC,     4, -8.632186055183e-01, inf, 7.0828e-01, 8.9731e-03, 
 2DIAGNOSTIC,     5, -8.679926991463e-01, inf, 7.1775e-01, 9.4690e-03, 
 2DIAGNOSTIC,     6, -8.719565272331e-01, inf, 7.2715e-01, 9.4018e-03, 
 2DIAGNOSTIC,     7, -8.750879168510e-01, inf, 7.3626e-01, 9.1081e-03, 
 2DIAGNOSTIC,     8, -8.806160092354e-01, inf, 7.4764e-01, 1.1380e-02, 
 2DIAGNOSTIC,     9, -8.820689916611e-01, inf, 7.6043e-01, 1.2786e-02, 
 2DIAGNOSTIC,    10, -8.827948570251e-01, 2.366372151300e-03, 7.7144e-01, 1.1012e-02, 
 2DIAGNOSTIC,    11, -8.844349384308e-01, 2.034830162302e-03, 7.8254e-01, 1.1104e-02, 
 2DIAGNOSTIC,    12, -8.923079371452e-01, 1.840435201302e-03, 7.9408e-01, 1.1541e-02, 
 2DIAGNOSTIC,    13, -8.958643674850e-01, 1.664951909333e-03, 8.0526e-01, 1.1174e-02, 
 2DIAGNOSTIC,    14, -8.973376750946e-01, 1.490732422099e-03, 8.1534e-01, 1.0086e-02, 
 2DIAGNOSTIC,    15, -8.976972699165e-01, 1.318012946285e-03, 8.2697e-01, 1.1624e-02, 
 2DIAGNOSTIC,    16, -8.977777957916e-01, 1.128732576035e-03, 8.3704e-01, 1.0077e-02, 
 2DIAGNOSTIC,    17, -8.983145356178e-01, 9.233963210136e-04, 8.4952e-01, 1.2474e-02, 
 2DIAGNOSTIC,    18, -8.980841636658e-01, 7.493027951568e-04, 8.6076e-01, 1.1246e-02, 
 2DIAGNOSTIC,    19, -8.980024456978e-01, 5.496753146872e-04, 8.7336e-01, 1.2592e-02, 
 2DIAGNOSTIC,    20, -8.980718851089e-01, 3.339382237755e-04, 8.8717e-01, 1.3809e-02, 
 2DIAGNOSTIC,    21, -8.979514837265e-01, 1.288339699386e-04, 8.9883e-01, 1.1668e-02, 
 2DIAGNOSTIC,    22, -8.979734778404e-01, 4.494857785176e-05, 9.1074e-01, 1.1906e-02, 
 2DIAGNOSTIC,    23, -8.979511857033e-01, 1.327826521447e-05, 9.2097e-01, 1.0233e-02, 
 2DIAGNOSTIC,    24, -8.979381918907e-01, 2.714860329434e-06, 9.3264e-01, 1.1667e-02, 
DIAGNOSTIC,Iteration,metricValue,convergenceValue,ITERATION_TIME_INDEX,SINCE_LAST
 2DIAGNOSTIC,     1, -6.814330220222e-01, inf, 1.6896e+00, 7.5697e-01, 
 2DIAGNOSTIC,     2, -6.822415590286e-01, inf, 1.7280e+00, 3.8361e-02, 
 2DIAGNOSTIC,     3, -6.832708716393e-01, inf, 1.7640e+00, 3.6005e-02, 
 2DIAGNOSTIC,     4, -6.841981410980e-01, inf, 1.8004e+00, 3.6451e-02, 
 2DIAGNOSTIC,     5, -6.848587989807e-01, inf, 1.8373e+00, 3.6835e-02, 
 2DIAGNOSTIC,     6, -6.853600740433e-01, inf, 1.8736e+00, 3.6328e-02, 
 2DIAGNOSTIC,     7, -6.857625842094e-01, inf, 1.9184e+00, 4.4793e-02, 
 2DIAGNOSTIC,     8, -6.860111355782e-01, inf, 1.9752e+00, 5.6771e-02, 
 2DIAGNOSTIC,     9, -6.860266923904e-01, inf, 2.0169e+00, 4.1705e-02, 
 2DIAGNOSTIC,    10, -6.859980225563e-01, 4.436617600732e-04, 2.0642e+00, 4.7308e-02, 
 2DIAGNOSTIC,    11, -6.860008835793e-01, 3.059326554649e-04, 2.1056e+00, 4.1450e-02, 
 2DIAGNOSTIC,    12, -6.859815716743e-01, 1.907307305373e-04, 2.1417e+00, 3.6105e-02, 
 2DIAGNOSTIC,    13, -6.860151886940e-01, 1.097193016903e-04, 2.1829e+00, 4.1207e-02, 
 2DIAGNOSTIC,    14, -6.860238909721e-01, 5.804401735077e-05, 2.2297e+00, 4.6724e-02, 
 2DIAGNOSTIC,    15, -6.860063672066e-01, 2.582298293419e-05, 2.2776e+00, 4.7965e-02, 
 2DIAGNOSTIC,    16, -6.860060095787e-01, 8.268483725260e-06, 2.3197e+00, 4.2111e-02, 
 2DIAGNOSTIC,    17, -6.860026121140e-01, 1.765350020833e-06, 2.3611e+00, 4.1323e-02, 
 2DIAGNOSTIC,    18, -6.860013604164e-01, 1.660752218413e-06, 2.4015e+00, 4.0495e-02, 
 2DIAGNOSTIC,    19, -6.860005259514e-01, 1.905697217808e-06, 2.4376e+00, 3.6053e-02, 
 2DIAGNOSTIC,    20, -6.860023736954e-01, 1.557917130413e-06, 2.4810e+00, 4.3421e-02, 
 2DIAGNOSTIC,    21, -6.860040426254e-01, 1.357724158879e-06, 2.5198e+00, 3.8802e-02, 
 2DIAGNOSTIC,    22, -6.860185265541e-01, 1.078407194655e-06, 2.5631e+00, 4.3282e-02, 
 2DIAGNOSTIC,    23, -6.860287785530e-01, 1.634556610952e-06, 2.6056e+00, 4.2467e-02, 
 2DIAGNOSTIC,    24, -6.860480904579e-01, 2.611151103338e-06, 2.6475e+00, 4.1892e-02, 
 2DIAGNOSTIC,    25, -6.860579252243e-01, 3.256779336880e-06, 2.6883e+00, 4.0872e-02, 
 2DIAGNOSTIC,    26, -6.860805153847e-01, 4.022270331916e-06, 2.7349e+00, 4.6527e-02, 
 2DIAGNOSTIC,    27, -6.860839724541e-01, 4.461557637114e-06, 2.7876e+00, 5.2756e-02, 
 2DIAGNOSTIC,    28, -6.860813498497e-01, 4.504065600486e-06, 2.8454e+00, 5.7793e-02, 
 2DIAGNOSTIC,    29, -6.860817074776e-01, 4.222945335641e-06, 2.8859e+00, 4.0458e-02, 
 2DIAGNOSTIC,    30, -6.860754489899e-01, 3.603935510910e-06, 2.9268e+00, 4.0892e-02, 
 2DIAGNOSTIC,    31, -6.860692501068e-01, 2.720052179939e-06, 2.9681e+00, 4.1331e-02, 
 2DIAGNOSTIC,    32, -6.860703825951e-01, 1.934285137395e-06, 3.0097e+00, 4.1645e-02, 
 2DIAGNOSTIC,    33, -6.860707998276e-01, 1.238006348103e-06, 3.0518e+00, 4.2088e-02, 
DIAGNOSTIC,Iteration,metricValue,convergenceValue,ITERATION_TIME_INDEX,SINCE_LAST
 2DIAGNOSTIC,     1, -6.031110882759e-01, inf, 4.0927e+00, 1.0409e+00, 
 2DIAGNOSTIC,     2, -6.034002900124e-01, inf, 4.3259e+00, 2.3312e-01, 
 2DIAGNOSTIC,     3, -6.036105751991e-01, inf, 4.5920e+00, 2.6616e-01, 
 2DIAGNOSTIC,     4, -6.036456227303e-01, inf, 4.8286e+00, 2.3657e-01, 
 2DIAGNOSTIC,     5, -6.036815047264e-01, inf, 5.2224e+00, 3.9386e-01, 
 2DIAGNOSTIC,     6, -6.036837100983e-01, inf, 5.6454e+00, 4.2295e-01, 
 2DIAGNOSTIC,     7, -6.036834716797e-01, inf, 5.9023e+00, 2.5692e-01, 
 2DIAGNOSTIC,     8, -6.036832332611e-01, inf, 6.1678e+00, 2.6552e-01, 
 2DIAGNOSTIC,     9, -6.036828160286e-01, inf, 6.4349e+00, 2.6710e-01, 
 2DIAGNOSTIC,    10, -6.036828756332e-01, 4.497731788433e-05, 6.6969e+00, 2.6194e-01, 
 2DIAGNOSTIC,    11, -6.036828756332e-01, 1.884286393761e-05, 6.9549e+00, 2.5804e-01, 
 2DIAGNOSTIC,    12, -6.036820411682e-01, 6.752060016879e-06, 7.2392e+00, 2.8425e-01, 
 2DIAGNOSTIC,    13, -6.036819219589e-01, 3.745127742150e-06, 7.5234e+00, 2.8419e-01, 
 2DIAGNOSTIC,    14, -6.036819815636e-01, 2.196831019319e-06, 7.8266e+00, 3.0325e-01, 
 2DIAGNOSTIC,    15, -6.036818027496e-01, 1.979899252547e-06, 8.0811e+00, 2.5444e-01, 
 2DIAGNOSTIC,    16, -6.036819219589e-01, 1.871538529485e-06, 8.3437e+00, 2.6263e-01, 
 2DIAGNOSTIC,    17, -6.036818027496e-01, 1.777125135050e-06, 8.6086e+00, 2.6490e-01, 
 2DIAGNOSTIC,    18, -6.036818027496e-01, 1.696181698208e-06, 8.8865e+00, 2.7793e-01, 
 2DIAGNOSTIC,    19, -6.036818623543e-01, 1.621129968044e-06, 9.1540e+00, 2.6749e-01, 
 2DIAGNOSTIC,    20, -6.036818623543e-01, 1.559618681313e-06, 9.4109e+00, 2.5690e-01, 
 2DIAGNOSTIC,    21, -6.036818623543e-01, 1.507376623522e-06, 9.6433e+00, 2.3244e-01, 
 2DIAGNOSTIC,    22, -6.036818623543e-01, 1.442805682927e-06, 9.9007e+00, 2.5734e-01, 
 2DIAGNOSTIC,    23, -6.036818027496e-01, 1.380454591526e-06, 1.0164e+01, 2.6347e-01, 
 2DIAGNOSTIC,    24, -6.036818027496e-01, 1.324824665971e-06, 1.0425e+01, 2.6079e-01, 
 2DIAGNOSTIC,    25, -6.036817431450e-01, 1.269109588975e-06, 1.0685e+01, 2.5998e-01, 
 2DIAGNOSTIC,    26, -6.036816835403e-01, 1.219169462274e-06, 1.0964e+01, 2.7943e-01, 
 2DIAGNOSTIC,    27, -6.036818623543e-01, 1.174412773253e-06, 1.1238e+01, 2.7383e-01, 
 2DIAGNOSTIC,    28, -6.036818027496e-01, 1.132083184530e-06, 1.1507e+01, 2.6856e-01, 
 2DIAGNOSTIC,    29, -6.036818027496e-01, 1.094077333619e-06, 1.1765e+01, 2.5873e-01, 
 2DIAGNOSTIC,    30, -6.036820411682e-01, 1.062657361217e-06, 1.2026e+01, 2.6090e-01, 
 2DIAGNOSTIC,    31, -6.036814451218e-01, 1.023876734507e-06, 1.2286e+01, 2.5921e-01, 
DIAGNOSTIC,Iteration,metricValue,convergenceValue,ITERATION_TIME_INDEX,SINCE_LAST
 2DIAGNOSTIC,     1, -5.515786409378e-01, inf, 1.5100e+01, 2.8140e+00, 
  Elapsed time (stage 0): 1.6222e+01


Stage 1
  iterations = 1000x500x250x0
  convergence threshold = 1.0000e-06
  convergence window size = 10
  number of levels = 4
  using the Mattes MI metric (number of bins = 32, weight = 1.0000e+00)
  preprocessing:  winsorizing the image intensities
  preprocessing:  histogram matching the images
  Shrink factors (level 1 out of 4): [6, 6, 6]
  Shrink factors (level 2 out of 4): [4, 4, 4]
  Shrink factors (level 3 out of 4): [2, 2, 2]
  Shrink factors (level 4 out of 4): [1, 1, 1]
  smoothing sigmas per level: [4, 2, 1, 0]
  regular sampling (percentage = 2.5000e-01)

*** Running AffineTransform registration ***

DIAGNOSTIC,Iteration,metricValue,convergenceValue,ITERATION_TIME_INDEX,SINCE_LAST
 2DIAGNOSTIC,     1, -8.953104615211e-01, inf, 7.1406e-01, 7.1406e-01, 
