All_Command_lines_OK
Using single precision for computations.
=============================================================================
The composite transform comprises the following transforms (in order): 
  1. Center of mass alignment using fixed image: /home/mpib/nemecz/Projects/miniTRK/Results/01_MRI/GroupTempl/T1w/T_template0.nii.gz and moving image: /home/mpib/nemecz/Projects/miniTRK/Analysis/01_MRI/Preproc/GroupTempl/T1w/sub-940925_T1w.nii.gz (type = Euler3DTransform)
=============================================================================
  number of levels = 4
  fixed image: /home/mpib/nemecz/Projects/miniTRK/Results/01_MRI/GroupTempl/T1w/T_template0.nii.gz
  moving image: /home/mpib/nemecz/Projects/miniTRK/Analysis/01_MRI/Preproc/GroupTempl/T1w/sub-940925_T1w.nii.gz
Dimension = 3
Number of stages = 1
Use Histogram Matching true
Winsorize image intensities true
Lower quantile = 0.01
Upper quantile = 0.99
Stage 1 State
   Image metric = Mattes
     Fixed image = Image (0x559a9e5c5fe0)
  RTTI typeinfo:   itk::Image<float, 3u>
  Reference Count: 2
  Modified Time: 1667
  Debug: Off
  Object Name: 
  Observers: 
    none
  Source: (none)
  Source output name: (none)
  Release Data: Off
  Data Released: False
  Global Release Data: Off
  PipelineMTime: 0
  UpdateMTime: 1452
  RealTimeStamp: 0 seconds 
  LargestPossibleRegion: 
    Dimension: 3
    Index: [0, 0, 0]
    Size: [192, 256, 256]
  BufferedRegion: 
    Dimension: 3
    Index: [0, 0, 0]
    Size: [192, 256, 256]
  RequestedRegion: 
    Dimension: 3
    Index: [0, 0, 0]
    Size: [192, 256, 256]
  Spacing: [1, 1, 1]
  Origin: [95.0313, 100.538, -154.123]
  Direction: 
-0.999853 -0.014134 -0.00966312
0.014129 -0.9999 0.000586045
-0.00967044 0.000449429 0.999953

  IndexToPointMatrix: 
-0.999853 -0.014134 -0.00966312
0.014129 -0.9999 0.000586045
-0.00967044 0.000449429 0.999953

  PointToIndexMatrix: 
-0.999853 0.014129 -0.00967044
-0.014134 -0.9999 0.000449429
-0.00966312 0.000586045 0.999953

  Inverse Direction: 
-0.999853 0.014129 -0.00967044
-0.014134 -0.9999 0.000449429
-0.00966312 0.000586045 0.999953

  PixelContainer: 
    ImportImageContainer (0x559a9e5d2970)
      RTTI typeinfo:   itk::ImportImageContainer<unsigned long, float>
      Reference Count: 1
      Modified Time: 1449
      Debug: Off
      Object Name: 
      Observers: 
        none
      Pointer: 0x7f1bb8816010
      Container manages memory: true
      Size: 12582912
      Capacity: 12582912

     Moving image = Image (0x559a9e5d2450)
  RTTI typeinfo:   itk::Image<float, 3u>
  Reference Count: 2
  Modified Time: 1668
  Debug: Off
  Object Name: 
  Observers: 
    none
  Source: (none)
  Source output name: (none)
  Release Data: Off
  Data Released: False
  Global Release Data: Off
  PipelineMTime: 0
  UpdateMTime: 1665
  RealTimeStamp: 0 seconds 
  LargestPossibleRegion: 
    Dimension: 3
    Index: [0, 0, 0]
    Size: [192, 256, 256]
  BufferedRegion: 
    Dimension: 3
    Index: [0, 0, 0]
    Size: [192, 256, 256]
  RequestedRegion: 
    Dimension: 3
    Index: [0, 0, 0]
    Size: [192, 256, 256]
  Spacing: [1, 1, 1]
  Origin: [101.939, 55.8649, -183.884]
  Direction: 
-0.998965 -0.0227992 -0.0393569
0.012314 -0.968549 0.248518
-0.0437851 0.247776 0.967827

  IndexToPointMatrix: 
-0.998965 -0.0227992 -0.0393569
0.012314 -0.968549 0.248518
-0.0437851 0.247776 0.967827

  PointToIndexMatrix: 
-0.998965 0.012314 -0.0437851
-0.0227992 -0.968549 0.247776
-0.0393569 0.248518 0.967827

  Inverse Direction: 
-0.998965 0.012314 -0.0437851
-0.0227992 -0.968549 0.247776
-0.0393569 0.248518 0.967827

  PixelContainer: 
    ImportImageContainer (0x559a9e5c71a0)
      RTTI typeinfo:   itk::ImportImageContainer<unsigned long, float>
      Reference Count: 1
      Modified Time: 1662
      Debug: Off
      Object Name: 
      Observers: 
        none
      Pointer: 0x7f1bb5815010
      Container manages memory: true
      Size: 12582912
      Capacity: 12582912

     Weighting = 1
     Sampling strategy = regular
     Number of bins = 32
     Radius = 4
     Sampling percentage  = 0.25
   Transform = Rigid
     Gradient step = 0.1
     Update field sigma (voxel space) = 0
     Total field sigma (voxel space) = 0
     Update field time sigma = 0
     Total field time sigma  = 0
     Number of time indices = 0
     Number of time point samples = 0
Registration using 1 total stages.

Stage 0
  iterations = 1000x500x250x0
  convergence threshold = 1e-06
  convergence window size = 10
  number of levels = 4
  using the Mattes MI metric (number of bins = 32, weight = 1)
  preprocessing:  winsorizing the image intensities
  preprocessing:  histogram matching the images
  Shrink factors (level 1 out of 4): [6, 6, 6]
  Shrink factors (level 2 out of 4): [4, 4, 4]
  Shrink factors (level 3 out of 4): [2, 2, 2]
  Shrink factors (level 4 out of 4): [1, 1, 1]
  smoothing sigmas per level: [3, 2, 1, 0]
  regular sampling (percentage = 0.25)

*** Running Euler3DTransform registration ***

DIAGNOSTIC,Iteration,metricValue,convergenceValue,ITERATION_TIME_INDEX,SINCE_LAST
 2DIAGNOSTIC,     1, -8.380055427551e-01, inf, 7.9484e-01, 7.9484e-01, 
 2DIAGNOSTIC,     2, -8.402653336525e-01, inf, 8.0277e-01, 7.9300e-03, 
 2DIAGNOSTIC,     3, -8.437141776085e-01, inf, 8.1108e-01, 8.3072e-03, 
 2DIAGNOSTIC,     4, -8.484156131744e-01, inf, 8.1949e-01, 8.4190e-03, 
 2DIAGNOSTIC,     5, -8.550525307655e-01, inf, 8.2814e-01, 8.6420e-03, 
 2DIAGNOSTIC,     6, -8.638050556183e-01, inf, 8.3645e-01, 8.3139e-03, 
 2DIAGNOSTIC,     7, -8.699834942818e-01, inf, 8.4429e-01, 7.8349e-03, 
 2DIAGNOSTIC,     8, -8.735741376877e-01, inf, 8.5346e-01, 9.1729e-03, 
 2DIAGNOSTIC,     9, -8.766394257545e-01, inf, 8.6296e-01, 9.5038e-03, 
 2DIAGNOSTIC,    10, -8.808364868164e-01, 3.546178806573e-03, 8.7162e-01, 8.6620e-03, 
 2DIAGNOSTIC,    11, -8.942365050316e-01, 3.475461388007e-03, 8.8322e-01, 1.1600e-02, 
 2DIAGNOSTIC,    12, -8.963410258293e-01, 3.215331584215e-03, 8.9102e-01, 7.7970e-03, 
 2DIAGNOSTIC,    13, -8.966634273529e-01, 2.806340111420e-03, 8.9888e-01, 7.8609e-03, 
 2DIAGNOSTIC,    14, -8.969640135765e-01, 2.324211411178e-03, 9.1058e-01, 1.1700e-02, 
 2DIAGNOSTIC,    15, -8.973771333694e-01, 1.845140592195e-03, 9.1917e-01, 8.5878e-03, 
 2DIAGNOSTIC,    16, -8.975495696068e-01, 1.433648751117e-03, 9.2682e-01, 7.6489e-03, 
 2DIAGNOSTIC,    17, -8.979779481888e-01, 1.065010321327e-03, 9.3551e-01, 8.6880e-03, 
 2DIAGNOSTIC,    18, -8.982456922531e-01, 7.127922726795e-04, 9.4542e-01, 9.9099e-03, 
 2DIAGNOSTIC,    19, -8.983922600746e-01, 3.886859922204e-04, 9.5400e-01, 8.5800e-03, 
 2DIAGNOSTIC,    20, -8.985418677330e-01, 1.263956655748e-04, 9.6249e-01, 8.4980e-03, 
 2DIAGNOSTIC,    21, -8.991463184357e-01, 9.276509081246e-05, 9.7302e-01, 1.0526e-02, 
 2DIAGNOSTIC,    22, -8.998920917511e-01, 9.528113878332e-05, 9.8477e-01, 1.1747e-02, 
 2DIAGNOSTIC,    23, -8.998572230339e-01, 9.257109923055e-05, 9.9333e-01, 8.5678e-03, 
 2DIAGNOSTIC,    24, -8.999596238136e-01, 8.714057184989e-05, 1.0031e+00, 9.7902e-03, 
 2DIAGNOSTIC,    25, -9.000289440155e-01, 8.042248373386e-05, 1.0137e+00, 1.0559e-02, 
 2DIAGNOSTIC,    26, -9.000196456909e-01, 6.854737148387e-05, 1.0231e+00, 9.4450e-03, 
 2DIAGNOSTIC,    27, -8.999804258347e-01, 5.568502092501e-05, 1.0318e+00, 8.6541e-03, 
 2DIAGNOSTIC,    28, -8.999742865562e-01, 4.170487954980e-05, 1.0404e+00, 8.6231e-03, 
 2DIAGNOSTIC,    29, -8.999786376953e-01, 2.669203240657e-05, 1.0500e+00, 9.5510e-03, 
 2DIAGNOSTIC,    30, -8.999729752541e-01, 1.169921142719e-05, 1.0586e+00, 8.6620e-03, 
 2DIAGNOSTIC,    31, -9.000035524368e-01, 3.049593260585e-06, 1.0681e+00, 9.4819e-03, 
 2DIAGNOSTIC,    32, -9.000287652016e-01, 2.517109578548e-06, 1.0765e+00, 8.4021e-03, 
 2DIAGNOSTIC,    33, -9.000417590141e-01, 1.638049070607e-06, 1.0850e+00, 8.5411e-03, 
 2DIAGNOSTIC,    34, -9.001190662384e-01, 2.420161763439e-06, 1.0944e+00, 9.3369e-03, 
 2DIAGNOSTIC,    35, -9.001415967941e-01, 3.839479177259e-06, 1.1027e+00, 8.2738e-03, 
 2DIAGNOSTIC,    36, -9.001447558403e-01, 4.856069153902e-06, 1.1123e+00, 9.6309e-03, 
 2DIAGNOSTIC,    37, -9.001595377922e-01, 5.237390723778e-06, 1.1205e+00, 8.2541e-03, 
 2DIAGNOSTIC,    38, -9.001513719559e-01, 5.059612703917e-06, 1.1300e+00, 9.4950e-03, 
 2DIAGNOSTIC,    39, -9.001410007477e-01, 4.440196789801e-06, 1.1394e+00, 9.3219e-03, 
 2DIAGNOSTIC,    40, -9.000983238220e-01, 3.116435436823e-06, 1.1508e+00, 1.1449e-02, 
 2DIAGNOSTIC,    41, -9.000735282898e-01, 1.694011757536e-06, 1.1602e+00, 9.3939e-03, 
DIAGNOSTIC,Iteration,metricValue,convergenceValue,ITERATION_TIME_INDEX,SINCE_LAST
 2DIAGNOSTIC,     1, -7.768407464027e-01, inf, 1.8567e+00, 6.9654e-01, 
 2DIAGNOSTIC,     2, -7.774796485901e-01, inf, 1.8892e+00, 3.2455e-02, 
 2DIAGNOSTIC,     3, -7.779427170753e-01, inf, 1.9214e+00, 3.2189e-02, 
 2DIAGNOSTIC,     4, -7.783213257790e-01, inf, 1.9535e+00, 3.2097e-02, 
 2DIAGNOSTIC,     5, -7.787678241730e-01, inf, 1.9859e+00, 3.2384e-02, 
 2DIAGNOSTIC,     6, -7.793966531754e-01, inf, 2.0185e+00, 3.2650e-02, 
 2DIAGNOSTIC,     7, -7.809524536133e-01, inf, 2.0554e+00, 3.6874e-02, 
 2DIAGNOSTIC,     8, -7.850412726402e-01, inf, 2.1020e+00, 4.6655e-02, 
 2DIAGNOSTIC,     9, -7.860977053642e-01, inf, 2.1343e+00, 3.2247e-02, 
 2DIAGNOSTIC,    10, -7.865466475487e-01, 8.605071925558e-04, 2.1715e+00, 3.7204e-02, 
 2DIAGNOSTIC,    11, -7.867586016655e-01, 8.442327380180e-04, 2.2136e+00, 4.2113e-02, 
 2DIAGNOSTIC,    12, -7.868928313255e-01, 7.778329309076e-04, 2.2511e+00, 3.7470e-02, 
 2DIAGNOSTIC,    13, -7.872264385223e-01, 6.721013924107e-04, 2.2885e+00, 3.7438e-02, 
 2DIAGNOSTIC,    14, -7.878349423409e-01, 5.458495579660e-04, 2.3304e+00, 4.1910e-02, 
 2DIAGNOSTIC,    15, -7.878391742706e-01, 3.989044635091e-04, 2.3675e+00, 3.7120e-02, 
 2DIAGNOSTIC,    16, -7.878344655037e-01, 2.488727041055e-04, 2.4093e+00, 4.1706e-02, 
 2DIAGNOSTIC,    17, -7.878366112709e-01, 1.251618668903e-04, 2.4467e+00, 3.7452e-02, 
 2DIAGNOSTIC,    18, -7.878398299217e-01, 8.571947546443e-05, 2.4842e+00, 3.7487e-02, 
 2DIAGNOSTIC,    19, -7.878414392471e-01, 6.248295539990e-05, 2.5214e+00, 3.7164e-02, 
 2DIAGNOSTIC,    20, -7.878412604332e-01, 4.404089850141e-05, 2.5586e+00, 3.7218e-02, 
 2DIAGNOSTIC,    21, -7.878359556198e-01, 2.715242408158e-05, 2.5912e+00, 3.2630e-02, 
 2DIAGNOSTIC,    22, -7.878387570381e-01, 1.163652814284e-05, 2.6285e+00, 3.7309e-02, 
 2DIAGNOSTIC,    23, -7.878426313400e-01, 1.558872554597e-06, 2.6656e+00, 3.7077e-02, 
 2DIAGNOSTIC,    24, -7.878399491310e-01, 1.444936401640e-06, 2.6983e+00, 3.2717e-02, 
 2DIAGNOSTIC,    25, -7.878451347351e-01, 1.471599489378e-06, 2.7362e+00, 3.7888e-02, 
 2DIAGNOSTIC,    26, -7.878484129906e-01, 1.457520511394e-06, 2.7689e+00, 3.2689e-02, 
 2DIAGNOSTIC,    27, -7.878476977348e-01, 1.439456582375e-06, 2.8011e+00, 3.2214e-02, 
 2DIAGNOSTIC,    28, -7.878432273865e-01, 1.381526317346e-06, 2.8335e+00, 3.2435e-02, 
 2DIAGNOSTIC,    29, -7.878602147102e-01, 1.538986111882e-06, 2.8659e+00, 3.2398e-02, 
 2DIAGNOSTIC,    30, -7.878773212433e-01, 1.843907625698e-06, 2.8984e+00, 3.2425e-02, 
 2DIAGNOSTIC,    31, -7.878872156143e-01, 2.102894313794e-06, 2.9442e+00, 4.5885e-02, 
 2DIAGNOSTIC,    32, -7.878872752190e-01, 2.278050487803e-06, 2.9812e+00, 3.6954e-02, 
 2DIAGNOSTIC,    33, -7.878901958466e-01, 2.402166728643e-06, 3.0311e+00, 4.9857e-02, 
 2DIAGNOSTIC,    34, -7.878911495209e-01, 2.360297457926e-06, 3.0684e+00, 3.7392e-02, 
 2DIAGNOSTIC,    35, -7.878913879395e-01, 2.236016371171e-06, 3.1006e+00, 3.2203e-02, 
 2DIAGNOSTIC,    36, -7.878909707069e-01, 2.022085709541e-06, 3.1384e+00, 3.7750e-02, 
 2DIAGNOSTIC,    37, -7.878872156143e-01, 1.673733891039e-06, 3.1753e+00, 3.6921e-02, 
 2DIAGNOSTIC,    38, -7.878871560097e-01, 1.222710807269e-06, 3.2119e+00, 3.6574e-02, 
DIAGNOSTIC,Iteration,metricValue,convergenceValue,ITERATION_TIME_INDEX,SINCE_LAST
 2DIAGNOSTIC,     1, -7.010589241982e-01, inf, 4.3156e+00, 1.1038e+00, 
 2DIAGNOSTIC,     2, -7.015588283539e-01, inf, 4.5269e+00, 2.1130e-01, 
 2DIAGNOSTIC,     3, -7.019450664520e-01, inf, 4.7398e+00, 2.1281e-01, 
 2DIAGNOSTIC,     4, -7.021960020065e-01, inf, 4.9584e+00, 2.1864e-01, 
 2DIAGNOSTIC,     5, -7.024641036987e-01, inf, 5.1734e+00, 2.1498e-01, 
 2DIAGNOSTIC,     6, -7.026966214180e-01, inf, 5.3861e+00, 2.1273e-01, 
 2DIAGNOSTIC,     7, -7.029832601547e-01, inf, 5.5962e+00, 2.1010e-01, 
 2DIAGNOSTIC,     8, -7.032116651535e-01, inf, 5.9196e+00, 3.2342e-01, 
 2DIAGNOSTIC,     9, -7.033073306084e-01, inf, 6.1313e+00, 2.1168e-01, 
 2DIAGNOSTIC,    10, -7.033509612083e-01, 2.101163263433e-04, 6.3426e+00, 2.1127e-01, 
 2DIAGNOSTIC,    11, -7.035548090935e-01, 1.647330354899e-04, 6.5549e+00, 2.1236e-01, 
 2DIAGNOSTIC,    12, -7.043700218201e-01, 1.562542311149e-04, 6.8874e+00, 3.3246e-01, 
 2DIAGNOSTIC,    13, -7.051730751991e-01, 1.713970414130e-04, 7.1010e+00, 2.1357e-01, 
 2DIAGNOSTIC,    14, -7.052479982376e-01, 1.780702732503e-04, 7.4026e+00, 3.0158e-01, 
 2DIAGNOSTIC,    15, -7.052614688873e-01, 1.759164151736e-04, 7.6482e+00, 2.4562e-01, 
 2DIAGNOSTIC,    16, -7.052639722824e-01, 1.641103881411e-04, 7.8927e+00, 2.4454e-01, 
 2DIAGNOSTIC,    17, -7.052627205849e-01, 1.450598792871e-04, 8.1368e+00, 2.4410e-01, 
 2DIAGNOSTIC,    18, -7.052680253983e-01, 1.198026875500e-04, 8.4687e+00, 3.3189e-01, 
 2DIAGNOSTIC,    19, -7.052684426308e-01, 8.853007602738e-05, 8.7431e+00, 2.7441e-01, 
 2DIAGNOSTIC,    20, -7.052684426308e-01, 5.353792221285e-05, 9.1355e+00, 3.9241e-01, 
 2DIAGNOSTIC,    21, -7.052688598633e-01, 2.073487848975e-05, 9.4090e+00, 2.7347e-01, 
 2DIAGNOSTIC,    22, -7.052683234215e-01, 3.675645075418e-06, 9.6832e+00, 2.7420e-01, 
 2DIAGNOSTIC,    23, -7.052682638168e-01, 1.954849494723e-06, 9.9292e+00, 2.4600e-01, 
 2DIAGNOSTIC,    24, -7.052682638168e-01, 1.577917487339e-06, 1.0175e+01, 2.4605e-01, 
 2DIAGNOSTIC,    25, -7.052685022354e-01, 1.428864948139e-06, 1.0427e+01, 2.5164e-01, 
 2DIAGNOSTIC,    26, -7.052682042122e-01, 1.312486915594e-06, 1.0673e+01, 2.4566e-01, 
 2DIAGNOSTIC,    27, -7.052682042122e-01, 1.175925035568e-06, 1.0917e+01, 2.4468e-01, 
 2DIAGNOSTIC,    28, -7.052682042122e-01, 1.125961603066e-06, 1.1193e+01, 2.7540e-01, 
 2DIAGNOSTIC,    29, -7.052681446075e-01, 1.085418716684e-06, 1.1440e+01, 2.4761e-01, 
 2DIAGNOSTIC,    30, -7.052680253983e-01, 1.046942543326e-06, 1.1686e+01, 2.4552e-01, 
 2DIAGNOSTIC,    31, -7.052680850029e-01, 1.018852003654e-06, 1.1932e+01, 2.4577e-01, 
DIAGNOSTIC,Iteration,metricValue,convergenceValue,ITERATION_TIME_INDEX,SINCE_LAST
 2DIAGNOSTIC,     1, -6.386213898659e-01, inf, 1.4388e+01, 2.4567e+00, 
  Elapsed time (stage 0): 1.5674e+01


Total elapsed time: 1.5675e+01
Using single precision for computations.
Input scalar image: /home/mpib/nemecz/Projects/miniTRK/Analysis/01_MRI/Preproc/GroupTempl/T1w/sub-940925_T1w.nii.gz
Reference image: /home/mpib/nemecz/Projects/miniTRK/Results/01_MRI/GroupTempl/T1w/T_template0.nii.gz
=============================================================================
The composite transform comprises the following transforms (in order): 
  1. /home/mpib/nemecz/Projects/miniTRK/Results/01_MRI/GroupTempl/T1w/rigid35_0GenericAffine.mat (type = AffineTransform)
=============================================================================
Default pixel value: 0
Interpolation type: LinearInterpolateImageFunction
Output warped image: /home/mpib/nemecz/Projects/miniTRK/Results/01_MRI/GroupTempl/T1w/rigid35_0_sub-940925_T1w.nii.gz
