All_Command_lines_OK
Using single precision for computations.
=============================================================================
The composite transform comprises the following transforms (in order): 
  1. Center of mass alignment using fixed image: /home/mpib/nemecz/Projects/miniTRK/Results/01_MRI/GroupTempl/T1w/T_template0.nii.gz and moving image: /home/mpib/nemecz/Projects/miniTRK/Analysis/01_MRI/Preproc/GroupTempl/T1w/sub-848038_T1w.nii.gz (type = Euler3DTransform)
=============================================================================
  number of levels = 4
  fixed image: /home/mpib/nemecz/Projects/miniTRK/Results/01_MRI/GroupTempl/T1w/T_template0.nii.gz
  moving image: /home/mpib/nemecz/Projects/miniTRK/Analysis/01_MRI/Preproc/GroupTempl/T1w/sub-848038_T1w.nii.gz
Dimension = 3
Number of stages = 1
Use Histogram Matching true
Winsorize image intensities true
Lower quantile = 0.01
Upper quantile = 0.99
Stage 1 State
   Image metric = Mattes
     Fixed image = Image (0x55a294836fe0)
  RTTI typeinfo:   itk::Image<float, 3u>
  Reference Count: 2
  Modified Time: 1667
  Debug: Off
  Object Name: 
  Observers: 
    none
  Source: (none)
  Source output name: (none)
  Release Data: Off
  Data Released: False
  Global Release Data: Off
  PipelineMTime: 0
  UpdateMTime: 1452
  RealTimeStamp: 0 seconds 
  LargestPossibleRegion: 
    Dimension: 3
    Index: [0, 0, 0]
    Size: [192, 256, 256]
  BufferedRegion: 
    Dimension: 3
    Index: [0, 0, 0]
    Size: [192, 256, 256]
  RequestedRegion: 
    Dimension: 3
    Index: [0, 0, 0]
    Size: [192, 256, 256]
  Spacing: [1, 1, 1]
  Origin: [95.0313, 100.538, -154.123]
  Direction: 
-0.999853 -0.014134 -0.00966312
0.014129 -0.9999 0.000586045
-0.00967044 0.000449429 0.999953

  IndexToPointMatrix: 
-0.999853 -0.014134 -0.00966312
0.014129 -0.9999 0.000586045
-0.00967044 0.000449429 0.999953

  PointToIndexMatrix: 
-0.999853 0.014129 -0.00967044
-0.014134 -0.9999 0.000449429
-0.00966312 0.000586045 0.999953

  Inverse Direction: 
-0.999853 0.014129 -0.00967044
-0.014134 -0.9999 0.000449429
-0.00966312 0.000586045 0.999953

  PixelContainer: 
    ImportImageContainer (0x55a294843970)
      RTTI typeinfo:   itk::ImportImageContainer<unsigned long, float>
      Reference Count: 1
      Modified Time: 1449
      Debug: Off
      Object Name: 
      Observers: 
        none
      Pointer: 0x7f5d5a216010
      Container manages memory: true
      Size: 12582912
      Capacity: 12582912

     Moving image = Image (0x55a294843450)
  RTTI typeinfo:   itk::Image<float, 3u>
  Reference Count: 2
  Modified Time: 1668
  Debug: Off
  Object Name: 
  Observers: 
    none
  Source: (none)
  Source output name: (none)
  Release Data: Off
  Data Released: False
  Global Release Data: Off
  PipelineMTime: 0
  UpdateMTime: 1665
  RealTimeStamp: 0 seconds 
  LargestPossibleRegion: 
    Dimension: 3
    Index: [0, 0, 0]
    Size: [192, 256, 256]
  BufferedRegion: 
    Dimension: 3
    Index: [0, 0, 0]
    Size: [192, 256, 256]
  RequestedRegion: 
    Dimension: 3
    Index: [0, 0, 0]
    Size: [192, 256, 256]
  Spacing: [1, 1, 1]
  Origin: [108.095, 80.6547, -162.718]
  Direction: 
-0.996707 -0.0529318 -0.061423
0.04509 -0.99142 0.122691
-0.0673903 0.119518 0.990542

  IndexToPointMatrix: 
-0.996707 -0.0529318 -0.061423
0.04509 -0.99142 0.122691
-0.0673903 0.119518 0.990542

  PointToIndexMatrix: 
-0.996707 0.04509 -0.0673903
-0.0529318 -0.99142 0.119517
-0.061423 0.122692 0.990542

  Inverse Direction: 
-0.996707 0.04509 -0.0673903
-0.0529318 -0.99142 0.119517
-0.061423 0.122692 0.990542

  PixelContainer: 
    ImportImageContainer (0x55a2948381a0)
      RTTI typeinfo:   itk::ImportImageContainer<unsigned long, float>
      Reference Count: 1
      Modified Time: 1662
      Debug: Off
      Object Name: 
      Observers: 
        none
      Pointer: 0x7f5d57215010
      Container manages memory: true
      Size: 12582912
      Capacity: 12582912

     Weighting = 1
     Sampling strategy = regular
     Number of bins = 32
     Radius = 4
     Sampling percentage  = 0.25
   Transform = Rigid
     Gradient step = 0.1
     Update field sigma (voxel space) = 0
     Total field sigma (voxel space) = 0
     Update field time sigma = 0
     Total field time sigma  = 0
     Number of time indices = 0
     Number of time point samples = 0
Registration using 1 total stages.

Stage 0
  iterations = 1000x500x250x0
  convergence threshold = 1e-06
  convergence window size = 10
  number of levels = 4
  using the Mattes MI metric (number of bins = 32, weight = 1)
  preprocessing:  winsorizing the image intensities
  preprocessing:  histogram matching the images
  Shrink factors (level 1 out of 4): [6, 6, 6]
  Shrink factors (level 2 out of 4): [4, 4, 4]
  Shrink factors (level 3 out of 4): [2, 2, 2]
  Shrink factors (level 4 out of 4): [1, 1, 1]
  smoothing sigmas per level: [3, 2, 1, 0]
  regular sampling (percentage = 0.25)

*** Running Euler3DTransform registration ***

DIAGNOSTIC,Iteration,metricValue,convergenceValue,ITERATION_TIME_INDEX,SINCE_LAST
 2DIAGNOSTIC,     1, -7.081814408302e-01, inf, 5.7543e-01, 5.7543e-01, 
 2DIAGNOSTIC,     2, -7.093788385391e-01, inf, 5.8622e-01, 1.0782e-02, 
 2DIAGNOSTIC,     3, -7.110527753830e-01, inf, 5.9645e-01, 1.0238e-02, 
 2DIAGNOSTIC,     4, -7.134262323380e-01, inf, 6.0623e-01, 9.7799e-03, 
 2DIAGNOSTIC,     5, -7.162485718727e-01, inf, 6.1474e-01, 8.5039e-03, 
 2DIAGNOSTIC,     6, -7.192027568817e-01, inf, 6.2362e-01, 8.8861e-03, 
 2DIAGNOSTIC,     7, -7.214288115501e-01, inf, 6.3292e-01, 9.2950e-03, 
 2DIAGNOSTIC,     8, -7.225742340088e-01, inf, 6.4280e-01, 9.8851e-03, 
 2DIAGNOSTIC,     9, -7.249642014503e-01, inf, 6.5359e-01, 1.0791e-02, 
 2DIAGNOSTIC,    10, -7.259067893028e-01, 1.733007957228e-03, 6.6306e-01, 9.4609e-03, 
 2DIAGNOSTIC,    11, -7.264899015427e-01, 1.496464596130e-03, 6.7224e-01, 9.1810e-03, 
 2DIAGNOSTIC,    12, -7.268519997597e-01, 1.217557233758e-03, 6.8073e-01, 8.4929e-03, 
 2DIAGNOSTIC,    13, -7.271969914436e-01, 9.334011119790e-04, 6.8899e-01, 8.2579e-03, 
 2DIAGNOSTIC,    14, -7.281832098961e-01, 6.989118992351e-04, 6.9880e-01, 9.8090e-03, 
 2DIAGNOSTIC,    15, -7.283810973167e-01, 5.096488166600e-04, 7.1100e-01, 1.2201e-02, 
 2DIAGNOSTIC,    16, -7.282895445824e-01, 3.679482324515e-04, 7.1980e-01, 8.7981e-03, 
 2DIAGNOSTIC,    17, -7.283080220222e-01, 2.619403530844e-04, 7.2767e-01, 7.8769e-03, 
 2DIAGNOSTIC,    18, -7.283777594566e-01, 1.691349316388e-04, 7.3692e-01, 9.2521e-03, 
 2DIAGNOSTIC,    19, -7.283902764320e-01, 1.196915618493e-04, 7.4723e-01, 1.0304e-02, 
 2DIAGNOSTIC,    20, -7.283707261086e-01, 8.217632421292e-05, 7.5606e-01, 8.8320e-03, 
 2DIAGNOSTIC,    21, -7.283483743668e-01, 5.149042408448e-05, 7.6539e-01, 9.3262e-03, 
 2DIAGNOSTIC,    22, -7.283134460449e-01, 2.489636790415e-05, 7.7374e-01, 8.3549e-03, 
 2DIAGNOSTIC,    23, -7.282671332359e-01, 3.058025868086e-06, 7.8297e-01, 9.2251e-03, 
DIAGNOSTIC,Iteration,metricValue,convergenceValue,ITERATION_TIME_INDEX,SINCE_LAST
 2DIAGNOSTIC,     1, -6.301015019417e-01, inf, 1.2985e+00, 5.1554e-01, 
 2DIAGNOSTIC,     2, -6.303956508636e-01, inf, 1.3313e+00, 3.2788e-02, 
 2DIAGNOSTIC,     3, -6.305741071701e-01, inf, 1.3639e+00, 3.2624e-02, 
 2DIAGNOSTIC,     4, -6.306951045990e-01, inf, 1.3955e+00, 3.1618e-02, 
 2DIAGNOSTIC,     5, -6.307620406151e-01, inf, 1.4277e+00, 3.2202e-02, 
 2DIAGNOSTIC,     6, -6.307718753815e-01, inf, 1.4605e+00, 3.2715e-02, 
 2DIAGNOSTIC,     7, -6.307542324066e-01, inf, 1.4969e+00, 3.6436e-02, 
 2DIAGNOSTIC,     8, -6.307337880135e-01, inf, 1.5289e+00, 3.1995e-02, 
 2DIAGNOSTIC,     9, -6.307174563408e-01, inf, 1.5614e+00, 3.2483e-02, 
 2DIAGNOSTIC,    10, -6.307060718536e-01, 4.946826811647e-05, 1.5975e+00, 3.6162e-02, 
 2DIAGNOSTIC,    11, -6.307034492493e-01, 2.020926513069e-05, 1.6295e+00, 3.1976e-02, 
 2DIAGNOSTIC,    12, -6.306959986687e-01, 4.945814907842e-06, 1.6696e+00, 4.0064e-02, 
DIAGNOSTIC,Iteration,metricValue,convergenceValue,ITERATION_TIME_INDEX,SINCE_LAST
 2DIAGNOSTIC,     1, -5.488682985306e-01, inf, 2.6328e+00, 9.6327e-01, 
 2DIAGNOSTIC,     2, -5.490813255310e-01, inf, 2.8678e+00, 2.3495e-01, 
 2DIAGNOSTIC,     3, -5.493051409721e-01, inf, 3.1028e+00, 2.3500e-01, 
 2DIAGNOSTIC,     4, -5.494329333305e-01, inf, 3.3398e+00, 2.3701e-01, 
 2DIAGNOSTIC,     5, -5.494940280914e-01, inf, 3.5736e+00, 2.3377e-01, 
 2DIAGNOSTIC,     6, -5.495892167091e-01, inf, 3.8364e+00, 2.6289e-01, 
 2DIAGNOSTIC,     7, -5.496746897697e-01, inf, 4.1702e+00, 3.3372e-01, 
 2DIAGNOSTIC,     8, -5.497385859489e-01, inf, 4.4074e+00, 2.3725e-01, 
 2DIAGNOSTIC,     9, -5.497696995735e-01, inf, 4.6752e+00, 2.6774e-01, 
 2DIAGNOSTIC,    10, -5.498018860817e-01, 1.049670827342e-04, 5.0382e+00, 3.6304e-01, 
 2DIAGNOSTIC,    11, -5.498166084290e-01, 7.501843356295e-05, 5.2723e+00, 2.3414e-01, 
 2DIAGNOSTIC,    12, -5.498138666153e-01, 5.242535553407e-05, 5.5074e+00, 2.3510e-01, 
 2DIAGNOSTIC,    13, -5.498325824738e-01, 3.838011980406e-05, 5.7422e+00, 2.3480e-01, 
 2DIAGNOSTIC,    14, -5.498605370522e-01, 2.881604996219e-05, 5.9767e+00, 2.3443e-01, 
 2DIAGNOSTIC,    15, -5.498762726784e-01, 2.068470530503e-05, 6.2429e+00, 2.6625e-01, 
 2DIAGNOSTIC,    16, -5.499048829079e-01, 1.582572258485e-05, 6.5380e+00, 2.9515e-01, 
 2DIAGNOSTIC,    17, -5.499166846275e-01, 1.318762588198e-05, 6.8051e+00, 2.6704e-01, 
 2DIAGNOSTIC,    18, -5.499280095100e-01, 1.194647302327e-05, 7.1050e+00, 2.9992e-01, 
 2DIAGNOSTIC,    19, -5.499333143234e-01, 1.085380154109e-05, 7.3722e+00, 2.6724e-01, 
 2DIAGNOSTIC,    20, -5.499327182770e-01, 9.822557331063e-06, 7.7005e+00, 3.2829e-01, 
 2DIAGNOSTIC,    21, -5.499337315559e-01, 8.521024938091e-06, 8.0295e+00, 3.2897e-01, 
 2DIAGNOSTIC,    22, -5.499335527420e-01, 6.609444426431e-06, 8.2950e+00, 2.6550e-01, 
 2DIAGNOSTIC,    23, -5.499339699745e-01, 4.802363946510e-06, 8.5924e+00, 2.9746e-01, 
 2DIAGNOSTIC,    24, -5.499334335327e-01, 3.415218770897e-06, 8.9195e+00, 3.2708e-01, 
 2DIAGNOSTIC,    25, -5.499332547188e-01, 2.254485707454e-06, 9.2181e+00, 2.9853e-01, 
 2DIAGNOSTIC,    26, -5.499331951141e-01, 1.655991923144e-06, 9.4834e+00, 2.6537e-01, 
 2DIAGNOSTIC,    27, -5.499332547188e-01, 1.282860921492e-06, 9.7510e+00, 2.6761e-01, 
 2DIAGNOSTIC,    28, -5.499333143234e-01, 1.133935029429e-06, 1.0048e+01, 2.9735e-01, 
 2DIAGNOSTIC,    29, -5.499326586723e-01, 1.078980972125e-06, 1.0318e+01, 2.6914e-01, 
 2DIAGNOSTIC,    30, -5.499326586723e-01, 1.019169303618e-06, 1.0587e+01, 2.6955e-01, 
DIAGNOSTIC,Iteration,metricValue,convergenceValue,ITERATION_TIME_INDEX,SINCE_LAST
 2DIAGNOSTIC,     1, -4.957491159439e-01, inf, 1.3120e+01, 2.5329e+00, 
  Elapsed time (stage 0): 1.4292e+01


Total elapsed time: 1.4293e+01
Using single precision for computations.
Input scalar image: /home/mpib/nemecz/Projects/miniTRK/Analysis/01_MRI/Preproc/GroupTempl/T1w/sub-848038_T1w.nii.gz
Reference image: /home/mpib/nemecz/Projects/miniTRK/Results/01_MRI/GroupTempl/T1w/T_template0.nii.gz
=============================================================================
The composite transform comprises the following transforms (in order): 
  1. /home/mpib/nemecz/Projects/miniTRK/Results/01_MRI/GroupTempl/T1w/rigid32_0GenericAffine.mat (type = AffineTransform)
=============================================================================
Default pixel value: 0
Interpolation type: LinearInterpolateImageFunction
Output warped image: /home/mpib/nemecz/Projects/miniTRK/Results/01_MRI/GroupTempl/T1w/rigid32_0_sub-848038_T1w.nii.gz
