
Running N4 for 3-dimensional images.

Mask not read.  Using the entire image as the mask.

Original intensity range:  [0, 994]

***********************************************************
Warning:  Your input image contains nonpositive values
which could cause failure or problematic results.  A
possible workaround would be to:
   1. rescale your image to positive values e.g., [10,100].
   2. run N4 on your rescaled image.
   3. (optional) rescale the N4 output to the original
      intensity range.
***********************************************************

Specified spline distance: 200mm
  original image size:  [192, 256, 256]
  padded image size:  [201, 401, 401]
  number of control points:  [4, 5, 5]

Current level = 1
  Iteration 1 (of 50).   Current convergence value = 0.000142981 (threshold = 1e-08)
  Iteration 2 (of 50).   Current convergence value = 0.00010713 (threshold = 1e-08)
  Iteration 3 (of 50).   Current convergence value = 8.82846e-05 (threshold = 1e-08)
  Iteration 4 (of 50).   Current convergence value = 8.648e-05 (threshold = 1e-08)
  Iteration 5 (of 50).   Current convergence value = 8.83463e-05 (threshold = 1e-08)
  Iteration 6 (of 50).   Current convergence value = 9.03821e-05 (threshold = 1e-08)
  Iteration 7 (of 50).   Current convergence value = 9.27011e-05 (threshold = 1e-08)
  Iteration 8 (of 50).   Current convergence value = 9.45436e-05 (threshold = 1e-08)
  Iteration 9 (of 50).   Current convergence value = 9.5868e-05 (threshold = 1e-08)
  Iteration 10 (of 50).   Current convergence value = 9.65353e-05 (threshold = 1e-08)
  Iteration 11 (of 50).   Current convergence value = 9.6644e-05 (threshold = 1e-08)
  Iteration 12 (of 50).   Current convergence value = 9.60511e-05 (threshold = 1e-08)
  Iteration 13 (of 50).   Current convergence value = 9.51707e-05 (threshold = 1e-08)
  Iteration 14 (of 50).   Current convergence value = 9.39231e-05 (threshold = 1e-08)
  Iteration 15 (of 50).   Current convergence value = 9.26572e-05 (threshold = 1e-08)
  Iteration 16 (of 50).   Current convergence value = 9.13727e-05 (threshold = 1e-08)
  Iteration 17 (of 50).   Current convergence value = 9.00896e-05 (threshold = 1e-08)
  Iteration 18 (of 50).   Current convergence value = 8.88352e-05 (threshold = 1e-08)
  Iteration 19 (of 50).   Current convergence value = 8.74789e-05 (threshold = 1e-08)
  Iteration 20 (of 50).   Current convergence value = 8.61322e-05 (threshold = 1e-08)
  Iteration 21 (of 50).   Current convergence value = 8.48321e-05 (threshold = 1e-08)
  Iteration 22 (of 50).   Current convergence value = 8.33191e-05 (threshold = 1e-08)
  Iteration 23 (of 50).   Current convergence value = 8.1859e-05 (threshold = 1e-08)
  Iteration 24 (of 50).   Current convergence value = 8.06251e-05 (threshold = 1e-08)
  Iteration 25 (of 50).   Current convergence value = 7.91139e-05 (threshold = 1e-08)
  Iteration 26 (of 50).   Current convergence value = 7.76153e-05 (threshold = 1e-08)
  Iteration 27 (of 50).   Current convergence value = 7.64148e-05 (threshold = 1e-08)
  Iteration 28 (of 50).   Current convergence value = 7.51412e-05 (threshold = 1e-08)
  Iteration 29 (of 50).   Current convergence value = 7.39264e-05 (threshold = 1e-08)
  Iteration 30 (of 50).   Current convergence value = 7.26507e-05 (threshold = 1e-08)
  Iteration 31 (of 50).   Current convergence value = 7.16589e-05 (threshold = 1e-08)
  Iteration 32 (of 50).   Current convergence value = 7.02483e-05 (threshold = 1e-08)
  Iteration 33 (of 50).   Current convergence value = 6.9108e-05 (threshold = 1e-08)
  Iteration 34 (of 50).   Current convergence value = 6.80309e-05 (threshold = 1e-08)
  Iteration 35 (of 50).   Current convergence value = 6.68874e-05 (threshold = 1e-08)
  Iteration 36 (of 50).   Current convergence value = 6.58749e-05 (threshold = 1e-08)
  Iteration 37 (of 50).   Current convergence value = 6.47532e-05 (threshold = 1e-08)
  Iteration 38 (of 50).   Current convergence value = 6.36818e-05 (threshold = 1e-08)
  Iteration 39 (of 50).   Current convergence value = 6.27829e-05 (threshold = 1e-08)
  Iteration 40 (of 50).   Current convergence value = 6.17152e-05 (threshold = 1e-08)
  Iteration 41 (of 50).   Current convergence value = 6.07447e-05 (threshold = 1e-08)
  Iteration 42 (of 50).   Current convergence value = 5.98171e-05 (threshold = 1e-08)
  Iteration 43 (of 50).   Current convergence value = 5.8802e-05 (threshold = 1e-08)
  Iteration 44 (of 50).   Current convergence value = 5.8081e-05 (threshold = 1e-08)
  Iteration 45 (of 50).   Current convergence value = 5.71619e-05 (threshold = 1e-08)
  Iteration 46 (of 50).   Current convergence value = 5.62134e-05 (threshold = 1e-08)
  Iteration 47 (of 50).   Current convergence value = 5.53182e-05 (threshold = 1e-08)
  Iteration 48 (of 50).   Current convergence value = 5.45315e-05 (threshold = 1e-08)
  Iteration 49 (of 50).   Current convergence value = 5.37107e-05 (threshold = 1e-08)
  Iteration 50 (of 50).   Current convergence value = 5.30026e-05 (threshold = 1e-08)
Current level = 2
  Iteration 1 (of 50).   Current convergence value = 0.000296654 (threshold = 1e-08)
  Iteration 2 (of 50).   Current convergence value = 0.000238343 (threshold = 1e-08)
  Iteration 3 (of 50).   Current convergence value = 0.000195442 (threshold = 1e-08)
  Iteration 4 (of 50).   Current convergence value = 0.000170195 (threshold = 1e-08)
  Iteration 5 (of 50).   Current convergence value = 0.000158056 (threshold = 1e-08)
  Iteration 6 (of 50).   Current convergence value = 0.000156334 (threshold = 1e-08)
  Iteration 7 (of 50).   Current convergence value = 0.000149975 (threshold = 1e-08)
  Iteration 8 (of 50).   Current convergence value = 0.000137091 (threshold = 1e-08)
  Iteration 9 (of 50).   Current convergence value = 0.000125485 (threshold = 1e-08)
  Iteration 10 (of 50).   Current convergence value = 0.000114639 (threshold = 1e-08)
  Iteration 11 (of 50).   Current convergence value = 0.000105926 (threshold = 1e-08)
  Iteration 12 (of 50).   Current convergence value = 9.8773e-05 (threshold = 1e-08)
  Iteration 13 (of 50).   Current convergence value = 0.000101004 (threshold = 1e-08)
  Iteration 14 (of 50).   Current convergence value = 0.000104314 (threshold = 1e-08)
  Iteration 15 (of 50).   Current convergence value = 0.000107741 (threshold = 1e-08)
  Iteration 16 (of 50).   Current convergence value = 0.00011114 (threshold = 1e-08)
  Iteration 17 (of 50).   Current convergence value = 0.000114293 (threshold = 1e-08)
  Iteration 18 (of 50).   Current convergence value = 0.000117406 (threshold = 1e-08)
  Iteration 19 (of 50).   Current convergence value = 0.000120407 (threshold = 1e-08)
  Iteration 20 (of 50).   Current convergence value = 0.000123013 (threshold = 1e-08)
  Iteration 21 (of 50).   Current convergence value = 0.000125525 (threshold = 1e-08)
  Iteration 22 (of 50).   Current convergence value = 0.000127712 (threshold = 1e-08)
  Iteration 23 (of 50).   Current convergence value = 0.000129813 (threshold = 1e-08)
  Iteration 24 (of 50).   Current convergence value = 0.000131584 (threshold = 1e-08)
  Iteration 25 (of 50).   Current convergence value = 0.000133221 (threshold = 1e-08)
  Iteration 26 (of 50).   Current convergence value = 0.000134535 (threshold = 1e-08)
  Iteration 27 (of 50).   Current convergence value = 0.000136294 (threshold = 1e-08)
  Iteration 28 (of 50).   Current convergence value = 0.000140376 (threshold = 1e-08)
  Iteration 29 (of 50).   Current convergence value = 0.000142984 (threshold = 1e-08)
  Iteration 30 (of 50).   Current convergence value = 0.000144733 (threshold = 1e-08)
  Iteration 31 (of 50).   Current convergence value = 0.000146013 (threshold = 1e-08)
  Iteration 32 (of 50).   Current convergence value = 0.000146662 (threshold = 1e-08)
  Iteration 33 (of 50).   Current convergence value = 0.000146771 (threshold = 1e-08)
  Iteration 34 (of 50).   Current convergence value = 0.000146425 (threshold = 1e-08)
  Iteration 35 (of 50).   Current convergence value = 0.000145775 (threshold = 1e-08)
  Iteration 36 (of 50).   Current convergence value = 0.000144934 (threshold = 1e-08)
  Iteration 37 (of 50).   Current convergence value = 0.000144108 (threshold = 1e-08)
  Iteration 38 (of 50).   Current convergence value = 0.000142915 (threshold = 1e-08)
  Iteration 39 (of 50).   Current convergence value = 0.000141811 (threshold = 1e-08)
  Iteration 40 (of 50).   Current convergence value = 0.000140699 (threshold = 1e-08)
  Iteration 41 (of 50).   Current convergence value = 0.000139638 (threshold = 1e-08)
  Iteration 42 (of 50).   Current convergence value = 0.000138394 (threshold = 1e-08)
  Iteration 43 (of 50).   Current convergence value = 0.000137097 (threshold = 1e-08)
  Iteration 44 (of 50).   Current convergence value = 0.000135963 (threshold = 1e-08)
  Iteration 45 (of 50).   Current convergence value = 0.000135006 (threshold = 1e-08)
  Iteration 46 (of 50).   Current convergence value = 0.000134173 (threshold = 1e-08)
  Iteration 47 (of 50).   Current convergence value = 0.000133085 (threshold = 1e-08)
  Iteration 48 (of 50).   Current convergence value = 0.000132135 (threshold = 1e-08)
  Iteration 49 (of 50).   Current convergence value = 0.000131331 (threshold = 1e-08)
  Iteration 50 (of 50).   Current convergence value = 0.000130772 (threshold = 1e-08)
Current level = 3
  Iteration 1 (of 40).   Current convergence value = 0.000731476 (threshold = 1e-08)
  Iteration 2 (of 40).   Current convergence value = 0.000640377 (threshold = 1e-08)
  Iteration 3 (of 40).   Current convergence value = 0.000591326 (threshold = 1e-08)
  Iteration 4 (of 40).   Current convergence value = 0.000560704 (threshold = 1e-08)
  Iteration 5 (of 40).   Current convergence value = 0.00054223 (threshold = 1e-08)
  Iteration 6 (of 40).   Current convergence value = 0.000533005 (threshold = 1e-08)
  Iteration 7 (of 40).   Current convergence value = 0.000529239 (threshold = 1e-08)
  Iteration 8 (of 40).   Current convergence value = 0.000529708 (threshold = 1e-08)
  Iteration 9 (of 40).   Current convergence value = 0.000534538 (threshold = 1e-08)
  Iteration 10 (of 40).   Current convergence value = 0.000542125 (threshold = 1e-08)
  Iteration 11 (of 40).   Current convergence value = 0.000550535 (threshold = 1e-08)
  Iteration 12 (of 40).   Current convergence value = 0.000559185 (threshold = 1e-08)
  Iteration 13 (of 40).   Current convergence value = 0.000567328 (threshold = 1e-08)
  Iteration 14 (of 40).   Current convergence value = 0.000578675 (threshold = 1e-08)
  Iteration 15 (of 40).   Current convergence value = 0.000583439 (threshold = 1e-08)
  Iteration 16 (of 40).   Current convergence value = 0.000600472 (threshold = 1e-08)
  Iteration 17 (of 40).   Current convergence value = 0.000621351 (threshold = 1e-08)
  Iteration 18 (of 40).   Current convergence value = 0.000640496 (threshold = 1e-08)
  Iteration 19 (of 40).   Current convergence value = 0.000661058 (threshold = 1e-08)
  Iteration 20 (of 40).   Current convergence value = 0.000682555 (threshold = 1e-08)
  Iteration 21 (of 40).   Current convergence value = 0.000707579 (threshold = 1e-08)
  Iteration 22 (of 40).   Current convergence value = 0.000723275 (threshold = 1e-08)
  Iteration 23 (of 40).   Current convergence value = 0.00073321 (threshold = 1e-08)
  Iteration 24 (of 40).   Current convergence value = 0.000753971 (threshold = 1e-08)
  Iteration 25 (of 40).   Current convergence value = 0.000775253 (threshold = 1e-08)
  Iteration 26 (of 40).   Current convergence value = 0.000798055 (threshold = 1e-08)
  Iteration 27 (of 40).   Current convergence value = 0.000828114 (threshold = 1e-08)
  Iteration 28 (of 40).   Current convergence value = 0.000858122 (threshold = 1e-08)
  Iteration 29 (of 40).   Current convergence value = 0.000897965 (threshold = 1e-08)
  Iteration 30 (of 40).   Current convergence value = 0.00093219 (threshold = 1e-08)
  Iteration 31 (of 40).   Current convergence value = 0.000930515 (threshold = 1e-08)
  Iteration 32 (of 40).   Current convergence value = 0.000916029 (threshold = 1e-08)
  Iteration 33 (of 40).   Current convergence value = 0.000909234 (threshold = 1e-08)
  Iteration 34 (of 40).   Current convergence value = 0.000900808 (threshold = 1e-08)
  Iteration 35 (of 40).   Current convergence value = 0.000893125 (threshold = 1e-08)
  Iteration 36 (of 40).   Current convergence value = 0.000891532 (threshold = 1e-08)
  Iteration 37 (of 40).   Current convergence value = 0.000884341 (threshold = 1e-08)
  Iteration 38 (of 40).   Current convergence value = 0.000855503 (threshold = 1e-08)
  Iteration 39 (of 40).   Current convergence value = 0.000807115 (threshold = 1e-08)
  Iteration 40 (of 40).   Current convergence value = 0.000766998 (threshold = 1e-08)
Current level = 4
  Iteration 1 (of 30).   Current convergence value = 0.00215784 (threshold = 1e-08)
  Iteration 2 (of 30).   Current convergence value = 0.00184778 (threshold = 1e-08)
  Iteration 3 (of 30).   Current convergence value = 0.00169515 (threshold = 1e-08)
  Iteration 4 (of 30).   Current convergence value = 0.00158255 (threshold = 1e-08)
  Iteration 5 (of 30).   Current convergence value = 0.0014812 (threshold = 1e-08)
  Iteration 6 (of 30).   Current convergence value = 0.00138618 (threshold = 1e-08)
  Iteration 7 (of 30).   Current convergence value = 0.00127049 (threshold = 1e-08)
  Iteration 8 (of 30).   Current convergence value = 0.00120991 (threshold = 1e-08)
  Iteration 9 (of 30).   Current convergence value = 0.0011579 (threshold = 1e-08)
  Iteration 10 (of 30).   Current convergence value = 0.00111527 (threshold = 1e-08)
  Iteration 11 (of 30).   Current convergence value = 0.00107349 (threshold = 1e-08)
  Iteration 12 (of 30).   Current convergence value = 0.00103832 (threshold = 1e-08)
  Iteration 13 (of 30).   Current convergence value = 0.00100762 (threshold = 1e-08)
  Iteration 14 (of 30).   Current convergence value = 0.000977341 (threshold = 1e-08)
  Iteration 15 (of 30).   Current convergence value = 0.000986993 (threshold = 1e-08)
  Iteration 16 (of 30).   Current convergence value = 0.00120785 (threshold = 1e-08)
  Iteration 17 (of 30).   Current convergence value = 0.00132703 (threshold = 1e-08)
  Iteration 18 (of 30).   Current convergence value = 0.00141189 (threshold = 1e-08)
  Iteration 19 (of 30).   Current convergence value = 0.00147162 (threshold = 1e-08)
  Iteration 20 (of 30).   Current convergence value = 0.00139563 (threshold = 1e-08)
  Iteration 21 (of 30).   Current convergence value = 0.00132806 (threshold = 1e-08)
  Iteration 22 (of 30).   Current convergence value = 0.0012806 (threshold = 1e-08)
  Iteration 23 (of 30).   Current convergence value = 0.00124022 (threshold = 1e-08)
  Iteration 24 (of 30).   Current convergence value = 0.00121213 (threshold = 1e-08)
  Iteration 25 (of 30).   Current convergence value = 0.00123507 (threshold = 1e-08)
  Iteration 26 (of 30).   Current convergence value = 0.00125589 (threshold = 1e-08)
  Iteration 27 (of 30).   Current convergence value = 0.00127043 (threshold = 1e-08)
  Iteration 28 (of 30).   Current convergence value = 0.00128485 (threshold = 1e-08)
  Iteration 29 (of 30).   Current convergence value = 0.00129328 (threshold = 1e-08)
  Iteration 30 (of 30).   Current convergence value = 0.00129952 (threshold = 1e-08)
   N4BiasFieldCorrectionImageFilter (0x55a8dabcbe20)
     RTTI typeinfo:   itk::N4BiasFieldCorrectionImageFilter<itk::Image<float, 3u>, itk::Image<float, 3u>, itk::Image<float, 3u> >
     Reference Count: 1
     Modified Time: 565
     Debug: Off
     Object Name: 
     Observers: 
       IterationEvent(Command)
     Inputs: 
       ConfidenceImage: (0)
       MaskImage: (0x55a8dabf6520)
       Primary: (0x55a8dabf1950) *
     Indexed Inputs: 
       0: Primary (0x55a8dabf1950)
       1: MaskImage (0x55a8dabf6520)
       2: ConfidenceImage (0)
     Required Input Names: Primary
     NumberOfRequiredInputs: 1
     Outputs: 
       Primary: (0x55a8dabdbef0)
     Indexed Outputs: 
       0: Primary (0x55a8dabdbef0)
     NumberOfRequiredOutputs: 1
     Number Of Work Units: 32
     ReleaseDataFlag: Off
     ReleaseDataBeforeUpdateFlag: Off
     AbortGenerateData: Off
     Progress: 0
     Multithreader: 
       RTTI typeinfo:   itk::PoolMultiThreader
       Reference Count: 1
       Modified Time: 144
       Debug: Off
       Object Name: 
       Observers: 
         none
       Number of Work Units: 32
       Number of Threads: 8
       Global Maximum Number Of Threads: 128
       Global Default Number Of Threads: 8
       Global Default Threader Type: itk::MultiThreaderBaseEnums::Threader::Pool
       SingleMethod: 0
       SingleData: 0
     DynamicMultiThreading: On
     CoordinateTolerance: 1e-06
     DirectionTolerance: 1e-06
     Use Mask Label: 0
     Mask label: 1
     Number of histogram bins: 200
     Wiener filter noise: 0.01
     Bias field FWHM: 0.15
     Maximum number of iterations: [50, 50, 40, 30]
     Convergence threshold: 1e-08
     Spline order: 3
     Number of fitting levels: [4, 4, 4]
     Number of control points: [4, 5, 5]
     CurrentConvergenceMeasurement: 0.00129952
     CurrentLevel: 4
     ElapsedIterations: 31
     LogBiasFieldControlPointLattice: 
       Image (0x55a8e16d7a50)
         RTTI typeinfo:   itk::Image<itk::Vector<float, 1u>, 3u>
         Reference Count: 1
         Modified Time: 343560
         Debug: Off
         Object Name: 
         Observers: 
           none
         Source: (none)
         Source output name: (none)
         Release Data: Off
         Data Released: False
         Global Release Data: Off
         PipelineMTime: 0
         UpdateMTime: 0
         RealTimeStamp: 0 seconds 
         LargestPossibleRegion: 
           Dimension: 3
           Index: [0, 0, 0]
           Size: [11, 19, 19]
         BufferedRegion: 
           Dimension: 3
           Index: [0, 0, 0]
           Size: [11, 19, 19]
         RequestedRegion: 
           Dimension: 3
           Index: [0, 0, 0]
           Size: [11, 19, 19]
         Spacing: [24.75, 24.875, 24.875]
         Origin: [24.6694, 20.6993, -28.5141]
         Direction: 
-0.999997 0.00139142 0.00184665
-0.00108505 -0.98766 0.156609
0.00204177 0.156606 0.987659

         IndexToPointMatrix: 
-24.7499 0.0346116 0.0459354
-0.026855 -24.568 3.89565
0.0505338 3.89558 24.568

         PointToIndexMatrix: 
-0.0404039 -4.38405e-05 8.24958e-05
5.59365e-05 -0.0397049 0.00629574
7.42372e-05 0.00629582 0.0397049

         Inverse Direction: 
-0.999997 -0.00108505 0.00204177
0.00139142 -0.98766 0.156607
0.00184665 0.156608 0.987659

         PixelContainer: 
           ImportImageContainer (0x55a8e6b75b70)
             RTTI typeinfo:   itk::ImportImageContainer<unsigned long, itk::Vector<float, 1u> >
             Reference Count: 1
             Modified Time: 343561
             Debug: Off
             Object Name: 
             Observers: 
               none
             Pointer: 0x55a8e4d689d0
             Container manages memory: true
             Size: 3971
             Capacity: 3971
Elapsed time: 309.895
All_Command_lines_OK
Using single precision for computations.
=============================================================================
The composite transform comprises the following transforms (in order): 
  1. Center of mass alignment using fixed image: /home/mpib/nemecz/Projects/miniTRK/Results/01_MRI/GroupTempl/T1w/T_template0.nii.gz and moving image: /home/mpib/nemecz/Projects/miniTRK/Analysis/01_MRI/Preproc/GroupTempl/T1w/sub-766406_T1w.nii.gz (type = Euler3DTransform)
=============================================================================
  number of levels = 4
  number of levels = 4
  number of levels = 4
  fixed image: /home/mpib/nemecz/Projects/miniTRK/Results/01_MRI/GroupTempl/T1w/T_template0.nii.gz
  moving image: /home/mpib/nemecz/Projects/miniTRK/Results/01_MRI/GroupTempl/T1w/T_template0sub-766406_T1wRepaired.nii.gz
  fixed image: /home/mpib/nemecz/Projects/miniTRK/Results/01_MRI/GroupTempl/T1w/T_template0.nii.gz
  moving image: /home/mpib/nemecz/Projects/miniTRK/Results/01_MRI/GroupTempl/T1w/T_template0sub-766406_T1wRepaired.nii.gz
  fixed image: /home/mpib/nemecz/Projects/miniTRK/Results/01_MRI/GroupTempl/T1w/T_template0.nii.gz
  moving image: /home/mpib/nemecz/Projects/miniTRK/Results/01_MRI/GroupTempl/T1w/T_template0sub-766406_T1wRepaired.nii.gz
Dimension = 3
Number of stages = 3
Use Histogram Matching true
Winsorize image intensities true
Lower quantile = 0.01
Upper quantile = 0.99
Stage 1 State
   Image metric = Mattes
     Fixed image = Image (0x5622e5787ad0)
  RTTI typeinfo:   itk::Image<float, 3u>
  Reference Count: 2
  Modified Time: 1721
  Debug: Off
  Object Name: 
  Observers: 
    none
  Source: (none)
  Source output name: (none)
  Release Data: Off
  Data Released: False
  Global Release Data: Off
  PipelineMTime: 0
  UpdateMTime: 1506
  RealTimeStamp: 0 seconds 
  LargestPossibleRegion: 
    Dimension: 3
    Index: [0, 0, 0]
    Size: [192, 256, 256]
  BufferedRegion: 
    Dimension: 3
    Index: [0, 0, 0]
    Size: [192, 256, 256]
  RequestedRegion: 
    Dimension: 3
    Index: [0, 0, 0]
    Size: [192, 256, 256]
  Spacing: [1, 1, 1]
  Origin: [95.0313, 100.538, -154.123]
  Direction: 
-0.999853 -0.014134 -0.00966312
0.014129 -0.9999 0.000586045
-0.00967044 0.000449429 0.999953

  IndexToPointMatrix: 
-0.999853 -0.014134 -0.00966312
0.014129 -0.9999 0.000586045
-0.00967044 0.000449429 0.999953

  PointToIndexMatrix: 
-0.999853 0.014129 -0.00967044
-0.014134 -0.9999 0.000449429
-0.00966312 0.000586045 0.999953

  Inverse Direction: 
-0.999853 0.014129 -0.00967044
-0.014134 -0.9999 0.000449429
-0.00966312 0.000586045 0.999953

  PixelContainer: 
    ImportImageContainer (0x5622e578fc80)
      RTTI typeinfo:   itk::ImportImageContainer<unsigned long, float>
      Reference Count: 1
      Modified Time: 1503
      Debug: Off
      Object Name: 
      Observers: 
        none
      Pointer: 0x7fa800616010
      Container manages memory: true
      Size: 12582912
      Capacity: 12582912

     Moving image = Image (0x5622e5793e40)
  RTTI typeinfo:   itk::Image<float, 3u>
  Reference Count: 2
  Modified Time: 1722
  Debug: Off
  Object Name: 
  Observers: 
    none
  Source: (none)
  Source output name: (none)
  Release Data: Off
  Data Released: False
  Global Release Data: Off
  PipelineMTime: 0
  UpdateMTime: 1719
  RealTimeStamp: 0 seconds 
  LargestPossibleRegion: 
    Dimension: 3
    Index: [0, 0, 0]
    Size: [192, 256, 256]
  BufferedRegion: 
    Dimension: 3
    Index: [0, 0, 0]
    Size: [192, 256, 256]
  RequestedRegion: 
    Dimension: 3
    Index: [0, 0, 0]
    Size: [192, 256, 256]
  Spacing: [1, 1, 1]
  Origin: [93.1986, 80.3133, -166.595]
  Direction: 
-0.999997 0.00139142 0.00184665
-0.00108505 -0.98766 0.156609
0.00204177 0.156606 0.987659

  IndexToPointMatrix: 
-0.999997 0.00139142 0.00184665
-0.00108505 -0.98766 0.156609
0.00204177 0.156606 0.987659

  PointToIndexMatrix: 
-0.999997 -0.00108505 0.00204177
0.00139142 -0.98766 0.156606
0.00184665 0.156609 0.987659

  Inverse Direction: 
-0.999997 -0.00108505 0.00204177
0.00139142 -0.98766 0.156606
0.00184665 0.156609 0.987659

  PixelContainer: 
    ImportImageContainer (0x5622e578b2d0)
      RTTI typeinfo:   itk::ImportImageContainer<unsigned long, float>
      Reference Count: 1
      Modified Time: 1716
      Debug: Off
      Object Name: 
      Observers: 
        none
      Pointer: 0x7fa7fd615010
      Container manages memory: true
      Size: 12582912
      Capacity: 12582912

     Weighting = 1
     Sampling strategy = regular
     Number of bins = 32
     Radius = 4
     Sampling percentage  = 0.25
   Transform = Rigid
     Gradient step = 0.1
     Update field sigma (voxel space) = 0
     Total field sigma (voxel space) = 0
     Update field time sigma = 0
     Total field time sigma  = 0
     Number of time indices = 0
     Number of time point samples = 0
Stage 2 State
   Image metric = Mattes
     Fixed image = Image (0x5622e57a08d0)
  RTTI typeinfo:   itk::Image<float, 3u>
  Reference Count: 2
  Modified Time: 2149
  Debug: Off
  Object Name: 
  Observers: 
    none
  Source: (none)
  Source output name: (none)
  Release Data: Off
  Data Released: False
  Global Release Data: Off
  PipelineMTime: 0
  UpdateMTime: 1934
  RealTimeStamp: 0 seconds 
  LargestPossibleRegion: 
    Dimension: 3
    Index: [0, 0, 0]
    Size: [192, 256, 256]
  BufferedRegion: 
    Dimension: 3
    Index: [0, 0, 0]
    Size: [192, 256, 256]
  RequestedRegion: 
    Dimension: 3
    Index: [0, 0, 0]
    Size: [192, 256, 256]
  Spacing: [1, 1, 1]
  Origin: [95.0313, 100.538, -154.123]
  Direction: 
-0.999853 -0.014134 -0.00966312
0.014129 -0.9999 0.000586045
-0.00967044 0.000449429 0.999953

  IndexToPointMatrix: 
-0.999853 -0.014134 -0.00966312
0.014129 -0.9999 0.000586045
-0.00967044 0.000449429 0.999953

  PointToIndexMatrix: 
-0.999853 0.014129 -0.00967044
-0.014134 -0.9999 0.000449429
-0.00966312 0.000586045 0.999953

  Inverse Direction: 
-0.999853 0.014129 -0.00967044
-0.014134 -0.9999 0.000449429
-0.00966312 0.000586045 0.999953

  PixelContainer: 
    ImportImageContainer (0x5622e57906a0)
      RTTI typeinfo:   itk::ImportImageContainer<unsigned long, float>
      Reference Count: 1
      Modified Time: 1931
      Debug: Off
      Object Name: 
      Observers: 
        none
      Pointer: 0x7fa7fa614010
      Container manages memory: true
      Size: 12582912
      Capacity: 12582912

     Moving image = Image (0x5622e57a0530)
  RTTI typeinfo:   itk::Image<float, 3u>
  Reference Count: 2
  Modified Time: 2150
  Debug: Off
  Object Name: 
  Observers: 
    none
  Source: (none)
  Source output name: (none)
  Release Data: Off
  Data Released: False
  Global Release Data: Off
  PipelineMTime: 0
  UpdateMTime: 2147
  RealTimeStamp: 0 seconds 
  LargestPossibleRegion: 
    Dimension: 3
    Index: [0, 0, 0]
    Size: [192, 256, 256]
  BufferedRegion: 
    Dimension: 3
    Index: [0, 0, 0]
    Size: [192, 256, 256]
  RequestedRegion: 
    Dimension: 3
    Index: [0, 0, 0]
    Size: [192, 256, 256]
  Spacing: [1, 1, 1]
  Origin: [93.1986, 80.3133, -166.595]
  Direction: 
-0.999997 0.00139142 0.00184665
-0.00108505 -0.98766 0.156609
0.00204177 0.156606 0.987659

  IndexToPointMatrix: 
-0.999997 0.00139142 0.00184665
-0.00108505 -0.98766 0.156609
0.00204177 0.156606 0.987659

  PointToIndexMatrix: 
-0.999997 -0.00108505 0.00204177
0.00139142 -0.98766 0.156606
0.00184665 0.156609 0.987659

  Inverse Direction: 
-0.999997 -0.00108505 0.00204177
0.00139142 -0.98766 0.156606
0.00184665 0.156609 0.987659

  PixelContainer: 
    ImportImageContainer (0x5622e57a18a0)
      RTTI typeinfo:   itk::ImportImageContainer<unsigned long, float>
      Reference Count: 1
      Modified Time: 2144
      Debug: Off
      Object Name: 
      Observers: 
        none
      Pointer: 0x7fa7f7613010
      Container manages memory: true
      Size: 12582912
      Capacity: 12582912

     Weighting = 1
     Sampling strategy = regular
     Number of bins = 32
     Radius = 4
     Sampling percentage  = 0.25
   Transform = Affine
     Gradient step = 0.1
     Update field sigma (voxel space) = 0
     Total field sigma (voxel space) = 0
     Update field time sigma = 0
     Total field time sigma  = 0
     Number of time indices = 0
     Number of time point samples = 0
Stage 3 State
   Image metric = CC
     Fixed image = Image (0x5622e57a7a00)
  RTTI typeinfo:   itk::Image<float, 3u>
  Reference Count: 2
  Modified Time: 2577
  Debug: Off
  Object Name: 
  Observers: 
    none
  Source: (none)
  Source output name: (none)
  Release Data: Off
  Data Released: False
  Global Release Data: Off
  PipelineMTime: 0
  UpdateMTime: 2362
  RealTimeStamp: 0 seconds 
  LargestPossibleRegion: 
    Dimension: 3
    Index: [0, 0, 0]
    Size: [192, 256, 256]
  BufferedRegion: 
    Dimension: 3
    Index: [0, 0, 0]
    Size: [192, 256, 256]
  RequestedRegion: 
    Dimension: 3
    Index: [0, 0, 0]
    Size: [192, 256, 256]
  Spacing: [1, 1, 1]
  Origin: [95.0313, 100.538, -154.123]
  Direction: 
-0.999853 -0.014134 -0.00966312
0.014129 -0.9999 0.000586045
-0.00967044 0.000449429 0.999953

  IndexToPointMatrix: 
-0.999853 -0.014134 -0.00966312
0.014129 -0.9999 0.000586045
-0.00967044 0.000449429 0.999953

  PointToIndexMatrix: 
-0.999853 0.014129 -0.00967044
-0.014134 -0.9999 0.000449429
-0.00966312 0.000586045 0.999953

  Inverse Direction: 
-0.999853 0.014129 -0.00967044
-0.014134 -0.9999 0.000449429
-0.00966312 0.000586045 0.999953

  PixelContainer: 
    ImportImageContainer (0x5622e5789b50)
      RTTI typeinfo:   itk::ImportImageContainer<unsigned long, float>
      Reference Count: 1
      Modified Time: 2359
      Debug: Off
      Object Name: 
      Observers: 
        none
      Pointer: 0x7fa7f4612010
      Container manages memory: true
      Size: 12582912
      Capacity: 12582912

     Moving image = Image (0x5622e57a4d50)
  RTTI typeinfo:   itk::Image<float, 3u>
  Reference Count: 2
  Modified Time: 2578
  Debug: Off
  Object Name: 
  Observers: 
    none
  Source: (none)
  Source output name: (none)
  Release Data: Off
  Data Released: False
  Global Release Data: Off
  PipelineMTime: 0
  UpdateMTime: 2575
  RealTimeStamp: 0 seconds 
  LargestPossibleRegion: 
    Dimension: 3
    Index: [0, 0, 0]
    Size: [192, 256, 256]
  BufferedRegion: 
    Dimension: 3
    Index: [0, 0, 0]
    Size: [192, 256, 256]
  RequestedRegion: 
    Dimension: 3
    Index: [0, 0, 0]
    Size: [192, 256, 256]
  Spacing: [1, 1, 1]
  Origin: [93.1986, 80.3133, -166.595]
  Direction: 
-0.999997 0.00139142 0.00184665
-0.00108505 -0.98766 0.156609
0.00204177 0.156606 0.987659

  IndexToPointMatrix: 
-0.999997 0.00139142 0.00184665
-0.00108505 -0.98766 0.156609
0.00204177 0.156606 0.987659

  PointToIndexMatrix: 
-0.999997 -0.00108505 0.00204177
0.00139142 -0.98766 0.156606
0.00184665 0.156609 0.987659

  Inverse Direction: 
-0.999997 -0.00108505 0.00204177
0.00139142 -0.98766 0.156606
0.00184665 0.156609 0.987659

  PixelContainer: 
    ImportImageContainer (0x5622e57a3b00)
      RTTI typeinfo:   itk::ImportImageContainer<unsigned long, float>
      Reference Count: 1
      Modified Time: 2572
      Debug: Off
      Object Name: 
      Observers: 
        none
      Pointer: 0x7fa7f1611010
      Container manages memory: true
      Size: 12582912
      Capacity: 12582912

     Weighting = 1
     Sampling strategy = none
     Number of bins = 32
     Radius = 4
     Sampling percentage  = 1
   Transform = SyN
     Gradient step = 0.1
     Update field sigma (voxel space) = 3
     Total field sigma (voxel space) = 0
     Update field time sigma = 0
     Total field time sigma  = 0
     Number of time indices = 0
     Number of time point samples = 0
Registration using 3 total stages.

Stage 0
  iterations = 1000x500x250x0
  convergence threshold = 1e-06
  convergence window size = 10
  number of levels = 4
  using the Mattes MI metric (number of bins = 32, weight = 1)
  preprocessing:  winsorizing the image intensities
  preprocessing:  histogram matching the images
  Shrink factors (level 1 out of 4): [6, 6, 6]
  Shrink factors (level 2 out of 4): [4, 4, 4]
  Shrink factors (level 3 out of 4): [2, 2, 2]
  Shrink factors (level 4 out of 4): [1, 1, 1]
  smoothing sigmas per level: [4, 2, 1, 0]
  regular sampling (percentage = 0.25)

*** Running Euler3DTransform registration ***

DIAGNOSTIC,Iteration,metricValue,convergenceValue,ITERATION_TIME_INDEX,SINCE_LAST
 2DIAGNOSTIC,     1, -7.246891856194e-01, inf, 8.5022e-01, 8.5022e-01, 
 2DIAGNOSTIC,     2, -7.297888398170e-01, inf, 8.6476e-01, 1.4541e-02, 
 2DIAGNOSTIC,     3, -7.387231588364e-01, inf, 8.7526e-01, 1.0502e-02, 
 2DIAGNOSTIC,     4, -7.542073726654e-01, inf, 8.8575e-01, 1.0481e-02, 
 2DIAGNOSTIC,     5, -7.803258895874e-01, inf, 8.9526e-01, 9.5170e-03, 
 2DIAGNOSTIC,     6, -8.174134492874e-01, inf, 9.0548e-01, 1.0215e-02, 
 2DIAGNOSTIC,     7, -8.578122854233e-01, inf, 9.1554e-01, 1.0059e-02, 
 2DIAGNOSTIC,     8, -8.764790296555e-01, inf, 9.2803e-01, 1.2497e-02, 
 2DIAGNOSTIC,     9, -8.826152682304e-01, inf, 9.4074e-01, 1.2709e-02, 
 2DIAGNOSTIC,    10, -8.847078680992e-01, 1.571150124073e-02, 9.5294e-01, 1.2202e-02, 
 2DIAGNOSTIC,    11, -8.864264488220e-01, 1.355274394155e-02, 9.6378e-01, 1.0835e-02, 
 2DIAGNOSTIC,    12, -8.881988525391e-01, 1.076169870794e-02, 9.7443e-01, 1.0654e-02, 
 2DIAGNOSTIC,    13, -8.900812864304e-01, 7.753931451589e-03, 9.8530e-01, 1.0864e-02, 
 2DIAGNOSTIC,    14, -8.951062560081e-01, 5.012095905840e-03, 9.9848e-01, 1.3181e-02, 
 2DIAGNOSTIC,    15, -8.951519131660e-01, 2.792995655909e-03, 1.0105e+00, 1.1988e-02, 
 2DIAGNOSTIC,    16, -8.956469297409e-01, 1.396263134666e-03, 1.0251e+00, 1.4659e-02, 
 2DIAGNOSTIC,    17, -8.963840603828e-01, 8.566798642278e-04, 1.0369e+00, 1.1820e-02, 
 2DIAGNOSTIC,    18, -8.984072208405e-01, 6.854922976345e-04, 1.0473e+00, 1.0327e-02, 
 2DIAGNOSTIC,    19, -9.015646576881e-01, 6.317852530628e-04, 1.0609e+00, 1.3580e-02, 
 2DIAGNOSTIC,    20, -9.017961621284e-01, 5.630637751892e-04, 1.0721e+00, 1.1229e-02, 
 2DIAGNOSTIC,    21, -9.018680453300e-01, 4.792515828740e-04, 1.0833e+00, 1.1192e-02, 
 2DIAGNOSTIC,    22, -9.018820524216e-01, 3.865767212119e-04, 1.0948e+00, 1.1525e-02, 
 2DIAGNOSTIC,    23, -9.018479585648e-01, 2.905146393459e-04, 1.1075e+00, 1.2653e-02, 
 2DIAGNOSTIC,    24, -9.017868041992e-01, 2.437110233586e-04, 1.1191e+00, 1.1644e-02, 
 2DIAGNOSTIC,    25, -9.017615914345e-01, 1.785692438716e-04, 1.1292e+00, 1.0147e-02, 
 2DIAGNOSTIC,    26, -9.017428755760e-01, 1.087340788217e-04, 1.1392e+00, 9.9139e-03, 
 2DIAGNOSTIC,    27, -9.017953872681e-01, 4.361573883216e-05, 1.1490e+00, 9.8090e-03, 
 2DIAGNOSTIC,    28, -9.018229246140e-01, 2.398197011644e-06, 1.1603e+00, 1.1353e-02, 
DIAGNOSTIC,Iteration,metricValue,convergenceValue,ITERATION_TIME_INDEX,SINCE_LAST
 2DIAGNOSTIC,     1, -6.972059607506e-01, inf, 1.9289e+00, 7.6854e-01, 
 2DIAGNOSTIC,     2, -6.973943710327e-01, inf, 1.9665e+00, 3.7649e-02, 
 2DIAGNOSTIC,     3, -6.976640820503e-01, inf, 2.0042e+00, 3.7643e-02, 
 2DIAGNOSTIC,     4, -6.982061266899e-01, inf, 2.0427e+00, 3.8530e-02, 
 2DIAGNOSTIC,     5, -6.989552974701e-01, inf, 2.0813e+00, 3.8585e-02, 
 2DIAGNOSTIC,     6, -6.997899413109e-01, inf, 2.1191e+00, 3.7794e-02, 
 2DIAGNOSTIC,     7, -7.010879516602e-01, inf, 2.1682e+00, 4.9142e-02, 
 2DIAGNOSTIC,     8, -7.011739611626e-01, inf, 2.2271e+00, 5.8892e-02, 
 2DIAGNOSTIC,     9, -7.012167572975e-01, inf, 2.2649e+00, 3.7813e-02, 
 2DIAGNOSTIC,    10, -7.013028860092e-01, 4.657755489461e-04, 2.3083e+00, 4.3428e-02, 
 2DIAGNOSTIC,    11, -7.013645172119e-01, 3.911707317457e-04, 2.3460e+00, 3.7706e-02, 
 2DIAGNOSTIC,    12, -7.013810873032e-01, 3.006740007550e-04, 2.3879e+00, 4.1846e-02, 
 2DIAGNOSTIC,    13, -7.014279961586e-01, 2.071876224363e-04, 2.4299e+00, 4.1995e-02, 
 2DIAGNOSTIC,    14, -7.014454007149e-01, 1.249555061804e-04, 2.4677e+00, 3.7821e-02, 
 2DIAGNOSTIC,    15, -7.014623284340e-01, 6.301808753051e-05, 2.5164e+00, 4.8742e-02, 
 2DIAGNOSTIC,    16, -7.014836072922e-01, 2.404458609817e-05, 2.5844e+00, 6.7990e-02, 
 2DIAGNOSTIC,    17, -7.014878988266e-01, 1.869463449111e-05, 2.6296e+00, 4.5134e-02, 
 2DIAGNOSTIC,    18, -7.014825940132e-01, 1.421295019099e-05, 2.6701e+00, 4.0498e-02, 
 2DIAGNOSTIC,    19, -7.014712095261e-01, 9.690984370536e-06, 2.7106e+00, 4.0566e-02, 
 2DIAGNOSTIC,    20, -7.014669179916e-01, 6.519294402096e-06, 2.7482e+00, 3.7530e-02, 
 2DIAGNOSTIC,    21, -7.014724612236e-01, 4.485877525440e-06, 2.7913e+00, 4.3179e-02, 
 2DIAGNOSTIC,    22, -7.014687061310e-01, 2.571120603534e-06, 2.8295e+00, 3.8184e-02, 
 2DIAGNOSTIC,    23, -7.014680504799e-01, 1.538645733490e-06, 2.8842e+00, 5.4705e-02, 
DIAGNOSTIC,Iteration,metricValue,convergenceValue,ITERATION_TIME_INDEX,SINCE_LAST
 2DIAGNOSTIC,     1, -6.216815114021e-01, inf, 4.1855e+00, 1.3013e+00, 
 2DIAGNOSTIC,     2, -6.217544078827e-01, inf, 4.4146e+00, 2.2912e-01, 
 2DIAGNOSTIC,     3, -6.218742728233e-01, inf, 4.6379e+00, 2.2330e-01, 
 2DIAGNOSTIC,     4, -6.219925880432e-01, inf, 4.8628e+00, 2.2485e-01, 
 2DIAGNOSTIC,     5, -6.220286488533e-01, inf, 5.1303e+00, 2.6756e-01, 
 2DIAGNOSTIC,     6, -6.221354007721e-01, inf, 5.5593e+00, 4.2894e-01, 
 2DIAGNOSTIC,     7, -6.221317648888e-01, inf, 5.8203e+00, 2.6105e-01, 
 2DIAGNOSTIC,     8, -6.221258640289e-01, inf, 6.0796e+00, 2.5932e-01, 
 2DIAGNOSTIC,     9, -6.221233010292e-01, inf, 6.3384e+00, 2.5880e-01, 
 2DIAGNOSTIC,    10, -6.221184730530e-01, 4.971936141374e-05, 6.7475e+00, 4.0909e-01, 
 2DIAGNOSTIC,    11, -6.221195459366e-01, 3.259302684455e-05, 7.0050e+00, 2.5748e-01, 
 2DIAGNOSTIC,    12, -6.221197843552e-01, 1.837197305576e-05, 7.4340e+00, 4.2904e-01, 
 2DIAGNOSTIC,    13, -6.221198439598e-01, 9.093660992221e-06, 7.6820e+00, 2.4798e-01, 
 2DIAGNOSTIC,    14, -6.221197843552e-01, 4.406410425872e-06, 7.9898e+00, 3.0777e-01, 
 2DIAGNOSTIC,    15, -6.221197247505e-01, 1.151310812020e-06, 8.2367e+00, 2.4692e-01, 
 2DIAGNOSTIC,    16, -6.221196651459e-01, 1.438573235646e-06, 8.4974e+00, 2.6068e-01, 
 2DIAGNOSTIC,    17, -6.221196055412e-01, 1.644709186621e-06, 8.7691e+00, 2.7173e-01, 
 2DIAGNOSTIC,    18, -6.221195459366e-01, 1.698375740489e-06, 9.0809e+00, 3.1182e-01, 
 2DIAGNOSTIC,    19, -6.221194863319e-01, 1.693483568488e-06, 9.3730e+00, 2.9210e-01, 
 2DIAGNOSTIC,    20, -6.221194863319e-01, 1.576431941430e-06, 9.6410e+00, 2.6800e-01, 
 2DIAGNOSTIC,    21, -6.221194863319e-01, 1.495036713095e-06, 9.8841e+00, 2.4301e-01, 
 2DIAGNOSTIC,    22, -6.221194863319e-01, 1.427787083230e-06, 1.0124e+01, 2.4021e-01, 
 2DIAGNOSTIC,    23, -6.221194863319e-01, 1.369306346533e-06, 1.0372e+01, 2.4793e-01, 
 2DIAGNOSTIC,    24, -6.221195459366e-01, 1.317021656178e-06, 1.0612e+01, 2.4007e-01, 
 2DIAGNOSTIC,    25, -6.221195459366e-01, 1.268602204618e-06, 1.0856e+01, 2.4352e-01, 
 2DIAGNOSTIC,    26, -6.221195459366e-01, 1.223239678438e-06, 1.1106e+01, 2.5023e-01, 
 2DIAGNOSTIC,    27, -6.221194267273e-01, 1.178274374070e-06, 1.1363e+01, 2.5661e-01, 
 2DIAGNOSTIC,    28, -6.221194267273e-01, 1.135624302151e-06, 1.1620e+01, 2.5703e-01, 
 2DIAGNOSTIC,    29, -6.221194267273e-01, 1.094987965189e-06, 1.1846e+01, 2.2644e-01, 
 2DIAGNOSTIC,    30, -6.221194863319e-01, 1.058122734321e-06, 1.2099e+01, 2.5333e-01, 
 2DIAGNOSTIC,    31, -6.221194267273e-01, 1.022969172482e-06, 1.2345e+01, 2.4550e-01, 
DIAGNOSTIC,Iteration,metricValue,convergenceValue,ITERATION_TIME_INDEX,SINCE_LAST
 2DIAGNOSTIC,     1, -5.629447698593e-01, inf, 1.5141e+01, 2.7965e+00, 
  Elapsed time (stage 0): 1.6298e+01


Stage 1
  iterations = 1000x500x250x0
  convergence threshold = 1.0000e-06
  convergence window size = 10
  number of levels = 4
  using the Mattes MI metric (number of bins = 32, weight = 1.0000e+00)
  preprocessing:  winsorizing the image intensities
  preprocessing:  histogram matching the images
  Shrink factors (level 1 out of 4): [6, 6, 6]
  Shrink factors (level 2 out of 4): [4, 4, 4]
  Shrink factors (level 3 out of 4): [2, 2, 2]
  Shrink factors (level 4 out of 4): [1, 1, 1]
  smoothing sigmas per level: [4, 2, 1, 0]
  regular sampling (percentage = 2.5000e-01)

*** Running AffineTransform registration ***

DIAGNOSTIC,Iteration,metricValue,convergenceValue,ITERATION_TIME_INDEX,SINCE_LAST
 2DIAGNOSTIC,     1, -8.878682255745e-01, inf, 8.6589e-01, 8.6589e-01, 
 2DIAGNOSTIC,     2, -8.914097547531e-01, inf, 8.7693e-01, 1.1038e-02, 
 2DIAGNOSTIC,     3, -8.972652554512e-01, inf, 8.8808e-01, 1.1153e-02, 
 2DIAGNOSTIC,     4, -9.067531824112e-01, inf, 8.9969e-01, 1.1604e-02, 
 2DIAGNOSTIC,     5, -9.223339557648e-01, inf, 9.1109e-01, 1.1404e-02, 
 2DIAGNOSTIC,     6, -9.474002122879e-01, inf, 9.2278e-01, 1.1692e-02, 
 2DIAGNOSTIC,     7, -9.857100248337e-01, inf, 9.3526e-01, 1.2481e-02, 
 2DIAGNOSTIC,     8, -1.010226368904e+00, inf, 9.5089e-01, 1.5628e-02, 
 2DIAGNOSTIC,     9, -1.012611746788e+00, inf, 9.6876e-01, 1.7864e-02, 
