
Running N4 for 3-dimensional images.

Mask not read.  Using the entire image as the mask.

Original intensity range:  [0, 970]

***********************************************************
Warning:  Your input image contains nonpositive values
which could cause failure or problematic results.  A
possible workaround would be to:
   1. rescale your image to positive values e.g., [10,100].
   2. run N4 on your rescaled image.
   3. (optional) rescale the N4 output to the original
      intensity range.
***********************************************************

Specified spline distance: 200mm
  original image size:  [192, 256, 256]
  padded image size:  [201, 401, 401]
  number of control points:  [4, 5, 5]

Current level = 1
  Iteration 1 (of 50).   Current convergence value = 0.000753183 (threshold = 1e-08)
  Iteration 2 (of 50).   Current convergence value = 0.000478587 (threshold = 1e-08)
  Iteration 3 (of 50).   Current convergence value = 0.00031201 (threshold = 1e-08)
  Iteration 4 (of 50).   Current convergence value = 0.000229922 (threshold = 1e-08)
  Iteration 5 (of 50).   Current convergence value = 0.00017976 (threshold = 1e-08)
  Iteration 6 (of 50).   Current convergence value = 0.000146589 (threshold = 1e-08)
  Iteration 7 (of 50).   Current convergence value = 0.000125082 (threshold = 1e-08)
  Iteration 8 (of 50).   Current convergence value = 0.000111464 (threshold = 1e-08)
  Iteration 9 (of 50).   Current convergence value = 0.000102596 (threshold = 1e-08)
  Iteration 10 (of 50).   Current convergence value = 9.66927e-05 (threshold = 1e-08)
  Iteration 11 (of 50).   Current convergence value = 9.24853e-05 (threshold = 1e-08)
  Iteration 12 (of 50).   Current convergence value = 8.89471e-05 (threshold = 1e-08)
  Iteration 13 (of 50).   Current convergence value = 8.53954e-05 (threshold = 1e-08)
  Iteration 14 (of 50).   Current convergence value = 8.23178e-05 (threshold = 1e-08)
  Iteration 15 (of 50).   Current convergence value = 7.87035e-05 (threshold = 1e-08)
  Iteration 16 (of 50).   Current convergence value = 7.50839e-05 (threshold = 1e-08)
  Iteration 17 (of 50).   Current convergence value = 7.1545e-05 (threshold = 1e-08)
  Iteration 18 (of 50).   Current convergence value = 6.81101e-05 (threshold = 1e-08)
  Iteration 19 (of 50).   Current convergence value = 6.47995e-05 (threshold = 1e-08)
  Iteration 20 (of 50).   Current convergence value = 6.13694e-05 (threshold = 1e-08)
  Iteration 21 (of 50).   Current convergence value = 5.85053e-05 (threshold = 1e-08)
  Iteration 22 (of 50).   Current convergence value = 5.5572e-05 (threshold = 1e-08)
  Iteration 23 (of 50).   Current convergence value = 5.2859e-05 (threshold = 1e-08)
  Iteration 24 (of 50).   Current convergence value = 5.02659e-05 (threshold = 1e-08)
  Iteration 25 (of 50).   Current convergence value = 4.80539e-05 (threshold = 1e-08)
  Iteration 26 (of 50).   Current convergence value = 4.58481e-05 (threshold = 1e-08)
  Iteration 27 (of 50).   Current convergence value = 4.38956e-05 (threshold = 1e-08)
  Iteration 28 (of 50).   Current convergence value = 4.20903e-05 (threshold = 1e-08)
  Iteration 29 (of 50).   Current convergence value = 4.04717e-05 (threshold = 1e-08)
  Iteration 30 (of 50).   Current convergence value = 3.90886e-05 (threshold = 1e-08)
  Iteration 31 (of 50).   Current convergence value = 3.78432e-05 (threshold = 1e-08)
  Iteration 32 (of 50).   Current convergence value = 3.67245e-05 (threshold = 1e-08)
  Iteration 33 (of 50).   Current convergence value = 3.58133e-05 (threshold = 1e-08)
  Iteration 34 (of 50).   Current convergence value = 3.5082e-05 (threshold = 1e-08)
  Iteration 35 (of 50).   Current convergence value = 3.44978e-05 (threshold = 1e-08)
  Iteration 36 (of 50).   Current convergence value = 3.40658e-05 (threshold = 1e-08)
  Iteration 37 (of 50).   Current convergence value = 3.3751e-05 (threshold = 1e-08)
  Iteration 38 (of 50).   Current convergence value = 3.35453e-05 (threshold = 1e-08)
  Iteration 39 (of 50).   Current convergence value = 3.34458e-05 (threshold = 1e-08)
  Iteration 40 (of 50).   Current convergence value = 3.34589e-05 (threshold = 1e-08)
  Iteration 41 (of 50).   Current convergence value = 3.34998e-05 (threshold = 1e-08)
  Iteration 42 (of 50).   Current convergence value = 3.365e-05 (threshold = 1e-08)
  Iteration 43 (of 50).   Current convergence value = 3.3896e-05 (threshold = 1e-08)
  Iteration 44 (of 50).   Current convergence value = 3.41114e-05 (threshold = 1e-08)
  Iteration 45 (of 50).   Current convergence value = 3.44145e-05 (threshold = 1e-08)
  Iteration 46 (of 50).   Current convergence value = 3.47485e-05 (threshold = 1e-08)
  Iteration 47 (of 50).   Current convergence value = 3.51689e-05 (threshold = 1e-08)
  Iteration 48 (of 50).   Current convergence value = 3.54825e-05 (threshold = 1e-08)
  Iteration 49 (of 50).   Current convergence value = 3.58395e-05 (threshold = 1e-08)
  Iteration 50 (of 50).   Current convergence value = 3.63029e-05 (threshold = 1e-08)
Current level = 2
  Iteration 1 (of 50).   Current convergence value = 0.000542103 (threshold = 1e-08)
  Iteration 2 (of 50).   Current convergence value = 0.000511062 (threshold = 1e-08)
  Iteration 3 (of 50).   Current convergence value = 0.000496915 (threshold = 1e-08)
  Iteration 4 (of 50).   Current convergence value = 0.000483468 (threshold = 1e-08)
  Iteration 5 (of 50).   Current convergence value = 0.000468581 (threshold = 1e-08)
  Iteration 6 (of 50).   Current convergence value = 0.000451708 (threshold = 1e-08)
  Iteration 7 (of 50).   Current convergence value = 0.000433795 (threshold = 1e-08)
  Iteration 8 (of 50).   Current convergence value = 0.000415924 (threshold = 1e-08)
  Iteration 9 (of 50).   Current convergence value = 0.000398557 (threshold = 1e-08)
  Iteration 10 (of 50).   Current convergence value = 0.00038126 (threshold = 1e-08)
  Iteration 11 (of 50).   Current convergence value = 0.00036481 (threshold = 1e-08)
  Iteration 12 (of 50).   Current convergence value = 0.000349732 (threshold = 1e-08)
  Iteration 13 (of 50).   Current convergence value = 0.000335943 (threshold = 1e-08)
  Iteration 14 (of 50).   Current convergence value = 0.000323285 (threshold = 1e-08)
  Iteration 15 (of 50).   Current convergence value = 0.000311882 (threshold = 1e-08)
  Iteration 16 (of 50).   Current convergence value = 0.000301566 (threshold = 1e-08)
  Iteration 17 (of 50).   Current convergence value = 0.000292142 (threshold = 1e-08)
  Iteration 18 (of 50).   Current convergence value = 0.000283739 (threshold = 1e-08)
  Iteration 19 (of 50).   Current convergence value = 0.000276373 (threshold = 1e-08)
  Iteration 20 (of 50).   Current convergence value = 0.000269354 (threshold = 1e-08)
  Iteration 21 (of 50).   Current convergence value = 0.000261632 (threshold = 1e-08)
  Iteration 22 (of 50).   Current convergence value = 0.000254818 (threshold = 1e-08)
  Iteration 23 (of 50).   Current convergence value = 0.000248448 (threshold = 1e-08)
  Iteration 24 (of 50).   Current convergence value = 0.000242686 (threshold = 1e-08)
  Iteration 25 (of 50).   Current convergence value = 0.000237363 (threshold = 1e-08)
  Iteration 26 (of 50).   Current convergence value = 0.000232231 (threshold = 1e-08)
  Iteration 27 (of 50).   Current convergence value = 0.0002276 (threshold = 1e-08)
  Iteration 28 (of 50).   Current convergence value = 0.000223346 (threshold = 1e-08)
  Iteration 29 (of 50).   Current convergence value = 0.000219531 (threshold = 1e-08)
  Iteration 30 (of 50).   Current convergence value = 0.000215773 (threshold = 1e-08)
  Iteration 31 (of 50).   Current convergence value = 0.000212312 (threshold = 1e-08)
  Iteration 32 (of 50).   Current convergence value = 0.000208903 (threshold = 1e-08)
  Iteration 33 (of 50).   Current convergence value = 0.000205746 (threshold = 1e-08)
  Iteration 34 (of 50).   Current convergence value = 0.000202747 (threshold = 1e-08)
  Iteration 35 (of 50).   Current convergence value = 0.000199816 (threshold = 1e-08)
  Iteration 36 (of 50).   Current convergence value = 0.000197312 (threshold = 1e-08)
  Iteration 37 (of 50).   Current convergence value = 0.000194725 (threshold = 1e-08)
  Iteration 38 (of 50).   Current convergence value = 0.000192143 (threshold = 1e-08)
  Iteration 39 (of 50).   Current convergence value = 0.00018977 (threshold = 1e-08)
  Iteration 40 (of 50).   Current convergence value = 0.000187496 (threshold = 1e-08)
  Iteration 41 (of 50).   Current convergence value = 0.000185319 (threshold = 1e-08)
  Iteration 42 (of 50).   Current convergence value = 0.000183251 (threshold = 1e-08)
  Iteration 43 (of 50).   Current convergence value = 0.000181262 (threshold = 1e-08)
  Iteration 44 (of 50).   Current convergence value = 0.000179457 (threshold = 1e-08)
  Iteration 45 (of 50).   Current convergence value = 0.000177666 (threshold = 1e-08)
  Iteration 46 (of 50).   Current convergence value = 0.000175872 (threshold = 1e-08)
  Iteration 47 (of 50).   Current convergence value = 0.00017417 (threshold = 1e-08)
  Iteration 48 (of 50).   Current convergence value = 0.000172522 (threshold = 1e-08)
  Iteration 49 (of 50).   Current convergence value = 0.00017088 (threshold = 1e-08)
  Iteration 50 (of 50).   Current convergence value = 0.000169348 (threshold = 1e-08)
Current level = 3
  Iteration 1 (of 40).   Current convergence value = 0.0016237 (threshold = 1e-08)
  Iteration 2 (of 40).   Current convergence value = 0.00150976 (threshold = 1e-08)
  Iteration 3 (of 40).   Current convergence value = 0.00144705 (threshold = 1e-08)
  Iteration 4 (of 40).   Current convergence value = 0.00143016 (threshold = 1e-08)
  Iteration 5 (of 40).   Current convergence value = 0.00138929 (threshold = 1e-08)
  Iteration 6 (of 40).   Current convergence value = 0.00134522 (threshold = 1e-08)
  Iteration 7 (of 40).   Current convergence value = 0.00127756 (threshold = 1e-08)
  Iteration 8 (of 40).   Current convergence value = 0.0012116 (threshold = 1e-08)
  Iteration 9 (of 40).   Current convergence value = 0.00115364 (threshold = 1e-08)
  Iteration 10 (of 40).   Current convergence value = 0.00110372 (threshold = 1e-08)
  Iteration 11 (of 40).   Current convergence value = 0.00106056 (threshold = 1e-08)
  Iteration 12 (of 40).   Current convergence value = 0.00102396 (threshold = 1e-08)
  Iteration 13 (of 40).   Current convergence value = 0.000993165 (threshold = 1e-08)
  Iteration 14 (of 40).   Current convergence value = 0.000982391 (threshold = 1e-08)
  Iteration 15 (of 40).   Current convergence value = 0.000977912 (threshold = 1e-08)
  Iteration 16 (of 40).   Current convergence value = 0.00097747 (threshold = 1e-08)
  Iteration 17 (of 40).   Current convergence value = 0.000979846 (threshold = 1e-08)
  Iteration 18 (of 40).   Current convergence value = 0.000970398 (threshold = 1e-08)
  Iteration 19 (of 40).   Current convergence value = 0.00090347 (threshold = 1e-08)
  Iteration 20 (of 40).   Current convergence value = 0.000849988 (threshold = 1e-08)
  Iteration 21 (of 40).   Current convergence value = 0.000806563 (threshold = 1e-08)
  Iteration 22 (of 40).   Current convergence value = 0.000758798 (threshold = 1e-08)
  Iteration 23 (of 40).   Current convergence value = 0.000713628 (threshold = 1e-08)
  Iteration 24 (of 40).   Current convergence value = 0.000676532 (threshold = 1e-08)
  Iteration 25 (of 40).   Current convergence value = 0.000645497 (threshold = 1e-08)
  Iteration 26 (of 40).   Current convergence value = 0.000619641 (threshold = 1e-08)
  Iteration 27 (of 40).   Current convergence value = 0.000597735 (threshold = 1e-08)
  Iteration 28 (of 40).   Current convergence value = 0.000579893 (threshold = 1e-08)
  Iteration 29 (of 40).   Current convergence value = 0.000564588 (threshold = 1e-08)
  Iteration 30 (of 40).   Current convergence value = 0.000549278 (threshold = 1e-08)
  Iteration 31 (of 40).   Current convergence value = 0.000536289 (threshold = 1e-08)
  Iteration 32 (of 40).   Current convergence value = 0.000525469 (threshold = 1e-08)
  Iteration 33 (of 40).   Current convergence value = 0.000516315 (threshold = 1e-08)
  Iteration 34 (of 40).   Current convergence value = 0.000508793 (threshold = 1e-08)
  Iteration 35 (of 40).   Current convergence value = 0.00050207 (threshold = 1e-08)
  Iteration 36 (of 40).   Current convergence value = 0.000484039 (threshold = 1e-08)
  Iteration 37 (of 40).   Current convergence value = 0.00046866 (threshold = 1e-08)
  Iteration 38 (of 40).   Current convergence value = 0.000456854 (threshold = 1e-08)
  Iteration 39 (of 40).   Current convergence value = 0.000447516 (threshold = 1e-08)
  Iteration 40 (of 40).   Current convergence value = 0.000439761 (threshold = 1e-08)
Current level = 4
  Iteration 1 (of 30).   Current convergence value = 0.0019372 (threshold = 1e-08)
  Iteration 2 (of 30).   Current convergence value = 0.00196002 (threshold = 1e-08)
  Iteration 3 (of 30).   Current convergence value = 0.00224742 (threshold = 1e-08)
  Iteration 4 (of 30).   Current convergence value = 0.00236862 (threshold = 1e-08)
  Iteration 5 (of 30).   Current convergence value = 0.00218988 (threshold = 1e-08)
  Iteration 6 (of 30).   Current convergence value = 0.00209976 (threshold = 1e-08)
  Iteration 7 (of 30).   Current convergence value = 0.00204525 (threshold = 1e-08)
  Iteration 8 (of 30).   Current convergence value = 0.00200609 (threshold = 1e-08)
  Iteration 9 (of 30).   Current convergence value = 0.0019652 (threshold = 1e-08)
  Iteration 10 (of 30).   Current convergence value = 0.0019277 (threshold = 1e-08)
  Iteration 11 (of 30).   Current convergence value = 0.0018767 (threshold = 1e-08)
  Iteration 12 (of 30).   Current convergence value = 0.00183965 (threshold = 1e-08)
  Iteration 13 (of 30).   Current convergence value = 0.00182661 (threshold = 1e-08)
  Iteration 14 (of 30).   Current convergence value = 0.00179499 (threshold = 1e-08)
  Iteration 15 (of 30).   Current convergence value = 0.00172826 (threshold = 1e-08)
  Iteration 16 (of 30).   Current convergence value = 0.0016311 (threshold = 1e-08)
  Iteration 17 (of 30).   Current convergence value = 0.00160288 (threshold = 1e-08)
  Iteration 18 (of 30).   Current convergence value = 0.00164347 (threshold = 1e-08)
  Iteration 19 (of 30).   Current convergence value = 0.00166686 (threshold = 1e-08)
  Iteration 20 (of 30).   Current convergence value = 0.00167233 (threshold = 1e-08)
  Iteration 21 (of 30).   Current convergence value = 0.0015555 (threshold = 1e-08)
  Iteration 22 (of 30).   Current convergence value = 0.00141331 (threshold = 1e-08)
  Iteration 23 (of 30).   Current convergence value = 0.00130495 (threshold = 1e-08)
  Iteration 24 (of 30).   Current convergence value = 0.00117272 (threshold = 1e-08)
  Iteration 25 (of 30).   Current convergence value = 0.00101455 (threshold = 1e-08)
  Iteration 26 (of 30).   Current convergence value = 0.000865994 (threshold = 1e-08)
  Iteration 27 (of 30).   Current convergence value = 0.000819227 (threshold = 1e-08)
  Iteration 28 (of 30).   Current convergence value = 0.00079716 (threshold = 1e-08)
  Iteration 29 (of 30).   Current convergence value = 0.000785454 (threshold = 1e-08)
  Iteration 30 (of 30).   Current convergence value = 0.000794557 (threshold = 1e-08)
   N4BiasFieldCorrectionImageFilter (0x555907c11e20)
     RTTI typeinfo:   itk::N4BiasFieldCorrectionImageFilter<itk::Image<float, 3u>, itk::Image<float, 3u>, itk::Image<float, 3u> >
     Reference Count: 1
     Modified Time: 565
     Debug: Off
     Object Name: 
     Observers: 
       IterationEvent(Command)
     Inputs: 
       ConfidenceImage: (0)
       MaskImage: (0x555907c3c5e0)
       Primary: (0x555907c37ae0) *
     Indexed Inputs: 
       0: Primary (0x555907c37ae0)
       1: MaskImage (0x555907c3c5e0)
       2: ConfidenceImage (0)
     Required Input Names: Primary
     NumberOfRequiredInputs: 1
     Outputs: 
       Primary: (0x555907c21ef0)
     Indexed Outputs: 
       0: Primary (0x555907c21ef0)
     NumberOfRequiredOutputs: 1
     Number Of Work Units: 32
     ReleaseDataFlag: Off
     ReleaseDataBeforeUpdateFlag: Off
     AbortGenerateData: Off
     Progress: 0
     Multithreader: 
       RTTI typeinfo:   itk::PoolMultiThreader
       Reference Count: 1
       Modified Time: 144
       Debug: Off
       Object Name: 
       Observers: 
         none
       Number of Work Units: 32
       Number of Threads: 8
       Global Maximum Number Of Threads: 128
       Global Default Number Of Threads: 8
       Global Default Threader Type: itk::MultiThreaderBaseEnums::Threader::Pool
       SingleMethod: 0
       SingleData: 0
     DynamicMultiThreading: On
     CoordinateTolerance: 1e-06
     DirectionTolerance: 1e-06
     Use Mask Label: 0
     Mask label: 1
     Number of histogram bins: 200
     Wiener filter noise: 0.01
     Bias field FWHM: 0.15
     Maximum number of iterations: [50, 50, 40, 30]
     Convergence threshold: 1e-08
     Spline order: 3
     Number of fitting levels: [4, 4, 4]
     Number of control points: [4, 5, 5]
     CurrentConvergenceMeasurement: 0.000794557
     CurrentLevel: 4
     ElapsedIterations: 31
     LogBiasFieldControlPointLattice: 
       Image (0x555913bbb020)
         RTTI typeinfo:   itk::Image<itk::Vector<float, 1u>, 3u>
         Reference Count: 1
         Modified Time: 343560
         Debug: Off
         Object Name: 
         Observers: 
           none
         Source: (none)
         Source output name: (none)
         Release Data: Off
         Data Released: False
         Global Release Data: Off
         PipelineMTime: 0
         UpdateMTime: 0
         RealTimeStamp: 0 seconds 
         LargestPossibleRegion: 
           Dimension: 3
           Index: [0, 0, 0]
           Size: [11, 19, 19]
         BufferedRegion: 
           Dimension: 3
           Index: [0, 0, 0]
           Size: [11, 19, 19]
         RequestedRegion: 
           Dimension: 3
           Index: [0, 0, 0]
           Size: [11, 19, 19]
         Spacing: [24.75, 24.875, 24.875]
         Origin: [25.1949, 20.171, -28.4331]
         Direction: 
-0.999368 -0.0326182 0.0141036
0.034311 -0.988989 0.143957
0.00925269 0.14435 0.989483

         IndexToPointMatrix: 
-24.7344 -0.811378 0.350827
0.849198 -24.6011 3.58093
0.229004 3.59071 24.6134

         PointToIndexMatrix: 
-0.0403785 0.0013863 0.000373846
-0.00131128 -0.0397583 0.00580302
0.000566979 0.00578722 0.0397782

         Inverse Direction: 
-0.999368 0.034311 0.00925269
-0.0326182 -0.988989 0.14435
0.0141036 0.143957 0.989483

         PixelContainer: 
           ImportImageContainer (0x55590e71f970)
             RTTI typeinfo:   itk::ImportImageContainer<unsigned long, itk::Vector<float, 1u> >
             Reference Count: 1
             Modified Time: 343561
             Debug: Off
             Object Name: 
             Observers: 
               none
             Pointer: 0x555911dac900
             Container manages memory: true
             Size: 3971
             Capacity: 3971
Elapsed time: 267.311
All_Command_lines_OK
Using single precision for computations.
=============================================================================
The composite transform comprises the following transforms (in order): 
  1. Center of mass alignment using fixed image: /home/mpib/nemecz/Projects/miniTRK/Results/01_MRI/GroupTempl/T1w/T_template0.nii.gz and moving image: /home/mpib/nemecz/Projects/miniTRK/Analysis/01_MRI/Preproc/GroupTempl/T1w/sub-876066_T1w.nii.gz (type = Euler3DTransform)
=============================================================================
  number of levels = 4
  number of levels = 4
  number of levels = 4
  fixed image: /home/mpib/nemecz/Projects/miniTRK/Results/01_MRI/GroupTempl/T1w/T_template0.nii.gz
  moving image: /home/mpib/nemecz/Projects/miniTRK/Results/01_MRI/GroupTempl/T1w/T_template0sub-876066_T1wRepaired.nii.gz
  fixed image: /home/mpib/nemecz/Projects/miniTRK/Results/01_MRI/GroupTempl/T1w/T_template0.nii.gz
  moving image: /home/mpib/nemecz/Projects/miniTRK/Results/01_MRI/GroupTempl/T1w/T_template0sub-876066_T1wRepaired.nii.gz
  fixed image: /home/mpib/nemecz/Projects/miniTRK/Results/01_MRI/GroupTempl/T1w/T_template0.nii.gz
  moving image: /home/mpib/nemecz/Projects/miniTRK/Results/01_MRI/GroupTempl/T1w/T_template0sub-876066_T1wRepaired.nii.gz
Dimension = 3
Number of stages = 3
Use Histogram Matching true
Winsorize image intensities true
Lower quantile = 0.01
Upper quantile = 0.99
Stage 1 State
   Image metric = Mattes
     Fixed image = Image (0x5631ca7d3ad0)
  RTTI typeinfo:   itk::Image<float, 3u>
  Reference Count: 2
  Modified Time: 1721
  Debug: Off
  Object Name: 
  Observers: 
    none
  Source: (none)
  Source output name: (none)
  Release Data: Off
  Data Released: False
  Global Release Data: Off
  PipelineMTime: 0
  UpdateMTime: 1506
  RealTimeStamp: 0 seconds 
  LargestPossibleRegion: 
    Dimension: 3
    Index: [0, 0, 0]
    Size: [192, 256, 256]
  BufferedRegion: 
    Dimension: 3
    Index: [0, 0, 0]
    Size: [192, 256, 256]
  RequestedRegion: 
    Dimension: 3
    Index: [0, 0, 0]
    Size: [192, 256, 256]
  Spacing: [1, 1, 1]
  Origin: [95.0313, 100.538, -154.123]
  Direction: 
-0.999853 -0.014134 -0.00966312
0.014129 -0.9999 0.000586045
-0.00967044 0.000449429 0.999953

  IndexToPointMatrix: 
-0.999853 -0.014134 -0.00966312
0.014129 -0.9999 0.000586045
-0.00967044 0.000449429 0.999953

  PointToIndexMatrix: 
-0.999853 0.014129 -0.00967044
-0.014134 -0.9999 0.000449429
-0.00966312 0.000586045 0.999953

  Inverse Direction: 
-0.999853 0.014129 -0.00967044
-0.014134 -0.9999 0.000449429
-0.00966312 0.000586045 0.999953

  PixelContainer: 
    ImportImageContainer (0x5631ca7dbc80)
      RTTI typeinfo:   itk::ImportImageContainer<unsigned long, float>
      Reference Count: 1
      Modified Time: 1503
      Debug: Off
      Object Name: 
      Observers: 
        none
      Pointer: 0x7f334d016010
      Container manages memory: true
      Size: 12582912
      Capacity: 12582912

     Moving image = Image (0x5631ca7d4bc0)
  RTTI typeinfo:   itk::Image<float, 3u>
  Reference Count: 2
  Modified Time: 1722
  Debug: Off
  Object Name: 
  Observers: 
    none
  Source: (none)
  Source output name: (none)
  Release Data: Off
  Data Released: False
  Global Release Data: Off
  PipelineMTime: 0
  UpdateMTime: 1719
  RealTimeStamp: 0 seconds 
  LargestPossibleRegion: 
    Dimension: 3
    Index: [0, 0, 0]
    Size: [192, 256, 256]
  BufferedRegion: 
    Dimension: 3
    Index: [0, 0, 0]
    Size: [192, 256, 256]
  RequestedRegion: 
    Dimension: 3
    Index: [0, 0, 0]
    Size: [192, 256, 256]
  Spacing: [1, 1, 1]
  Origin: [93.2246, 67.1787, -169.05]
  Direction: 
-0.999368 -0.0326182 0.0141036
0.034311 -0.988989 0.143957
0.00925269 0.14435 0.989483

  IndexToPointMatrix: 
-0.999368 -0.0326182 0.0141036
0.034311 -0.988989 0.143957
0.00925269 0.14435 0.989483

  PointToIndexMatrix: 
-0.999368 0.034311 0.00925269
-0.0326182 -0.988989 0.14435
0.0141036 0.143957 0.989483

  Inverse Direction: 
-0.999368 0.034311 0.00925269
-0.0326182 -0.988989 0.14435
0.0141036 0.143957 0.989483

  PixelContainer: 
    ImportImageContainer (0x5631ca7e0100)
      RTTI typeinfo:   itk::ImportImageContainer<unsigned long, float>
      Reference Count: 1
      Modified Time: 1716
      Debug: Off
      Object Name: 
      Observers: 
        none
      Pointer: 0x7f334a015010
      Container manages memory: true
      Size: 12582912
      Capacity: 12582912

     Weighting = 1
     Sampling strategy = regular
     Number of bins = 32
     Radius = 4
     Sampling percentage  = 0.25
   Transform = Rigid
     Gradient step = 0.1
     Update field sigma (voxel space) = 0
     Total field sigma (voxel space) = 0
     Update field time sigma = 0
     Total field time sigma  = 0
     Number of time indices = 0
     Number of time point samples = 0
Stage 2 State
   Image metric = Mattes
     Fixed image = Image (0x5631ca7ec870)
  RTTI typeinfo:   itk::Image<float, 3u>
  Reference Count: 2
  Modified Time: 2149
  Debug: Off
  Object Name: 
  Observers: 
    none
  Source: (none)
  Source output name: (none)
  Release Data: Off
  Data Released: False
  Global Release Data: Off
  PipelineMTime: 0
  UpdateMTime: 1934
  RealTimeStamp: 0 seconds 
  LargestPossibleRegion: 
    Dimension: 3
    Index: [0, 0, 0]
    Size: [192, 256, 256]
  BufferedRegion: 
    Dimension: 3
    Index: [0, 0, 0]
    Size: [192, 256, 256]
  RequestedRegion: 
    Dimension: 3
    Index: [0, 0, 0]
    Size: [192, 256, 256]
  Spacing: [1, 1, 1]
  Origin: [95.0313, 100.538, -154.123]
  Direction: 
-0.999853 -0.014134 -0.00966312
0.014129 -0.9999 0.000586045
-0.00967044 0.000449429 0.999953

  IndexToPointMatrix: 
-0.999853 -0.014134 -0.00966312
0.014129 -0.9999 0.000586045
-0.00967044 0.000449429 0.999953

  PointToIndexMatrix: 
-0.999853 0.014129 -0.00967044
-0.014134 -0.9999 0.000449429
-0.00966312 0.000586045 0.999953

  Inverse Direction: 
-0.999853 0.014129 -0.00967044
-0.014134 -0.9999 0.000449429
-0.00966312 0.000586045 0.999953

  PixelContainer: 
    ImportImageContainer (0x5631ca7d76d0)
      RTTI typeinfo:   itk::ImportImageContainer<unsigned long, float>
      Reference Count: 1
      Modified Time: 1931
      Debug: Off
      Object Name: 
      Observers: 
        none
      Pointer: 0x7f3347014010
      Container manages memory: true
      Size: 12582912
      Capacity: 12582912

     Moving image = Image (0x5631ca7ec4c0)
  RTTI typeinfo:   itk::Image<float, 3u>
  Reference Count: 2
  Modified Time: 2150
  Debug: Off
  Object Name: 
  Observers: 
    none
  Source: (none)
  Source output name: (none)
  Release Data: Off
  Data Released: False
  Global Release Data: Off
  PipelineMTime: 0
  UpdateMTime: 2147
  RealTimeStamp: 0 seconds 
  LargestPossibleRegion: 
    Dimension: 3
    Index: [0, 0, 0]
    Size: [192, 256, 256]
  BufferedRegion: 
    Dimension: 3
    Index: [0, 0, 0]
    Size: [192, 256, 256]
  RequestedRegion: 
    Dimension: 3
    Index: [0, 0, 0]
    Size: [192, 256, 256]
  Spacing: [1, 1, 1]
  Origin: [93.2246, 67.1787, -169.05]
  Direction: 
-0.999368 -0.0326182 0.0141036
0.034311 -0.988989 0.143957
0.00925269 0.14435 0.989483

  IndexToPointMatrix: 
-0.999368 -0.0326182 0.0141036
0.034311 -0.988989 0.143957
0.00925269 0.14435 0.989483

  PointToIndexMatrix: 
-0.999368 0.034311 0.00925269
-0.0326182 -0.988989 0.14435
0.0141036 0.143957 0.989483

  Inverse Direction: 
-0.999368 0.034311 0.00925269
-0.0326182 -0.988989 0.14435
0.0141036 0.143957 0.989483

  PixelContainer: 
    ImportImageContainer (0x5631ca7ed8c0)
      RTTI typeinfo:   itk::ImportImageContainer<unsigned long, float>
      Reference Count: 1
      Modified Time: 2144
      Debug: Off
      Object Name: 
      Observers: 
        none
      Pointer: 0x7f3344013010
      Container manages memory: true
      Size: 12582912
      Capacity: 12582912

     Weighting = 1
     Sampling strategy = regular
     Number of bins = 32
     Radius = 4
     Sampling percentage  = 0.25
   Transform = Affine
     Gradient step = 0.1
     Update field sigma (voxel space) = 0
     Total field sigma (voxel space) = 0
     Update field time sigma = 0
     Total field time sigma  = 0
     Number of time indices = 0
     Number of time point samples = 0
Stage 3 State
   Image metric = CC
     Fixed image = Image (0x5631ca7f3960)
  RTTI typeinfo:   itk::Image<float, 3u>
  Reference Count: 2
  Modified Time: 2577
  Debug: Off
  Object Name: 
  Observers: 
    none
  Source: (none)
  Source output name: (none)
  Release Data: Off
  Data Released: False
  Global Release Data: Off
  PipelineMTime: 0
  UpdateMTime: 2362
  RealTimeStamp: 0 seconds 
  LargestPossibleRegion: 
    Dimension: 3
    Index: [0, 0, 0]
    Size: [192, 256, 256]
  BufferedRegion: 
    Dimension: 3
    Index: [0, 0, 0]
    Size: [192, 256, 256]
  RequestedRegion: 
    Dimension: 3
    Index: [0, 0, 0]
    Size: [192, 256, 256]
  Spacing: [1, 1, 1]
  Origin: [95.0313, 100.538, -154.123]
  Direction: 
-0.999853 -0.014134 -0.00966312
0.014129 -0.9999 0.000586045
-0.00967044 0.000449429 0.999953

  IndexToPointMatrix: 
-0.999853 -0.014134 -0.00966312
0.014129 -0.9999 0.000586045
-0.00967044 0.000449429 0.999953

  PointToIndexMatrix: 
-0.999853 0.014129 -0.00967044
-0.014134 -0.9999 0.000449429
-0.00966312 0.000586045 0.999953

  Inverse Direction: 
-0.999853 0.014129 -0.00967044
-0.014134 -0.9999 0.000449429
-0.00966312 0.000586045 0.999953

  PixelContainer: 
    ImportImageContainer (0x5631ca7d4660)
      RTTI typeinfo:   itk::ImportImageContainer<unsigned long, float>
      Reference Count: 1
      Modified Time: 2359
      Debug: Off
      Object Name: 
      Observers: 
        none
      Pointer: 0x7f3341012010
      Container manages memory: true
      Size: 12582912
      Capacity: 12582912

     Moving image = Image (0x5631ca7f5840)
  RTTI typeinfo:   itk::Image<float, 3u>
  Reference Count: 2
  Modified Time: 2578
  Debug: Off
  Object Name: 
  Observers: 
    none
  Source: (none)
  Source output name: (none)
  Release Data: Off
  Data Released: False
  Global Release Data: Off
  PipelineMTime: 0
  UpdateMTime: 2575
  RealTimeStamp: 0 seconds 
  LargestPossibleRegion: 
    Dimension: 3
    Index: [0, 0, 0]
    Size: [192, 256, 256]
  BufferedRegion: 
    Dimension: 3
    Index: [0, 0, 0]
    Size: [192, 256, 256]
  RequestedRegion: 
    Dimension: 3
    Index: [0, 0, 0]
    Size: [192, 256, 256]
  Spacing: [1, 1, 1]
  Origin: [93.2246, 67.1787, -169.05]
  Direction: 
-0.999368 -0.0326182 0.0141036
0.034311 -0.988989 0.143957
0.00925269 0.14435 0.989483

  IndexToPointMatrix: 
-0.999368 -0.0326182 0.0141036
0.034311 -0.988989 0.143957
0.00925269 0.14435 0.989483

  PointToIndexMatrix: 
-0.999368 0.034311 0.00925269
-0.0326182 -0.988989 0.14435
0.0141036 0.143957 0.989483

  Inverse Direction: 
-0.999368 0.034311 0.00925269
-0.0326182 -0.988989 0.14435
0.0141036 0.143957 0.989483

  PixelContainer: 
    ImportImageContainer (0x5631ca7f2660)
      RTTI typeinfo:   itk::ImportImageContainer<unsigned long, float>
      Reference Count: 1
      Modified Time: 2572
      Debug: Off
      Object Name: 
      Observers: 
        none
      Pointer: 0x7f333e011010
      Container manages memory: true
      Size: 12582912
      Capacity: 12582912

     Weighting = 1
     Sampling strategy = none
     Number of bins = 32
     Radius = 4
     Sampling percentage  = 1
   Transform = SyN
     Gradient step = 0.1
     Update field sigma (voxel space) = 3
     Total field sigma (voxel space) = 0
     Update field time sigma = 0
     Total field time sigma  = 0
     Number of time indices = 0
     Number of time point samples = 0
Registration using 3 total stages.

Stage 0
  iterations = 1000x500x250x0
  convergence threshold = 1e-06
  convergence window size = 10
  number of levels = 4
  using the Mattes MI metric (number of bins = 32, weight = 1)
  preprocessing:  winsorizing the image intensities
  preprocessing:  histogram matching the images
  Shrink factors (level 1 out of 4): [6, 6, 6]
  Shrink factors (level 2 out of 4): [4, 4, 4]
  Shrink factors (level 3 out of 4): [2, 2, 2]
  Shrink factors (level 4 out of 4): [1, 1, 1]
  smoothing sigmas per level: [4, 2, 1, 0]
  regular sampling (percentage = 0.25)

*** Running Euler3DTransform registration ***

DIAGNOSTIC,Iteration,metricValue,convergenceValue,ITERATION_TIME_INDEX,SINCE_LAST
 2DIAGNOSTIC,     1, -8.967817425728e-01, inf, 5.6092e-01, 5.6092e-01, 
 2DIAGNOSTIC,     2, -9.003685116768e-01, inf, 5.6935e-01, 8.4281e-03, 
 2DIAGNOSTIC,     3, -9.063181877136e-01, inf, 5.7785e-01, 8.4991e-03, 
 2DIAGNOSTIC,     4, -9.148632287979e-01, inf, 5.8647e-01, 8.6188e-03, 
 2DIAGNOSTIC,     5, -9.242329597473e-01, inf, 5.9463e-01, 8.1682e-03, 
 2DIAGNOSTIC,     6, -9.316588640213e-01, inf, 6.0238e-01, 7.7450e-03, 
 2DIAGNOSTIC,     7, -9.351008534431e-01, inf, 6.1010e-01, 7.7221e-03, 
 2DIAGNOSTIC,     8, -9.399301409721e-01, inf, 6.1783e-01, 7.7260e-03, 
 2DIAGNOSTIC,     9, -9.556290507317e-01, inf, 6.2914e-01, 1.1312e-02, 
 2DIAGNOSTIC,    10, -9.560828804970e-01, 4.356432706118e-03, 6.3668e-01, 7.5421e-03, 
 2DIAGNOSTIC,    11, -9.562194943428e-01, 3.781730309129e-03, 6.4415e-01, 7.4649e-03, 
 2DIAGNOSTIC,    12, -9.563587307930e-01, 3.068209625781e-03, 6.5260e-01, 8.4522e-03, 
 2DIAGNOSTIC,    13, -9.567517638206e-01, 2.335791941732e-03, 6.6193e-01, 9.3319e-03, 
 2DIAGNOSTIC,    14, -9.568444490433e-01, 1.677478663623e-03, 6.7037e-01, 8.4398e-03, 
 2DIAGNOSTIC,    15, -9.568985104561e-01, 1.143736415543e-03, 6.7885e-01, 8.4760e-03, 
 2DIAGNOSTIC,    16, -9.569447040558e-01, 7.192253833637e-04, 6.8811e-01, 9.2680e-03, 
 2DIAGNOSTIC,    17, -9.569014310837e-01, 3.411877260078e-04, 6.9557e-01, 7.4549e-03, 
 2DIAGNOSTIC,    18, -9.569012522697e-01, 4.823732160730e-05, 7.0410e-01, 8.5261e-03, 
 2DIAGNOSTIC,    19, -9.569018483162e-01, 3.183275839547e-05, 7.1171e-01, 7.6101e-03, 
 2DIAGNOSTIC,    20, -9.569029808044e-01, 2.119612872775e-05, 7.2013e-01, 8.4209e-03, 
 2DIAGNOSTIC,    21, -9.568678140640e-01, 1.124335358327e-05, 7.2869e-01, 8.5642e-03, 
 2DIAGNOSTIC,    22, -9.568693041801e-01, 3.126245019303e-06, 7.3614e-01, 7.4511e-03, 
DIAGNOSTIC,Iteration,metricValue,convergenceValue,ITERATION_TIME_INDEX,SINCE_LAST
 2DIAGNOSTIC,     1, -7.439079880714e-01, inf, 1.2186e+00, 4.8241e-01, 
 2DIAGNOSTIC,     2, -7.458377480507e-01, inf, 1.2483e+00, 2.9743e-02, 
 2DIAGNOSTIC,     3, -7.480111122131e-01, inf, 1.2764e+00, 2.8067e-02, 
 2DIAGNOSTIC,     4, -7.502426505089e-01, inf, 1.3044e+00, 2.8058e-02, 
 2DIAGNOSTIC,     5, -7.513632178307e-01, inf, 1.3325e+00, 2.8075e-02, 
 2DIAGNOSTIC,     6, -7.517715096474e-01, inf, 1.3605e+00, 2.7993e-02, 
 2DIAGNOSTIC,     7, -7.519400715828e-01, inf, 1.3960e+00, 3.5518e-02, 
 2DIAGNOSTIC,     8, -7.521889805794e-01, inf, 1.4280e+00, 3.2010e-02, 
 2DIAGNOSTIC,     9, -7.523158192635e-01, inf, 1.4597e+00, 3.1716e-02, 
 2DIAGNOSTIC,    10, -7.523341774940e-01, 6.807008758187e-04, 1.4923e+00, 3.2519e-02, 
 2DIAGNOSTIC,    11, -7.523296475410e-01, 4.209138569422e-04, 1.5208e+00, 2.8587e-02, 
 2DIAGNOSTIC,    12, -7.523509860039e-01, 2.280142507516e-04, 1.5531e+00, 3.2263e-02, 
 2DIAGNOSTIC,    13, -7.523804903030e-01, 1.072448576451e-04, 1.5857e+00, 3.2587e-02, 
 2DIAGNOSTIC,    14, -7.523419857025e-01, 5.279432662064e-05, 1.6178e+00, 3.2101e-02, 
 2DIAGNOSTIC,    15, -7.523568868637e-01, 2.954788214993e-05, 1.6498e+00, 3.2043e-02, 
 2DIAGNOSTIC,    16, -7.523581981659e-01, 1.638255344005e-05, 1.6820e+00, 3.2199e-02, 
 2DIAGNOSTIC,    17, -7.523676753044e-01, 7.268738045241e-06, 1.7182e+00, 3.6156e-02, 
 2DIAGNOSTIC,    18, -7.523733377457e-01, 3.940313035855e-06, 1.7544e+00, 3.6174e-02, 
 2DIAGNOSTIC,    19, -7.523713111877e-01, 3.251846010244e-06, 1.7867e+00, 3.2318e-02, 
 2DIAGNOSTIC,    20, -7.523659467697e-01, 2.751455213001e-06, 1.8151e+00, 2.8413e-02, 
 2DIAGNOSTIC,    21, -7.523567676544e-01, 1.929921154442e-06, 1.8483e+00, 3.3170e-02, 
 2DIAGNOSTIC,    22, -7.523623704910e-01, 1.589174075889e-06, 1.8804e+00, 3.2183e-02, 
 2DIAGNOSTIC,    23, -7.523578405380e-01, 1.689188025011e-06, 1.9127e+00, 3.2276e-02, 
 2DIAGNOSTIC,    24, -7.523527145386e-01, 1.061914417733e-06, 1.9451e+00, 3.2363e-02, 
DIAGNOSTIC,Iteration,metricValue,convergenceValue,ITERATION_TIME_INDEX,SINCE_LAST
 2DIAGNOSTIC,     1, -6.597625017166e-01, inf, 2.8255e+00, 8.8044e-01, 
 2DIAGNOSTIC,     2, -6.606691479683e-01, inf, 3.0471e+00, 2.2155e-01, 
 2DIAGNOSTIC,     3, -6.612483859062e-01, inf, 3.2640e+00, 2.1690e-01, 
 2DIAGNOSTIC,     4, -6.614547371864e-01, inf, 3.4776e+00, 2.1358e-01, 
 2DIAGNOSTIC,     5, -6.615271568298e-01, inf, 3.6885e+00, 2.1097e-01, 
 2DIAGNOSTIC,     6, -6.616598963737e-01, inf, 3.8983e+00, 2.0976e-01, 
 2DIAGNOSTIC,     7, -6.617750525475e-01, inf, 4.1678e+00, 2.6950e-01, 
 2DIAGNOSTIC,     8, -6.618107557297e-01, inf, 4.4172e+00, 2.4943e-01, 
 2DIAGNOSTIC,     9, -6.618385910988e-01, inf, 4.6646e+00, 2.4741e-01, 
 2DIAGNOSTIC,    10, -6.618853211403e-01, 1.626447919989e-04, 4.9030e+00, 2.3838e-01, 
 2DIAGNOSTIC,    11, -6.619051098824e-01, 8.935321966419e-05, 5.2250e+00, 3.2200e-01, 
 2DIAGNOSTIC,    12, -6.619054675102e-01, 5.247034641798e-05, 5.5193e+00, 2.9431e-01, 
 2DIAGNOSTIC,    13, -6.619055271149e-01, 3.581325654523e-05, 5.7576e+00, 2.3826e-01, 
 2DIAGNOSTIC,    14, -6.619045138359e-01, 2.483732168912e-05, 6.0004e+00, 2.4281e-01, 
 2DIAGNOSTIC,    15, -6.619043946266e-01, 1.525726474938e-05, 6.2210e+00, 2.2065e-01, 
 2DIAGNOSTIC,    16, -6.619033217430e-01, 9.127241355600e-06, 6.5043e+00, 2.8330e-01, 
 2DIAGNOSTIC,    17, -6.619033217430e-01, 5.971763584967e-06, 6.7504e+00, 2.4602e-01, 
 2DIAGNOSTIC,    18, -6.619017720222e-01, 3.605197662182e-06, 6.9941e+00, 2.4369e-01, 
 2DIAGNOSTIC,    19, -6.619029641151e-01, 1.950107616722e-06, 7.2603e+00, 2.6627e-01, 
 2DIAGNOSTIC,    20, -6.619026660919e-01, 1.419290128979e-06, 7.4983e+00, 2.3793e-01, 
 2DIAGNOSTIC,    21, -6.619024276733e-01, 1.354750679639e-06, 7.7932e+00, 2.9499e-01, 
 2DIAGNOSTIC,    22, -6.619027256966e-01, 1.324201321040e-06, 8.0320e+00, 2.3877e-01, 
 2DIAGNOSTIC,    23, -6.619023680687e-01, 1.302470423070e-06, 8.2986e+00, 2.6663e-01, 
 2DIAGNOSTIC,    24, -6.619023680687e-01, 1.271786686630e-06, 8.5672e+00, 2.6852e-01, 
 2DIAGNOSTIC,    25, -6.619024872780e-01, 1.248764647244e-06, 8.8123e+00, 2.4511e-01, 
 2DIAGNOSTIC,    26, -6.619023084641e-01, 1.209024162563e-06, 9.0609e+00, 2.4858e-01, 
 2DIAGNOSTIC,    27, -6.619024872780e-01, 1.177386707241e-06, 9.3059e+00, 2.4507e-01, 
 2DIAGNOSTIC,    28, -6.619012355804e-01, 1.104497300730e-06, 9.5734e+00, 2.6749e-01, 
 2DIAGNOSTIC,    29, -6.619015336037e-01, 1.062406226993e-06, 9.8114e+00, 2.3796e-01, 
 2DIAGNOSTIC,    30, -6.619015932083e-01, 1.022749074764e-06, 1.0050e+01, 2.3843e-01, 
DIAGNOSTIC,Iteration,metricValue,convergenceValue,ITERATION_TIME_INDEX,SINCE_LAST
 2DIAGNOSTIC,     1, -6.043991446495e-01, inf, 1.2467e+01, 2.4173e+00, 
  Elapsed time (stage 0): 1.3597e+01


Stage 1
  iterations = 1000x500x250x0
  convergence threshold = 1.0000e-06
  convergence window size = 10
  number of levels = 4
  using the Mattes MI metric (number of bins = 32, weight = 1.0000e+00)
  preprocessing:  winsorizing the image intensities
  preprocessing:  histogram matching the images
  Shrink factors (level 1 out of 4): [6, 6, 6]
  Shrink factors (level 2 out of 4): [4, 4, 4]
  Shrink factors (level 3 out of 4): [2, 2, 2]
  Shrink factors (level 4 out of 4): [1, 1, 1]
  smoothing sigmas per level: [4, 2, 1, 0]
  regular sampling (percentage = 2.5000e-01)

*** Running AffineTransform registration ***

DIAGNOSTIC,Iteration,metricValue,convergenceValue,ITERATION_TIME_INDEX,SINCE_LAST
 2DIAGNOSTIC,     1, -9.485575556755e-01, inf, 5.9826e-01, 5.9826e-01, 
 2DIAGNOSTIC,     2, -9.513108730316e-01, inf, 6.0980e-01, 1.1539e-02, 
 2DIAGNOSTIC,     3, -9.555612206459e-01, inf, 6.2105e-01, 1.1252e-02, 
 2DIAGNOSTIC,     4, -9.626666903496e-01, inf, 6.3124e-01, 1.0191e-02, 
 2DIAGNOSTIC,     5, -9.742302894592e-01, inf, 6.4062e-01, 9.3782e-03, 
 2DIAGNOSTIC,     6, -9.924319386482e-01, inf, 6.5061e-01, 9.9840e-03, 
 2DIAGNOSTIC,     7, -1.016564011574e+00, inf, 6.6141e-01, 1.0806e-02, 
 2DIAGNOSTIC,     8, -1.036046504974e+00, inf, 6.7888e-01, 1.7472e-02, 
 2DIAGNOSTIC,     9, -1.036770939827e+00, inf, 6.9168e-01, 1.2795e-02, 
 2DIAGNOSTIC,    10, -1.036805868149e+00, 7.103092037141e-03, 7.0194e-01, 1.0259e-02, 
 2DIAGNOSTIC,    11, -1.037083864212e+00, 6.275463383645e-03, 7.1297e-01, 1.1036e-02, 
 2DIAGNOSTIC,    12, -1.037426829338e+00, 5.094592925161e-03, 7.2349e-01, 1.0517e-02, 
 2DIAGNOSTIC,    13, -1.037866711617e+00, 3.741448279470e-03, 7.3481e-01, 1.1323e-02, 
 2DIAGNOSTIC,    14, -1.038478612900e+00, 2.409088658169e-03, 7.4564e-01, 1.0829e-02, 
 2DIAGNOSTIC,    15, -1.039066553116e+00, 1.270848442800e-03, 7.5655e-01, 1.0910e-02, 
 2DIAGNOSTIC,    16, -1.039415836334e+00, 4.817243898287e-04, 7.6903e-01, 1.2478e-02, 
