All_Command_lines_OK
Using single precision for computations.
=============================================================================
The composite transform comprises the following transforms (in order): 
  1. Center of mass alignment using fixed image: /home/mpib/nemecz/Projects/miniTRK/Results/01_MRI/GroupTempl/T1w/T_template0.nii.gz and moving image: /home/mpib/nemecz/Projects/miniTRK/Analysis/01_MRI/Preproc/GroupTempl/T1w/sub-782818_T1w.nii.gz (type = Euler3DTransform)
=============================================================================
  number of levels = 4
  fixed image: /home/mpib/nemecz/Projects/miniTRK/Results/01_MRI/GroupTempl/T1w/T_template0.nii.gz
  moving image: /home/mpib/nemecz/Projects/miniTRK/Analysis/01_MRI/Preproc/GroupTempl/T1w/sub-782818_T1w.nii.gz
Dimension = 3
Number of stages = 1
Use Histogram Matching true
Winsorize image intensities true
Lower quantile = 0.01
Upper quantile = 0.99
Stage 1 State
   Image metric = Mattes
     Fixed image = Image (0x55619617cfe0)
  RTTI typeinfo:   itk::Image<float, 3u>
  Reference Count: 2
  Modified Time: 1667
  Debug: Off
  Object Name: 
  Observers: 
    none
  Source: (none)
  Source output name: (none)
  Release Data: Off
  Data Released: False
  Global Release Data: Off
  PipelineMTime: 0
  UpdateMTime: 1452
  RealTimeStamp: 0 seconds 
  LargestPossibleRegion: 
    Dimension: 3
    Index: [0, 0, 0]
    Size: [192, 256, 256]
  BufferedRegion: 
    Dimension: 3
    Index: [0, 0, 0]
    Size: [192, 256, 256]
  RequestedRegion: 
    Dimension: 3
    Index: [0, 0, 0]
    Size: [192, 256, 256]
  Spacing: [1, 1, 1]
  Origin: [95.0313, 100.538, -154.123]
  Direction: 
-0.999853 -0.014134 -0.00966312
0.014129 -0.9999 0.000586045
-0.00967044 0.000449429 0.999953

  IndexToPointMatrix: 
-0.999853 -0.014134 -0.00966312
0.014129 -0.9999 0.000586045
-0.00967044 0.000449429 0.999953

  PointToIndexMatrix: 
-0.999853 0.014129 -0.00967044
-0.014134 -0.9999 0.000449429
-0.00966312 0.000586045 0.999953

  Inverse Direction: 
-0.999853 0.014129 -0.00967044
-0.014134 -0.9999 0.000449429
-0.00966312 0.000586045 0.999953

  PixelContainer: 
    ImportImageContainer (0x556196189970)
      RTTI typeinfo:   itk::ImportImageContainer<unsigned long, float>
      Reference Count: 1
      Modified Time: 1449
      Debug: Off
      Object Name: 
      Observers: 
        none
      Pointer: 0x7fdd6f616010
      Container manages memory: true
      Size: 12582912
      Capacity: 12582912

     Moving image = Image (0x556196189450)
  RTTI typeinfo:   itk::Image<float, 3u>
  Reference Count: 2
  Modified Time: 1668
  Debug: Off
  Object Name: 
  Observers: 
    none
  Source: (none)
  Source output name: (none)
  Release Data: Off
  Data Released: False
  Global Release Data: Off
  PipelineMTime: 0
  UpdateMTime: 1665
  RealTimeStamp: 0 seconds 
  LargestPossibleRegion: 
    Dimension: 3
    Index: [0, 0, 0]
    Size: [192, 256, 256]
  BufferedRegion: 
    Dimension: 3
    Index: [0, 0, 0]
    Size: [192, 256, 256]
  RequestedRegion: 
    Dimension: 3
    Index: [0, 0, 0]
    Size: [192, 256, 256]
  Spacing: [1, 1, 1]
  Origin: [99.1239, 89.813, -147.258]
  Direction: 
-0.998839 -0.00653922 -0.047718
0.00385499 -0.998416 0.0561286
-0.0480094 0.0558795 0.997283

  IndexToPointMatrix: 
-0.998839 -0.00653922 -0.047718
0.00385499 -0.998416 0.0561286
-0.0480094 0.0558795 0.997283

  PointToIndexMatrix: 
-0.998839 0.00385499 -0.0480094
-0.00653922 -0.998416 0.0558795
-0.047718 0.0561286 0.997283

  Inverse Direction: 
-0.998839 0.00385499 -0.0480094
-0.00653922 -0.998416 0.0558795
-0.047718 0.0561286 0.997283

  PixelContainer: 
    ImportImageContainer (0x55619617e1a0)
      RTTI typeinfo:   itk::ImportImageContainer<unsigned long, float>
      Reference Count: 1
      Modified Time: 1662
      Debug: Off
      Object Name: 
      Observers: 
        none
      Pointer: 0x7fdd6c615010
      Container manages memory: true
      Size: 12582912
      Capacity: 12582912

     Weighting = 1
     Sampling strategy = regular
     Number of bins = 32
     Radius = 4
     Sampling percentage  = 0.25
   Transform = Rigid
     Gradient step = 0.1
     Update field sigma (voxel space) = 0
     Total field sigma (voxel space) = 0
     Update field time sigma = 0
     Total field time sigma  = 0
     Number of time indices = 0
     Number of time point samples = 0
Registration using 1 total stages.

Stage 0
  iterations = 1000x500x250x0
  convergence threshold = 1e-06
  convergence window size = 10
  number of levels = 4
  using the Mattes MI metric (number of bins = 32, weight = 1)
  preprocessing:  winsorizing the image intensities
  preprocessing:  histogram matching the images
  Shrink factors (level 1 out of 4): [6, 6, 6]
  Shrink factors (level 2 out of 4): [4, 4, 4]
  Shrink factors (level 3 out of 4): [2, 2, 2]
  Shrink factors (level 4 out of 4): [1, 1, 1]
  smoothing sigmas per level: [3, 2, 1, 0]
  regular sampling (percentage = 0.25)

*** Running Euler3DTransform registration ***

DIAGNOSTIC,Iteration,metricValue,convergenceValue,ITERATION_TIME_INDEX,SINCE_LAST
 2DIAGNOSTIC,     1, -8.374699950218e-01, inf, 7.1225e-01, 7.1225e-01, 
 2DIAGNOSTIC,     2, -8.389240503311e-01, inf, 7.2146e-01, 9.2158e-03, 
 2DIAGNOSTIC,     3, -8.412722349167e-01, inf, 7.3097e-01, 9.5019e-03, 
 2DIAGNOSTIC,     4, -8.440738320351e-01, inf, 7.4028e-01, 9.3181e-03, 
 2DIAGNOSTIC,     5, -8.467586040497e-01, inf, 7.4889e-01, 8.6040e-03, 
 2DIAGNOSTIC,     6, -8.493560552597e-01, inf, 7.5738e-01, 8.4889e-03, 
 2DIAGNOSTIC,     7, -8.521704673767e-01, inf, 7.6630e-01, 8.9250e-03, 
 2DIAGNOSTIC,     8, -8.543682694435e-01, inf, 7.7584e-01, 9.5420e-03, 
 2DIAGNOSTIC,     9, -8.596253395081e-01, inf, 7.8707e-01, 1.1225e-02, 
 2DIAGNOSTIC,    10, -8.634288907051e-01, 1.926850643940e-03, 7.9612e-01, 9.0480e-03, 
 2DIAGNOSTIC,    11, -8.648297786713e-01, 1.832292764448e-03, 8.0909e-01, 1.2969e-02, 
 2DIAGNOSTIC,    12, -8.680174350739e-01, 1.719533815049e-03, 8.1984e-01, 1.0755e-02, 
 2DIAGNOSTIC,    13, -8.693742156029e-01, 1.562225166708e-03, 8.2930e-01, 9.4609e-03, 
 2DIAGNOSTIC,    14, -8.695475459099e-01, 1.354887499474e-03, 8.3779e-01, 8.4920e-03, 
 2DIAGNOSTIC,    15, -8.697172403336e-01, 1.114868209697e-03, 8.4582e-01, 8.0242e-03, 
 2DIAGNOSTIC,    16, -8.703299164772e-01, 8.699776371941e-04, 8.5593e-01, 1.0112e-02, 
 2DIAGNOSTIC,    17, -8.704165816307e-01, 6.308238371275e-04, 8.6595e-01, 1.0022e-02, 
 2DIAGNOSTIC,    18, -8.704012632370e-01, 3.987344389316e-04, 8.7441e-01, 8.4610e-03, 
 2DIAGNOSTIC,    19, -8.704242110252e-01, 2.460131945554e-04, 8.8372e-01, 9.3088e-03, 
 2DIAGNOSTIC,    20, -8.704565167427e-01, 1.497829071013e-04, 8.9352e-01, 9.7940e-03, 
 2DIAGNOSTIC,    21, -8.705078959465e-01, 7.057441689540e-05, 9.0182e-01, 8.3070e-03, 
 2DIAGNOSTIC,    22, -8.705696463585e-01, 4.043990338687e-05, 9.1102e-01, 9.1970e-03, 
 2DIAGNOSTIC,    23, -8.706353306770e-01, 2.982750993397e-05, 9.2131e-01, 1.0294e-02, 
 2DIAGNOSTIC,    24, -8.706521391869e-01, 2.010487878579e-05, 9.3053e-01, 9.2170e-03, 
 2DIAGNOSTIC,    25, -8.706561923027e-01, 1.148542196461e-05, 9.3989e-01, 9.3589e-03, 
 2DIAGNOSTIC,    26, -8.706613779068e-01, 1.038485061144e-05, 9.4902e-01, 9.1310e-03, 
 2DIAGNOSTIC,    27, -8.706315159798e-01, 9.198061889037e-06, 9.5836e-01, 9.3389e-03, 
 2DIAGNOSTIC,    28, -8.706375360489e-01, 7.234079930640e-06, 9.6835e-01, 9.9928e-03, 
 2DIAGNOSTIC,    29, -8.706356883049e-01, 5.068502105132e-06, 9.7763e-01, 9.2721e-03, 
 2DIAGNOSTIC,    30, -8.706364631653e-01, 3.035450163225e-06, 9.8680e-01, 9.1779e-03, 
 2DIAGNOSTIC,    31, -8.706090450287e-01, 1.196394805447e-06, 9.9488e-01, 8.0740e-03, 
DIAGNOSTIC,Iteration,metricValue,convergenceValue,ITERATION_TIME_INDEX,SINCE_LAST
 2DIAGNOSTIC,     1, -7.531856894493e-01, inf, 1.5056e+00, 5.1070e-01, 
 2DIAGNOSTIC,     2, -7.544246912003e-01, inf, 1.5392e+00, 3.3659e-02, 
 2DIAGNOSTIC,     3, -7.558125853539e-01, inf, 1.5720e+00, 3.2745e-02, 
 2DIAGNOSTIC,     4, -7.569224834442e-01, inf, 1.6045e+00, 3.2547e-02, 
 2DIAGNOSTIC,     5, -7.573388814926e-01, inf, 1.6387e+00, 3.4162e-02, 
 2DIAGNOSTIC,     6, -7.573631405830e-01, inf, 1.6728e+00, 3.4138e-02, 
 2DIAGNOSTIC,     7, -7.573866844177e-01, inf, 1.7111e+00, 3.8284e-02, 
 2DIAGNOSTIC,     8, -7.574021220207e-01, inf, 1.7462e+00, 3.5129e-02, 
 2DIAGNOSTIC,     9, -7.574210762978e-01, inf, 1.7836e+00, 3.7360e-02, 
 2DIAGNOSTIC,    10, -7.574206590652e-01, 3.108629025519e-04, 1.8194e+00, 3.5791e-02, 
 2DIAGNOSTIC,    11, -7.574213743210e-01, 1.663059956627e-04, 1.8549e+00, 3.5557e-02, 
 2DIAGNOSTIC,    12, -7.574201226234e-01, 6.933834811207e-05, 1.8886e+00, 3.3678e-02, 
 2DIAGNOSTIC,    13, -7.574173808098e-01, 2.052850322798e-05, 1.9187e+00, 3.0071e-02, 
 2DIAGNOSTIC,    14, -7.574165463448e-01, 6.497846698039e-06, 1.9488e+00, 3.0108e-02, 
 2DIAGNOSTIC,    15, -7.574465870857e-01, 5.124804829393e-06, 1.9800e+00, 3.1200e-02, 
 2DIAGNOSTIC,    16, -7.574762701988e-01, 4.888432613370e-06, 2.0127e+00, 3.2730e-02, 
 2DIAGNOSTIC,    17, -7.575030326843e-01, 5.508909453056e-06, 2.0483e+00, 3.5580e-02, 
 2DIAGNOSTIC,    18, -7.575151920319e-01, 6.291790668911e-06, 2.0992e+00, 5.0877e-02, 
 2DIAGNOSTIC,    19, -7.575057744980e-01, 6.768849289074e-06, 2.1431e+00, 4.3930e-02, 
 2DIAGNOSTIC,    20, -7.575064897537e-01, 6.733413556503e-06, 2.1816e+00, 3.8495e-02, 
 2DIAGNOSTIC,    21, -7.575059533119e-01, 6.213758751983e-06, 2.2161e+00, 3.4495e-02, 
 2DIAGNOSTIC,    22, -7.575064897537e-01, 5.287470230542e-06, 2.2667e+00, 5.0591e-02, 
 2DIAGNOSTIC,    23, -7.575066089630e-01, 4.049272774864e-06, 2.3053e+00, 3.8558e-02, 
 2DIAGNOSTIC,    24, -7.575067281723e-01, 2.653874389580e-06, 2.3439e+00, 3.8595e-02, 
 2DIAGNOSTIC,    25, -7.575065493584e-01, 1.689440978225e-06, 2.3786e+00, 3.4756e-02, 
 2DIAGNOSTIC,    26, -7.575064897537e-01, 1.176798605229e-06, 2.4177e+00, 3.9070e-02, 
 2DIAGNOSTIC,    27, -7.575063705444e-01, 1.070690927918e-06, 2.4516e+00, 3.3871e-02, 
 2DIAGNOSTIC,    28, -7.575064301491e-01, 1.149730678662e-06, 2.4853e+00, 3.3786e-02, 
 2DIAGNOSTIC,    29, -7.575064897537e-01, 1.100639565266e-06, 2.5191e+00, 3.3792e-02, 
 2DIAGNOSTIC,    30, -7.575062513351e-01, 1.060782210516e-06, 2.5533e+00, 3.4213e-02, 
 2DIAGNOSTIC,    31, -7.575063109398e-01, 1.017712179419e-06, 2.5877e+00, 3.4335e-02, 
DIAGNOSTIC,Iteration,metricValue,convergenceValue,ITERATION_TIME_INDEX,SINCE_LAST
 2DIAGNOSTIC,     1, -6.635565757751e-01, inf, 3.5586e+00, 9.7095e-01, 
 2DIAGNOSTIC,     2, -6.638584136963e-01, inf, 3.7959e+00, 2.3724e-01, 
 2DIAGNOSTIC,     3, -6.640952825546e-01, inf, 4.0284e+00, 2.3249e-01, 
 2DIAGNOSTIC,     4, -6.641946434975e-01, inf, 4.3796e+00, 3.5121e-01, 
 2DIAGNOSTIC,     5, -6.641948223114e-01, inf, 4.6159e+00, 2.3634e-01, 
 2DIAGNOSTIC,     6, -6.641956567764e-01, inf, 4.8554e+00, 2.3952e-01, 
 2DIAGNOSTIC,     7, -6.641958355904e-01, inf, 5.1475e+00, 2.9210e-01, 
 2DIAGNOSTIC,     8, -6.641937494278e-01, inf, 5.4945e+00, 3.4700e-01, 
 2DIAGNOSTIC,     9, -6.641938090324e-01, inf, 5.7366e+00, 2.4208e-01, 
 2DIAGNOSTIC,    10, -6.641936898232e-01, 4.597573570209e-05, 5.9790e+00, 2.4241e-01, 
 2DIAGNOSTIC,    11, -6.641921401024e-01, 1.917937697726e-05, 6.2296e+00, 2.5054e-01, 
 2DIAGNOSTIC,    12, -6.641910076141e-01, 5.915661404288e-06, 6.5342e+00, 3.0465e-01, 
 2DIAGNOSTIC,    13, -6.641908288002e-01, 2.098002141793e-06, 6.7865e+00, 2.5232e-01, 
 2DIAGNOSTIC,    14, -6.641907691956e-01, 1.892378463708e-06, 7.0278e+00, 2.4130e-01, 
 2DIAGNOSTIC,    15, -6.641906499863e-01, 1.748653744471e-06, 7.2676e+00, 2.3976e-01, 
 2DIAGNOSTIC,    16, -6.641907095909e-01, 1.680978471086e-06, 7.5091e+00, 2.4150e-01, 
 2DIAGNOSTIC,    17, -6.641903519630e-01, 1.647074668654e-06, 7.7801e+00, 2.7100e-01, 
 2DIAGNOSTIC,    18, -6.641902923584e-01, 1.586358166605e-06, 8.0203e+00, 2.4019e-01, 
 2DIAGNOSTIC,    19, -6.641900539398e-01, 1.544031192680e-06, 8.2964e+00, 2.7616e-01, 
 2DIAGNOSTIC,    20, -6.641903519630e-01, 1.522517436570e-06, 8.5845e+00, 2.8805e-01, 
 2DIAGNOSTIC,    21, -6.641905307770e-01, 1.481822550886e-06, 8.8182e+00, 2.3371e-01, 
 2DIAGNOSTIC,    22, -6.641904115677e-01, 1.423625803909e-06, 9.0585e+00, 2.4032e-01, 
 2DIAGNOSTIC,    23, -6.641904115677e-01, 1.369534516016e-06, 9.2999e+00, 2.4139e-01, 
 2DIAGNOSTIC,    24, -6.641904711723e-01, 1.321277522948e-06, 9.5338e+00, 2.3392e-01, 
 2DIAGNOSTIC,    25, -6.641903519630e-01, 1.272932422580e-06, 9.7741e+00, 2.4023e-01, 
 2DIAGNOSTIC,    26, -6.641904115677e-01, 1.230325665347e-06, 1.0011e+01, 2.3689e-01, 
 2DIAGNOSTIC,    27, -6.641905903816e-01, 1.187446400763e-06, 1.0300e+01, 2.8910e-01, 
 2DIAGNOSTIC,    28, -6.641905903816e-01, 1.145958890447e-06, 1.0535e+01, 2.3474e-01, 
 2DIAGNOSTIC,    29, -6.641905307770e-01, 1.101921839108e-06, 1.0769e+01, 2.3381e-01, 
 2DIAGNOSTIC,    30, -6.641904115677e-01, 1.062896103576e-06, 1.1009e+01, 2.4067e-01, 
 2DIAGNOSTIC,    31, -6.641904711723e-01, 1.029522536555e-06, 1.1254e+01, 2.4507e-01, 
DIAGNOSTIC,Iteration,metricValue,convergenceValue,ITERATION_TIME_INDEX,SINCE_LAST
 2DIAGNOSTIC,     1, -5.957425236702e-01, inf, 1.4155e+01, 2.9006e+00, 
  Elapsed time (stage 0): 1.5367e+01


Total elapsed time: 1.5368e+01
Using single precision for computations.
Input scalar image: /home/mpib/nemecz/Projects/miniTRK/Analysis/01_MRI/Preproc/GroupTempl/T1w/sub-782818_T1w.nii.gz
Reference image: /home/mpib/nemecz/Projects/miniTRK/Results/01_MRI/GroupTempl/T1w/T_template0.nii.gz
=============================================================================
The composite transform comprises the following transforms (in order): 
  1. /home/mpib/nemecz/Projects/miniTRK/Results/01_MRI/GroupTempl/T1w/rigid30_0GenericAffine.mat (type = AffineTransform)
=============================================================================
Default pixel value: 0
Interpolation type: LinearInterpolateImageFunction
Output warped image: /home/mpib/nemecz/Projects/miniTRK/Results/01_MRI/GroupTempl/T1w/rigid30_0_sub-782818_T1w.nii.gz
