
Running N4 for 3-dimensional images.

Mask not read.  Using the entire image as the mask.

Original intensity range:  [0, 957]

***********************************************************
Warning:  Your input image contains nonpositive values
which could cause failure or problematic results.  A
possible workaround would be to:
   1. rescale your image to positive values e.g., [10,100].
   2. run N4 on your rescaled image.
   3. (optional) rescale the N4 output to the original
      intensity range.
***********************************************************

Specified spline distance: 200mm
  original image size:  [192, 256, 256]
  padded image size:  [201, 401, 401]
  number of control points:  [4, 5, 5]

Current level = 1
  Iteration 1 (of 50).   Current convergence value = 0.000698593 (threshold = 1e-08)
  Iteration 2 (of 50).   Current convergence value = 0.000468378 (threshold = 1e-08)
  Iteration 3 (of 50).   Current convergence value = 0.000314742 (threshold = 1e-08)
  Iteration 4 (of 50).   Current convergence value = 0.000219444 (threshold = 1e-08)
  Iteration 5 (of 50).   Current convergence value = 0.000158188 (threshold = 1e-08)
  Iteration 6 (of 50).   Current convergence value = 0.000119427 (threshold = 1e-08)
  Iteration 7 (of 50).   Current convergence value = 9.64813e-05 (threshold = 1e-08)
  Iteration 8 (of 50).   Current convergence value = 8.43475e-05 (threshold = 1e-08)
  Iteration 9 (of 50).   Current convergence value = 7.8989e-05 (threshold = 1e-08)
  Iteration 10 (of 50).   Current convergence value = 7.72647e-05 (threshold = 1e-08)
  Iteration 11 (of 50).   Current convergence value = 7.71791e-05 (threshold = 1e-08)
  Iteration 12 (of 50).   Current convergence value = 7.76683e-05 (threshold = 1e-08)
  Iteration 13 (of 50).   Current convergence value = 7.82468e-05 (threshold = 1e-08)
  Iteration 14 (of 50).   Current convergence value = 7.89438e-05 (threshold = 1e-08)
  Iteration 15 (of 50).   Current convergence value = 7.9479e-05 (threshold = 1e-08)
  Iteration 16 (of 50).   Current convergence value = 7.98066e-05 (threshold = 1e-08)
  Iteration 17 (of 50).   Current convergence value = 8.00072e-05 (threshold = 1e-08)
  Iteration 18 (of 50).   Current convergence value = 8.00552e-05 (threshold = 1e-08)
  Iteration 19 (of 50).   Current convergence value = 8.0045e-05 (threshold = 1e-08)
  Iteration 20 (of 50).   Current convergence value = 8.00015e-05 (threshold = 1e-08)
  Iteration 21 (of 50).   Current convergence value = 7.98616e-05 (threshold = 1e-08)
  Iteration 22 (of 50).   Current convergence value = 7.98182e-05 (threshold = 1e-08)
  Iteration 23 (of 50).   Current convergence value = 7.97107e-05 (threshold = 1e-08)
  Iteration 24 (of 50).   Current convergence value = 7.93973e-05 (threshold = 1e-08)
  Iteration 25 (of 50).   Current convergence value = 7.91083e-05 (threshold = 1e-08)
  Iteration 26 (of 50).   Current convergence value = 7.88765e-05 (threshold = 1e-08)
  Iteration 27 (of 50).   Current convergence value = 7.86404e-05 (threshold = 1e-08)
  Iteration 28 (of 50).   Current convergence value = 7.84769e-05 (threshold = 1e-08)
  Iteration 29 (of 50).   Current convergence value = 7.78957e-05 (threshold = 1e-08)
  Iteration 30 (of 50).   Current convergence value = 7.64025e-05 (threshold = 1e-08)
  Iteration 31 (of 50).   Current convergence value = 7.5183e-05 (threshold = 1e-08)
  Iteration 32 (of 50).   Current convergence value = 7.40439e-05 (threshold = 1e-08)
  Iteration 33 (of 50).   Current convergence value = 7.30365e-05 (threshold = 1e-08)
  Iteration 34 (of 50).   Current convergence value = 7.22532e-05 (threshold = 1e-08)
  Iteration 35 (of 50).   Current convergence value = 7.15702e-05 (threshold = 1e-08)
  Iteration 36 (of 50).   Current convergence value = 7.0715e-05 (threshold = 1e-08)
  Iteration 37 (of 50).   Current convergence value = 7.00856e-05 (threshold = 1e-08)
  Iteration 38 (of 50).   Current convergence value = 6.9543e-05 (threshold = 1e-08)
  Iteration 39 (of 50).   Current convergence value = 6.88646e-05 (threshold = 1e-08)
  Iteration 40 (of 50).   Current convergence value = 6.81243e-05 (threshold = 1e-08)
  Iteration 41 (of 50).   Current convergence value = 6.75339e-05 (threshold = 1e-08)
  Iteration 42 (of 50).   Current convergence value = 6.71281e-05 (threshold = 1e-08)
  Iteration 43 (of 50).   Current convergence value = 6.659e-05 (threshold = 1e-08)
  Iteration 44 (of 50).   Current convergence value = 6.59907e-05 (threshold = 1e-08)
  Iteration 45 (of 50).   Current convergence value = 6.55245e-05 (threshold = 1e-08)
  Iteration 46 (of 50).   Current convergence value = 6.50015e-05 (threshold = 1e-08)
  Iteration 47 (of 50).   Current convergence value = 6.44745e-05 (threshold = 1e-08)
  Iteration 48 (of 50).   Current convergence value = 6.39099e-05 (threshold = 1e-08)
  Iteration 49 (of 50).   Current convergence value = 6.34249e-05 (threshold = 1e-08)
  Iteration 50 (of 50).   Current convergence value = 6.30221e-05 (threshold = 1e-08)
Current level = 2
  Iteration 1 (of 50).   Current convergence value = 0.000485663 (threshold = 1e-08)
  Iteration 2 (of 50).   Current convergence value = 0.000397539 (threshold = 1e-08)
  Iteration 3 (of 50).   Current convergence value = 0.000345461 (threshold = 1e-08)
  Iteration 4 (of 50).   Current convergence value = 0.000299899 (threshold = 1e-08)
  Iteration 5 (of 50).   Current convergence value = 0.000261551 (threshold = 1e-08)
  Iteration 6 (of 50).   Current convergence value = 0.000231013 (threshold = 1e-08)
  Iteration 7 (of 50).   Current convergence value = 0.000209058 (threshold = 1e-08)
  Iteration 8 (of 50).   Current convergence value = 0.000194411 (threshold = 1e-08)
  Iteration 9 (of 50).   Current convergence value = 0.00017455 (threshold = 1e-08)
  Iteration 10 (of 50).   Current convergence value = 0.00015759 (threshold = 1e-08)
  Iteration 11 (of 50).   Current convergence value = 0.000142844 (threshold = 1e-08)
  Iteration 12 (of 50).   Current convergence value = 0.000130038 (threshold = 1e-08)
  Iteration 13 (of 50).   Current convergence value = 0.000119091 (threshold = 1e-08)
  Iteration 14 (of 50).   Current convergence value = 0.000109469 (threshold = 1e-08)
  Iteration 15 (of 50).   Current convergence value = 0.000101046 (threshold = 1e-08)
  Iteration 16 (of 50).   Current convergence value = 9.39823e-05 (threshold = 1e-08)
  Iteration 17 (of 50).   Current convergence value = 8.78393e-05 (threshold = 1e-08)
  Iteration 18 (of 50).   Current convergence value = 8.26758e-05 (threshold = 1e-08)
  Iteration 19 (of 50).   Current convergence value = 7.81971e-05 (threshold = 1e-08)
  Iteration 20 (of 50).   Current convergence value = 7.59722e-05 (threshold = 1e-08)
  Iteration 21 (of 50).   Current convergence value = 7.43687e-05 (threshold = 1e-08)
  Iteration 22 (of 50).   Current convergence value = 7.31416e-05 (threshold = 1e-08)
  Iteration 23 (of 50).   Current convergence value = 7.20368e-05 (threshold = 1e-08)
  Iteration 24 (of 50).   Current convergence value = 7.12504e-05 (threshold = 1e-08)
  Iteration 25 (of 50).   Current convergence value = 7.05683e-05 (threshold = 1e-08)
  Iteration 26 (of 50).   Current convergence value = 7.00293e-05 (threshold = 1e-08)
  Iteration 27 (of 50).   Current convergence value = 6.94669e-05 (threshold = 1e-08)
  Iteration 28 (of 50).   Current convergence value = 6.89756e-05 (threshold = 1e-08)
  Iteration 29 (of 50).   Current convergence value = 6.84567e-05 (threshold = 1e-08)
  Iteration 30 (of 50).   Current convergence value = 6.80766e-05 (threshold = 1e-08)
  Iteration 31 (of 50).   Current convergence value = 6.77712e-05 (threshold = 1e-08)
  Iteration 32 (of 50).   Current convergence value = 6.72241e-05 (threshold = 1e-08)
  Iteration 33 (of 50).   Current convergence value = 6.67862e-05 (threshold = 1e-08)
  Iteration 34 (of 50).   Current convergence value = 6.64755e-05 (threshold = 1e-08)
  Iteration 35 (of 50).   Current convergence value = 6.61381e-05 (threshold = 1e-08)
  Iteration 36 (of 50).   Current convergence value = 6.56761e-05 (threshold = 1e-08)
  Iteration 37 (of 50).   Current convergence value = 6.54039e-05 (threshold = 1e-08)
  Iteration 38 (of 50).   Current convergence value = 6.52272e-05 (threshold = 1e-08)
  Iteration 39 (of 50).   Current convergence value = 6.49695e-05 (threshold = 1e-08)
  Iteration 40 (of 50).   Current convergence value = 6.47264e-05 (threshold = 1e-08)
  Iteration 41 (of 50).   Current convergence value = 6.47054e-05 (threshold = 1e-08)
  Iteration 42 (of 50).   Current convergence value = 6.44755e-05 (threshold = 1e-08)
  Iteration 43 (of 50).   Current convergence value = 6.43818e-05 (threshold = 1e-08)
  Iteration 44 (of 50).   Current convergence value = 6.42257e-05 (threshold = 1e-08)
  Iteration 45 (of 50).   Current convergence value = 6.41897e-05 (threshold = 1e-08)
  Iteration 46 (of 50).   Current convergence value = 6.41261e-05 (threshold = 1e-08)
  Iteration 47 (of 50).   Current convergence value = 6.41322e-05 (threshold = 1e-08)
  Iteration 48 (of 50).   Current convergence value = 6.40449e-05 (threshold = 1e-08)
  Iteration 49 (of 50).   Current convergence value = 6.40684e-05 (threshold = 1e-08)
  Iteration 50 (of 50).   Current convergence value = 6.40104e-05 (threshold = 1e-08)
Current level = 3
  Iteration 1 (of 40).   Current convergence value = 0.00148738 (threshold = 1e-08)
  Iteration 2 (of 40).   Current convergence value = 0.00112222 (threshold = 1e-08)
  Iteration 3 (of 40).   Current convergence value = 0.000913735 (threshold = 1e-08)
  Iteration 4 (of 40).   Current convergence value = 0.000752543 (threshold = 1e-08)
  Iteration 5 (of 40).   Current convergence value = 0.000650328 (threshold = 1e-08)
  Iteration 6 (of 40).   Current convergence value = 0.000593078 (threshold = 1e-08)
  Iteration 7 (of 40).   Current convergence value = 0.000565965 (threshold = 1e-08)
  Iteration 8 (of 40).   Current convergence value = 0.000557721 (threshold = 1e-08)
  Iteration 9 (of 40).   Current convergence value = 0.000559394 (threshold = 1e-08)
  Iteration 10 (of 40).   Current convergence value = 0.000567922 (threshold = 1e-08)
  Iteration 11 (of 40).   Current convergence value = 0.000580373 (threshold = 1e-08)
  Iteration 12 (of 40).   Current convergence value = 0.000597339 (threshold = 1e-08)
  Iteration 13 (of 40).   Current convergence value = 0.000617738 (threshold = 1e-08)
  Iteration 14 (of 40).   Current convergence value = 0.000638586 (threshold = 1e-08)
  Iteration 15 (of 40).   Current convergence value = 0.000660632 (threshold = 1e-08)
  Iteration 16 (of 40).   Current convergence value = 0.000683749 (threshold = 1e-08)
  Iteration 17 (of 40).   Current convergence value = 0.000705327 (threshold = 1e-08)
  Iteration 18 (of 40).   Current convergence value = 0.000725585 (threshold = 1e-08)
  Iteration 19 (of 40).   Current convergence value = 0.000746235 (threshold = 1e-08)
  Iteration 20 (of 40).   Current convergence value = 0.000757809 (threshold = 1e-08)
  Iteration 21 (of 40).   Current convergence value = 0.000781934 (threshold = 1e-08)
  Iteration 22 (of 40).   Current convergence value = 0.000804231 (threshold = 1e-08)
  Iteration 23 (of 40).   Current convergence value = 0.000825842 (threshold = 1e-08)
  Iteration 24 (of 40).   Current convergence value = 0.000847699 (threshold = 1e-08)
  Iteration 25 (of 40).   Current convergence value = 0.000868999 (threshold = 1e-08)
  Iteration 26 (of 40).   Current convergence value = 0.000893542 (threshold = 1e-08)
  Iteration 27 (of 40).   Current convergence value = 0.000916293 (threshold = 1e-08)
  Iteration 28 (of 40).   Current convergence value = 0.000938483 (threshold = 1e-08)
  Iteration 29 (of 40).   Current convergence value = 0.000961043 (threshold = 1e-08)
  Iteration 30 (of 40).   Current convergence value = 0.00098099 (threshold = 1e-08)
  Iteration 31 (of 40).   Current convergence value = 0.000999852 (threshold = 1e-08)
  Iteration 32 (of 40).   Current convergence value = 0.00101879 (threshold = 1e-08)
  Iteration 33 (of 40).   Current convergence value = 0.00103511 (threshold = 1e-08)
  Iteration 34 (of 40).   Current convergence value = 0.00105015 (threshold = 1e-08)
  Iteration 35 (of 40).   Current convergence value = 0.00106371 (threshold = 1e-08)
  Iteration 36 (of 40).   Current convergence value = 0.0010689 (threshold = 1e-08)
  Iteration 37 (of 40).   Current convergence value = 0.00106889 (threshold = 1e-08)
  Iteration 38 (of 40).   Current convergence value = 0.00105759 (threshold = 1e-08)
  Iteration 39 (of 40).   Current convergence value = 0.0010433 (threshold = 1e-08)
  Iteration 40 (of 40).   Current convergence value = 0.00102799 (threshold = 1e-08)
Current level = 4
  Iteration 1 (of 30).   Current convergence value = 0.00263854 (threshold = 1e-08)
  Iteration 2 (of 30).   Current convergence value = 0.00227417 (threshold = 1e-08)
  Iteration 3 (of 30).   Current convergence value = 0.00214735 (threshold = 1e-08)
  Iteration 4 (of 30).   Current convergence value = 0.00204207 (threshold = 1e-08)
  Iteration 5 (of 30).   Current convergence value = 0.00187817 (threshold = 1e-08)
  Iteration 6 (of 30).   Current convergence value = 0.00175298 (threshold = 1e-08)
  Iteration 7 (of 30).   Current convergence value = 0.00164405 (threshold = 1e-08)
  Iteration 8 (of 30).   Current convergence value = 0.00154766 (threshold = 1e-08)
  Iteration 9 (of 30).   Current convergence value = 0.00145405 (threshold = 1e-08)
  Iteration 10 (of 30).   Current convergence value = 0.00136293 (threshold = 1e-08)
  Iteration 11 (of 30).   Current convergence value = 0.00127743 (threshold = 1e-08)
  Iteration 12 (of 30).   Current convergence value = 0.00128132 (threshold = 1e-08)
  Iteration 13 (of 30).   Current convergence value = 0.00132473 (threshold = 1e-08)
  Iteration 14 (of 30).   Current convergence value = 0.00137229 (threshold = 1e-08)
  Iteration 15 (of 30).   Current convergence value = 0.00142441 (threshold = 1e-08)
  Iteration 16 (of 30).   Current convergence value = 0.00147298 (threshold = 1e-08)
  Iteration 17 (of 30).   Current convergence value = 0.00147458 (threshold = 1e-08)
  Iteration 18 (of 30).   Current convergence value = 0.00145527 (threshold = 1e-08)
  Iteration 19 (of 30).   Current convergence value = 0.00145113 (threshold = 1e-08)
  Iteration 20 (of 30).   Current convergence value = 0.00143785 (threshold = 1e-08)
  Iteration 21 (of 30).   Current convergence value = 0.0014128 (threshold = 1e-08)
  Iteration 22 (of 30).   Current convergence value = 0.00137584 (threshold = 1e-08)
  Iteration 23 (of 30).   Current convergence value = 0.00132883 (threshold = 1e-08)
  Iteration 24 (of 30).   Current convergence value = 0.00129335 (threshold = 1e-08)
  Iteration 25 (of 30).   Current convergence value = 0.00125905 (threshold = 1e-08)
  Iteration 26 (of 30).   Current convergence value = 0.00121966 (threshold = 1e-08)
  Iteration 27 (of 30).   Current convergence value = 0.00121527 (threshold = 1e-08)
  Iteration 28 (of 30).   Current convergence value = 0.00122574 (threshold = 1e-08)
  Iteration 29 (of 30).   Current convergence value = 0.00123666 (threshold = 1e-08)
  Iteration 30 (of 30).   Current convergence value = 0.00124719 (threshold = 1e-08)
   N4BiasFieldCorrectionImageFilter (0x55d11f4e7e20)
     RTTI typeinfo:   itk::N4BiasFieldCorrectionImageFilter<itk::Image<float, 3u>, itk::Image<float, 3u>, itk::Image<float, 3u> >
     Reference Count: 1
     Modified Time: 565
     Debug: Off
     Object Name: 
     Observers: 
       IterationEvent(Command)
     Inputs: 
       ConfidenceImage: (0)
       MaskImage: (0x55d11f5125d0)
       Primary: (0x55d11f50daf0) *
     Indexed Inputs: 
       0: Primary (0x55d11f50daf0)
       1: MaskImage (0x55d11f5125d0)
       2: ConfidenceImage (0)
     Required Input Names: Primary
     NumberOfRequiredInputs: 1
     Outputs: 
       Primary: (0x55d11f4f7ef0)
     Indexed Outputs: 
       0: Primary (0x55d11f4f7ef0)
     NumberOfRequiredOutputs: 1
     Number Of Work Units: 32
     ReleaseDataFlag: Off
     ReleaseDataBeforeUpdateFlag: Off
     AbortGenerateData: Off
     Progress: 0
     Multithreader: 
       RTTI typeinfo:   itk::PoolMultiThreader
       Reference Count: 1
       Modified Time: 144
       Debug: Off
       Object Name: 
       Observers: 
         none
       Number of Work Units: 32
       Number of Threads: 8
       Global Maximum Number Of Threads: 128
       Global Default Number Of Threads: 8
       Global Default Threader Type: itk::MultiThreaderBaseEnums::Threader::Pool
       SingleMethod: 0
       SingleData: 0
     DynamicMultiThreading: On
     CoordinateTolerance: 1e-06
     DirectionTolerance: 1e-06
     Use Mask Label: 0
     Mask label: 1
     Number of histogram bins: 200
     Wiener filter noise: 0.01
     Bias field FWHM: 0.15
     Maximum number of iterations: [50, 50, 40, 30]
     Convergence threshold: 1e-08
     Spline order: 3
     Number of fitting levels: [4, 4, 4]
     Number of control points: [4, 5, 5]
     CurrentConvergenceMeasurement: 0.00124719
     CurrentLevel: 4
     ElapsedIterations: 31
     LogBiasFieldControlPointLattice: 
       Image (0x55d12a541f40)
         RTTI typeinfo:   itk::Image<itk::Vector<float, 1u>, 3u>
         Reference Count: 1
         Modified Time: 343560
         Debug: Off
         Object Name: 
         Observers: 
           none
         Source: (none)
         Source output name: (none)
         Release Data: Off
         Data Released: False
         Global Release Data: Off
         PipelineMTime: 0
         UpdateMTime: 0
         RealTimeStamp: 0 seconds 
         LargestPossibleRegion: 
           Dimension: 3
           Index: [0, 0, 0]
           Size: [11, 19, 19]
         BufferedRegion: 
           Dimension: 3
           Index: [0, 0, 0]
           Size: [11, 19, 19]
         RequestedRegion: 
           Dimension: 3
           Index: [0, 0, 0]
           Size: [11, 19, 19]
         Spacing: [24.75, 24.875, 24.875]
         Origin: [27.6587, 26.0351, -20.1808]
         Direction: 
-0.996035 -0.0429988 -0.0778782
0.051022 -0.993252 -0.104152
-0.0728742 -0.107712 0.991508

         IndexToPointMatrix: 
-24.6519 -1.06959 -1.93722
1.2628 -24.7071 -2.59078
-1.80364 -2.67934 24.6638

         PointToIndexMatrix: 
-0.0402438 0.0020615 -0.00294441
-0.00172859 -0.0399297 -0.00433015
-0.00313078 -0.00418699 0.0398596

         Inverse Direction: 
-0.996035 0.051022 -0.0728742
-0.0429988 -0.993252 -0.107713
-0.0778781 -0.104151 0.991508

         PixelContainer: 
           ImportImageContainer (0x55d125fe8eb0)
             RTTI typeinfo:   itk::ImportImageContainer<unsigned long, itk::Vector<float, 1u> >
             Reference Count: 1
             Modified Time: 343561
             Debug: Off
             Object Name: 
             Observers: 
               none
             Pointer: 0x55d12969cd00
             Container manages memory: true
             Size: 3971
             Capacity: 3971
Elapsed time: 304.627
All_Command_lines_OK
Using single precision for computations.
=============================================================================
The composite transform comprises the following transforms (in order): 
  1. Center of mass alignment using fixed image: /home/mpib/nemecz/Projects/miniTRK/Results/01_MRI/GroupTempl/T1w/T_template0.nii.gz and moving image: /home/mpib/nemecz/Projects/miniTRK/Analysis/01_MRI/Preproc/GroupTempl/T1w/sub-546563_T1w.nii.gz (type = Euler3DTransform)
=============================================================================
  number of levels = 4
  number of levels = 4
  number of levels = 4
  fixed image: /home/mpib/nemecz/Projects/miniTRK/Results/01_MRI/GroupTempl/T1w/T_template0.nii.gz
  moving image: /home/mpib/nemecz/Projects/miniTRK/Results/01_MRI/GroupTempl/T1w/T_template0sub-546563_T1wRepaired.nii.gz
  fixed image: /home/mpib/nemecz/Projects/miniTRK/Results/01_MRI/GroupTempl/T1w/T_template0.nii.gz
  moving image: /home/mpib/nemecz/Projects/miniTRK/Results/01_MRI/GroupTempl/T1w/T_template0sub-546563_T1wRepaired.nii.gz
  fixed image: /home/mpib/nemecz/Projects/miniTRK/Results/01_MRI/GroupTempl/T1w/T_template0.nii.gz
  moving image: /home/mpib/nemecz/Projects/miniTRK/Results/01_MRI/GroupTempl/T1w/T_template0sub-546563_T1wRepaired.nii.gz
Dimension = 3
Number of stages = 3
Use Histogram Matching true
Winsorize image intensities true
Lower quantile = 0.01
Upper quantile = 0.99
Stage 1 State
   Image metric = Mattes
     Fixed image = Image (0x556abf3d3ad0)
  RTTI typeinfo:   itk::Image<float, 3u>
  Reference Count: 2
  Modified Time: 1721
  Debug: Off
  Object Name: 
  Observers: 
    none
  Source: (none)
  Source output name: (none)
  Release Data: Off
  Data Released: False
  Global Release Data: Off
  PipelineMTime: 0
  UpdateMTime: 1506
  RealTimeStamp: 0 seconds 
  LargestPossibleRegion: 
    Dimension: 3
    Index: [0, 0, 0]
    Size: [192, 256, 256]
  BufferedRegion: 
    Dimension: 3
    Index: [0, 0, 0]
    Size: [192, 256, 256]
  RequestedRegion: 
    Dimension: 3
    Index: [0, 0, 0]
    Size: [192, 256, 256]
  Spacing: [1, 1, 1]
  Origin: [95.0313, 100.538, -154.123]
  Direction: 
-0.999853 -0.014134 -0.00966312
0.014129 -0.9999 0.000586045
-0.00967044 0.000449429 0.999953

  IndexToPointMatrix: 
-0.999853 -0.014134 -0.00966312
0.014129 -0.9999 0.000586045
-0.00967044 0.000449429 0.999953

  PointToIndexMatrix: 
-0.999853 0.014129 -0.00967044
-0.014134 -0.9999 0.000449429
-0.00966312 0.000586045 0.999953

  Inverse Direction: 
-0.999853 0.014129 -0.00967044
-0.014134 -0.9999 0.000449429
-0.00966312 0.000586045 0.999953

  PixelContainer: 
    ImportImageContainer (0x556abf3dbc80)
      RTTI typeinfo:   itk::ImportImageContainer<unsigned long, float>
      Reference Count: 1
      Modified Time: 1503
      Debug: Off
      Object Name: 
      Observers: 
        none
      Pointer: 0x7f0333a16010
      Container manages memory: true
      Size: 12582912
      Capacity: 12582912

     Moving image = Image (0x556abf3d4bc0)
  RTTI typeinfo:   itk::Image<float, 3u>
  Reference Count: 2
  Modified Time: 1722
  Debug: Off
  Object Name: 
  Observers: 
    none
  Source: (none)
  Source output name: (none)
  Release Data: Off
  Data Released: False
  Global Release Data: Off
  PipelineMTime: 0
  UpdateMTime: 1719
  RealTimeStamp: 0 seconds 
  LargestPossibleRegion: 
    Dimension: 3
    Index: [0, 0, 0]
    Size: [192, 256, 256]
  BufferedRegion: 
    Dimension: 3
    Index: [0, 0, 0]
    Size: [192, 256, 256]
  RequestedRegion: 
    Dimension: 3
    Index: [0, 0, 0]
    Size: [192, 256, 256]
  Spacing: [1, 1, 1]
  Origin: [113.079, 108.227, -128.833]
  Direction: 
-0.996035 -0.0429988 -0.0778782
0.051022 -0.993252 -0.104152
-0.0728742 -0.107712 0.991508

  IndexToPointMatrix: 
-0.996035 -0.0429988 -0.0778782
0.051022 -0.993252 -0.104152
-0.0728742 -0.107712 0.991508

  PointToIndexMatrix: 
-0.996035 0.051022 -0.0728742
-0.0429988 -0.993252 -0.107712
-0.0778782 -0.104152 0.991508

  Inverse Direction: 
-0.996035 0.051022 -0.0728742
-0.0429988 -0.993252 -0.107712
-0.0778782 -0.104152 0.991508

  PixelContainer: 
    ImportImageContainer (0x556abf3e0100)
      RTTI typeinfo:   itk::ImportImageContainer<unsigned long, float>
      Reference Count: 1
      Modified Time: 1716
      Debug: Off
      Object Name: 
      Observers: 
        none
      Pointer: 0x7f0330a15010
      Container manages memory: true
      Size: 12582912
      Capacity: 12582912

     Weighting = 1
     Sampling strategy = regular
     Number of bins = 32
     Radius = 4
     Sampling percentage  = 0.25
   Transform = Rigid
     Gradient step = 0.1
     Update field sigma (voxel space) = 0
     Total field sigma (voxel space) = 0
     Update field time sigma = 0
     Total field time sigma  = 0
     Number of time indices = 0
     Number of time point samples = 0
Stage 2 State
   Image metric = Mattes
     Fixed image = Image (0x556abf3ec870)
  RTTI typeinfo:   itk::Image<float, 3u>
  Reference Count: 2
  Modified Time: 2149
  Debug: Off
  Object Name: 
  Observers: 
    none
  Source: (none)
  Source output name: (none)
  Release Data: Off
  Data Released: False
  Global Release Data: Off
  PipelineMTime: 0
  UpdateMTime: 1934
  RealTimeStamp: 0 seconds 
  LargestPossibleRegion: 
    Dimension: 3
    Index: [0, 0, 0]
    Size: [192, 256, 256]
  BufferedRegion: 
    Dimension: 3
    Index: [0, 0, 0]
    Size: [192, 256, 256]
  RequestedRegion: 
    Dimension: 3
    Index: [0, 0, 0]
    Size: [192, 256, 256]
  Spacing: [1, 1, 1]
  Origin: [95.0313, 100.538, -154.123]
  Direction: 
-0.999853 -0.014134 -0.00966312
0.014129 -0.9999 0.000586045
-0.00967044 0.000449429 0.999953

  IndexToPointMatrix: 
-0.999853 -0.014134 -0.00966312
0.014129 -0.9999 0.000586045
-0.00967044 0.000449429 0.999953

  PointToIndexMatrix: 
-0.999853 0.014129 -0.00967044
-0.014134 -0.9999 0.000449429
-0.00966312 0.000586045 0.999953

  Inverse Direction: 
-0.999853 0.014129 -0.00967044
-0.014134 -0.9999 0.000449429
-0.00966312 0.000586045 0.999953

  PixelContainer: 
    ImportImageContainer (0x556abf3d76d0)
      RTTI typeinfo:   itk::ImportImageContainer<unsigned long, float>
      Reference Count: 1
      Modified Time: 1931
      Debug: Off
      Object Name: 
      Observers: 
        none
      Pointer: 0x7f032da14010
      Container manages memory: true
      Size: 12582912
      Capacity: 12582912

     Moving image = Image (0x556abf3ec4c0)
  RTTI typeinfo:   itk::Image<float, 3u>
  Reference Count: 2
  Modified Time: 2150
  Debug: Off
  Object Name: 
  Observers: 
    none
  Source: (none)
  Source output name: (none)
  Release Data: Off
  Data Released: False
  Global Release Data: Off
  PipelineMTime: 0
  UpdateMTime: 2147
  RealTimeStamp: 0 seconds 
  LargestPossibleRegion: 
    Dimension: 3
    Index: [0, 0, 0]
    Size: [192, 256, 256]
  BufferedRegion: 
    Dimension: 3
    Index: [0, 0, 0]
    Size: [192, 256, 256]
  RequestedRegion: 
    Dimension: 3
    Index: [0, 0, 0]
    Size: [192, 256, 256]
  Spacing: [1, 1, 1]
  Origin: [113.079, 108.227, -128.833]
  Direction: 
-0.996035 -0.0429988 -0.0778782
0.051022 -0.993252 -0.104152
-0.0728742 -0.107712 0.991508

  IndexToPointMatrix: 
-0.996035 -0.0429988 -0.0778782
0.051022 -0.993252 -0.104152
-0.0728742 -0.107712 0.991508

  PointToIndexMatrix: 
-0.996035 0.051022 -0.0728742
-0.0429988 -0.993252 -0.107712
-0.0778782 -0.104152 0.991508

  Inverse Direction: 
-0.996035 0.051022 -0.0728742
-0.0429988 -0.993252 -0.107712
-0.0778782 -0.104152 0.991508

  PixelContainer: 
    ImportImageContainer (0x556abf3ed8c0)
      RTTI typeinfo:   itk::ImportImageContainer<unsigned long, float>
      Reference Count: 1
      Modified Time: 2144
      Debug: Off
      Object Name: 
      Observers: 
        none
      Pointer: 0x7f032aa13010
      Container manages memory: true
      Size: 12582912
      Capacity: 12582912

     Weighting = 1
     Sampling strategy = regular
     Number of bins = 32
     Radius = 4
     Sampling percentage  = 0.25
   Transform = Affine
     Gradient step = 0.1
     Update field sigma (voxel space) = 0
     Total field sigma (voxel space) = 0
     Update field time sigma = 0
     Total field time sigma  = 0
     Number of time indices = 0
     Number of time point samples = 0
Stage 3 State
   Image metric = CC
     Fixed image = Image (0x556abf3f3960)
  RTTI typeinfo:   itk::Image<float, 3u>
  Reference Count: 2
  Modified Time: 2577
  Debug: Off
  Object Name: 
  Observers: 
    none
  Source: (none)
  Source output name: (none)
  Release Data: Off
  Data Released: False
  Global Release Data: Off
  PipelineMTime: 0
  UpdateMTime: 2362
  RealTimeStamp: 0 seconds 
  LargestPossibleRegion: 
    Dimension: 3
    Index: [0, 0, 0]
    Size: [192, 256, 256]
  BufferedRegion: 
    Dimension: 3
    Index: [0, 0, 0]
    Size: [192, 256, 256]
  RequestedRegion: 
    Dimension: 3
    Index: [0, 0, 0]
    Size: [192, 256, 256]
  Spacing: [1, 1, 1]
  Origin: [95.0313, 100.538, -154.123]
  Direction: 
-0.999853 -0.014134 -0.00966312
0.014129 -0.9999 0.000586045
-0.00967044 0.000449429 0.999953

  IndexToPointMatrix: 
-0.999853 -0.014134 -0.00966312
0.014129 -0.9999 0.000586045
-0.00967044 0.000449429 0.999953

  PointToIndexMatrix: 
-0.999853 0.014129 -0.00967044
-0.014134 -0.9999 0.000449429
-0.00966312 0.000586045 0.999953

  Inverse Direction: 
-0.999853 0.014129 -0.00967044
-0.014134 -0.9999 0.000449429
-0.00966312 0.000586045 0.999953

  PixelContainer: 
    ImportImageContainer (0x556abf3d4660)
      RTTI typeinfo:   itk::ImportImageContainer<unsigned long, float>
      Reference Count: 1
      Modified Time: 2359
      Debug: Off
      Object Name: 
      Observers: 
        none
      Pointer: 0x7f0327a12010
      Container manages memory: true
      Size: 12582912
      Capacity: 12582912

     Moving image = Image (0x556abf3f5840)
  RTTI typeinfo:   itk::Image<float, 3u>
  Reference Count: 2
  Modified Time: 2578
  Debug: Off
  Object Name: 
  Observers: 
    none
  Source: (none)
  Source output name: (none)
  Release Data: Off
  Data Released: False
  Global Release Data: Off
  PipelineMTime: 0
  UpdateMTime: 2575
  RealTimeStamp: 0 seconds 
  LargestPossibleRegion: 
    Dimension: 3
    Index: [0, 0, 0]
    Size: [192, 256, 256]
  BufferedRegion: 
    Dimension: 3
    Index: [0, 0, 0]
    Size: [192, 256, 256]
  RequestedRegion: 
    Dimension: 3
    Index: [0, 0, 0]
    Size: [192, 256, 256]
  Spacing: [1, 1, 1]
  Origin: [113.079, 108.227, -128.833]
  Direction: 
-0.996035 -0.0429988 -0.0778782
0.051022 -0.993252 -0.104152
-0.0728742 -0.107712 0.991508

  IndexToPointMatrix: 
-0.996035 -0.0429988 -0.0778782
0.051022 -0.993252 -0.104152
-0.0728742 -0.107712 0.991508

  PointToIndexMatrix: 
-0.996035 0.051022 -0.0728742
-0.0429988 -0.993252 -0.107712
-0.0778782 -0.104152 0.991508

  Inverse Direction: 
-0.996035 0.051022 -0.0728742
-0.0429988 -0.993252 -0.107712
-0.0778782 -0.104152 0.991508

  PixelContainer: 
    ImportImageContainer (0x556abf3f2660)
      RTTI typeinfo:   itk::ImportImageContainer<unsigned long, float>
      Reference Count: 1
      Modified Time: 2572
      Debug: Off
      Object Name: 
      Observers: 
        none
      Pointer: 0x7f0324a11010
      Container manages memory: true
      Size: 12582912
      Capacity: 12582912

     Weighting = 1
     Sampling strategy = none
     Number of bins = 32
     Radius = 4
     Sampling percentage  = 1
   Transform = SyN
     Gradient step = 0.1
     Update field sigma (voxel space) = 3
     Total field sigma (voxel space) = 0
     Update field time sigma = 0
     Total field time sigma  = 0
     Number of time indices = 0
     Number of time point samples = 0
Registration using 3 total stages.

Stage 0
  iterations = 1000x500x250x0
  convergence threshold = 1e-06
  convergence window size = 10
  number of levels = 4
  using the Mattes MI metric (number of bins = 32, weight = 1)
  preprocessing:  winsorizing the image intensities
  preprocessing:  histogram matching the images
  Shrink factors (level 1 out of 4): [6, 6, 6]
  Shrink factors (level 2 out of 4): [4, 4, 4]
  Shrink factors (level 3 out of 4): [2, 2, 2]
  Shrink factors (level 4 out of 4): [1, 1, 1]
  smoothing sigmas per level: [4, 2, 1, 0]
  regular sampling (percentage = 0.25)

*** Running Euler3DTransform registration ***

DIAGNOSTIC,Iteration,metricValue,convergenceValue,ITERATION_TIME_INDEX,SINCE_LAST
 2DIAGNOSTIC,     1, -7.554889917374e-01, inf, 7.4737e-01, 7.4737e-01, 
 2DIAGNOSTIC,     2, -7.590575218201e-01, inf, 7.5557e-01, 8.1921e-03, 
 2DIAGNOSTIC,     3, -7.649408578873e-01, inf, 7.6330e-01, 7.7369e-03, 
 2DIAGNOSTIC,     4, -7.743533849716e-01, inf, 7.7129e-01, 7.9901e-03, 
 2DIAGNOSTIC,     5, -7.887345552444e-01, inf, 7.7922e-01, 7.9231e-03, 
 2DIAGNOSTIC,     6, -8.099259734154e-01, inf, 7.8709e-01, 7.8769e-03, 
 2DIAGNOSTIC,     7, -8.329232931137e-01, inf, 7.9495e-01, 7.8599e-03, 
 2DIAGNOSTIC,     8, -8.442964553833e-01, inf, 8.0382e-01, 8.8639e-03, 
 2DIAGNOSTIC,     9, -8.456439971924e-01, inf, 8.1297e-01, 9.1538e-03, 
 2DIAGNOSTIC,    10, -8.471720218658e-01, 8.997518569231e-03, 8.2213e-01, 9.1560e-03, 
 2DIAGNOSTIC,    11, -8.497402667999e-01, 7.765063084662e-03, 8.3011e-01, 7.9849e-03, 
 2DIAGNOSTIC,    12, -8.524047732353e-01, 6.225027143955e-03, 8.4017e-01, 1.0063e-02, 
 2DIAGNOSTIC,    13, -8.533418774605e-01, 4.555027931929e-03, 8.4816e-01, 7.9861e-03, 
 2DIAGNOSTIC,    14, -8.537290096283e-01, 2.970664296299e-03, 8.5716e-01, 8.9960e-03, 
 2DIAGNOSTIC,    15, -8.538960814476e-01, 1.669583143666e-03, 8.6593e-01, 8.7769e-03, 
 2DIAGNOSTIC,    16, -8.539044857025e-01, 8.318922482431e-04, 8.7375e-01, 7.8132e-03, 
 2DIAGNOSTIC,    17, -8.540900349617e-01, 4.842575581279e-04, 8.8548e-01, 1.1737e-02, 
 2DIAGNOSTIC,    18, -8.540600538254e-01, 3.491262323223e-04, 8.9444e-01, 8.9531e-03, 
 2DIAGNOSTIC,    19, -8.540808558464e-01, 2.217585715698e-04, 9.0237e-01, 7.9310e-03, 
 2DIAGNOSTIC,    20, -8.541621565819e-01, 1.142576584243e-04, 9.1114e-01, 8.7709e-03, 
 2DIAGNOSTIC,    21, -8.542363047600e-01, 4.893940422335e-05, 9.1993e-01, 8.7919e-03, 
 2DIAGNOSTIC,    22, -8.543075919151e-01, 2.752160617092e-05, 9.2779e-01, 7.8590e-03, 
 2DIAGNOSTIC,    23, -8.543686866760e-01, 2.028936251008e-05, 9.3646e-01, 8.6699e-03, 
 2DIAGNOSTIC,    24, -8.543956279755e-01, 1.777439683792e-05, 9.4744e-01, 1.0984e-02, 
 2DIAGNOSTIC,    25, -8.543829917908e-01, 1.604589851922e-05, 9.5732e-01, 9.8801e-03, 
 2DIAGNOSTIC,    26, -8.543693423271e-01, 1.292788056162e-05, 9.6655e-01, 9.2320e-03, 
 2DIAGNOSTIC,    27, -8.543522357941e-01, 1.108960259444e-05, 9.7510e-01, 8.5449e-03, 
 2DIAGNOSTIC,    28, -8.543404340744e-01, 7.950266990520e-06, 9.8371e-01, 8.6100e-03, 
 2DIAGNOSTIC,    29, -8.543087840080e-01, 4.252673534211e-06, 9.9227e-01, 8.5559e-03, 
 2DIAGNOSTIC,    30, -8.543155789375e-01, 1.512691824246e-06, 1.0015e+00, 9.2199e-03, 
DIAGNOSTIC,Iteration,metricValue,convergenceValue,ITERATION_TIME_INDEX,SINCE_LAST
 2DIAGNOSTIC,     1, -6.681739091873e-01, inf, 1.8403e+00, 8.3886e-01, 
 2DIAGNOSTIC,     2, -6.695256829262e-01, inf, 1.8746e+00, 3.4284e-02, 
 2DIAGNOSTIC,     3, -6.712797880173e-01, inf, 1.9069e+00, 3.2244e-02, 
 2DIAGNOSTIC,     4, -6.732414364815e-01, inf, 1.9393e+00, 3.2455e-02, 
 2DIAGNOSTIC,     5, -6.746883392334e-01, inf, 1.9713e+00, 3.1987e-02, 
 2DIAGNOSTIC,     6, -6.752843260765e-01, inf, 2.0029e+00, 3.1578e-02, 
 2DIAGNOSTIC,     7, -6.753931045532e-01, inf, 2.0386e+00, 3.5755e-02, 
 2DIAGNOSTIC,     8, -6.754664778709e-01, inf, 2.0710e+00, 3.2373e-02, 
 2DIAGNOSTIC,     9, -6.756475567818e-01, inf, 2.1065e+00, 3.5502e-02, 
 2DIAGNOSTIC,    10, -6.760416626930e-01, 7.314963731915e-04, 2.1593e+00, 5.2773e-02, 
 2DIAGNOSTIC,    11, -6.760421991348e-01, 4.917581100017e-04, 2.1991e+00, 3.9785e-02, 
 2DIAGNOSTIC,    12, -6.760250926018e-01, 2.952000068035e-04, 2.2347e+00, 3.5650e-02, 
 2DIAGNOSTIC,    13, -6.760282516479e-01, 1.587618171470e-04, 2.2667e+00, 3.2008e-02, 
 2DIAGNOSTIC,    14, -6.760571599007e-01, 8.647661888972e-05, 2.3160e+00, 4.9311e-02, 
 2DIAGNOSTIC,    15, -6.760625243187e-01, 5.632884131046e-05, 2.3518e+00, 3.5788e-02, 
 2DIAGNOSTIC,    16, -6.760578155518e-01, 4.054966848344e-05, 2.3875e+00, 3.5712e-02, 
 2DIAGNOSTIC,    17, -6.760571002960e-01, 2.594502257125e-05, 2.4274e+00, 3.9867e-02, 
 2DIAGNOSTIC,    18, -6.760549545288e-01, 1.239914945472e-05, 2.4583e+00, 3.0894e-02, 
 2DIAGNOSTIC,    19, -6.760554909706e-01, 3.055113893424e-06, 2.4939e+00, 3.5587e-02, 
 2DIAGNOSTIC,    20, -6.760514378548e-01, 2.725302920226e-06, 2.5303e+00, 3.6409e-02, 
 2DIAGNOSTIC,    21, -6.760511994362e-01, 2.350569275222e-06, 2.5667e+00, 3.6380e-02, 
 2DIAGNOSTIC,    22, -6.760518550873e-01, 1.623981802368e-06, 2.6022e+00, 3.5479e-02, 
DIAGNOSTIC,Iteration,metricValue,convergenceValue,ITERATION_TIME_INDEX,SINCE_LAST
 2DIAGNOSTIC,     1, -6.046707034111e-01, inf, 3.7646e+00, 1.1624e+00, 
 2DIAGNOSTIC,     2, -6.047897338867e-01, inf, 3.9930e+00, 2.2843e-01, 
 2DIAGNOSTIC,     3, -6.049063205719e-01, inf, 4.2177e+00, 2.2467e-01, 
 2DIAGNOSTIC,     4, -6.050213575363e-01, inf, 4.4400e+00, 2.2230e-01, 
 2DIAGNOSTIC,     5, -6.051211357117e-01, inf, 4.6677e+00, 2.2769e-01, 
 2DIAGNOSTIC,     6, -6.053454875946e-01, inf, 5.0544e+00, 3.8672e-01, 
 2DIAGNOSTIC,     7, -6.053969264030e-01, inf, 5.3583e+00, 3.0385e-01, 
 2DIAGNOSTIC,     8, -6.053982973099e-01, inf, 5.5939e+00, 2.3565e-01, 
 2DIAGNOSTIC,     9, -6.054033637047e-01, inf, 5.8249e+00, 2.3096e-01, 
 2DIAGNOSTIC,    10, -6.054186224937e-01, 8.968306792667e-05, 6.0518e+00, 2.2688e-01, 
 2DIAGNOSTIC,    11, -6.054568290710e-01, 6.781842967030e-05, 6.2781e+00, 2.2631e-01, 
 2DIAGNOSTIC,    12, -6.055257916451e-01, 5.102225986775e-05, 6.4997e+00, 2.2164e-01, 
 2DIAGNOSTIC,    13, -6.056337356567e-01, 4.055635508848e-05, 6.7213e+00, 2.2163e-01, 
 2DIAGNOSTIC,    14, -6.057050228119e-01, 3.433743768255e-05, 7.0724e+00, 3.5109e-01, 
 2DIAGNOSTIC,    15, -6.057988405228e-01, 3.189832568751e-05, 7.3931e+00, 3.2067e-01, 
 2DIAGNOSTIC,    16, -6.058120727539e-01, 3.393509541638e-05, 7.6211e+00, 2.2801e-01, 
 2DIAGNOSTIC,    17, -6.058405637741e-01, 3.501152241370e-05, 7.8807e+00, 2.5960e-01, 
 2DIAGNOSTIC,    18, -6.058364510536e-01, 3.281428507762e-05, 8.2003e+00, 3.1958e-01, 
 2DIAGNOSTIC,    19, -6.058380007744e-01, 2.813175342453e-05, 8.4608e+00, 2.6051e-01, 
 2DIAGNOSTIC,    20, -6.058376431465e-01, 2.180839874200e-05, 8.7197e+00, 2.5895e-01, 
 2DIAGNOSTIC,    21, -6.058367490768e-01, 1.503315888840e-05, 8.9781e+00, 2.5835e-01, 
 2DIAGNOSTIC,    22, -6.058365106583e-01, 9.053416761162e-06, 9.2684e+00, 2.9033e-01, 
 2DIAGNOSTIC,    23, -6.058369278908e-01, 5.078410140413e-06, 9.5265e+00, 2.5810e-01, 
 2DIAGNOSTIC,    24, -6.058365702629e-01, 2.434544057905e-06, 9.7856e+00, 2.5906e-01, 
 2DIAGNOSTIC,    25, -6.058358550072e-01, 1.644537519496e-06, 1.0076e+01, 2.9039e-01, 
 2DIAGNOSTIC,    26, -6.058360338211e-01, 1.108030346586e-06, 1.0506e+01, 4.2985e-01, 
 2DIAGNOSTIC,    27, -6.058361530304e-01, 1.121589889408e-06, 1.0766e+01, 2.5970e-01, 
 2DIAGNOSTIC,    28, -6.058360338211e-01, 1.067274070010e-06, 1.1024e+01, 2.5841e-01, 
 2DIAGNOSTIC,    29, -6.058358550072e-01, 1.045610133588e-06, 1.1314e+01, 2.9008e-01, 
 2DIAGNOSTIC,    30, -6.058357357979e-01, 1.023577169690e-06, 1.1574e+01, 2.5993e-01, 
DIAGNOSTIC,Iteration,metricValue,convergenceValue,ITERATION_TIME_INDEX,SINCE_LAST
 2DIAGNOSTIC,     1, -5.532943606377e-01, inf, 1.4330e+01, 2.7565e+00, 
  Elapsed time (stage 0): 1.5471e+01


Stage 1
  iterations = 1000x500x250x0
  convergence threshold = 1.0000e-06
  convergence window size = 10
  number of levels = 4
  using the Mattes MI metric (number of bins = 32, weight = 1.0000e+00)
  preprocessing:  winsorizing the image intensities
  preprocessing:  histogram matching the images
  Shrink factors (level 1 out of 4): [6, 6, 6]
  Shrink factors (level 2 out of 4): [4, 4, 4]
  Shrink factors (level 3 out of 4): [2, 2, 2]
  Shrink factors (level 4 out of 4): [1, 1, 1]
  smoothing sigmas per level: [4, 2, 1, 0]
  regular sampling (percentage = 2.5000e-01)

*** Running AffineTransform registration ***

DIAGNOSTIC,Iteration,metricValue,convergenceValue,ITERATION_TIME_INDEX,SINCE_LAST
 2DIAGNOSTIC,     1, -8.461508750916e-01, inf, 7.8334e-01, 7.8334e-01, 
 2DIAGNOSTIC,     2, -8.479138612747e-01, inf, 7.9260e-01, 9.2640e-03, 
 2DIAGNOSTIC,     3, -8.508262634277e-01, inf, 8.0178e-01, 9.1770e-03, 
 2DIAGNOSTIC,     4, -8.553583621979e-01, inf, 8.1138e-01, 9.5961e-03, 
 2DIAGNOSTIC,     5, -8.625095486641e-01, inf, 8.2047e-01, 9.0919e-03, 
 2DIAGNOSTIC,     6, -8.736491203308e-01, inf, 8.2961e-01, 9.1369e-03, 
 2DIAGNOSTIC,     7, -8.912557959557e-01, inf, 8.3919e-01, 9.5789e-03, 
 2DIAGNOSTIC,     8, -9.175004959106e-01, inf, 8.4966e-01, 1.0473e-02, 
 2DIAGNOSTIC,     9, -9.309884905815e-01, inf, 8.6668e-01, 1.7018e-02, 
