
Running N4 for 3-dimensional images.

Mask not read.  Using the entire image as the mask.

Original intensity range:  [0, 777]

***********************************************************
Warning:  Your input image contains nonpositive values
which could cause failure or problematic results.  A
possible workaround would be to:
   1. rescale your image to positive values e.g., [10,100].
   2. run N4 on your rescaled image.
   3. (optional) rescale the N4 output to the original
      intensity range.
***********************************************************

Specified spline distance: 200mm
  original image size:  [192, 256, 256]
  padded image size:  [201, 401, 401]
  number of control points:  [4, 5, 5]

Current level = 1
  Iteration 1 (of 50).   Current convergence value = 0.000577064 (threshold = 1e-08)
  Iteration 2 (of 50).   Current convergence value = 0.000463314 (threshold = 1e-08)
  Iteration 3 (of 50).   Current convergence value = 0.000344612 (threshold = 1e-08)
  Iteration 4 (of 50).   Current convergence value = 0.000258453 (threshold = 1e-08)
  Iteration 5 (of 50).   Current convergence value = 0.000198275 (threshold = 1e-08)
  Iteration 6 (of 50).   Current convergence value = 0.000155622 (threshold = 1e-08)
  Iteration 7 (of 50).   Current convergence value = 0.000125502 (threshold = 1e-08)
  Iteration 8 (of 50).   Current convergence value = 0.000104894 (threshold = 1e-08)
  Iteration 9 (of 50).   Current convergence value = 9.04344e-05 (threshold = 1e-08)
  Iteration 10 (of 50).   Current convergence value = 8.04368e-05 (threshold = 1e-08)
  Iteration 11 (of 50).   Current convergence value = 7.39333e-05 (threshold = 1e-08)
  Iteration 12 (of 50).   Current convergence value = 6.92979e-05 (threshold = 1e-08)
  Iteration 13 (of 50).   Current convergence value = 6.60457e-05 (threshold = 1e-08)
  Iteration 14 (of 50).   Current convergence value = 6.36809e-05 (threshold = 1e-08)
  Iteration 15 (of 50).   Current convergence value = 6.18572e-05 (threshold = 1e-08)
  Iteration 16 (of 50).   Current convergence value = 6.06427e-05 (threshold = 1e-08)
  Iteration 17 (of 50).   Current convergence value = 5.97711e-05 (threshold = 1e-08)
  Iteration 18 (of 50).   Current convergence value = 5.90578e-05 (threshold = 1e-08)
  Iteration 19 (of 50).   Current convergence value = 5.88268e-05 (threshold = 1e-08)
  Iteration 20 (of 50).   Current convergence value = 5.85518e-05 (threshold = 1e-08)
  Iteration 21 (of 50).   Current convergence value = 5.84305e-05 (threshold = 1e-08)
  Iteration 22 (of 50).   Current convergence value = 5.8465e-05 (threshold = 1e-08)
  Iteration 23 (of 50).   Current convergence value = 5.86185e-05 (threshold = 1e-08)
  Iteration 24 (of 50).   Current convergence value = 5.87083e-05 (threshold = 1e-08)
  Iteration 25 (of 50).   Current convergence value = 5.89195e-05 (threshold = 1e-08)
  Iteration 26 (of 50).   Current convergence value = 5.90097e-05 (threshold = 1e-08)
  Iteration 27 (of 50).   Current convergence value = 5.91718e-05 (threshold = 1e-08)
  Iteration 28 (of 50).   Current convergence value = 5.9479e-05 (threshold = 1e-08)
  Iteration 29 (of 50).   Current convergence value = 5.96471e-05 (threshold = 1e-08)
  Iteration 30 (of 50).   Current convergence value = 5.99261e-05 (threshold = 1e-08)
  Iteration 31 (of 50).   Current convergence value = 6.03083e-05 (threshold = 1e-08)
  Iteration 32 (of 50).   Current convergence value = 6.04776e-05 (threshold = 1e-08)
  Iteration 33 (of 50).   Current convergence value = 6.07958e-05 (threshold = 1e-08)
  Iteration 34 (of 50).   Current convergence value = 6.10783e-05 (threshold = 1e-08)
  Iteration 35 (of 50).   Current convergence value = 6.14481e-05 (threshold = 1e-08)
  Iteration 36 (of 50).   Current convergence value = 6.17462e-05 (threshold = 1e-08)
  Iteration 37 (of 50).   Current convergence value = 6.19966e-05 (threshold = 1e-08)
  Iteration 38 (of 50).   Current convergence value = 6.25116e-05 (threshold = 1e-08)
  Iteration 39 (of 50).   Current convergence value = 6.29275e-05 (threshold = 1e-08)
  Iteration 40 (of 50).   Current convergence value = 6.32139e-05 (threshold = 1e-08)
  Iteration 41 (of 50).   Current convergence value = 6.3585e-05 (threshold = 1e-08)
  Iteration 42 (of 50).   Current convergence value = 6.38172e-05 (threshold = 1e-08)
  Iteration 43 (of 50).   Current convergence value = 6.39686e-05 (threshold = 1e-08)
  Iteration 44 (of 50).   Current convergence value = 6.41789e-05 (threshold = 1e-08)
  Iteration 45 (of 50).   Current convergence value = 6.41597e-05 (threshold = 1e-08)
  Iteration 46 (of 50).   Current convergence value = 6.43429e-05 (threshold = 1e-08)
  Iteration 47 (of 50).   Current convergence value = 6.4504e-05 (threshold = 1e-08)
  Iteration 48 (of 50).   Current convergence value = 6.46839e-05 (threshold = 1e-08)
  Iteration 49 (of 50).   Current convergence value = 6.47194e-05 (threshold = 1e-08)
  Iteration 50 (of 50).   Current convergence value = 6.47866e-05 (threshold = 1e-08)
Current level = 2
  Iteration 1 (of 50).   Current convergence value = 0.000517642 (threshold = 1e-08)
  Iteration 2 (of 50).   Current convergence value = 0.000476336 (threshold = 1e-08)
  Iteration 3 (of 50).   Current convergence value = 0.000446545 (threshold = 1e-08)
  Iteration 4 (of 50).   Current convergence value = 0.000422111 (threshold = 1e-08)
  Iteration 5 (of 50).   Current convergence value = 0.000401256 (threshold = 1e-08)
  Iteration 6 (of 50).   Current convergence value = 0.000382763 (threshold = 1e-08)
  Iteration 7 (of 50).   Current convergence value = 0.000365564 (threshold = 1e-08)
  Iteration 8 (of 50).   Current convergence value = 0.000349688 (threshold = 1e-08)
  Iteration 9 (of 50).   Current convergence value = 0.000334691 (threshold = 1e-08)
  Iteration 10 (of 50).   Current convergence value = 0.000320319 (threshold = 1e-08)
  Iteration 11 (of 50).   Current convergence value = 0.000306775 (threshold = 1e-08)
  Iteration 12 (of 50).   Current convergence value = 0.000294323 (threshold = 1e-08)
  Iteration 13 (of 50).   Current convergence value = 0.000283026 (threshold = 1e-08)
  Iteration 14 (of 50).   Current convergence value = 0.000273171 (threshold = 1e-08)
  Iteration 15 (of 50).   Current convergence value = 0.000264143 (threshold = 1e-08)
  Iteration 16 (of 50).   Current convergence value = 0.00025596 (threshold = 1e-08)
  Iteration 17 (of 50).   Current convergence value = 0.000248765 (threshold = 1e-08)
  Iteration 18 (of 50).   Current convergence value = 0.000242309 (threshold = 1e-08)
  Iteration 19 (of 50).   Current convergence value = 0.000236525 (threshold = 1e-08)
  Iteration 20 (of 50).   Current convergence value = 0.00023127 (threshold = 1e-08)
  Iteration 21 (of 50).   Current convergence value = 0.0002265 (threshold = 1e-08)
  Iteration 22 (of 50).   Current convergence value = 0.000222254 (threshold = 1e-08)
  Iteration 23 (of 50).   Current convergence value = 0.000218309 (threshold = 1e-08)
  Iteration 24 (of 50).   Current convergence value = 0.000214591 (threshold = 1e-08)
  Iteration 25 (of 50).   Current convergence value = 0.000211143 (threshold = 1e-08)
  Iteration 26 (of 50).   Current convergence value = 0.000207981 (threshold = 1e-08)
  Iteration 27 (of 50).   Current convergence value = 0.000204801 (threshold = 1e-08)
  Iteration 28 (of 50).   Current convergence value = 0.000201906 (threshold = 1e-08)
  Iteration 29 (of 50).   Current convergence value = 0.000199209 (threshold = 1e-08)
  Iteration 30 (of 50).   Current convergence value = 0.000196705 (threshold = 1e-08)
  Iteration 31 (of 50).   Current convergence value = 0.000194267 (threshold = 1e-08)
  Iteration 32 (of 50).   Current convergence value = 0.000191932 (threshold = 1e-08)
  Iteration 33 (of 50).   Current convergence value = 0.000189674 (threshold = 1e-08)
  Iteration 34 (of 50).   Current convergence value = 0.000187558 (threshold = 1e-08)
  Iteration 35 (of 50).   Current convergence value = 0.000185442 (threshold = 1e-08)
  Iteration 36 (of 50).   Current convergence value = 0.000183473 (threshold = 1e-08)
  Iteration 37 (of 50).   Current convergence value = 0.000181497 (threshold = 1e-08)
  Iteration 38 (of 50).   Current convergence value = 0.000179645 (threshold = 1e-08)
  Iteration 39 (of 50).   Current convergence value = 0.000177782 (threshold = 1e-08)
  Iteration 40 (of 50).   Current convergence value = 0.000175973 (threshold = 1e-08)
  Iteration 41 (of 50).   Current convergence value = 0.000174202 (threshold = 1e-08)
  Iteration 42 (of 50).   Current convergence value = 0.000172532 (threshold = 1e-08)
  Iteration 43 (of 50).   Current convergence value = 0.000170919 (threshold = 1e-08)
  Iteration 44 (of 50).   Current convergence value = 0.000169347 (threshold = 1e-08)
  Iteration 45 (of 50).   Current convergence value = 0.000167792 (threshold = 1e-08)
  Iteration 46 (of 50).   Current convergence value = 0.000166176 (threshold = 1e-08)
  Iteration 47 (of 50).   Current convergence value = 0.000164523 (threshold = 1e-08)
  Iteration 48 (of 50).   Current convergence value = 0.000162959 (threshold = 1e-08)
  Iteration 49 (of 50).   Current convergence value = 0.000161513 (threshold = 1e-08)
  Iteration 50 (of 50).   Current convergence value = 0.000160026 (threshold = 1e-08)
Current level = 3
  Iteration 1 (of 40).   Current convergence value = 0.0015 (threshold = 1e-08)
  Iteration 2 (of 40).   Current convergence value = 0.0013821 (threshold = 1e-08)
  Iteration 3 (of 40).   Current convergence value = 0.00133104 (threshold = 1e-08)
  Iteration 4 (of 40).   Current convergence value = 0.00129816 (threshold = 1e-08)
  Iteration 5 (of 40).   Current convergence value = 0.00127719 (threshold = 1e-08)
  Iteration 6 (of 40).   Current convergence value = 0.00124983 (threshold = 1e-08)
  Iteration 7 (of 40).   Current convergence value = 0.00122747 (threshold = 1e-08)
  Iteration 8 (of 40).   Current convergence value = 0.00120669 (threshold = 1e-08)
  Iteration 9 (of 40).   Current convergence value = 0.00118273 (threshold = 1e-08)
  Iteration 10 (of 40).   Current convergence value = 0.00115553 (threshold = 1e-08)
  Iteration 11 (of 40).   Current convergence value = 0.00112867 (threshold = 1e-08)
  Iteration 12 (of 40).   Current convergence value = 0.0011033 (threshold = 1e-08)
  Iteration 13 (of 40).   Current convergence value = 0.00105358 (threshold = 1e-08)
  Iteration 14 (of 40).   Current convergence value = 0.0010026 (threshold = 1e-08)
  Iteration 15 (of 40).   Current convergence value = 0.000959153 (threshold = 1e-08)
  Iteration 16 (of 40).   Current convergence value = 0.000921832 (threshold = 1e-08)
  Iteration 17 (of 40).   Current convergence value = 0.00088932 (threshold = 1e-08)
  Iteration 18 (of 40).   Current convergence value = 0.000859782 (threshold = 1e-08)
  Iteration 19 (of 40).   Current convergence value = 0.000833596 (threshold = 1e-08)
  Iteration 20 (of 40).   Current convergence value = 0.000810147 (threshold = 1e-08)
  Iteration 21 (of 40).   Current convergence value = 0.00078931 (threshold = 1e-08)
  Iteration 22 (of 40).   Current convergence value = 0.000770349 (threshold = 1e-08)
  Iteration 23 (of 40).   Current convergence value = 0.000753685 (threshold = 1e-08)
  Iteration 24 (of 40).   Current convergence value = 0.000725366 (threshold = 1e-08)
  Iteration 25 (of 40).   Current convergence value = 0.000685553 (threshold = 1e-08)
  Iteration 26 (of 40).   Current convergence value = 0.000652743 (threshold = 1e-08)
  Iteration 27 (of 40).   Current convergence value = 0.000627725 (threshold = 1e-08)
  Iteration 28 (of 40).   Current convergence value = 0.000607865 (threshold = 1e-08)
  Iteration 29 (of 40).   Current convergence value = 0.000591468 (threshold = 1e-08)
  Iteration 30 (of 40).   Current convergence value = 0.000570392 (threshold = 1e-08)
  Iteration 31 (of 40).   Current convergence value = 0.000530286 (threshold = 1e-08)
  Iteration 32 (of 40).   Current convergence value = 0.000496532 (threshold = 1e-08)
  Iteration 33 (of 40).   Current convergence value = 0.000467554 (threshold = 1e-08)
  Iteration 34 (of 40).   Current convergence value = 0.00044285 (threshold = 1e-08)
  Iteration 35 (of 40).   Current convergence value = 0.000421265 (threshold = 1e-08)
  Iteration 36 (of 40).   Current convergence value = 0.000402677 (threshold = 1e-08)
  Iteration 37 (of 40).   Current convergence value = 0.000384779 (threshold = 1e-08)
  Iteration 38 (of 40).   Current convergence value = 0.000363362 (threshold = 1e-08)
  Iteration 39 (of 40).   Current convergence value = 0.000344747 (threshold = 1e-08)
  Iteration 40 (of 40).   Current convergence value = 0.000328211 (threshold = 1e-08)
Current level = 4
  Iteration 1 (of 30).   Current convergence value = 0.00172783 (threshold = 1e-08)
  Iteration 2 (of 30).   Current convergence value = 0.00197974 (threshold = 1e-08)
  Iteration 3 (of 30).   Current convergence value = 0.00227856 (threshold = 1e-08)
  Iteration 4 (of 30).   Current convergence value = 0.0020753 (threshold = 1e-08)
  Iteration 5 (of 30).   Current convergence value = 0.00193693 (threshold = 1e-08)
  Iteration 6 (of 30).   Current convergence value = 0.00185728 (threshold = 1e-08)
  Iteration 7 (of 30).   Current convergence value = 0.00179931 (threshold = 1e-08)
  Iteration 8 (of 30).   Current convergence value = 0.00174584 (threshold = 1e-08)
  Iteration 9 (of 30).   Current convergence value = 0.00168978 (threshold = 1e-08)
  Iteration 10 (of 30).   Current convergence value = 0.00160299 (threshold = 1e-08)
  Iteration 11 (of 30).   Current convergence value = 0.00135726 (threshold = 1e-08)
  Iteration 12 (of 30).   Current convergence value = 0.00101309 (threshold = 1e-08)
  Iteration 13 (of 30).   Current convergence value = 0.0010161 (threshold = 1e-08)
  Iteration 14 (of 30).   Current convergence value = 0.00103825 (threshold = 1e-08)
  Iteration 15 (of 30).   Current convergence value = 0.00103702 (threshold = 1e-08)
  Iteration 16 (of 30).   Current convergence value = 0.00101623 (threshold = 1e-08)
  Iteration 17 (of 30).   Current convergence value = 0.000887655 (threshold = 1e-08)
  Iteration 18 (of 30).   Current convergence value = 0.00081346 (threshold = 1e-08)
  Iteration 19 (of 30).   Current convergence value = 0.000785987 (threshold = 1e-08)
  Iteration 20 (of 30).   Current convergence value = 0.000774785 (threshold = 1e-08)
  Iteration 21 (of 30).   Current convergence value = 0.000772676 (threshold = 1e-08)
  Iteration 22 (of 30).   Current convergence value = 0.000776018 (threshold = 1e-08)
  Iteration 23 (of 30).   Current convergence value = 0.000784375 (threshold = 1e-08)
  Iteration 24 (of 30).   Current convergence value = 0.000795994 (threshold = 1e-08)
  Iteration 25 (of 30).   Current convergence value = 0.000812559 (threshold = 1e-08)
  Iteration 26 (of 30).   Current convergence value = 0.000784275 (threshold = 1e-08)
  Iteration 27 (of 30).   Current convergence value = 0.000733377 (threshold = 1e-08)
  Iteration 28 (of 30).   Current convergence value = 0.000697465 (threshold = 1e-08)
  Iteration 29 (of 30).   Current convergence value = 0.000670625 (threshold = 1e-08)
  Iteration 30 (of 30).   Current convergence value = 0.00064951 (threshold = 1e-08)
   N4BiasFieldCorrectionImageFilter (0x556028fb6e20)
     RTTI typeinfo:   itk::N4BiasFieldCorrectionImageFilter<itk::Image<float, 3u>, itk::Image<float, 3u>, itk::Image<float, 3u> >
     Reference Count: 1
     Modified Time: 565
     Debug: Off
     Object Name: 
     Observers: 
       IterationEvent(Command)
     Inputs: 
       ConfidenceImage: (0)
       MaskImage: (0x556028fe15e0)
       Primary: (0x556028fdca40) *
     Indexed Inputs: 
       0: Primary (0x556028fdca40)
       1: MaskImage (0x556028fe15e0)
       2: ConfidenceImage (0)
     Required Input Names: Primary
     NumberOfRequiredInputs: 1
     Outputs: 
       Primary: (0x556028fc6ef0)
     Indexed Outputs: 
       0: Primary (0x556028fc6ef0)
     NumberOfRequiredOutputs: 1
     Number Of Work Units: 32
     ReleaseDataFlag: Off
     ReleaseDataBeforeUpdateFlag: Off
     AbortGenerateData: Off
     Progress: 0
     Multithreader: 
       RTTI typeinfo:   itk::PoolMultiThreader
       Reference Count: 1
       Modified Time: 144
       Debug: Off
       Object Name: 
       Observers: 
         none
       Number of Work Units: 32
       Number of Threads: 8
       Global Maximum Number Of Threads: 128
       Global Default Number Of Threads: 8
       Global Default Threader Type: itk::MultiThreaderBaseEnums::Threader::Pool
       SingleMethod: 0
       SingleData: 0
     DynamicMultiThreading: On
     CoordinateTolerance: 1e-06
     DirectionTolerance: 1e-06
     Use Mask Label: 0
     Mask label: 1
     Number of histogram bins: 200
     Wiener filter noise: 0.01
     Bias field FWHM: 0.15
     Maximum number of iterations: [50, 50, 40, 30]
     Convergence threshold: 1e-08
     Spline order: 3
     Number of fitting levels: [4, 4, 4]
     Number of control points: [4, 5, 5]
     CurrentConvergenceMeasurement: 0.00064951
     CurrentLevel: 4
     ElapsedIterations: 31
     LogBiasFieldControlPointLattice: 
       Image (0x55603340c550)
         RTTI typeinfo:   itk::Image<itk::Vector<float, 1u>, 3u>
         Reference Count: 1
         Modified Time: 343560
         Debug: Off
         Object Name: 
         Observers: 
           none
         Source: (none)
         Source output name: (none)
         Release Data: Off
         Data Released: False
         Global Release Data: Off
         PipelineMTime: 0
         UpdateMTime: 0
         RealTimeStamp: 0 seconds 
         LargestPossibleRegion: 
           Dimension: 3
           Index: [0, 0, 0]
           Size: [11, 19, 19]
         BufferedRegion: 
           Dimension: 3
           Index: [0, 0, 0]
           Size: [11, 19, 19]
         RequestedRegion: 
           Dimension: 3
           Index: [0, 0, 0]
           Size: [11, 19, 19]
         Spacing: [24.75, 24.875, 24.875]
         Origin: [23.0251, 23.1837, -27.9725]
         Direction: 
-0.998762 0.0252342 0.042878
-0.021497 -0.996107 0.0854899
0.0448683 0.0844623 0.995416

         IndexToPointMatrix: 
-24.7193 0.627701 1.06659
-0.53205 -24.7782 2.12656
1.11049 2.101 24.761

         PointToIndexMatrix: 
-0.040354 -0.000868564 0.00181286
0.00101444 -0.0400445 0.00339547
0.00172374 0.00343678 0.0400167

         Inverse Direction: 
-0.998762 -0.021497 0.0448683
0.0252342 -0.996107 0.0844623
0.042878 0.0854899 0.995416

         PixelContainer: 
           ImportImageContainer (0x5560361e2cb0)
             RTTI typeinfo:   itk::ImportImageContainer<unsigned long, itk::Vector<float, 1u> >
             Reference Count: 1
             Modified Time: 343561
             Debug: Off
             Object Name: 
             Observers: 
               none
             Pointer: 0x55603315acf0
             Container manages memory: true
             Size: 3971
             Capacity: 3971
Elapsed time: 283.228
All_Command_lines_OK
Using single precision for computations.
=============================================================================
The composite transform comprises the following transforms (in order): 
  1. Center of mass alignment using fixed image: /home/mpib/nemecz/Projects/miniTRK/Results/01_MRI/GroupTempl/T1w/T_template0.nii.gz and moving image: /home/mpib/nemecz/Projects/miniTRK/Analysis/01_MRI/Preproc/GroupTempl/T1w/sub-439021_T1w.nii.gz (type = Euler3DTransform)
=============================================================================
  number of levels = 4
  number of levels = 4
  number of levels = 4
  fixed image: /home/mpib/nemecz/Projects/miniTRK/Results/01_MRI/GroupTempl/T1w/T_template0.nii.gz
  moving image: /home/mpib/nemecz/Projects/miniTRK/Results/01_MRI/GroupTempl/T1w/T_template0sub-439021_T1wRepaired.nii.gz
  fixed image: /home/mpib/nemecz/Projects/miniTRK/Results/01_MRI/GroupTempl/T1w/T_template0.nii.gz
  moving image: /home/mpib/nemecz/Projects/miniTRK/Results/01_MRI/GroupTempl/T1w/T_template0sub-439021_T1wRepaired.nii.gz
  fixed image: /home/mpib/nemecz/Projects/miniTRK/Results/01_MRI/GroupTempl/T1w/T_template0.nii.gz
  moving image: /home/mpib/nemecz/Projects/miniTRK/Results/01_MRI/GroupTempl/T1w/T_template0sub-439021_T1wRepaired.nii.gz
Dimension = 3
Number of stages = 3
Use Histogram Matching true
Winsorize image intensities true
Lower quantile = 0.01
Upper quantile = 0.99
Stage 1 State
   Image metric = Mattes
     Fixed image = Image (0x5633a0c27ad0)
  RTTI typeinfo:   itk::Image<float, 3u>
  Reference Count: 2
  Modified Time: 1721
  Debug: Off
  Object Name: 
  Observers: 
    none
  Source: (none)
  Source output name: (none)
  Release Data: Off
  Data Released: False
  Global Release Data: Off
  PipelineMTime: 0
  UpdateMTime: 1506
  RealTimeStamp: 0 seconds 
  LargestPossibleRegion: 
    Dimension: 3
    Index: [0, 0, 0]
    Size: [192, 256, 256]
  BufferedRegion: 
    Dimension: 3
    Index: [0, 0, 0]
    Size: [192, 256, 256]
  RequestedRegion: 
    Dimension: 3
    Index: [0, 0, 0]
    Size: [192, 256, 256]
  Spacing: [1, 1, 1]
  Origin: [95.0313, 100.538, -154.123]
  Direction: 
-0.999853 -0.014134 -0.00966312
0.014129 -0.9999 0.000586045
-0.00967044 0.000449429 0.999953

  IndexToPointMatrix: 
-0.999853 -0.014134 -0.00966312
0.014129 -0.9999 0.000586045
-0.00967044 0.000449429 0.999953

  PointToIndexMatrix: 
-0.999853 0.014129 -0.00967044
-0.014134 -0.9999 0.000449429
-0.00966312 0.000586045 0.999953

  Inverse Direction: 
-0.999853 0.014129 -0.00967044
-0.014134 -0.9999 0.000449429
-0.00966312 0.000586045 0.999953

  PixelContainer: 
    ImportImageContainer (0x5633a0c2fc80)
      RTTI typeinfo:   itk::ImportImageContainer<unsigned long, float>
      Reference Count: 1
      Modified Time: 1503
      Debug: Off
      Object Name: 
      Observers: 
        none
      Pointer: 0x7feff2016010
      Container manages memory: true
      Size: 12582912
      Capacity: 12582912

     Moving image = Image (0x5633a0c28bc0)
  RTTI typeinfo:   itk::Image<float, 3u>
  Reference Count: 2
  Modified Time: 1722
  Debug: Off
  Object Name: 
  Observers: 
    none
  Source: (none)
  Source output name: (none)
  Release Data: Off
  Data Released: False
  Global Release Data: Off
  PipelineMTime: 0
  UpdateMTime: 1719
  RealTimeStamp: 0 seconds 
  LargestPossibleRegion: 
    Dimension: 3
    Index: [0, 0, 0]
    Size: [192, 256, 256]
  BufferedRegion: 
    Dimension: 3
    Index: [0, 0, 0]
    Size: [192, 256, 256]
  RequestedRegion: 
    Dimension: 3
    Index: [0, 0, 0]
    Size: [192, 256, 256]
  Spacing: [1, 1, 1]
  Origin: [86.0592, 92.8093, -163.517]
  Direction: 
-0.998762 0.0252342 0.042878
-0.021497 -0.996107 0.0854899
0.0448683 0.0844623 0.995416

  IndexToPointMatrix: 
-0.998762 0.0252342 0.042878
-0.021497 -0.996107 0.0854899
0.0448683 0.0844623 0.995416

  PointToIndexMatrix: 
-0.998762 -0.021497 0.0448683
0.0252342 -0.996107 0.0844623
0.042878 0.0854899 0.995416

  Inverse Direction: 
-0.998762 -0.021497 0.0448683
0.0252342 -0.996107 0.0844623
0.042878 0.0854899 0.995416

  PixelContainer: 
    ImportImageContainer (0x5633a0c34100)
      RTTI typeinfo:   itk::ImportImageContainer<unsigned long, float>
      Reference Count: 1
      Modified Time: 1716
      Debug: Off
      Object Name: 
      Observers: 
        none
      Pointer: 0x7fefef015010
      Container manages memory: true
      Size: 12582912
      Capacity: 12582912

     Weighting = 1
     Sampling strategy = regular
     Number of bins = 32
     Radius = 4
     Sampling percentage  = 0.25
   Transform = Rigid
     Gradient step = 0.1
     Update field sigma (voxel space) = 0
     Total field sigma (voxel space) = 0
     Update field time sigma = 0
     Total field time sigma  = 0
     Number of time indices = 0
     Number of time point samples = 0
Stage 2 State
   Image metric = Mattes
     Fixed image = Image (0x5633a0c40870)
  RTTI typeinfo:   itk::Image<float, 3u>
  Reference Count: 2
  Modified Time: 2149
  Debug: Off
  Object Name: 
  Observers: 
    none
  Source: (none)
  Source output name: (none)
  Release Data: Off
  Data Released: False
  Global Release Data: Off
  PipelineMTime: 0
  UpdateMTime: 1934
  RealTimeStamp: 0 seconds 
  LargestPossibleRegion: 
    Dimension: 3
    Index: [0, 0, 0]
    Size: [192, 256, 256]
  BufferedRegion: 
    Dimension: 3
    Index: [0, 0, 0]
    Size: [192, 256, 256]
  RequestedRegion: 
    Dimension: 3
    Index: [0, 0, 0]
    Size: [192, 256, 256]
  Spacing: [1, 1, 1]
  Origin: [95.0313, 100.538, -154.123]
  Direction: 
-0.999853 -0.014134 -0.00966312
0.014129 -0.9999 0.000586045
-0.00967044 0.000449429 0.999953

  IndexToPointMatrix: 
-0.999853 -0.014134 -0.00966312
0.014129 -0.9999 0.000586045
-0.00967044 0.000449429 0.999953

  PointToIndexMatrix: 
-0.999853 0.014129 -0.00967044
-0.014134 -0.9999 0.000449429
-0.00966312 0.000586045 0.999953

  Inverse Direction: 
-0.999853 0.014129 -0.00967044
-0.014134 -0.9999 0.000449429
-0.00966312 0.000586045 0.999953

  PixelContainer: 
    ImportImageContainer (0x5633a0c2b6d0)
      RTTI typeinfo:   itk::ImportImageContainer<unsigned long, float>
      Reference Count: 1
      Modified Time: 1931
      Debug: Off
      Object Name: 
      Observers: 
        none
      Pointer: 0x7fefec014010
      Container manages memory: true
      Size: 12582912
      Capacity: 12582912

     Moving image = Image (0x5633a0c404c0)
  RTTI typeinfo:   itk::Image<float, 3u>
  Reference Count: 2
  Modified Time: 2150
  Debug: Off
  Object Name: 
  Observers: 
    none
  Source: (none)
  Source output name: (none)
  Release Data: Off
  Data Released: False
  Global Release Data: Off
  PipelineMTime: 0
  UpdateMTime: 2147
  RealTimeStamp: 0 seconds 
  LargestPossibleRegion: 
    Dimension: 3
    Index: [0, 0, 0]
    Size: [192, 256, 256]
  BufferedRegion: 
    Dimension: 3
    Index: [0, 0, 0]
    Size: [192, 256, 256]
  RequestedRegion: 
    Dimension: 3
    Index: [0, 0, 0]
    Size: [192, 256, 256]
  Spacing: [1, 1, 1]
  Origin: [86.0592, 92.8093, -163.517]
  Direction: 
-0.998762 0.0252342 0.042878
-0.021497 -0.996107 0.0854899
0.0448683 0.0844623 0.995416

  IndexToPointMatrix: 
-0.998762 0.0252342 0.042878
-0.021497 -0.996107 0.0854899
0.0448683 0.0844623 0.995416

  PointToIndexMatrix: 
-0.998762 -0.021497 0.0448683
0.0252342 -0.996107 0.0844623
0.042878 0.0854899 0.995416

  Inverse Direction: 
-0.998762 -0.021497 0.0448683
0.0252342 -0.996107 0.0844623
0.042878 0.0854899 0.995416

  PixelContainer: 
    ImportImageContainer (0x5633a0c418c0)
      RTTI typeinfo:   itk::ImportImageContainer<unsigned long, float>
      Reference Count: 1
      Modified Time: 2144
      Debug: Off
      Object Name: 
      Observers: 
        none
      Pointer: 0x7fefe9013010
      Container manages memory: true
      Size: 12582912
      Capacity: 12582912

     Weighting = 1
     Sampling strategy = regular
     Number of bins = 32
     Radius = 4
     Sampling percentage  = 0.25
   Transform = Affine
     Gradient step = 0.1
     Update field sigma (voxel space) = 0
     Total field sigma (voxel space) = 0
     Update field time sigma = 0
     Total field time sigma  = 0
     Number of time indices = 0
     Number of time point samples = 0
Stage 3 State
   Image metric = CC
     Fixed image = Image (0x5633a0c47960)
  RTTI typeinfo:   itk::Image<float, 3u>
  Reference Count: 2
  Modified Time: 2577
  Debug: Off
  Object Name: 
  Observers: 
    none
  Source: (none)
  Source output name: (none)
  Release Data: Off
  Data Released: False
  Global Release Data: Off
  PipelineMTime: 0
  UpdateMTime: 2362
  RealTimeStamp: 0 seconds 
  LargestPossibleRegion: 
    Dimension: 3
    Index: [0, 0, 0]
    Size: [192, 256, 256]
  BufferedRegion: 
    Dimension: 3
    Index: [0, 0, 0]
    Size: [192, 256, 256]
  RequestedRegion: 
    Dimension: 3
    Index: [0, 0, 0]
    Size: [192, 256, 256]
  Spacing: [1, 1, 1]
  Origin: [95.0313, 100.538, -154.123]
  Direction: 
-0.999853 -0.014134 -0.00966312
0.014129 -0.9999 0.000586045
-0.00967044 0.000449429 0.999953

  IndexToPointMatrix: 
-0.999853 -0.014134 -0.00966312
0.014129 -0.9999 0.000586045
-0.00967044 0.000449429 0.999953

  PointToIndexMatrix: 
-0.999853 0.014129 -0.00967044
-0.014134 -0.9999 0.000449429
-0.00966312 0.000586045 0.999953

  Inverse Direction: 
-0.999853 0.014129 -0.00967044
-0.014134 -0.9999 0.000449429
-0.00966312 0.000586045 0.999953

  PixelContainer: 
    ImportImageContainer (0x5633a0c28660)
      RTTI typeinfo:   itk::ImportImageContainer<unsigned long, float>
      Reference Count: 1
      Modified Time: 2359
      Debug: Off
      Object Name: 
      Observers: 
        none
      Pointer: 0x7fefe6012010
      Container manages memory: true
      Size: 12582912
      Capacity: 12582912

     Moving image = Image (0x5633a0c49840)
  RTTI typeinfo:   itk::Image<float, 3u>
  Reference Count: 2
  Modified Time: 2578
  Debug: Off
  Object Name: 
  Observers: 
    none
  Source: (none)
  Source output name: (none)
  Release Data: Off
  Data Released: False
  Global Release Data: Off
  PipelineMTime: 0
  UpdateMTime: 2575
  RealTimeStamp: 0 seconds 
  LargestPossibleRegion: 
    Dimension: 3
    Index: [0, 0, 0]
    Size: [192, 256, 256]
  BufferedRegion: 
    Dimension: 3
    Index: [0, 0, 0]
    Size: [192, 256, 256]
  RequestedRegion: 
    Dimension: 3
    Index: [0, 0, 0]
    Size: [192, 256, 256]
  Spacing: [1, 1, 1]
  Origin: [86.0592, 92.8093, -163.517]
  Direction: 
-0.998762 0.0252342 0.042878
-0.021497 -0.996107 0.0854899
0.0448683 0.0844623 0.995416

  IndexToPointMatrix: 
-0.998762 0.0252342 0.042878
-0.021497 -0.996107 0.0854899
0.0448683 0.0844623 0.995416

  PointToIndexMatrix: 
-0.998762 -0.021497 0.0448683
0.0252342 -0.996107 0.0844623
0.042878 0.0854899 0.995416

  Inverse Direction: 
-0.998762 -0.021497 0.0448683
0.0252342 -0.996107 0.0844623
0.042878 0.0854899 0.995416

  PixelContainer: 
    ImportImageContainer (0x5633a0c46660)
      RTTI typeinfo:   itk::ImportImageContainer<unsigned long, float>
      Reference Count: 1
      Modified Time: 2572
      Debug: Off
      Object Name: 
      Observers: 
        none
      Pointer: 0x7fefe3011010
      Container manages memory: true
      Size: 12582912
      Capacity: 12582912

     Weighting = 1
     Sampling strategy = none
     Number of bins = 32
     Radius = 4
     Sampling percentage  = 1
   Transform = SyN
     Gradient step = 0.1
     Update field sigma (voxel space) = 3
     Total field sigma (voxel space) = 0
     Update field time sigma = 0
     Total field time sigma  = 0
     Number of time indices = 0
     Number of time point samples = 0
Registration using 3 total stages.

Stage 0
  iterations = 1000x500x250x0
  convergence threshold = 1e-06
  convergence window size = 10
  number of levels = 4
  using the Mattes MI metric (number of bins = 32, weight = 1)
  preprocessing:  winsorizing the image intensities
  preprocessing:  histogram matching the images
  Shrink factors (level 1 out of 4): [6, 6, 6]
  Shrink factors (level 2 out of 4): [4, 4, 4]
  Shrink factors (level 3 out of 4): [2, 2, 2]
  Shrink factors (level 4 out of 4): [1, 1, 1]
  smoothing sigmas per level: [4, 2, 1, 0]
  regular sampling (percentage = 0.25)

*** Running Euler3DTransform registration ***

DIAGNOSTIC,Iteration,metricValue,convergenceValue,ITERATION_TIME_INDEX,SINCE_LAST
 2DIAGNOSTIC,     1, -8.563839197159e-01, inf, 9.2092e-01, 9.2092e-01, 
 2DIAGNOSTIC,     2, -8.593659996986e-01, inf, 9.3778e-01, 1.6857e-02, 
 2DIAGNOSTIC,     3, -8.635945916176e-01, inf, 9.5496e-01, 1.7180e-02, 
 2DIAGNOSTIC,     4, -8.687063455582e-01, inf, 9.7152e-01, 1.6567e-02, 
 2DIAGNOSTIC,     5, -8.739194273949e-01, inf, 9.8720e-01, 1.5674e-02, 
 2DIAGNOSTIC,     6, -8.785579800606e-01, inf, 1.0032e+00, 1.6031e-02, 
 2DIAGNOSTIC,     7, -8.815631270409e-01, inf, 1.0183e+00, 1.5077e-02, 
 2DIAGNOSTIC,     8, -8.849093317986e-01, inf, 1.0340e+00, 1.5730e-02, 
 2DIAGNOSTIC,     9, -8.937441110611e-01, inf, 1.0539e+00, 1.9850e-02, 
 2DIAGNOSTIC,    10, -8.946224451065e-01, 2.924850443378e-03, 1.0708e+00, 1.6935e-02, 
 2DIAGNOSTIC,    11, -8.957531452179e-01, 2.556093735620e-03, 1.0875e+00, 1.6715e-02, 
 2DIAGNOSTIC,    12, -8.974735736847e-01, 2.149618463591e-03, 1.1137e+00, 2.6189e-02, 
 2DIAGNOSTIC,    13, -8.979189991951e-01, 1.726103248075e-03, 1.1298e+00, 1.6032e-02, 
 2DIAGNOSTIC,    14, -8.990761041641e-01, 1.347856828943e-03, 1.1490e+00, 1.9267e-02, 
 2DIAGNOSTIC,    15, -8.993243575096e-01, 1.013433793560e-03, 1.1686e+00, 1.9602e-02, 
 2DIAGNOSTIC,    16, -8.992883563042e-01, 7.230711053126e-04, 1.1879e+00, 1.9321e-02, 
 2DIAGNOSTIC,    17, -8.993007540703e-01, 4.583614645526e-04, 1.2025e+00, 1.4512e-02, 
 2DIAGNOSTIC,    18, -8.993865847588e-01, 2.382978273090e-04, 1.2192e+00, 1.6791e-02, 
 2DIAGNOSTIC,    19, -8.994441032410e-01, 1.697507104836e-04, 1.2337e+00, 1.4417e-02, 
 2DIAGNOSTIC,    20, -8.995308279991e-01, 1.077960987459e-04, 1.2523e+00, 1.8657e-02, 
 2DIAGNOSTIC,    21, -8.996639251709e-01, 6.080882303650e-05, 1.2729e+00, 2.0548e-02, 
 2DIAGNOSTIC,    22, -8.996556997299e-01, 3.756343721761e-05, 1.2916e+00, 1.8746e-02, 
 2DIAGNOSTIC,    23, -8.996170759201e-01, 1.823831371439e-05, 1.3084e+00, 1.6735e-02, 
 2DIAGNOSTIC,    24, -8.996635079384e-01, 1.491628063377e-05, 1.3246e+00, 1.6230e-02, 
 2DIAGNOSTIC,    25, -8.996924161911e-01, 1.411123139405e-05, 1.3423e+00, 1.7700e-02, 
 2DIAGNOSTIC,    26, -8.997942209244e-01, 1.294889625569e-05, 1.3583e+00, 1.5971e-02, 
 2DIAGNOSTIC,    27, -8.997943401337e-01, 1.089072338800e-05, 1.3724e+00, 1.4164e-02, 
 2DIAGNOSTIC,    28, -8.997777104378e-01, 8.898043233785e-06, 1.3892e+00, 1.6788e-02, 
 2DIAGNOSTIC,    29, -8.997787833214e-01, 6.960991868254e-06, 1.4036e+00, 1.4399e-02, 
 2DIAGNOSTIC,    30, -8.997896909714e-01, 5.576885087066e-06, 1.4226e+00, 1.8999e-02, 
 2DIAGNOSTIC,    31, -8.997736573219e-01, 5.041008535045e-06, 1.4370e+00, 1.4396e-02, 
 2DIAGNOSTIC,    32, -8.998339772224e-01, 4.702387286670e-06, 1.4538e+00, 1.6785e-02, 
 2DIAGNOSTIC,    33, -8.998449444771e-01, 3.759055971386e-06, 1.4700e+00, 1.6199e-02, 
 2DIAGNOSTIC,    34, -8.999169468880e-01, 3.721841721926e-06, 1.4924e+00, 2.2462e-02, 
 2DIAGNOSTIC,    35, -8.998637199402e-01, 3.162842176607e-06, 1.5091e+00, 1.6703e-02, 
 2DIAGNOSTIC,    36, -8.998652696609e-01, 3.356638899277e-06, 1.5236e+00, 1.4468e-02, 
 2DIAGNOSTIC,    37, -8.998343348503e-01, 3.041519448743e-06, 1.5384e+00, 1.4774e-02, 
 2DIAGNOSTIC,    38, -8.998391032219e-01, 2.429890628264e-06, 1.5530e+00, 1.4566e-02, 
 2DIAGNOSTIC,    39, -8.999137878418e-01, 2.308039483978e-06, 1.5703e+00, 1.7324e-02, 
 2DIAGNOSTIC,    40, -8.999528884888e-01, 2.443544872222e-06, 1.5975e+00, 2.7224e-02, 
 2DIAGNOSTIC,    41, -8.999535441399e-01, 2.294258365509e-06, 1.6141e+00, 1.6573e-02, 
 2DIAGNOSTIC,    42, -8.999540209770e-01, 2.482033551132e-06, 1.6289e+00, 1.4847e-02, 
 2DIAGNOSTIC,    43, -8.999533057213e-01, 2.555599849074e-06, 1.6455e+00, 1.6576e-02, 
 2DIAGNOSTIC,    44, -8.999539613724e-01, 2.975166353281e-06, 1.6601e+00, 1.4560e-02, 
 2DIAGNOSTIC,    45, -8.999547362328e-01, 2.781365992632e-06, 1.6769e+00, 1.6883e-02, 
 2DIAGNOSTIC,    46, -8.999545574188e-01, 2.421136969133e-06, 1.6928e+00, 1.5897e-02, 
 2DIAGNOSTIC,    47, -8.999550938606e-01, 1.715262555990e-06, 1.7097e+00, 1.6880e-02, 
DIAGNOSTIC,Iteration,metricValue,convergenceValue,ITERATION_TIME_INDEX,SINCE_LAST
 2DIAGNOSTIC,     1, -7.070516347885e-01, inf, 2.6637e+00, 9.5394e-01, 
 2DIAGNOSTIC,     2, -7.078618407249e-01, inf, 2.7159e+00, 5.2265e-02, 
 2DIAGNOSTIC,     3, -7.084835171700e-01, inf, 2.7694e+00, 5.3486e-02, 
 2DIAGNOSTIC,     4, -7.088015675545e-01, inf, 2.8276e+00, 5.8183e-02, 
 2DIAGNOSTIC,     5, -7.088664174080e-01, inf, 2.8777e+00, 5.0116e-02, 
 2DIAGNOSTIC,     6, -7.089211344719e-01, inf, 2.9231e+00, 4.5382e-02, 
 2DIAGNOSTIC,     7, -7.090268731117e-01, inf, 2.9762e+00, 5.3075e-02, 
 2DIAGNOSTIC,     8, -7.091655135155e-01, inf, 3.0465e+00, 7.0357e-02, 
 2DIAGNOSTIC,     9, -7.092625498772e-01, inf, 3.0997e+00, 5.3219e-02, 
 2DIAGNOSTIC,    10, -7.092672586441e-01, 1.648972684052e-04, 3.1459e+00, 4.6187e-02, 
 2DIAGNOSTIC,    11, -7.094348073006e-01, 1.027214893838e-04, 3.2064e+00, 6.0449e-02, 
 2DIAGNOSTIC,    12, -7.094613313675e-01, 6.930463860044e-05, 3.2589e+00, 5.2543e-02, 
 2DIAGNOSTIC,    13, -7.094628214836e-01, 5.395118932938e-05, 3.3252e+00, 6.6311e-02, 
 2DIAGNOSTIC,    14, -7.094569802284e-01, 4.509493373916e-05, 3.3824e+00, 5.7134e-02, 
 2DIAGNOSTIC,    15, -7.094500660896e-01, 3.510005990393e-05, 3.4396e+00, 5.7225e-02, 
 2DIAGNOSTIC,    16, -7.094506621361e-01, 2.465290708642e-05, 3.5011e+00, 6.1522e-02, 
 2DIAGNOSTIC,    17, -7.094511389732e-01, 1.575936767040e-05, 3.5547e+00, 5.3575e-02, 
 2DIAGNOSTIC,    18, -7.094505429268e-01, 9.641134965932e-06, 3.6074e+00, 5.2664e-02, 
 2DIAGNOSTIC,    19, -7.094509005547e-01, 5.544560735871e-06, 3.6537e+00, 4.6377e-02, 
 2DIAGNOSTIC,    20, -7.094517946243e-01, 1.523735249975e-06, 3.7063e+00, 5.2597e-02, 
 2DIAGNOSTIC,    21, -7.094512581825e-01, 1.063704871740e-06, 3.7527e+00, 4.6400e-02, 
 2DIAGNOSTIC,    22, -7.094516158104e-01, 1.173765781459e-06, 3.7987e+00, 4.6000e-02, 
 2DIAGNOSTIC,    23, -7.094518542290e-01, 1.331621433565e-06, 3.8520e+00, 5.3237e-02, 
 2DIAGNOSTIC,    24, -7.094528079033e-01, 1.402831117048e-06, 3.8982e+00, 4.6270e-02, 
 2DIAGNOSTIC,    25, -7.094598412514e-01, 1.462168370381e-06, 3.9510e+00, 5.2733e-02, 
 2DIAGNOSTIC,    26, -7.094611525536e-01, 1.525515699541e-06, 3.9977e+00, 4.6708e-02, 
 2DIAGNOSTIC,    27, -7.094615101814e-01, 1.569546043356e-06, 4.0507e+00, 5.3008e-02, 
 2DIAGNOSTIC,    28, -7.094619870186e-01, 1.573327267579e-06, 4.1041e+00, 5.3394e-02, 
 2DIAGNOSTIC,    29, -7.094547152519e-01, 1.439255242985e-06, 4.1566e+00, 5.2560e-02, 
 2DIAGNOSTIC,    30, -7.094565033913e-01, 1.319171360592e-06, 4.2030e+00, 4.6319e-02, 
 2DIAGNOSTIC,    31, -7.094630599022e-01, 1.257960548173e-06, 4.2627e+00, 5.9703e-02, 
 2DIAGNOSTIC,    32, -7.094638347626e-01, 1.190598936773e-06, 4.3165e+00, 5.3886e-02, 
 2DIAGNOSTIC,    33, -7.094632983208e-01, 1.107314005822e-06, 4.3834e+00, 6.6879e-02, 
 2DIAGNOSTIC,    34, -7.094711065292e-01, 1.119388116422e-06, 4.4368e+00, 5.3355e-02, 
 2DIAGNOSTIC,    35, -7.094715833664e-01, 1.196231551148e-06, 4.4895e+00, 5.2739e-02, 
 2DIAGNOSTIC,    36, -7.094712257385e-01, 1.250209379577e-06, 4.5431e+00, 5.3616e-02, 
 2DIAGNOSTIC,    37, -7.094709277153e-01, 1.267434868168e-06, 4.5966e+00, 5.3423e-02, 
 2DIAGNOSTIC,    38, -7.094704508781e-01, 1.248384705832e-06, 4.6421e+00, 4.5566e-02, 
 2DIAGNOSTIC,    39, -7.094702124596e-01, 1.113081452786e-06, 4.6884e+00, 4.6248e-02, 
DIAGNOSTIC,Iteration,metricValue,convergenceValue,ITERATION_TIME_INDEX,SINCE_LAST
 2DIAGNOSTIC,     1, -6.275258660316e-01, inf, 5.9677e+00, 1.2793e+00, 
 2DIAGNOSTIC,     2, -6.277206540108e-01, inf, 6.2489e+00, 2.8123e-01, 
 2DIAGNOSTIC,     3, -6.278997659683e-01, inf, 6.5250e+00, 2.7614e-01, 
 2DIAGNOSTIC,     4, -6.281576752663e-01, inf, 6.8012e+00, 2.7612e-01, 
 2DIAGNOSTIC,     5, -6.285081505775e-01, inf, 7.0756e+00, 2.7448e-01, 
 2DIAGNOSTIC,     6, -6.288738846779e-01, inf, 7.4990e+00, 4.2337e-01, 
 2DIAGNOSTIC,     7, -6.289593577385e-01, inf, 7.7723e+00, 2.7323e-01, 
 2DIAGNOSTIC,     8, -6.290505528450e-01, inf, 8.0849e+00, 3.1263e-01, 
 2DIAGNOSTIC,     9, -6.292974948883e-01, inf, 8.4111e+00, 3.2621e-01, 
 2DIAGNOSTIC,    10, -6.293991804123e-01, 2.063669962808e-04, 8.7231e+00, 3.1199e-01, 
 2DIAGNOSTIC,    11, -6.294199824333e-01, 1.704584865365e-04, 9.1478e+00, 4.2473e-01, 
 2DIAGNOSTIC,    12, -6.294220685959e-01, 1.331309031229e-04, 9.4221e+00, 2.7429e-01, 
 2DIAGNOSTIC,    13, -6.294385790825e-01, 9.663868695498e-05, 9.6962e+00, 2.7410e-01, 
 2DIAGNOSTIC,    14, -6.294386982918e-01, 6.484261393780e-05, 9.9715e+00, 2.7527e-01, 
