All_Command_lines_OK
Using single precision for computations.
=============================================================================
The composite transform comprises the following transforms (in order): 
  1. Center of mass alignment using fixed image: /home/mpib/nemecz/Projects/miniTRK/Results/01_MRI/GroupTempl/T1w/T_template0.nii.gz and moving image: /home/mpib/nemecz/Projects/miniTRK/Analysis/01_MRI/Preproc/GroupTempl/T1w/sub-652844_T1w.nii.gz (type = Euler3DTransform)
=============================================================================
  number of levels = 4
  fixed image: /home/mpib/nemecz/Projects/miniTRK/Results/01_MRI/GroupTempl/T1w/T_template0.nii.gz
  moving image: /home/mpib/nemecz/Projects/miniTRK/Analysis/01_MRI/Preproc/GroupTempl/T1w/sub-652844_T1w.nii.gz
Dimension = 3
Number of stages = 1
Use Histogram Matching true
Winsorize image intensities true
Lower quantile = 0.01
Upper quantile = 0.99
Stage 1 State
   Image metric = Mattes
     Fixed image = Image (0x55e5fade5fe0)
  RTTI typeinfo:   itk::Image<float, 3u>
  Reference Count: 2
  Modified Time: 1667
  Debug: Off
  Object Name: 
  Observers: 
    none
  Source: (none)
  Source output name: (none)
  Release Data: Off
  Data Released: False
  Global Release Data: Off
  PipelineMTime: 0
  UpdateMTime: 1452
  RealTimeStamp: 0 seconds 
  LargestPossibleRegion: 
    Dimension: 3
    Index: [0, 0, 0]
    Size: [192, 256, 256]
  BufferedRegion: 
    Dimension: 3
    Index: [0, 0, 0]
    Size: [192, 256, 256]
  RequestedRegion: 
    Dimension: 3
    Index: [0, 0, 0]
    Size: [192, 256, 256]
  Spacing: [1, 1, 1]
  Origin: [95.0313, 100.538, -154.123]
  Direction: 
-0.999853 -0.014134 -0.00966312
0.014129 -0.9999 0.000586045
-0.00967044 0.000449429 0.999953

  IndexToPointMatrix: 
-0.999853 -0.014134 -0.00966312
0.014129 -0.9999 0.000586045
-0.00967044 0.000449429 0.999953

  PointToIndexMatrix: 
-0.999853 0.014129 -0.00967044
-0.014134 -0.9999 0.000449429
-0.00966312 0.000586045 0.999953

  Inverse Direction: 
-0.999853 0.014129 -0.00967044
-0.014134 -0.9999 0.000449429
-0.00966312 0.000586045 0.999953

  PixelContainer: 
    ImportImageContainer (0x55e5fadf2970)
      RTTI typeinfo:   itk::ImportImageContainer<unsigned long, float>
      Reference Count: 1
      Modified Time: 1449
      Debug: Off
      Object Name: 
      Observers: 
        none
      Pointer: 0x7f249ee16010
      Container manages memory: true
      Size: 12582912
      Capacity: 12582912

     Moving image = Image (0x55e5fadf2450)
  RTTI typeinfo:   itk::Image<float, 3u>
  Reference Count: 2
  Modified Time: 1668
  Debug: Off
  Object Name: 
  Observers: 
    none
  Source: (none)
  Source output name: (none)
  Release Data: Off
  Data Released: False
  Global Release Data: Off
  PipelineMTime: 0
  UpdateMTime: 1665
  RealTimeStamp: 0 seconds 
  LargestPossibleRegion: 
    Dimension: 3
    Index: [0, 0, 0]
    Size: [192, 256, 256]
  BufferedRegion: 
    Dimension: 3
    Index: [0, 0, 0]
    Size: [192, 256, 256]
  RequestedRegion: 
    Dimension: 3
    Index: [0, 0, 0]
    Size: [192, 256, 256]
  Spacing: [1, 1, 1]
  Origin: [107.044, 69.5572, -162.373]
  Direction: 
-0.996464 -0.0322875 -0.0775647
0.0180379 -0.983896 0.177831
-0.0820573 0.175803 0.980999

  IndexToPointMatrix: 
-0.996464 -0.0322875 -0.0775647
0.0180379 -0.983896 0.177831
-0.0820573 0.175803 0.980999

  PointToIndexMatrix: 
-0.996464 0.0180379 -0.0820573
-0.0322875 -0.983896 0.175803
-0.0775647 0.177831 0.980999

  Inverse Direction: 
-0.996464 0.0180379 -0.0820573
-0.0322875 -0.983896 0.175803
-0.0775647 0.177831 0.980999

  PixelContainer: 
    ImportImageContainer (0x55e5fade71a0)
      RTTI typeinfo:   itk::ImportImageContainer<unsigned long, float>
      Reference Count: 1
      Modified Time: 1662
      Debug: Off
      Object Name: 
      Observers: 
        none
      Pointer: 0x7f249be15010
      Container manages memory: true
      Size: 12582912
      Capacity: 12582912

     Weighting = 1
     Sampling strategy = regular
     Number of bins = 32
     Radius = 4
     Sampling percentage  = 0.25
   Transform = Rigid
     Gradient step = 0.1
     Update field sigma (voxel space) = 0
     Total field sigma (voxel space) = 0
     Update field time sigma = 0
     Total field time sigma  = 0
     Number of time indices = 0
     Number of time point samples = 0
Registration using 1 total stages.

Stage 0
  iterations = 1000x500x250x0
  convergence threshold = 1e-06
  convergence window size = 10
  number of levels = 4
  using the Mattes MI metric (number of bins = 32, weight = 1)
  preprocessing:  winsorizing the image intensities
  preprocessing:  histogram matching the images
  Shrink factors (level 1 out of 4): [6, 6, 6]
  Shrink factors (level 2 out of 4): [4, 4, 4]
  Shrink factors (level 3 out of 4): [2, 2, 2]
  Shrink factors (level 4 out of 4): [1, 1, 1]
  smoothing sigmas per level: [3, 2, 1, 0]
  regular sampling (percentage = 0.25)

*** Running Euler3DTransform registration ***

DIAGNOSTIC,Iteration,metricValue,convergenceValue,ITERATION_TIME_INDEX,SINCE_LAST
 2DIAGNOSTIC,     1, -9.148834943771e-01, inf, 6.8141e-01, 6.8141e-01, 
 2DIAGNOSTIC,     2, -9.160142540932e-01, inf, 6.9053e-01, 9.1171e-03, 
 2DIAGNOSTIC,     3, -9.178532958031e-01, inf, 6.9977e-01, 9.2461e-03, 
 2DIAGNOSTIC,     4, -9.207338690758e-01, inf, 7.0884e-01, 9.0690e-03, 
 2DIAGNOSTIC,     5, -9.251577854156e-01, inf, 7.1782e-01, 8.9760e-03, 
 2DIAGNOSTIC,     6, -9.308737516403e-01, inf, 7.2658e-01, 8.7609e-03, 
 2DIAGNOSTIC,     7, -9.461574554443e-01, inf, 7.3623e-01, 9.6490e-03, 
 2DIAGNOSTIC,     8, -9.491012096405e-01, inf, 7.4664e-01, 1.0413e-02, 
 2DIAGNOSTIC,     9, -9.504007697105e-01, inf, 7.5547e-01, 8.8301e-03, 
 2DIAGNOSTIC,    10, -9.534780979156e-01, 3.154366742820e-03, 7.6336e-01, 7.8831e-03, 
 2DIAGNOSTIC,    11, -9.572079181671e-01, 2.956395503134e-03, 7.7371e-01, 1.0359e-02, 
 2DIAGNOSTIC,    12, -9.576566219330e-01, 2.560500055552e-03, 7.8273e-01, 9.0160e-03, 
 2DIAGNOSTIC,    13, -9.576542973518e-01, 2.039818791673e-03, 7.9094e-01, 8.2049e-03, 
 2DIAGNOSTIC,    14, -9.577135443687e-01, 1.478284248151e-03, 7.9880e-01, 7.8690e-03, 
 2DIAGNOSTIC,    15, -9.578244090080e-01, 9.497691062279e-04, 8.0805e-01, 9.2430e-03, 
 2DIAGNOSTIC,    16, -9.578918218613e-01, 5.020188982598e-04, 8.1633e-01, 8.2848e-03, 
 2DIAGNOSTIC,    17, -9.582262039185e-01, 3.380215785000e-04, 8.2730e-01, 1.0964e-02, 
 2DIAGNOSTIC,    18, -9.581966400146e-01, 2.111284411512e-04, 8.3648e-01, 9.1860e-03, 
 2DIAGNOSTIC,    19, -9.583086371422e-01, 1.002613716992e-04, 8.4568e-01, 9.1949e-03, 
 2DIAGNOSTIC,    20, -9.582845568657e-01, 3.585311060306e-05, 8.5390e-01, 8.2231e-03, 
 2DIAGNOSTIC,    21, -9.585937261581e-01, 3.207806366845e-05, 8.6314e-01, 9.2430e-03, 
 2DIAGNOSTIC,    22, -9.586617350578e-01, 3.271043897257e-05, 8.7116e-01, 8.0159e-03, 
 2DIAGNOSTIC,    23, -9.586350321770e-01, 2.999889329658e-05, 8.8007e-01, 8.9099e-03, 
 2DIAGNOSTIC,    24, -9.586462378502e-01, 2.581738226581e-05, 8.9036e-01, 1.0292e-02, 
 2DIAGNOSTIC,    25, -9.586096405983e-01, 2.057850724668e-05, 8.9787e-01, 7.5111e-03, 
 2DIAGNOSTIC,    26, -9.586161375046e-01, 1.463832450099e-05, 9.0628e-01, 8.4038e-03, 
 2DIAGNOSTIC,    27, -9.586173295975e-01, 1.159505427495e-05, 9.1524e-01, 8.9622e-03, 
 2DIAGNOSTIC,    28, -9.586201906204e-01, 7.516940513597e-06, 9.2394e-01, 8.7051e-03, 
 2DIAGNOSTIC,    29, -9.585869312286e-01, 3.992309302703e-06, 9.3172e-01, 7.7741e-03, 
DIAGNOSTIC,Iteration,metricValue,convergenceValue,ITERATION_TIME_INDEX,SINCE_LAST
 2DIAGNOSTIC,     1, -8.257307410240e-01, inf, 1.4434e+00, 5.1164e-01, 
 2DIAGNOSTIC,     2, -8.268197774887e-01, inf, 1.4753e+00, 3.1916e-02, 
 2DIAGNOSTIC,     3, -8.280708789825e-01, inf, 1.5049e+00, 2.9663e-02, 
 2DIAGNOSTIC,     4, -8.290855288506e-01, inf, 1.5349e+00, 2.9920e-02, 
 2DIAGNOSTIC,     5, -8.295140266418e-01, inf, 1.5638e+00, 2.8969e-02, 
 2DIAGNOSTIC,     6, -8.299522399902e-01, inf, 1.5934e+00, 2.9549e-02, 
 2DIAGNOSTIC,     7, -8.309238553047e-01, inf, 1.6350e+00, 4.1642e-02, 
 2DIAGNOSTIC,     8, -8.312630653381e-01, inf, 1.6802e+00, 4.5155e-02, 
 2DIAGNOSTIC,     9, -8.311516046524e-01, inf, 1.7095e+00, 2.9288e-02, 
 2DIAGNOSTIC,    10, -8.314164876938e-01, 4.363871121313e-04, 1.7399e+00, 3.0468e-02, 
 2DIAGNOSTIC,    11, -8.316483497620e-01, 3.199097991455e-04, 1.7743e+00, 3.4357e-02, 
 2DIAGNOSTIC,    12, -8.317209482193e-01, 2.264489303343e-04, 1.8114e+00, 3.7134e-02, 
 2DIAGNOSTIC,    13, -8.317224979401e-01, 1.596475485712e-04, 1.8532e+00, 4.1751e-02, 
 2DIAGNOSTIC,    14, -8.317188024521e-01, 1.131772733061e-04, 1.8868e+00, 3.3677e-02, 
 2DIAGNOSTIC,    15, -8.317133188248e-01, 7.247052417370e-05, 1.9219e+00, 3.5066e-02, 
 2DIAGNOSTIC,    16, -8.317098021507e-01, 3.905568155460e-05, 1.9584e+00, 3.6515e-02, 
 2DIAGNOSTIC,    17, -8.317007422447e-01, 2.536807005526e-05, 1.9929e+00, 3.4453e-02, 
 2DIAGNOSTIC,    18, -8.316975831985e-01, 1.761350540619e-05, 2.0273e+00, 3.4414e-02, 
 2DIAGNOSTIC,    19, -8.316948413849e-01, 7.086242021614e-06, 2.0575e+00, 3.0207e-02, 
 2DIAGNOSTIC,    20, -8.316888809204e-01, 1.442480652258e-06, 2.0903e+00, 3.2815e-02, 
DIAGNOSTIC,Iteration,metricValue,convergenceValue,ITERATION_TIME_INDEX,SINCE_LAST
 2DIAGNOSTIC,     1, -7.177858352661e-01, inf, 3.0549e+00, 9.6458e-01, 
 2DIAGNOSTIC,     2, -7.181182503700e-01, inf, 3.2675e+00, 2.1257e-01, 
 2DIAGNOSTIC,     3, -7.182510495186e-01, inf, 3.5174e+00, 2.4998e-01, 
 2DIAGNOSTIC,     4, -7.182469367981e-01, inf, 3.7919e+00, 2.7446e-01, 
 2DIAGNOSTIC,     5, -7.182514071465e-01, inf, 4.2454e+00, 4.5344e-01, 
 2DIAGNOSTIC,     6, -7.182520031929e-01, inf, 4.5175e+00, 2.7214e-01, 
 2DIAGNOSTIC,     7, -7.182513475418e-01, inf, 4.7636e+00, 2.4615e-01, 
 2DIAGNOSTIC,     8, -7.182509899139e-01, inf, 5.0107e+00, 2.4703e-01, 
 2DIAGNOSTIC,     9, -7.182506322861e-01, inf, 5.2568e+00, 2.4611e-01, 
 2DIAGNOSTIC,    10, -7.182509303093e-01, 2.624629996717e-05, 5.5019e+00, 2.4509e-01, 
 2DIAGNOSTIC,    11, -7.182496786118e-01, 7.698921763222e-06, 5.7491e+00, 2.4725e-01, 
 2DIAGNOSTIC,    12, -7.182493209839e-01, 2.638899786689e-06, 5.9643e+00, 2.1517e-01, 
 2DIAGNOSTIC,    13, -7.182499170303e-01, 2.424898866593e-06, 6.2325e+00, 2.6820e-01, 
 2DIAGNOSTIC,    14, -7.182500958443e-01, 2.127563220711e-06, 6.4435e+00, 2.1100e-01, 
 2DIAGNOSTIC,    15, -7.182501554489e-01, 2.001706207011e-06, 6.7220e+00, 2.7851e-01, 
 2DIAGNOSTIC,    16, -7.182503342628e-01, 1.922658384501e-06, 6.9940e+00, 2.7199e-01, 
 2DIAGNOSTIC,    17, -7.182503938675e-01, 1.845486849561e-06, 7.2483e+00, 2.5436e-01, 
 2DIAGNOSTIC,    18, -7.182503938675e-01, 1.771090069269e-06, 7.4987e+00, 2.5033e-01, 
 2DIAGNOSTIC,    19, -7.182502746582e-01, 1.693590206742e-06, 7.7595e+00, 2.6086e-01, 
 2DIAGNOSTIC,    20, -7.182493805885e-01, 1.611111315469e-06, 8.0470e+00, 2.8745e-01, 
 2DIAGNOSTIC,    21, -7.182494401932e-01, 1.512883386567e-06, 8.2931e+00, 2.4614e-01, 
 2DIAGNOSTIC,    22, -7.182493209839e-01, 1.414648636455e-06, 8.5395e+00, 2.4639e-01, 
 2DIAGNOSTIC,    23, -7.182492017746e-01, 1.335888327958e-06, 8.7837e+00, 2.4414e-01, 
 2DIAGNOSTIC,    24, -7.182492017746e-01, 1.271224959964e-06, 9.0586e+00, 2.7500e-01, 
 2DIAGNOSTIC,    25, -7.182490825653e-01, 1.216003056470e-06, 9.3072e+00, 2.4853e-01, 
 2DIAGNOSTIC,    26, -7.182489633560e-01, 1.171253643406e-06, 9.5522e+00, 2.4503e-01, 
 2DIAGNOSTIC,    27, -7.182490825653e-01, 1.137187382483e-06, 9.7981e+00, 2.4591e-01, 
 2DIAGNOSTIC,    28, -7.182490825653e-01, 1.109269419430e-06, 1.0074e+01, 2.7620e-01, 
 2DIAGNOSTIC,    29, -7.182490229607e-01, 1.083709662453e-06, 1.0315e+01, 2.4085e-01, 
 2DIAGNOSTIC,    30, -7.182490229607e-01, 1.049323600455e-06, 1.0569e+01, 2.5349e-01, 
 2DIAGNOSTIC,    31, -7.182490229607e-01, 1.019003320835e-06, 1.0812e+01, 2.4295e-01, 
DIAGNOSTIC,Iteration,metricValue,convergenceValue,ITERATION_TIME_INDEX,SINCE_LAST
 2DIAGNOSTIC,     1, -6.407450437546e-01, inf, 1.3282e+01, 2.4701e+00, 
  Elapsed time (stage 0): 1.4445e+01


Total elapsed time: 1.4446e+01
Using single precision for computations.
Input scalar image: /home/mpib/nemecz/Projects/miniTRK/Analysis/01_MRI/Preproc/GroupTempl/T1w/sub-652844_T1w.nii.gz
Reference image: /home/mpib/nemecz/Projects/miniTRK/Results/01_MRI/GroupTempl/T1w/T_template0.nii.gz
=============================================================================
The composite transform comprises the following transforms (in order): 
  1. /home/mpib/nemecz/Projects/miniTRK/Results/01_MRI/GroupTempl/T1w/rigid23_0GenericAffine.mat (type = AffineTransform)
=============================================================================
Default pixel value: 0
Interpolation type: LinearInterpolateImageFunction
Output warped image: /home/mpib/nemecz/Projects/miniTRK/Results/01_MRI/GroupTempl/T1w/rigid23_0_sub-652844_T1w.nii.gz
