
Running N4 for 3-dimensional images.

Mask not read.  Using the entire image as the mask.

Original intensity range:  [0, 918]

***********************************************************
Warning:  Your input image contains nonpositive values
which could cause failure or problematic results.  A
possible workaround would be to:
   1. rescale your image to positive values e.g., [10,100].
   2. run N4 on your rescaled image.
   3. (optional) rescale the N4 output to the original
      intensity range.
***********************************************************

Specified spline distance: 200mm
  original image size:  [192, 256, 256]
  padded image size:  [201, 401, 401]
  number of control points:  [4, 5, 5]

Current level = 1
  Iteration 1 (of 50).   Current convergence value = 0.00057297 (threshold = 1e-08)
  Iteration 2 (of 50).   Current convergence value = 0.000370164 (threshold = 1e-08)
  Iteration 3 (of 50).   Current convergence value = 0.000242835 (threshold = 1e-08)
  Iteration 4 (of 50).   Current convergence value = 0.000164316 (threshold = 1e-08)
  Iteration 5 (of 50).   Current convergence value = 0.000119913 (threshold = 1e-08)
  Iteration 6 (of 50).   Current convergence value = 9.98612e-05 (threshold = 1e-08)
  Iteration 7 (of 50).   Current convergence value = 9.42691e-05 (threshold = 1e-08)
  Iteration 8 (of 50).   Current convergence value = 9.49127e-05 (threshold = 1e-08)
  Iteration 9 (of 50).   Current convergence value = 9.73204e-05 (threshold = 1e-08)
  Iteration 10 (of 50).   Current convergence value = 9.96504e-05 (threshold = 1e-08)
  Iteration 11 (of 50).   Current convergence value = 0.000101601 (threshold = 1e-08)
  Iteration 12 (of 50).   Current convergence value = 0.00010297 (threshold = 1e-08)
  Iteration 13 (of 50).   Current convergence value = 0.000103788 (threshold = 1e-08)
  Iteration 14 (of 50).   Current convergence value = 0.000104315 (threshold = 1e-08)
  Iteration 15 (of 50).   Current convergence value = 0.00010438 (threshold = 1e-08)
  Iteration 16 (of 50).   Current convergence value = 0.000104281 (threshold = 1e-08)
  Iteration 17 (of 50).   Current convergence value = 0.00010398 (threshold = 1e-08)
  Iteration 18 (of 50).   Current convergence value = 0.000103542 (threshold = 1e-08)
  Iteration 19 (of 50).   Current convergence value = 0.000103142 (threshold = 1e-08)
  Iteration 20 (of 50).   Current convergence value = 0.000102458 (threshold = 1e-08)
  Iteration 21 (of 50).   Current convergence value = 0.000101876 (threshold = 1e-08)
  Iteration 22 (of 50).   Current convergence value = 0.000101207 (threshold = 1e-08)
  Iteration 23 (of 50).   Current convergence value = 0.000100515 (threshold = 1e-08)
  Iteration 24 (of 50).   Current convergence value = 0.000100001 (threshold = 1e-08)
  Iteration 25 (of 50).   Current convergence value = 9.92879e-05 (threshold = 1e-08)
  Iteration 26 (of 50).   Current convergence value = 9.86078e-05 (threshold = 1e-08)
  Iteration 27 (of 50).   Current convergence value = 9.80232e-05 (threshold = 1e-08)
  Iteration 28 (of 50).   Current convergence value = 9.73586e-05 (threshold = 1e-08)
  Iteration 29 (of 50).   Current convergence value = 9.68852e-05 (threshold = 1e-08)
  Iteration 30 (of 50).   Current convergence value = 9.62547e-05 (threshold = 1e-08)
  Iteration 31 (of 50).   Current convergence value = 9.566e-05 (threshold = 1e-08)
  Iteration 32 (of 50).   Current convergence value = 9.51308e-05 (threshold = 1e-08)
  Iteration 33 (of 50).   Current convergence value = 9.45947e-05 (threshold = 1e-08)
  Iteration 34 (of 50).   Current convergence value = 9.39726e-05 (threshold = 1e-08)
  Iteration 35 (of 50).   Current convergence value = 9.3496e-05 (threshold = 1e-08)
  Iteration 36 (of 50).   Current convergence value = 9.29551e-05 (threshold = 1e-08)
  Iteration 37 (of 50).   Current convergence value = 9.24682e-05 (threshold = 1e-08)
  Iteration 38 (of 50).   Current convergence value = 9.1921e-05 (threshold = 1e-08)
  Iteration 39 (of 50).   Current convergence value = 9.14343e-05 (threshold = 1e-08)
  Iteration 40 (of 50).   Current convergence value = 9.10302e-05 (threshold = 1e-08)
  Iteration 41 (of 50).   Current convergence value = 9.04967e-05 (threshold = 1e-08)
  Iteration 42 (of 50).   Current convergence value = 8.99698e-05 (threshold = 1e-08)
  Iteration 43 (of 50).   Current convergence value = 8.95562e-05 (threshold = 1e-08)
  Iteration 44 (of 50).   Current convergence value = 8.90386e-05 (threshold = 1e-08)
  Iteration 45 (of 50).   Current convergence value = 8.86897e-05 (threshold = 1e-08)
  Iteration 46 (of 50).   Current convergence value = 8.83222e-05 (threshold = 1e-08)
  Iteration 47 (of 50).   Current convergence value = 8.79617e-05 (threshold = 1e-08)
  Iteration 48 (of 50).   Current convergence value = 8.74673e-05 (threshold = 1e-08)
  Iteration 49 (of 50).   Current convergence value = 8.70258e-05 (threshold = 1e-08)
  Iteration 50 (of 50).   Current convergence value = 8.65827e-05 (threshold = 1e-08)
Current level = 2
  Iteration 1 (of 50).   Current convergence value = 0.000512702 (threshold = 1e-08)
  Iteration 2 (of 50).   Current convergence value = 0.00041861 (threshold = 1e-08)
  Iteration 3 (of 50).   Current convergence value = 0.00035442 (threshold = 1e-08)
  Iteration 4 (of 50).   Current convergence value = 0.00030261 (threshold = 1e-08)
  Iteration 5 (of 50).   Current convergence value = 0.00025891 (threshold = 1e-08)
  Iteration 6 (of 50).   Current convergence value = 0.000223914 (threshold = 1e-08)
  Iteration 7 (of 50).   Current convergence value = 0.000198709 (threshold = 1e-08)
  Iteration 8 (of 50).   Current convergence value = 0.000182966 (threshold = 1e-08)
  Iteration 9 (of 50).   Current convergence value = 0.000162688 (threshold = 1e-08)
  Iteration 10 (of 50).   Current convergence value = 0.000145608 (threshold = 1e-08)
  Iteration 11 (of 50).   Current convergence value = 0.000130859 (threshold = 1e-08)
  Iteration 12 (of 50).   Current convergence value = 0.000117762 (threshold = 1e-08)
  Iteration 13 (of 50).   Current convergence value = 0.000106655 (threshold = 1e-08)
  Iteration 14 (of 50).   Current convergence value = 9.72338e-05 (threshold = 1e-08)
  Iteration 15 (of 50).   Current convergence value = 9.03231e-05 (threshold = 1e-08)
  Iteration 16 (of 50).   Current convergence value = 8.84132e-05 (threshold = 1e-08)
  Iteration 17 (of 50).   Current convergence value = 8.72595e-05 (threshold = 1e-08)
  Iteration 18 (of 50).   Current convergence value = 8.66205e-05 (threshold = 1e-08)
  Iteration 19 (of 50).   Current convergence value = 8.62399e-05 (threshold = 1e-08)
  Iteration 20 (of 50).   Current convergence value = 8.60072e-05 (threshold = 1e-08)
  Iteration 21 (of 50).   Current convergence value = 8.59513e-05 (threshold = 1e-08)
  Iteration 22 (of 50).   Current convergence value = 8.6086e-05 (threshold = 1e-08)
  Iteration 23 (of 50).   Current convergence value = 8.61821e-05 (threshold = 1e-08)
  Iteration 24 (of 50).   Current convergence value = 8.61276e-05 (threshold = 1e-08)
  Iteration 25 (of 50).   Current convergence value = 8.59506e-05 (threshold = 1e-08)
  Iteration 26 (of 50).   Current convergence value = 8.57546e-05 (threshold = 1e-08)
  Iteration 27 (of 50).   Current convergence value = 8.56685e-05 (threshold = 1e-08)
  Iteration 28 (of 50).   Current convergence value = 8.5478e-05 (threshold = 1e-08)
  Iteration 29 (of 50).   Current convergence value = 8.51119e-05 (threshold = 1e-08)
  Iteration 30 (of 50).   Current convergence value = 8.47322e-05 (threshold = 1e-08)
  Iteration 31 (of 50).   Current convergence value = 8.43409e-05 (threshold = 1e-08)
  Iteration 32 (of 50).   Current convergence value = 8.4022e-05 (threshold = 1e-08)
  Iteration 33 (of 50).   Current convergence value = 8.35887e-05 (threshold = 1e-08)
  Iteration 34 (of 50).   Current convergence value = 8.30222e-05 (threshold = 1e-08)
  Iteration 35 (of 50).   Current convergence value = 8.24559e-05 (threshold = 1e-08)
  Iteration 36 (of 50).   Current convergence value = 8.17515e-05 (threshold = 1e-08)
  Iteration 37 (of 50).   Current convergence value = 8.13107e-05 (threshold = 1e-08)
  Iteration 38 (of 50).   Current convergence value = 8.07001e-05 (threshold = 1e-08)
  Iteration 39 (of 50).   Current convergence value = 8.00346e-05 (threshold = 1e-08)
  Iteration 40 (of 50).   Current convergence value = 7.92192e-05 (threshold = 1e-08)
  Iteration 41 (of 50).   Current convergence value = 7.88304e-05 (threshold = 1e-08)
  Iteration 42 (of 50).   Current convergence value = 7.79702e-05 (threshold = 1e-08)
  Iteration 43 (of 50).   Current convergence value = 7.71901e-05 (threshold = 1e-08)
  Iteration 44 (of 50).   Current convergence value = 7.66615e-05 (threshold = 1e-08)
  Iteration 45 (of 50).   Current convergence value = 7.61223e-05 (threshold = 1e-08)
  Iteration 46 (of 50).   Current convergence value = 7.53165e-05 (threshold = 1e-08)
  Iteration 47 (of 50).   Current convergence value = 7.46972e-05 (threshold = 1e-08)
  Iteration 48 (of 50).   Current convergence value = 7.40297e-05 (threshold = 1e-08)
  Iteration 49 (of 50).   Current convergence value = 7.33877e-05 (threshold = 1e-08)
  Iteration 50 (of 50).   Current convergence value = 7.26591e-05 (threshold = 1e-08)
Current level = 3
  Iteration 1 (of 40).   Current convergence value = 0.00164865 (threshold = 1e-08)
  Iteration 2 (of 40).   Current convergence value = 0.00122726 (threshold = 1e-08)
  Iteration 3 (of 40).   Current convergence value = 0.000987265 (threshold = 1e-08)
  Iteration 4 (of 40).   Current convergence value = 0.000825577 (threshold = 1e-08)
  Iteration 5 (of 40).   Current convergence value = 0.000715797 (threshold = 1e-08)
  Iteration 6 (of 40).   Current convergence value = 0.000630139 (threshold = 1e-08)
  Iteration 7 (of 40).   Current convergence value = 0.000567091 (threshold = 1e-08)
  Iteration 8 (of 40).   Current convergence value = 0.0005195 (threshold = 1e-08)
  Iteration 9 (of 40).   Current convergence value = 0.000482474 (threshold = 1e-08)
  Iteration 10 (of 40).   Current convergence value = 0.000452449 (threshold = 1e-08)
  Iteration 11 (of 40).   Current convergence value = 0.000428367 (threshold = 1e-08)
  Iteration 12 (of 40).   Current convergence value = 0.000408868 (threshold = 1e-08)
  Iteration 13 (of 40).   Current convergence value = 0.000392938 (threshold = 1e-08)
  Iteration 14 (of 40).   Current convergence value = 0.000379388 (threshold = 1e-08)
  Iteration 15 (of 40).   Current convergence value = 0.000367695 (threshold = 1e-08)
  Iteration 16 (of 40).   Current convergence value = 0.000356216 (threshold = 1e-08)
  Iteration 17 (of 40).   Current convergence value = 0.000345528 (threshold = 1e-08)
  Iteration 18 (of 40).   Current convergence value = 0.00033585 (threshold = 1e-08)
  Iteration 19 (of 40).   Current convergence value = 0.000327696 (threshold = 1e-08)
  Iteration 20 (of 40).   Current convergence value = 0.000320298 (threshold = 1e-08)
  Iteration 21 (of 40).   Current convergence value = 0.000313558 (threshold = 1e-08)
  Iteration 22 (of 40).   Current convergence value = 0.00030741 (threshold = 1e-08)
  Iteration 23 (of 40).   Current convergence value = 0.000301596 (threshold = 1e-08)
  Iteration 24 (of 40).   Current convergence value = 0.000296461 (threshold = 1e-08)
  Iteration 25 (of 40).   Current convergence value = 0.000291551 (threshold = 1e-08)
  Iteration 26 (of 40).   Current convergence value = 0.000287124 (threshold = 1e-08)
  Iteration 27 (of 40).   Current convergence value = 0.000283131 (threshold = 1e-08)
  Iteration 28 (of 40).   Current convergence value = 0.000279507 (threshold = 1e-08)
  Iteration 29 (of 40).   Current convergence value = 0.000276028 (threshold = 1e-08)
  Iteration 30 (of 40).   Current convergence value = 0.000272777 (threshold = 1e-08)
  Iteration 31 (of 40).   Current convergence value = 0.00026983 (threshold = 1e-08)
  Iteration 32 (of 40).   Current convergence value = 0.000267145 (threshold = 1e-08)
  Iteration 33 (of 40).   Current convergence value = 0.000264702 (threshold = 1e-08)
  Iteration 34 (of 40).   Current convergence value = 0.000262417 (threshold = 1e-08)
  Iteration 35 (of 40).   Current convergence value = 0.000260314 (threshold = 1e-08)
  Iteration 36 (of 40).   Current convergence value = 0.000258353 (threshold = 1e-08)
  Iteration 37 (of 40).   Current convergence value = 0.000256487 (threshold = 1e-08)
  Iteration 38 (of 40).   Current convergence value = 0.000254856 (threshold = 1e-08)
  Iteration 39 (of 40).   Current convergence value = 0.000253229 (threshold = 1e-08)
  Iteration 40 (of 40).   Current convergence value = 0.000251724 (threshold = 1e-08)
Current level = 4
  Iteration 1 (of 30).   Current convergence value = 0.00196663 (threshold = 1e-08)
  Iteration 2 (of 30).   Current convergence value = 0.00175996 (threshold = 1e-08)
  Iteration 3 (of 30).   Current convergence value = 0.00166098 (threshold = 1e-08)
  Iteration 4 (of 30).   Current convergence value = 0.00159848 (threshold = 1e-08)
  Iteration 5 (of 30).   Current convergence value = 0.00155545 (threshold = 1e-08)
  Iteration 6 (of 30).   Current convergence value = 0.00152479 (threshold = 1e-08)
  Iteration 7 (of 30).   Current convergence value = 0.00150897 (threshold = 1e-08)
  Iteration 8 (of 30).   Current convergence value = 0.00149984 (threshold = 1e-08)
  Iteration 9 (of 30).   Current convergence value = 0.00149541 (threshold = 1e-08)
  Iteration 10 (of 30).   Current convergence value = 0.00149399 (threshold = 1e-08)
  Iteration 11 (of 30).   Current convergence value = 0.00149315 (threshold = 1e-08)
  Iteration 12 (of 30).   Current convergence value = 0.00149279 (threshold = 1e-08)
  Iteration 13 (of 30).   Current convergence value = 0.00149112 (threshold = 1e-08)
  Iteration 14 (of 30).   Current convergence value = 0.00148231 (threshold = 1e-08)
  Iteration 15 (of 30).   Current convergence value = 0.00146542 (threshold = 1e-08)
  Iteration 16 (of 30).   Current convergence value = 0.00144619 (threshold = 1e-08)
  Iteration 17 (of 30).   Current convergence value = 0.0014389 (threshold = 1e-08)
  Iteration 18 (of 30).   Current convergence value = 0.00143009 (threshold = 1e-08)
  Iteration 19 (of 30).   Current convergence value = 0.00141817 (threshold = 1e-08)
  Iteration 20 (of 30).   Current convergence value = 0.00140124 (threshold = 1e-08)
  Iteration 21 (of 30).   Current convergence value = 0.00137909 (threshold = 1e-08)
  Iteration 22 (of 30).   Current convergence value = 0.00135052 (threshold = 1e-08)
  Iteration 23 (of 30).   Current convergence value = 0.00131393 (threshold = 1e-08)
  Iteration 24 (of 30).   Current convergence value = 0.00127063 (threshold = 1e-08)
  Iteration 25 (of 30).   Current convergence value = 0.00122314 (threshold = 1e-08)
  Iteration 26 (of 30).   Current convergence value = 0.00133624 (threshold = 1e-08)
  Iteration 27 (of 30).   Current convergence value = 0.00134033 (threshold = 1e-08)
  Iteration 28 (of 30).   Current convergence value = 0.00133278 (threshold = 1e-08)
  Iteration 29 (of 30).   Current convergence value = 0.00132071 (threshold = 1e-08)
  Iteration 30 (of 30).   Current convergence value = 0.00128258 (threshold = 1e-08)
   N4BiasFieldCorrectionImageFilter (0x559b79b2fe20)
     RTTI typeinfo:   itk::N4BiasFieldCorrectionImageFilter<itk::Image<float, 3u>, itk::Image<float, 3u>, itk::Image<float, 3u> >
     Reference Count: 1
     Modified Time: 565
     Debug: Off
     Object Name: 
     Observers: 
       IterationEvent(Command)
     Inputs: 
       ConfidenceImage: (0)
       MaskImage: (0x559b79b5a2c0)
       Primary: (0x559b79b55a40) *
     Indexed Inputs: 
       0: Primary (0x559b79b55a40)
       1: MaskImage (0x559b79b5a2c0)
       2: ConfidenceImage (0)
     Required Input Names: Primary
     NumberOfRequiredInputs: 1
     Outputs: 
       Primary: (0x559b79b3fef0)
     Indexed Outputs: 
       0: Primary (0x559b79b3fef0)
     NumberOfRequiredOutputs: 1
     Number Of Work Units: 32
     ReleaseDataFlag: Off
     ReleaseDataBeforeUpdateFlag: Off
     AbortGenerateData: Off
     Progress: 0
     Multithreader: 
       RTTI typeinfo:   itk::PoolMultiThreader
       Reference Count: 1
       Modified Time: 144
       Debug: Off
       Object Name: 
       Observers: 
         none
       Number of Work Units: 32
       Number of Threads: 8
       Global Maximum Number Of Threads: 128
       Global Default Number Of Threads: 8
       Global Default Threader Type: itk::MultiThreaderBaseEnums::Threader::Pool
       SingleMethod: 0
       SingleData: 0
     DynamicMultiThreading: On
     CoordinateTolerance: 1e-06
     DirectionTolerance: 1e-06
     Use Mask Label: 0
     Mask label: 1
     Number of histogram bins: 200
     Wiener filter noise: 0.01
     Bias field FWHM: 0.15
     Maximum number of iterations: [50, 50, 40, 30]
     Convergence threshold: 1e-08
     Spline order: 3
     Number of fitting levels: [4, 4, 4]
     Number of control points: [4, 5, 5]
     CurrentConvergenceMeasurement: 0.00128258
     CurrentLevel: 4
     ElapsedIterations: 31
     LogBiasFieldControlPointLattice: 
       Image (0x559b7f6ea9e0)
         RTTI typeinfo:   itk::Image<itk::Vector<float, 1u>, 3u>
         Reference Count: 1
         Modified Time: 343560
         Debug: Off
         Object Name: 
         Observers: 
           none
         Source: (none)
         Source output name: (none)
         Release Data: Off
         Data Released: False
         Global Release Data: Off
         PipelineMTime: 0
         UpdateMTime: 0
         RealTimeStamp: 0 seconds 
         LargestPossibleRegion: 
           Dimension: 3
           Index: [0, 0, 0]
           Size: [11, 19, 19]
         BufferedRegion: 
           Dimension: 3
           Index: [0, 0, 0]
           Size: [11, 19, 19]
         RequestedRegion: 
           Dimension: 3
           Index: [0, 0, 0]
           Size: [11, 19, 19]
         Spacing: [24.75, 24.875, 24.875]
         Origin: [25.6434, 24.7714, -24.06]
         Direction: 
-0.999323 0.000206296 -0.0367971
-0.00037302 -0.99999 0.00452411
-0.0367958 0.00453477 0.999313

         IndexToPointMatrix: 
-24.7332 0.00513161 -0.915327
-0.00923225 -24.8747 0.112537
-0.910695 0.112802 24.8579

         PointToIndexMatrix: 
-0.0403767 -1.50715e-05 -0.0014867
8.2933e-06 -0.0402006 0.000182302
-0.00147928 0.000181874 0.0401734

         Inverse Direction: 
-0.999323 -0.00037302 -0.0367958
0.000206296 -0.99999 0.00453477
-0.0367971 0.00452411 0.999313

         PixelContainer: 
           ImportImageContainer (0x559b85ad3340)
             RTTI typeinfo:   itk::ImportImageContainer<unsigned long, itk::Vector<float, 1u> >
             Reference Count: 1
             Modified Time: 343561
             Debug: Off
             Object Name: 
             Observers: 
               none
             Pointer: 0x559b83cc9160
             Container manages memory: true
             Size: 3971
             Capacity: 3971
Elapsed time: 295.886
All_Command_lines_OK
Using single precision for computations.
=============================================================================
The composite transform comprises the following transforms (in order): 
  1. Center of mass alignment using fixed image: /home/mpib/nemecz/Projects/miniTRK/Results/01_MRI/GroupTempl/T1w/T_template0.nii.gz and moving image: /home/mpib/nemecz/Projects/miniTRK/Analysis/01_MRI/Preproc/GroupTempl/T1w/sub-676955_T1w.nii.gz (type = Euler3DTransform)
=============================================================================
  number of levels = 4
  number of levels = 4
  number of levels = 4
  fixed image: /home/mpib/nemecz/Projects/miniTRK/Results/01_MRI/GroupTempl/T1w/T_template0.nii.gz
  moving image: /home/mpib/nemecz/Projects/miniTRK/Results/01_MRI/GroupTempl/T1w/T_template0sub-676955_T1wRepaired.nii.gz
  fixed image: /home/mpib/nemecz/Projects/miniTRK/Results/01_MRI/GroupTempl/T1w/T_template0.nii.gz
  moving image: /home/mpib/nemecz/Projects/miniTRK/Results/01_MRI/GroupTempl/T1w/T_template0sub-676955_T1wRepaired.nii.gz
  fixed image: /home/mpib/nemecz/Projects/miniTRK/Results/01_MRI/GroupTempl/T1w/T_template0.nii.gz
  moving image: /home/mpib/nemecz/Projects/miniTRK/Results/01_MRI/GroupTempl/T1w/T_template0sub-676955_T1wRepaired.nii.gz
Dimension = 3
Number of stages = 3
Use Histogram Matching true
Winsorize image intensities true
Lower quantile = 0.01
Upper quantile = 0.99
Stage 1 State
   Image metric = Mattes
     Fixed image = Image (0x55b064265ad0)
  RTTI typeinfo:   itk::Image<float, 3u>
  Reference Count: 2
  Modified Time: 1721
  Debug: Off
  Object Name: 
  Observers: 
    none
  Source: (none)
  Source output name: (none)
  Release Data: Off
  Data Released: False
  Global Release Data: Off
  PipelineMTime: 0
  UpdateMTime: 1506
  RealTimeStamp: 0 seconds 
  LargestPossibleRegion: 
    Dimension: 3
    Index: [0, 0, 0]
    Size: [192, 256, 256]
  BufferedRegion: 
    Dimension: 3
    Index: [0, 0, 0]
    Size: [192, 256, 256]
  RequestedRegion: 
    Dimension: 3
    Index: [0, 0, 0]
    Size: [192, 256, 256]
  Spacing: [1, 1, 1]
  Origin: [95.0313, 100.538, -154.123]
  Direction: 
-0.999853 -0.014134 -0.00966312
0.014129 -0.9999 0.000586045
-0.00967044 0.000449429 0.999953

  IndexToPointMatrix: 
-0.999853 -0.014134 -0.00966312
0.014129 -0.9999 0.000586045
-0.00967044 0.000449429 0.999953

  PointToIndexMatrix: 
-0.999853 0.014129 -0.00967044
-0.014134 -0.9999 0.000449429
-0.00966312 0.000586045 0.999953

  Inverse Direction: 
-0.999853 0.014129 -0.00967044
-0.014134 -0.9999 0.000449429
-0.00966312 0.000586045 0.999953

  PixelContainer: 
    ImportImageContainer (0x55b06426dc80)
      RTTI typeinfo:   itk::ImportImageContainer<unsigned long, float>
      Reference Count: 1
      Modified Time: 1503
      Debug: Off
      Object Name: 
      Observers: 
        none
      Pointer: 0x7f2629a16010
      Container manages memory: true
      Size: 12582912
      Capacity: 12582912

     Moving image = Image (0x55b064271e40)
  RTTI typeinfo:   itk::Image<float, 3u>
  Reference Count: 2
  Modified Time: 1722
  Debug: Off
  Object Name: 
  Observers: 
    none
  Source: (none)
  Source output name: (none)
  Release Data: Off
  Data Released: False
  Global Release Data: Off
  PipelineMTime: 0
  UpdateMTime: 1719
  RealTimeStamp: 0 seconds 
  LargestPossibleRegion: 
    Dimension: 3
    Index: [0, 0, 0]
    Size: [192, 256, 256]
  BufferedRegion: 
    Dimension: 3
    Index: [0, 0, 0]
    Size: [192, 256, 256]
  RequestedRegion: 
    Dimension: 3
    Index: [0, 0, 0]
    Size: [192, 256, 256]
  Spacing: [1, 1, 1]
  Origin: [102.732, 102.596, -144.076]
  Direction: 
-0.999323 0.000206296 -0.0367971
-0.00037302 -0.99999 0.00452411
-0.0367958 0.00453477 0.999313

  IndexToPointMatrix: 
-0.999323 0.000206296 -0.0367971
-0.00037302 -0.99999 0.00452411
-0.0367958 0.00453477 0.999313

  PointToIndexMatrix: 
-0.999323 -0.00037302 -0.0367958
0.000206296 -0.99999 0.00453477
-0.0367971 0.00452411 0.999313

  Inverse Direction: 
-0.999323 -0.00037302 -0.0367958
0.000206296 -0.99999 0.00453477
-0.0367971 0.00452411 0.999313

  PixelContainer: 
    ImportImageContainer (0x55b0642692d0)
      RTTI typeinfo:   itk::ImportImageContainer<unsigned long, float>
      Reference Count: 1
      Modified Time: 1716
      Debug: Off
      Object Name: 
      Observers: 
        none
      Pointer: 0x7f2626a15010
      Container manages memory: true
      Size: 12582912
      Capacity: 12582912

     Weighting = 1
     Sampling strategy = regular
     Number of bins = 32
     Radius = 4
     Sampling percentage  = 0.25
   Transform = Rigid
     Gradient step = 0.1
     Update field sigma (voxel space) = 0
     Total field sigma (voxel space) = 0
     Update field time sigma = 0
     Total field time sigma  = 0
     Number of time indices = 0
     Number of time point samples = 0
Stage 2 State
   Image metric = Mattes
     Fixed image = Image (0x55b06427e8d0)
  RTTI typeinfo:   itk::Image<float, 3u>
  Reference Count: 2
  Modified Time: 2149
  Debug: Off
  Object Name: 
  Observers: 
    none
  Source: (none)
  Source output name: (none)
  Release Data: Off
  Data Released: False
  Global Release Data: Off
  PipelineMTime: 0
  UpdateMTime: 1934
  RealTimeStamp: 0 seconds 
  LargestPossibleRegion: 
    Dimension: 3
    Index: [0, 0, 0]
    Size: [192, 256, 256]
  BufferedRegion: 
    Dimension: 3
    Index: [0, 0, 0]
    Size: [192, 256, 256]
  RequestedRegion: 
    Dimension: 3
    Index: [0, 0, 0]
    Size: [192, 256, 256]
  Spacing: [1, 1, 1]
  Origin: [95.0313, 100.538, -154.123]
  Direction: 
-0.999853 -0.014134 -0.00966312
0.014129 -0.9999 0.000586045
-0.00967044 0.000449429 0.999953

  IndexToPointMatrix: 
-0.999853 -0.014134 -0.00966312
0.014129 -0.9999 0.000586045
-0.00967044 0.000449429 0.999953

  PointToIndexMatrix: 
-0.999853 0.014129 -0.00967044
-0.014134 -0.9999 0.000449429
-0.00966312 0.000586045 0.999953

  Inverse Direction: 
-0.999853 0.014129 -0.00967044
-0.014134 -0.9999 0.000449429
-0.00966312 0.000586045 0.999953

  PixelContainer: 
    ImportImageContainer (0x55b06426e6a0)
      RTTI typeinfo:   itk::ImportImageContainer<unsigned long, float>
      Reference Count: 1
      Modified Time: 1931
      Debug: Off
      Object Name: 
      Observers: 
        none
      Pointer: 0x7f2623a14010
      Container manages memory: true
      Size: 12582912
      Capacity: 12582912

     Moving image = Image (0x55b06427e530)
  RTTI typeinfo:   itk::Image<float, 3u>
  Reference Count: 2
  Modified Time: 2150
  Debug: Off
  Object Name: 
  Observers: 
    none
  Source: (none)
  Source output name: (none)
  Release Data: Off
  Data Released: False
  Global Release Data: Off
  PipelineMTime: 0
  UpdateMTime: 2147
  RealTimeStamp: 0 seconds 
  LargestPossibleRegion: 
    Dimension: 3
    Index: [0, 0, 0]
    Size: [192, 256, 256]
  BufferedRegion: 
    Dimension: 3
    Index: [0, 0, 0]
    Size: [192, 256, 256]
  RequestedRegion: 
    Dimension: 3
    Index: [0, 0, 0]
    Size: [192, 256, 256]
  Spacing: [1, 1, 1]
  Origin: [102.732, 102.596, -144.076]
  Direction: 
-0.999323 0.000206296 -0.0367971
-0.00037302 -0.99999 0.00452411
-0.0367958 0.00453477 0.999313

  IndexToPointMatrix: 
-0.999323 0.000206296 -0.0367971
-0.00037302 -0.99999 0.00452411
-0.0367958 0.00453477 0.999313

  PointToIndexMatrix: 
-0.999323 -0.00037302 -0.0367958
0.000206296 -0.99999 0.00453477
-0.0367971 0.00452411 0.999313

  Inverse Direction: 
-0.999323 -0.00037302 -0.0367958
0.000206296 -0.99999 0.00453477
-0.0367971 0.00452411 0.999313

  PixelContainer: 
    ImportImageContainer (0x55b06427f8a0)
      RTTI typeinfo:   itk::ImportImageContainer<unsigned long, float>
      Reference Count: 1
      Modified Time: 2144
      Debug: Off
      Object Name: 
      Observers: 
        none
      Pointer: 0x7f2620a13010
      Container manages memory: true
      Size: 12582912
      Capacity: 12582912

     Weighting = 1
     Sampling strategy = regular
     Number of bins = 32
     Radius = 4
     Sampling percentage  = 0.25
   Transform = Affine
     Gradient step = 0.1
     Update field sigma (voxel space) = 0
     Total field sigma (voxel space) = 0
     Update field time sigma = 0
     Total field time sigma  = 0
     Number of time indices = 0
     Number of time point samples = 0
Stage 3 State
   Image metric = CC
     Fixed image = Image (0x55b064285a00)
  RTTI typeinfo:   itk::Image<float, 3u>
  Reference Count: 2
  Modified Time: 2577
  Debug: Off
  Object Name: 
  Observers: 
    none
  Source: (none)
  Source output name: (none)
  Release Data: Off
  Data Released: False
  Global Release Data: Off
  PipelineMTime: 0
  UpdateMTime: 2362
  RealTimeStamp: 0 seconds 
  LargestPossibleRegion: 
    Dimension: 3
    Index: [0, 0, 0]
    Size: [192, 256, 256]
  BufferedRegion: 
    Dimension: 3
    Index: [0, 0, 0]
    Size: [192, 256, 256]
  RequestedRegion: 
    Dimension: 3
    Index: [0, 0, 0]
    Size: [192, 256, 256]
  Spacing: [1, 1, 1]
  Origin: [95.0313, 100.538, -154.123]
  Direction: 
-0.999853 -0.014134 -0.00966312
0.014129 -0.9999 0.000586045
-0.00967044 0.000449429 0.999953

  IndexToPointMatrix: 
-0.999853 -0.014134 -0.00966312
0.014129 -0.9999 0.000586045
-0.00967044 0.000449429 0.999953

  PointToIndexMatrix: 
-0.999853 0.014129 -0.00967044
-0.014134 -0.9999 0.000449429
-0.00966312 0.000586045 0.999953

  Inverse Direction: 
-0.999853 0.014129 -0.00967044
-0.014134 -0.9999 0.000449429
-0.00966312 0.000586045 0.999953

  PixelContainer: 
    ImportImageContainer (0x55b064267b50)
      RTTI typeinfo:   itk::ImportImageContainer<unsigned long, float>
      Reference Count: 1
      Modified Time: 2359
      Debug: Off
      Object Name: 
      Observers: 
        none
      Pointer: 0x7f261da12010
      Container manages memory: true
      Size: 12582912
      Capacity: 12582912

     Moving image = Image (0x55b064282d50)
  RTTI typeinfo:   itk::Image<float, 3u>
  Reference Count: 2
  Modified Time: 2578
  Debug: Off
  Object Name: 
  Observers: 
    none
  Source: (none)
  Source output name: (none)
  Release Data: Off
  Data Released: False
  Global Release Data: Off
  PipelineMTime: 0
  UpdateMTime: 2575
  RealTimeStamp: 0 seconds 
  LargestPossibleRegion: 
    Dimension: 3
    Index: [0, 0, 0]
    Size: [192, 256, 256]
  BufferedRegion: 
    Dimension: 3
    Index: [0, 0, 0]
    Size: [192, 256, 256]
  RequestedRegion: 
    Dimension: 3
    Index: [0, 0, 0]
    Size: [192, 256, 256]
  Spacing: [1, 1, 1]
  Origin: [102.732, 102.596, -144.076]
  Direction: 
-0.999323 0.000206296 -0.0367971
-0.00037302 -0.99999 0.00452411
-0.0367958 0.00453477 0.999313

  IndexToPointMatrix: 
-0.999323 0.000206296 -0.0367971
-0.00037302 -0.99999 0.00452411
-0.0367958 0.00453477 0.999313

  PointToIndexMatrix: 
-0.999323 -0.00037302 -0.0367958
0.000206296 -0.99999 0.00453477
-0.0367971 0.00452411 0.999313

  Inverse Direction: 
-0.999323 -0.00037302 -0.0367958
0.000206296 -0.99999 0.00453477
-0.0367971 0.00452411 0.999313

  PixelContainer: 
    ImportImageContainer (0x55b064281b00)
      RTTI typeinfo:   itk::ImportImageContainer<unsigned long, float>
      Reference Count: 1
      Modified Time: 2572
      Debug: Off
      Object Name: 
      Observers: 
        none
      Pointer: 0x7f261aa11010
      Container manages memory: true
      Size: 12582912
      Capacity: 12582912

     Weighting = 1
     Sampling strategy = none
     Number of bins = 32
     Radius = 4
     Sampling percentage  = 1
   Transform = SyN
     Gradient step = 0.1
     Update field sigma (voxel space) = 3
     Total field sigma (voxel space) = 0
     Update field time sigma = 0
     Total field time sigma  = 0
     Number of time indices = 0
     Number of time point samples = 0
Registration using 3 total stages.

Stage 0
  iterations = 1000x500x250x0
  convergence threshold = 1e-06
  convergence window size = 10
  number of levels = 4
  using the Mattes MI metric (number of bins = 32, weight = 1)
  preprocessing:  winsorizing the image intensities
  preprocessing:  histogram matching the images
  Shrink factors (level 1 out of 4): [6, 6, 6]
  Shrink factors (level 2 out of 4): [4, 4, 4]
  Shrink factors (level 3 out of 4): [2, 2, 2]
  Shrink factors (level 4 out of 4): [1, 1, 1]
  smoothing sigmas per level: [4, 2, 1, 0]
  regular sampling (percentage = 0.25)

*** Running Euler3DTransform registration ***

DIAGNOSTIC,Iteration,metricValue,convergenceValue,ITERATION_TIME_INDEX,SINCE_LAST
 2DIAGNOSTIC,     1, -8.156893253326e-01, inf, 8.1553e-01, 8.1553e-01, 
 2DIAGNOSTIC,     2, -8.170703649521e-01, inf, 8.2456e-01, 9.0349e-03, 
 2DIAGNOSTIC,     3, -8.195717930794e-01, inf, 8.4017e-01, 1.5606e-02, 
 2DIAGNOSTIC,     4, -8.227329850197e-01, inf, 8.4915e-01, 8.9810e-03, 
 2DIAGNOSTIC,     5, -8.266454935074e-01, inf, 8.5822e-01, 9.0711e-03, 
 2DIAGNOSTIC,     6, -8.304923772812e-01, inf, 8.6725e-01, 9.0318e-03, 
 2DIAGNOSTIC,     7, -8.340370655060e-01, inf, 8.7548e-01, 8.2319e-03, 
 2DIAGNOSTIC,     8, -8.374379873276e-01, inf, 8.8445e-01, 8.9710e-03, 
 2DIAGNOSTIC,     9, -8.439846634865e-01, inf, 8.9470e-01, 1.0251e-02, 
 2DIAGNOSTIC,    10, -8.477355241776e-01, 2.539026318118e-03, 9.0788e-01, 1.3173e-02, 
 2DIAGNOSTIC,    11, -8.507995009422e-01, 2.453979803249e-03, 9.1640e-01, 8.5270e-03, 
 2DIAGNOSTIC,    12, -8.524503707886e-01, 2.250096760690e-03, 9.2622e-01, 9.8109e-03, 
 2DIAGNOSTIC,    13, -8.561589121819e-01, 2.036976395175e-03, 9.3580e-01, 9.5880e-03, 
 2DIAGNOSTIC,    14, -8.587419390678e-01, 1.805160893127e-03, 9.4651e-01, 1.0702e-02, 
 2DIAGNOSTIC,    15, -8.625904917717e-01, 1.613090164028e-03, 9.5583e-01, 9.3281e-03, 
 2DIAGNOSTIC,    16, -8.633685112000e-01, 1.395008526742e-03, 9.6413e-01, 8.2979e-03, 
 2DIAGNOSTIC,    17, -8.636991381645e-01, 1.153306802735e-03, 9.7359e-01, 9.4569e-03, 
 2DIAGNOSTIC,    18, -8.638683557510e-01, 8.977822726592e-04, 9.8267e-01, 9.0830e-03, 
 2DIAGNOSTIC,    19, -8.639400005341e-01, 7.023702492006e-04, 9.9213e-01, 9.4581e-03, 
 2DIAGNOSTIC,    20, -8.640342950821e-01, 5.252543487586e-04, 1.0013e+00, 9.1410e-03, 
 2DIAGNOSTIC,    21, -8.640056848526e-01, 3.654090978671e-04, 1.0124e+00, 1.1149e-02, 
 2DIAGNOSTIC,    22, -8.640494942665e-01, 2.120363351423e-04, 1.0215e+00, 9.0630e-03, 
 2DIAGNOSTIC,    23, -8.640378117561e-01, 1.062155133695e-04, 1.0296e+00, 8.0900e-03, 
 2DIAGNOSTIC,    24, -8.640075922012e-01, 3.385440140846e-05, 1.0392e+00, 9.6371e-03, 
 2DIAGNOSTIC,    25, -8.639653921127e-01, 1.511674963695e-05, 1.0474e+00, 8.2099e-03, 
 2DIAGNOSTIC,    26, -8.639739751816e-01, 6.599107564398e-06, 1.0567e+00, 9.2680e-03, 
 2DIAGNOSTIC,    27, -8.639245629311e-01, 1.649495970923e-06, 1.0660e+00, 9.3250e-03, 
DIAGNOSTIC,Iteration,metricValue,convergenceValue,ITERATION_TIME_INDEX,SINCE_LAST
 2DIAGNOSTIC,     1, -6.790057420731e-01, inf, 1.9491e+00, 8.8309e-01, 
 2DIAGNOSTIC,     2, -6.797202825546e-01, inf, 1.9839e+00, 3.4833e-02, 
 2DIAGNOSTIC,     3, -6.805506944656e-01, inf, 2.0151e+00, 3.1147e-02, 
 2DIAGNOSTIC,     4, -6.811529397964e-01, inf, 2.0455e+00, 3.0431e-02, 
 2DIAGNOSTIC,     5, -6.817035079002e-01, inf, 2.0764e+00, 3.0918e-02, 
 2DIAGNOSTIC,     6, -6.821734905243e-01, inf, 2.1180e+00, 4.1545e-02, 
 2DIAGNOSTIC,     7, -6.824039220810e-01, inf, 2.1531e+00, 3.5145e-02, 
 2DIAGNOSTIC,     8, -6.825090646744e-01, inf, 2.1828e+00, 2.9703e-02, 
 2DIAGNOSTIC,     9, -6.828380227089e-01, inf, 2.2217e+00, 3.8896e-02, 
 2DIAGNOSTIC,    10, -6.828448772430e-01, 3.618146292865e-04, 2.2603e+00, 3.8580e-02, 
 2DIAGNOSTIC,    11, -6.828442215919e-01, 2.578289713711e-04, 2.2930e+00, 3.2665e-02, 
 2DIAGNOSTIC,    12, -6.828776597977e-01, 1.740501902532e-04, 2.3386e+00, 4.5616e-02, 
 2DIAGNOSTIC,    13, -6.828667521477e-01, 1.137381550507e-04, 2.3725e+00, 3.3917e-02, 
 2DIAGNOSTIC,    14, -6.828771829605e-01, 6.984165520407e-05, 2.4090e+00, 3.6469e-02, 
 2DIAGNOSTIC,    15, -6.828892230988e-01, 4.098570934730e-05, 2.4486e+00, 3.9639e-02, 
 2DIAGNOSTIC,    16, -6.828707456589e-01, 2.392430542386e-05, 2.5036e+00, 5.5012e-02, 
 2DIAGNOSTIC,    17, -6.828773617744e-01, 1.269776839763e-05, 2.5402e+00, 3.6601e-02, 
 2DIAGNOSTIC,    18, -6.828588247299e-01, 3.503641437419e-06, 2.5804e+00, 4.0174e-02, 
 2DIAGNOSTIC,    19, -6.828597784042e-01, 2.362407940382e-06, 2.6130e+00, 3.2599e-02, 
 2DIAGNOSTIC,    20, -6.828543543816e-01, 1.299949644817e-06, 2.6514e+00, 3.8379e-02, 
DIAGNOSTIC,Iteration,metricValue,convergenceValue,ITERATION_TIME_INDEX,SINCE_LAST
 2DIAGNOSTIC,     1, -5.922212600708e-01, inf, 3.8306e+00, 1.1792e+00, 
 2DIAGNOSTIC,     2, -5.924605131149e-01, inf, 4.0520e+00, 2.2140e-01, 
 2DIAGNOSTIC,     3, -5.926089882851e-01, inf, 4.2741e+00, 2.2212e-01, 
 2DIAGNOSTIC,     4, -5.926688313484e-01, inf, 4.5878e+00, 3.1365e-01, 
 2DIAGNOSTIC,     5, -5.926631689072e-01, inf, 5.0359e+00, 4.4812e-01, 
 2DIAGNOSTIC,     6, -5.926639437675e-01, inf, 5.3027e+00, 2.6683e-01, 
 2DIAGNOSTIC,     7, -5.926641821861e-01, inf, 5.5787e+00, 2.7597e-01, 
 2DIAGNOSTIC,     8, -5.926641821861e-01, inf, 5.8424e+00, 2.6368e-01, 
 2DIAGNOSTIC,     9, -5.926640629768e-01, inf, 6.0846e+00, 2.4226e-01, 
 2DIAGNOSTIC,    10, -5.926641225815e-01, 3.470983574516e-05, 6.3330e+00, 2.4833e-01, 
 2DIAGNOSTIC,    11, -5.926638245583e-01, 1.373257509840e-05, 6.5835e+00, 2.5051e-01, 
 2DIAGNOSTIC,    12, -5.926639437675e-01, 4.701650595962e-06, 6.8505e+00, 2.6704e-01, 
 2DIAGNOSTIC,    13, -5.926638841629e-01, 2.284757101734e-06, 7.1000e+00, 2.4951e-01, 
 2DIAGNOSTIC,    14, -5.926638841629e-01, 2.283931053171e-06, 7.3423e+00, 2.4232e-01, 
 2DIAGNOSTIC,    15, -5.926637053490e-01, 2.094836190736e-06, 7.5838e+00, 2.4143e-01, 
 2DIAGNOSTIC,    16, -5.926638245583e-01, 1.958553184522e-06, 7.8240e+00, 2.4021e-01, 
 2DIAGNOSTIC,    17, -5.926637649536e-01, 1.845895894803e-06, 8.0716e+00, 2.4760e-01, 
 2DIAGNOSTIC,    18, -5.926637649536e-01, 1.748105205479e-06, 8.3628e+00, 2.9125e-01, 
 2DIAGNOSTIC,    19, -5.926638841629e-01, 1.662359522925e-06, 8.6660e+00, 3.0320e-01, 
 2DIAGNOSTIC,    20, -5.926637053490e-01, 1.583613538969e-06, 8.9114e+00, 2.4534e-01, 
 2DIAGNOSTIC,    21, -5.926637649536e-01, 1.507602405582e-06, 9.1617e+00, 2.5037e-01, 
 2DIAGNOSTIC,    22, -5.926637649536e-01, 1.441720428375e-06, 9.4369e+00, 2.7519e-01, 
 2DIAGNOSTIC,    23, -5.926636457443e-01, 1.378183128509e-06, 9.6907e+00, 2.5372e-01, 
 2DIAGNOSTIC,    24, -5.926637649536e-01, 1.322957245975e-06, 9.9144e+00, 2.2379e-01, 
 2DIAGNOSTIC,    25, -5.926637649536e-01, 1.268828896173e-06, 1.0215e+01, 3.0079e-01, 
 2DIAGNOSTIC,    26, -5.926638245583e-01, 1.222555624736e-06, 1.0483e+01, 2.6732e-01, 
 2DIAGNOSTIC,    27, -5.926635861397e-01, 1.174489170808e-06, 1.0731e+01, 2.4892e-01, 
 2DIAGNOSTIC,    28, -5.926635861397e-01, 1.130282839767e-06, 1.0989e+01, 2.5736e-01, 
 2DIAGNOSTIC,    29, -5.926635265350e-01, 1.090701402973e-06, 1.1233e+01, 2.4369e-01, 
 2DIAGNOSTIC,    30, -5.926635265350e-01, 1.051385993378e-06, 1.1493e+01, 2.6034e-01, 
 2DIAGNOSTIC,    31, -5.926635861397e-01, 1.017296995087e-06, 1.1732e+01, 2.3953e-01, 
DIAGNOSTIC,Iteration,metricValue,convergenceValue,ITERATION_TIME_INDEX,SINCE_LAST
 2DIAGNOSTIC,     1, -5.358935594559e-01, inf, 1.4363e+01, 2.6311e+00, 
  Elapsed time (stage 0): 1.5537e+01


Stage 1
  iterations = 1000x500x250x0
  convergence threshold = 1.0000e-06
  convergence window size = 10
  number of levels = 4
  using the Mattes MI metric (number of bins = 32, weight = 1.0000e+00)
  preprocessing:  winsorizing the image intensities
  preprocessing:  histogram matching the images
  Shrink factors (level 1 out of 4): [6, 6, 6]
  Shrink factors (level 2 out of 4): [4, 4, 4]
  Shrink factors (level 3 out of 4): [2, 2, 2]
  Shrink factors (level 4 out of 4): [1, 1, 1]
  smoothing sigmas per level: [4, 2, 1, 0]
  regular sampling (percentage = 2.5000e-01)

*** Running AffineTransform registration ***

DIAGNOSTIC,Iteration,metricValue,convergenceValue,ITERATION_TIME_INDEX,SINCE_LAST
 2DIAGNOSTIC,     1, -8.528021574020e-01, inf, 8.4023e-01, 8.4023e-01, 
 2DIAGNOSTIC,     2, -8.557483553886e-01, inf, 8.5054e-01, 1.0310e-02, 
 2DIAGNOSTIC,     3, -8.607791066170e-01, inf, 8.6071e-01, 1.0167e-02, 
 2DIAGNOSTIC,     4, -8.692122101784e-01, inf, 8.7095e-01, 1.0237e-02, 
 2DIAGNOSTIC,     5, -8.837721943855e-01, inf, 8.8111e-01, 1.0157e-02, 
 2DIAGNOSTIC,     6, -9.100971817970e-01, inf, 8.9120e-01, 1.0092e-02, 
 2DIAGNOSTIC,     7, -9.575740098953e-01, inf, 9.0148e-01, 1.0284e-02, 
 2DIAGNOSTIC,     8, -1.001474261284e+00, inf, 9.1337e-01, 1.1887e-02, 
 2DIAGNOSTIC,     9, -1.018540740013e+00, inf, 9.3214e-01, 1.8770e-02, 
 2DIAGNOSTIC,    10, -1.018813490868e+00, 1.394186727703e-02, 9.4182e-01, 9.6779e-03, 
 2DIAGNOSTIC,    11, -1.019866704941e+00, 1.303163636476e-02, 9.5118e-01, 9.3589e-03, 
 2DIAGNOSTIC,    12, -1.021573901176e+00, 1.122717559338e-02, 9.6056e-01, 9.3820e-03, 
