
Running N4 for 3-dimensional images.

Mask not read.  Using the entire image as the mask.

Original intensity range:  [0, 901]

***********************************************************
Warning:  Your input image contains nonpositive values
which could cause failure or problematic results.  A
possible workaround would be to:
   1. rescale your image to positive values e.g., [10,100].
   2. run N4 on your rescaled image.
   3. (optional) rescale the N4 output to the original
      intensity range.
***********************************************************

Specified spline distance: 200mm
  original image size:  [192, 256, 256]
  padded image size:  [201, 401, 401]
  number of control points:  [4, 5, 5]

Current level = 1
  Iteration 1 (of 50).   Current convergence value = 0.000145981 (threshold = 1e-08)
  Iteration 2 (of 50).   Current convergence value = 0.00012536 (threshold = 1e-08)
  Iteration 3 (of 50).   Current convergence value = 0.000124493 (threshold = 1e-08)
  Iteration 4 (of 50).   Current convergence value = 0.000129539 (threshold = 1e-08)
  Iteration 5 (of 50).   Current convergence value = 0.000133671 (threshold = 1e-08)
  Iteration 6 (of 50).   Current convergence value = 0.000133524 (threshold = 1e-08)
  Iteration 7 (of 50).   Current convergence value = 0.000133015 (threshold = 1e-08)
  Iteration 8 (of 50).   Current convergence value = 0.000132131 (threshold = 1e-08)
  Iteration 9 (of 50).   Current convergence value = 0.000131397 (threshold = 1e-08)
  Iteration 10 (of 50).   Current convergence value = 0.000130356 (threshold = 1e-08)
  Iteration 11 (of 50).   Current convergence value = 0.000129158 (threshold = 1e-08)
  Iteration 12 (of 50).   Current convergence value = 0.000128166 (threshold = 1e-08)
  Iteration 13 (of 50).   Current convergence value = 0.000127006 (threshold = 1e-08)
  Iteration 14 (of 50).   Current convergence value = 0.000125602 (threshold = 1e-08)
  Iteration 15 (of 50).   Current convergence value = 0.000124422 (threshold = 1e-08)
  Iteration 16 (of 50).   Current convergence value = 0.000123097 (threshold = 1e-08)
  Iteration 17 (of 50).   Current convergence value = 0.000121811 (threshold = 1e-08)
  Iteration 18 (of 50).   Current convergence value = 0.000120617 (threshold = 1e-08)
  Iteration 19 (of 50).   Current convergence value = 0.000119389 (threshold = 1e-08)
  Iteration 20 (of 50).   Current convergence value = 0.000118323 (threshold = 1e-08)
  Iteration 21 (of 50).   Current convergence value = 0.000117246 (threshold = 1e-08)
  Iteration 22 (of 50).   Current convergence value = 0.0001161 (threshold = 1e-08)
  Iteration 23 (of 50).   Current convergence value = 0.000115031 (threshold = 1e-08)
  Iteration 24 (of 50).   Current convergence value = 0.000113958 (threshold = 1e-08)
  Iteration 25 (of 50).   Current convergence value = 0.000112953 (threshold = 1e-08)
  Iteration 26 (of 50).   Current convergence value = 0.00011199 (threshold = 1e-08)
  Iteration 27 (of 50).   Current convergence value = 0.000111072 (threshold = 1e-08)
  Iteration 28 (of 50).   Current convergence value = 0.00011015 (threshold = 1e-08)
  Iteration 29 (of 50).   Current convergence value = 0.000109274 (threshold = 1e-08)
  Iteration 30 (of 50).   Current convergence value = 0.000108442 (threshold = 1e-08)
  Iteration 31 (of 50).   Current convergence value = 0.000107566 (threshold = 1e-08)
  Iteration 32 (of 50).   Current convergence value = 0.000106748 (threshold = 1e-08)
  Iteration 33 (of 50).   Current convergence value = 0.00010597 (threshold = 1e-08)
  Iteration 34 (of 50).   Current convergence value = 0.000105118 (threshold = 1e-08)
  Iteration 35 (of 50).   Current convergence value = 0.000104391 (threshold = 1e-08)
  Iteration 36 (of 50).   Current convergence value = 0.000103583 (threshold = 1e-08)
  Iteration 37 (of 50).   Current convergence value = 0.000102845 (threshold = 1e-08)
  Iteration 38 (of 50).   Current convergence value = 0.000102086 (threshold = 1e-08)
  Iteration 39 (of 50).   Current convergence value = 0.000101447 (threshold = 1e-08)
  Iteration 40 (of 50).   Current convergence value = 0.000100811 (threshold = 1e-08)
  Iteration 41 (of 50).   Current convergence value = 0.000100169 (threshold = 1e-08)
  Iteration 42 (of 50).   Current convergence value = 9.95246e-05 (threshold = 1e-08)
  Iteration 43 (of 50).   Current convergence value = 9.89119e-05 (threshold = 1e-08)
  Iteration 44 (of 50).   Current convergence value = 9.82538e-05 (threshold = 1e-08)
  Iteration 45 (of 50).   Current convergence value = 9.76688e-05 (threshold = 1e-08)
  Iteration 46 (of 50).   Current convergence value = 9.71246e-05 (threshold = 1e-08)
  Iteration 47 (of 50).   Current convergence value = 9.66694e-05 (threshold = 1e-08)
  Iteration 48 (of 50).   Current convergence value = 9.6128e-05 (threshold = 1e-08)
  Iteration 49 (of 50).   Current convergence value = 9.56367e-05 (threshold = 1e-08)
  Iteration 50 (of 50).   Current convergence value = 9.50947e-05 (threshold = 1e-08)
Current level = 2
  Iteration 1 (of 50).   Current convergence value = 0.000474645 (threshold = 1e-08)
  Iteration 2 (of 50).   Current convergence value = 0.000397748 (threshold = 1e-08)
  Iteration 3 (of 50).   Current convergence value = 0.000341493 (threshold = 1e-08)
  Iteration 4 (of 50).   Current convergence value = 0.000297795 (threshold = 1e-08)
  Iteration 5 (of 50).   Current convergence value = 0.000258978 (threshold = 1e-08)
  Iteration 6 (of 50).   Current convergence value = 0.000226428 (threshold = 1e-08)
  Iteration 7 (of 50).   Current convergence value = 0.00020046 (threshold = 1e-08)
  Iteration 8 (of 50).   Current convergence value = 0.000183359 (threshold = 1e-08)
  Iteration 9 (of 50).   Current convergence value = 0.000174838 (threshold = 1e-08)
  Iteration 10 (of 50).   Current convergence value = 0.000163677 (threshold = 1e-08)
  Iteration 11 (of 50).   Current convergence value = 0.000151562 (threshold = 1e-08)
  Iteration 12 (of 50).   Current convergence value = 0.000141374 (threshold = 1e-08)
  Iteration 13 (of 50).   Current convergence value = 0.000132059 (threshold = 1e-08)
  Iteration 14 (of 50).   Current convergence value = 0.000123801 (threshold = 1e-08)
  Iteration 15 (of 50).   Current convergence value = 0.000116171 (threshold = 1e-08)
  Iteration 16 (of 50).   Current convergence value = 0.000109362 (threshold = 1e-08)
  Iteration 17 (of 50).   Current convergence value = 0.000103457 (threshold = 1e-08)
  Iteration 18 (of 50).   Current convergence value = 9.81931e-05 (threshold = 1e-08)
  Iteration 19 (of 50).   Current convergence value = 9.64787e-05 (threshold = 1e-08)
  Iteration 20 (of 50).   Current convergence value = 9.54824e-05 (threshold = 1e-08)
  Iteration 21 (of 50).   Current convergence value = 9.46357e-05 (threshold = 1e-08)
  Iteration 22 (of 50).   Current convergence value = 9.40523e-05 (threshold = 1e-08)
  Iteration 23 (of 50).   Current convergence value = 9.35129e-05 (threshold = 1e-08)
  Iteration 24 (of 50).   Current convergence value = 9.30083e-05 (threshold = 1e-08)
  Iteration 25 (of 50).   Current convergence value = 9.25253e-05 (threshold = 1e-08)
  Iteration 26 (of 50).   Current convergence value = 9.19546e-05 (threshold = 1e-08)
  Iteration 27 (of 50).   Current convergence value = 9.15412e-05 (threshold = 1e-08)
  Iteration 28 (of 50).   Current convergence value = 9.10337e-05 (threshold = 1e-08)
  Iteration 29 (of 50).   Current convergence value = 9.04448e-05 (threshold = 1e-08)
  Iteration 30 (of 50).   Current convergence value = 8.99305e-05 (threshold = 1e-08)
  Iteration 31 (of 50).   Current convergence value = 8.93937e-05 (threshold = 1e-08)
  Iteration 32 (of 50).   Current convergence value = 8.87868e-05 (threshold = 1e-08)
  Iteration 33 (of 50).   Current convergence value = 8.81126e-05 (threshold = 1e-08)
  Iteration 34 (of 50).   Current convergence value = 8.75123e-05 (threshold = 1e-08)
  Iteration 35 (of 50).   Current convergence value = 8.69759e-05 (threshold = 1e-08)
  Iteration 36 (of 50).   Current convergence value = 8.6292e-05 (threshold = 1e-08)
  Iteration 37 (of 50).   Current convergence value = 8.56833e-05 (threshold = 1e-08)
  Iteration 38 (of 50).   Current convergence value = 8.50507e-05 (threshold = 1e-08)
  Iteration 39 (of 50).   Current convergence value = 8.44105e-05 (threshold = 1e-08)
  Iteration 40 (of 50).   Current convergence value = 8.37996e-05 (threshold = 1e-08)
  Iteration 41 (of 50).   Current convergence value = 8.31673e-05 (threshold = 1e-08)
  Iteration 42 (of 50).   Current convergence value = 8.26561e-05 (threshold = 1e-08)
  Iteration 43 (of 50).   Current convergence value = 8.19566e-05 (threshold = 1e-08)
  Iteration 44 (of 50).   Current convergence value = 8.14243e-05 (threshold = 1e-08)
  Iteration 45 (of 50).   Current convergence value = 8.07758e-05 (threshold = 1e-08)
  Iteration 46 (of 50).   Current convergence value = 8.02959e-05 (threshold = 1e-08)
  Iteration 47 (of 50).   Current convergence value = 7.96301e-05 (threshold = 1e-08)
  Iteration 48 (of 50).   Current convergence value = 7.914e-05 (threshold = 1e-08)
  Iteration 49 (of 50).   Current convergence value = 7.86277e-05 (threshold = 1e-08)
  Iteration 50 (of 50).   Current convergence value = 7.80878e-05 (threshold = 1e-08)
Current level = 3
  Iteration 1 (of 40).   Current convergence value = 0.00147404 (threshold = 1e-08)
  Iteration 2 (of 40).   Current convergence value = 0.0011639 (threshold = 1e-08)
  Iteration 3 (of 40).   Current convergence value = 0.00099465 (threshold = 1e-08)
  Iteration 4 (of 40).   Current convergence value = 0.000879832 (threshold = 1e-08)
  Iteration 5 (of 40).   Current convergence value = 0.000794713 (threshold = 1e-08)
  Iteration 6 (of 40).   Current convergence value = 0.000733641 (threshold = 1e-08)
  Iteration 7 (of 40).   Current convergence value = 0.000690782 (threshold = 1e-08)
  Iteration 8 (of 40).   Current convergence value = 0.000659026 (threshold = 1e-08)
  Iteration 9 (of 40).   Current convergence value = 0.00063454 (threshold = 1e-08)
  Iteration 10 (of 40).   Current convergence value = 0.000612783 (threshold = 1e-08)
  Iteration 11 (of 40).   Current convergence value = 0.000590029 (threshold = 1e-08)
  Iteration 12 (of 40).   Current convergence value = 0.000570508 (threshold = 1e-08)
  Iteration 13 (of 40).   Current convergence value = 0.000552957 (threshold = 1e-08)
  Iteration 14 (of 40).   Current convergence value = 0.000537042 (threshold = 1e-08)
  Iteration 15 (of 40).   Current convergence value = 0.000522651 (threshold = 1e-08)
  Iteration 16 (of 40).   Current convergence value = 0.000509133 (threshold = 1e-08)
  Iteration 17 (of 40).   Current convergence value = 0.000496805 (threshold = 1e-08)
  Iteration 18 (of 40).   Current convergence value = 0.000485329 (threshold = 1e-08)
  Iteration 19 (of 40).   Current convergence value = 0.000474573 (threshold = 1e-08)
  Iteration 20 (of 40).   Current convergence value = 0.000464631 (threshold = 1e-08)
  Iteration 21 (of 40).   Current convergence value = 0.00045522 (threshold = 1e-08)
  Iteration 22 (of 40).   Current convergence value = 0.000446414 (threshold = 1e-08)
  Iteration 23 (of 40).   Current convergence value = 0.000438092 (threshold = 1e-08)
  Iteration 24 (of 40).   Current convergence value = 0.000429743 (threshold = 1e-08)
  Iteration 25 (of 40).   Current convergence value = 0.000422069 (threshold = 1e-08)
  Iteration 26 (of 40).   Current convergence value = 0.000414476 (threshold = 1e-08)
  Iteration 27 (of 40).   Current convergence value = 0.000407291 (threshold = 1e-08)
  Iteration 28 (of 40).   Current convergence value = 0.000400311 (threshold = 1e-08)
  Iteration 29 (of 40).   Current convergence value = 0.000393481 (threshold = 1e-08)
  Iteration 30 (of 40).   Current convergence value = 0.000387064 (threshold = 1e-08)
  Iteration 31 (of 40).   Current convergence value = 0.000380723 (threshold = 1e-08)
  Iteration 32 (of 40).   Current convergence value = 0.000374685 (threshold = 1e-08)
  Iteration 33 (of 40).   Current convergence value = 0.000368664 (threshold = 1e-08)
  Iteration 34 (of 40).   Current convergence value = 0.000362851 (threshold = 1e-08)
  Iteration 35 (of 40).   Current convergence value = 0.000357284 (threshold = 1e-08)
  Iteration 36 (of 40).   Current convergence value = 0.000351787 (threshold = 1e-08)
  Iteration 37 (of 40).   Current convergence value = 0.000346337 (threshold = 1e-08)
  Iteration 38 (of 40).   Current convergence value = 0.000341206 (threshold = 1e-08)
  Iteration 39 (of 40).   Current convergence value = 0.000336096 (threshold = 1e-08)
  Iteration 40 (of 40).   Current convergence value = 0.000331113 (threshold = 1e-08)
Current level = 4
  Iteration 1 (of 30).   Current convergence value = 0.0021615 (threshold = 1e-08)
  Iteration 2 (of 30).   Current convergence value = 0.00194252 (threshold = 1e-08)
  Iteration 3 (of 30).   Current convergence value = 0.00185945 (threshold = 1e-08)
  Iteration 4 (of 30).   Current convergence value = 0.00178238 (threshold = 1e-08)
  Iteration 5 (of 30).   Current convergence value = 0.00171598 (threshold = 1e-08)
  Iteration 6 (of 30).   Current convergence value = 0.00165812 (threshold = 1e-08)
  Iteration 7 (of 30).   Current convergence value = 0.0016045 (threshold = 1e-08)
  Iteration 8 (of 30).   Current convergence value = 0.00149959 (threshold = 1e-08)
  Iteration 9 (of 30).   Current convergence value = 0.00139568 (threshold = 1e-08)
  Iteration 10 (of 30).   Current convergence value = 0.00130984 (threshold = 1e-08)
  Iteration 11 (of 30).   Current convergence value = 0.00124986 (threshold = 1e-08)
  Iteration 12 (of 30).   Current convergence value = 0.00122396 (threshold = 1e-08)
  Iteration 13 (of 30).   Current convergence value = 0.00122933 (threshold = 1e-08)
  Iteration 14 (of 30).   Current convergence value = 0.00128036 (threshold = 1e-08)
  Iteration 15 (of 30).   Current convergence value = 0.00140711 (threshold = 1e-08)
  Iteration 16 (of 30).   Current convergence value = 0.00150644 (threshold = 1e-08)
  Iteration 17 (of 30).   Current convergence value = 0.00158992 (threshold = 1e-08)
  Iteration 18 (of 30).   Current convergence value = 0.00164579 (threshold = 1e-08)
  Iteration 19 (of 30).   Current convergence value = 0.00167749 (threshold = 1e-08)
  Iteration 20 (of 30).   Current convergence value = 0.00153916 (threshold = 1e-08)
  Iteration 21 (of 30).   Current convergence value = 0.00140896 (threshold = 1e-08)
  Iteration 22 (of 30).   Current convergence value = 0.0012953 (threshold = 1e-08)
  Iteration 23 (of 30).   Current convergence value = 0.0011892 (threshold = 1e-08)
  Iteration 24 (of 30).   Current convergence value = 0.00109234 (threshold = 1e-08)
  Iteration 25 (of 30).   Current convergence value = 0.00100951 (threshold = 1e-08)
  Iteration 26 (of 30).   Current convergence value = 0.000927858 (threshold = 1e-08)
  Iteration 27 (of 30).   Current convergence value = 0.000857295 (threshold = 1e-08)
  Iteration 28 (of 30).   Current convergence value = 0.000796244 (threshold = 1e-08)
  Iteration 29 (of 30).   Current convergence value = 0.000740225 (threshold = 1e-08)
  Iteration 30 (of 30).   Current convergence value = 0.000687871 (threshold = 1e-08)
   N4BiasFieldCorrectionImageFilter (0x556536741e20)
     RTTI typeinfo:   itk::N4BiasFieldCorrectionImageFilter<itk::Image<float, 3u>, itk::Image<float, 3u>, itk::Image<float, 3u> >
     Reference Count: 1
     Modified Time: 565
     Debug: Off
     Object Name: 
     Observers: 
       IterationEvent(Command)
     Inputs: 
       ConfidenceImage: (0)
       MaskImage: (0x55653676c5e0)
       Primary: (0x556536767ae0) *
     Indexed Inputs: 
       0: Primary (0x556536767ae0)
       1: MaskImage (0x55653676c5e0)
       2: ConfidenceImage (0)
     Required Input Names: Primary
     NumberOfRequiredInputs: 1
     Outputs: 
       Primary: (0x556536751ef0)
     Indexed Outputs: 
       0: Primary (0x556536751ef0)
     NumberOfRequiredOutputs: 1
     Number Of Work Units: 32
     ReleaseDataFlag: Off
     ReleaseDataBeforeUpdateFlag: Off
     AbortGenerateData: Off
     Progress: 0
     Multithreader: 
       RTTI typeinfo:   itk::PoolMultiThreader
       Reference Count: 1
       Modified Time: 144
       Debug: Off
       Object Name: 
       Observers: 
         none
       Number of Work Units: 32
       Number of Threads: 8
       Global Maximum Number Of Threads: 128
       Global Default Number Of Threads: 8
       Global Default Threader Type: itk::MultiThreaderBaseEnums::Threader::Pool
       SingleMethod: 0
       SingleData: 0
     DynamicMultiThreading: On
     CoordinateTolerance: 1e-06
     DirectionTolerance: 1e-06
     Use Mask Label: 0
     Mask label: 1
     Number of histogram bins: 200
     Wiener filter noise: 0.01
     Bias field FWHM: 0.15
     Maximum number of iterations: [50, 50, 40, 30]
     Convergence threshold: 1e-08
     Spline order: 3
     Number of fitting levels: [4, 4, 4]
     Number of control points: [4, 5, 5]
     CurrentConvergenceMeasurement: 0.000687871
     CurrentLevel: 4
     ElapsedIterations: 31
     LogBiasFieldControlPointLattice: 
       Image (0x55653d241a30)
         RTTI typeinfo:   itk::Image<itk::Vector<float, 1u>, 3u>
         Reference Count: 1
         Modified Time: 343560
         Debug: Off
         Object Name: 
         Observers: 
           none
         Source: (none)
         Source output name: (none)
         Release Data: Off
         Data Released: False
         Global Release Data: Off
         PipelineMTime: 0
         UpdateMTime: 0
         RealTimeStamp: 0 seconds 
         LargestPossibleRegion: 
           Dimension: 3
           Index: [0, 0, 0]
           Size: [11, 19, 19]
         BufferedRegion: 
           Dimension: 3
           Index: [0, 0, 0]
           Size: [11, 19, 19]
         RequestedRegion: 
           Dimension: 3
           Index: [0, 0, 0]
           Size: [11, 19, 19]
         Spacing: [24.75, 24.875, 24.875]
         Origin: [24.6228, 18.5009, -30.0255]
         Direction: 
-0.998435 -0.0377209 0.0412774
0.044972 -0.980386 0.191886
0.0332297 0.193443 0.980549

         IndexToPointMatrix: 
-24.7113 -0.938307 1.02678
1.11306 -24.3871 4.77316
0.822434 4.8119 24.3912

         PointToIndexMatrix: 
-0.0403408 0.00181705 0.00134261
-0.00151642 -0.0394125 0.00777657
0.00165939 0.00771405 0.039419

         Inverse Direction: 
-0.998435 0.044972 0.0332297
-0.0377209 -0.980386 0.193442
0.0412774 0.191887 0.980549

         PixelContainer: 
           ImportImageContainer (0x55653d253910)
             RTTI typeinfo:   itk::ImportImageContainer<unsigned long, itk::Vector<float, 1u> >
             Reference Count: 1
             Modified Time: 343561
             Debug: Off
             Object Name: 
             Observers: 
               none
             Pointer: 0x5565408e9410
             Container manages memory: true
             Size: 3971
             Capacity: 3971
Elapsed time: 317.568
All_Command_lines_OK
Using single precision for computations.
=============================================================================
The composite transform comprises the following transforms (in order): 
  1. Center of mass alignment using fixed image: /home/mpib/nemecz/Projects/miniTRK/Results/01_MRI/GroupTempl/T1w/T_template0.nii.gz and moving image: /home/mpib/nemecz/Projects/miniTRK/Analysis/01_MRI/Preproc/GroupTempl/T1w/sub-291670_T1w.nii.gz (type = Euler3DTransform)
=============================================================================
  number of levels = 4
  number of levels = 4
  number of levels = 4
  fixed image: /home/mpib/nemecz/Projects/miniTRK/Results/01_MRI/GroupTempl/T1w/T_template0.nii.gz
  moving image: /home/mpib/nemecz/Projects/miniTRK/Results/01_MRI/GroupTempl/T1w/T_template0sub-291670_T1wRepaired.nii.gz
  fixed image: /home/mpib/nemecz/Projects/miniTRK/Results/01_MRI/GroupTempl/T1w/T_template0.nii.gz
  moving image: /home/mpib/nemecz/Projects/miniTRK/Results/01_MRI/GroupTempl/T1w/T_template0sub-291670_T1wRepaired.nii.gz
  fixed image: /home/mpib/nemecz/Projects/miniTRK/Results/01_MRI/GroupTempl/T1w/T_template0.nii.gz
  moving image: /home/mpib/nemecz/Projects/miniTRK/Results/01_MRI/GroupTempl/T1w/T_template0sub-291670_T1wRepaired.nii.gz
Dimension = 3
Number of stages = 3
Use Histogram Matching true
Winsorize image intensities true
Lower quantile = 0.01
Upper quantile = 0.99
Stage 1 State
   Image metric = Mattes
     Fixed image = Image (0x5618d5dbfad0)
  RTTI typeinfo:   itk::Image<float, 3u>
  Reference Count: 2
  Modified Time: 1721
  Debug: Off
  Object Name: 
  Observers: 
    none
  Source: (none)
  Source output name: (none)
  Release Data: Off
  Data Released: False
  Global Release Data: Off
  PipelineMTime: 0
  UpdateMTime: 1506
  RealTimeStamp: 0 seconds 
  LargestPossibleRegion: 
    Dimension: 3
    Index: [0, 0, 0]
    Size: [192, 256, 256]
  BufferedRegion: 
    Dimension: 3
    Index: [0, 0, 0]
    Size: [192, 256, 256]
  RequestedRegion: 
    Dimension: 3
    Index: [0, 0, 0]
    Size: [192, 256, 256]
  Spacing: [1, 1, 1]
  Origin: [95.0313, 100.538, -154.123]
  Direction: 
-0.999853 -0.014134 -0.00966312
0.014129 -0.9999 0.000586045
-0.00967044 0.000449429 0.999953

  IndexToPointMatrix: 
-0.999853 -0.014134 -0.00966312
0.014129 -0.9999 0.000586045
-0.00967044 0.000449429 0.999953

  PointToIndexMatrix: 
-0.999853 0.014129 -0.00967044
-0.014134 -0.9999 0.000449429
-0.00966312 0.000586045 0.999953

  Inverse Direction: 
-0.999853 0.014129 -0.00967044
-0.014134 -0.9999 0.000449429
-0.00966312 0.000586045 0.999953

  PixelContainer: 
    ImportImageContainer (0x5618d5dc7c80)
      RTTI typeinfo:   itk::ImportImageContainer<unsigned long, float>
      Reference Count: 1
      Modified Time: 1503
      Debug: Off
      Object Name: 
      Observers: 
        none
      Pointer: 0x7fcb00bd5010
      Container manages memory: true
      Size: 12582912
      Capacity: 12582912

     Moving image = Image (0x5618d5dc0bc0)
  RTTI typeinfo:   itk::Image<float, 3u>
  Reference Count: 2
  Modified Time: 1722
  Debug: Off
  Object Name: 
  Observers: 
    none
  Source: (none)
  Source output name: (none)
  Release Data: Off
  Data Released: False
  Global Release Data: Off
  PipelineMTime: 0
  UpdateMTime: 1719
  RealTimeStamp: 0 seconds 
  LargestPossibleRegion: 
    Dimension: 3
    Index: [0, 0, 0]
    Size: [192, 256, 256]
  BufferedRegion: 
    Dimension: 3
    Index: [0, 0, 0]
    Size: [192, 256, 256]
  RequestedRegion: 
    Dimension: 3
    Index: [0, 0, 0]
    Size: [192, 256, 256]
  Spacing: [1, 1, 1]
  Origin: [93.6573, 61.6079, -172.785]
  Direction: 
-0.998435 -0.0377209 0.0412774
0.044972 -0.980386 0.191886
0.0332297 0.193443 0.980549

  IndexToPointMatrix: 
-0.998435 -0.0377209 0.0412774
0.044972 -0.980386 0.191886
0.0332297 0.193443 0.980549

  PointToIndexMatrix: 
-0.998435 0.044972 0.0332297
-0.0377209 -0.980386 0.193443
0.0412774 0.191886 0.980549

  Inverse Direction: 
-0.998435 0.044972 0.0332297
-0.0377209 -0.980386 0.193443
0.0412774 0.191886 0.980549

  PixelContainer: 
    ImportImageContainer (0x5618d5dcc100)
      RTTI typeinfo:   itk::ImportImageContainer<unsigned long, float>
      Reference Count: 1
      Modified Time: 1716
      Debug: Off
      Object Name: 
      Observers: 
        none
      Pointer: 0x7fcafdbd4010
      Container manages memory: true
      Size: 12582912
      Capacity: 12582912

     Weighting = 1
     Sampling strategy = regular
     Number of bins = 32
     Radius = 4
     Sampling percentage  = 0.25
   Transform = Rigid
     Gradient step = 0.1
     Update field sigma (voxel space) = 0
     Total field sigma (voxel space) = 0
     Update field time sigma = 0
     Total field time sigma  = 0
     Number of time indices = 0
     Number of time point samples = 0
Stage 2 State
   Image metric = Mattes
     Fixed image = Image (0x5618d5dd8870)
  RTTI typeinfo:   itk::Image<float, 3u>
  Reference Count: 2
  Modified Time: 2149
  Debug: Off
  Object Name: 
  Observers: 
    none
  Source: (none)
  Source output name: (none)
  Release Data: Off
  Data Released: False
  Global Release Data: Off
  PipelineMTime: 0
  UpdateMTime: 1934
  RealTimeStamp: 0 seconds 
  LargestPossibleRegion: 
    Dimension: 3
    Index: [0, 0, 0]
    Size: [192, 256, 256]
  BufferedRegion: 
    Dimension: 3
    Index: [0, 0, 0]
    Size: [192, 256, 256]
  RequestedRegion: 
    Dimension: 3
    Index: [0, 0, 0]
    Size: [192, 256, 256]
  Spacing: [1, 1, 1]
  Origin: [95.0313, 100.538, -154.123]
  Direction: 
-0.999853 -0.014134 -0.00966312
0.014129 -0.9999 0.000586045
-0.00967044 0.000449429 0.999953

  IndexToPointMatrix: 
-0.999853 -0.014134 -0.00966312
0.014129 -0.9999 0.000586045
-0.00967044 0.000449429 0.999953

  PointToIndexMatrix: 
-0.999853 0.014129 -0.00967044
-0.014134 -0.9999 0.000449429
-0.00966312 0.000586045 0.999953

  Inverse Direction: 
-0.999853 0.014129 -0.00967044
-0.014134 -0.9999 0.000449429
-0.00966312 0.000586045 0.999953

  PixelContainer: 
    ImportImageContainer (0x5618d5dc36d0)
      RTTI typeinfo:   itk::ImportImageContainer<unsigned long, float>
      Reference Count: 1
      Modified Time: 1931
      Debug: Off
      Object Name: 
      Observers: 
        none
      Pointer: 0x7fcafabd3010
      Container manages memory: true
      Size: 12582912
      Capacity: 12582912

     Moving image = Image (0x5618d5dd84c0)
  RTTI typeinfo:   itk::Image<float, 3u>
  Reference Count: 2
  Modified Time: 2150
  Debug: Off
  Object Name: 
  Observers: 
    none
  Source: (none)
  Source output name: (none)
  Release Data: Off
  Data Released: False
  Global Release Data: Off
  PipelineMTime: 0
  UpdateMTime: 2147
  RealTimeStamp: 0 seconds 
  LargestPossibleRegion: 
    Dimension: 3
    Index: [0, 0, 0]
    Size: [192, 256, 256]
  BufferedRegion: 
    Dimension: 3
    Index: [0, 0, 0]
    Size: [192, 256, 256]
  RequestedRegion: 
    Dimension: 3
    Index: [0, 0, 0]
    Size: [192, 256, 256]
  Spacing: [1, 1, 1]
  Origin: [93.6573, 61.6079, -172.785]
  Direction: 
-0.998435 -0.0377209 0.0412774
0.044972 -0.980386 0.191886
0.0332297 0.193443 0.980549

  IndexToPointMatrix: 
-0.998435 -0.0377209 0.0412774
0.044972 -0.980386 0.191886
0.0332297 0.193443 0.980549

  PointToIndexMatrix: 
-0.998435 0.044972 0.0332297
-0.0377209 -0.980386 0.193443
0.0412774 0.191886 0.980549

  Inverse Direction: 
-0.998435 0.044972 0.0332297
-0.0377209 -0.980386 0.193443
0.0412774 0.191886 0.980549

  PixelContainer: 
    ImportImageContainer (0x5618d5dd98c0)
      RTTI typeinfo:   itk::ImportImageContainer<unsigned long, float>
      Reference Count: 1
      Modified Time: 2144
      Debug: Off
      Object Name: 
      Observers: 
        none
      Pointer: 0x7fcaf7bd2010
      Container manages memory: true
      Size: 12582912
      Capacity: 12582912

     Weighting = 1
     Sampling strategy = regular
     Number of bins = 32
     Radius = 4
     Sampling percentage  = 0.25
   Transform = Affine
     Gradient step = 0.1
     Update field sigma (voxel space) = 0
     Total field sigma (voxel space) = 0
     Update field time sigma = 0
     Total field time sigma  = 0
     Number of time indices = 0
     Number of time point samples = 0
Stage 3 State
   Image metric = CC
     Fixed image = Image (0x5618d5ddf960)
  RTTI typeinfo:   itk::Image<float, 3u>
  Reference Count: 2
  Modified Time: 2577
  Debug: Off
  Object Name: 
  Observers: 
    none
  Source: (none)
  Source output name: (none)
  Release Data: Off
  Data Released: False
  Global Release Data: Off
  PipelineMTime: 0
  UpdateMTime: 2362
  RealTimeStamp: 0 seconds 
  LargestPossibleRegion: 
    Dimension: 3
    Index: [0, 0, 0]
    Size: [192, 256, 256]
  BufferedRegion: 
    Dimension: 3
    Index: [0, 0, 0]
    Size: [192, 256, 256]
  RequestedRegion: 
    Dimension: 3
    Index: [0, 0, 0]
    Size: [192, 256, 256]
  Spacing: [1, 1, 1]
  Origin: [95.0313, 100.538, -154.123]
  Direction: 
-0.999853 -0.014134 -0.00966312
0.014129 -0.9999 0.000586045
-0.00967044 0.000449429 0.999953

  IndexToPointMatrix: 
-0.999853 -0.014134 -0.00966312
0.014129 -0.9999 0.000586045
-0.00967044 0.000449429 0.999953

  PointToIndexMatrix: 
-0.999853 0.014129 -0.00967044
-0.014134 -0.9999 0.000449429
-0.00966312 0.000586045 0.999953

  Inverse Direction: 
-0.999853 0.014129 -0.00967044
-0.014134 -0.9999 0.000449429
-0.00966312 0.000586045 0.999953

  PixelContainer: 
    ImportImageContainer (0x5618d5dc0660)
      RTTI typeinfo:   itk::ImportImageContainer<unsigned long, float>
      Reference Count: 1
      Modified Time: 2359
      Debug: Off
      Object Name: 
      Observers: 
        none
      Pointer: 0x7fcaf4bd1010
      Container manages memory: true
      Size: 12582912
      Capacity: 12582912

     Moving image = Image (0x5618d5de1840)
  RTTI typeinfo:   itk::Image<float, 3u>
  Reference Count: 2
  Modified Time: 2578
  Debug: Off
  Object Name: 
  Observers: 
    none
  Source: (none)
  Source output name: (none)
  Release Data: Off
  Data Released: False
  Global Release Data: Off
  PipelineMTime: 0
  UpdateMTime: 2575
  RealTimeStamp: 0 seconds 
  LargestPossibleRegion: 
    Dimension: 3
    Index: [0, 0, 0]
    Size: [192, 256, 256]
  BufferedRegion: 
    Dimension: 3
    Index: [0, 0, 0]
    Size: [192, 256, 256]
  RequestedRegion: 
    Dimension: 3
    Index: [0, 0, 0]
    Size: [192, 256, 256]
  Spacing: [1, 1, 1]
  Origin: [93.6573, 61.6079, -172.785]
  Direction: 
-0.998435 -0.0377209 0.0412774
0.044972 -0.980386 0.191886
0.0332297 0.193443 0.980549

  IndexToPointMatrix: 
-0.998435 -0.0377209 0.0412774
0.044972 -0.980386 0.191886
0.0332297 0.193443 0.980549

  PointToIndexMatrix: 
-0.998435 0.044972 0.0332297
-0.0377209 -0.980386 0.193443
0.0412774 0.191886 0.980549

  Inverse Direction: 
-0.998435 0.044972 0.0332297
-0.0377209 -0.980386 0.193443
0.0412774 0.191886 0.980549

  PixelContainer: 
    ImportImageContainer (0x5618d5dde660)
      RTTI typeinfo:   itk::ImportImageContainer<unsigned long, float>
      Reference Count: 1
      Modified Time: 2572
      Debug: Off
      Object Name: 
      Observers: 
        none
      Pointer: 0x7fcaf1bd0010
      Container manages memory: true
      Size: 12582912
      Capacity: 12582912

     Weighting = 1
     Sampling strategy = none
     Number of bins = 32
     Radius = 4
     Sampling percentage  = 1
   Transform = SyN
     Gradient step = 0.1
     Update field sigma (voxel space) = 3
     Total field sigma (voxel space) = 0
     Update field time sigma = 0
     Total field time sigma  = 0
     Number of time indices = 0
     Number of time point samples = 0
Registration using 3 total stages.

Stage 0
  iterations = 1000x500x250x0
  convergence threshold = 1e-06
  convergence window size = 10
  number of levels = 4
  using the Mattes MI metric (number of bins = 32, weight = 1)
  preprocessing:  winsorizing the image intensities
  preprocessing:  histogram matching the images
  Shrink factors (level 1 out of 4): [6, 6, 6]
  Shrink factors (level 2 out of 4): [4, 4, 4]
  Shrink factors (level 3 out of 4): [2, 2, 2]
  Shrink factors (level 4 out of 4): [1, 1, 1]
  smoothing sigmas per level: [4, 2, 1, 0]
  regular sampling (percentage = 0.25)

*** Running Euler3DTransform registration ***

DIAGNOSTIC,Iteration,metricValue,convergenceValue,ITERATION_TIME_INDEX,SINCE_LAST
 2DIAGNOSTIC,     1, -8.478894829750e-01, inf, 8.0494e-01, 8.0494e-01, 
 2DIAGNOSTIC,     2, -8.506039381027e-01, inf, 8.1388e-01, 8.9371e-03, 
 2DIAGNOSTIC,     3, -8.549923896790e-01, inf, 8.2366e-01, 9.7818e-03, 
 2DIAGNOSTIC,     4, -8.624000549316e-01, inf, 8.3355e-01, 9.8860e-03, 
 2DIAGNOSTIC,     5, -8.742567896843e-01, inf, 8.4386e-01, 1.0311e-02, 
 2DIAGNOSTIC,     6, -8.895527720451e-01, inf, 8.5339e-01, 9.5341e-03, 
 2DIAGNOSTIC,     7, -9.013966321945e-01, inf, 8.6347e-01, 1.0075e-02, 
 2DIAGNOSTIC,     8, -9.062662720680e-01, inf, 8.7356e-01, 1.0093e-02, 
 2DIAGNOSTIC,     9, -9.121043682098e-01, inf, 8.8550e-01, 1.1940e-02, 
 2DIAGNOSTIC,    10, -9.180896282196e-01, 5.826263688505e-03, 8.9543e-01, 9.9349e-03, 
 2DIAGNOSTIC,    11, -9.206330180168e-01, 5.167213734239e-03, 9.0848e-01, 1.3047e-02, 
 2DIAGNOSTIC,    12, -9.230201840401e-01, 4.294922575355e-03, 9.2022e-01, 1.1744e-02, 
 2DIAGNOSTIC,    13, -9.250640273094e-01, 3.334710840136e-03, 9.2972e-01, 9.4960e-03, 
 2DIAGNOSTIC,    14, -9.316484332085e-01, 2.529118442908e-03, 9.3929e-01, 9.5649e-03, 
 2DIAGNOSTIC,    15, -9.324364066124e-01, 1.862179720774e-03, 9.4879e-01, 9.5000e-03, 
 2DIAGNOSTIC,    16, -9.331713914871e-01, 1.424921909347e-03, 9.5785e-01, 9.0621e-03, 
 2DIAGNOSTIC,    17, -9.357197880745e-01, 1.178340986371e-03, 9.7181e-01, 1.3964e-02, 
 2DIAGNOSTIC,    18, -9.361083507538e-01, 9.405888267793e-04, 9.8220e-01, 1.0388e-02, 
 2DIAGNOSTIC,    19, -9.363673925400e-01, 7.395136053674e-04, 9.9274e-01, 1.0544e-02, 
 2DIAGNOSTIC,    20, -9.363910555840e-01, 5.847771535628e-04, 1.0040e+00, 1.1236e-02, 
 2DIAGNOSTIC,    21, -9.364015460014e-01, 4.297824052628e-04, 1.0139e+00, 9.9001e-03, 
 2DIAGNOSTIC,    22, -9.364699721336e-01, 2.841348468792e-04, 1.0244e+00, 1.0547e-02, 
 2DIAGNOSTIC,    23, -9.364430308342e-01, 1.499601057731e-04, 1.0344e+00, 1.0005e-02, 
 2DIAGNOSTIC,    24, -9.364092946053e-01, 9.878815035336e-05, 1.0469e+00, 1.2471e-02, 
 2DIAGNOSTIC,    25, -9.363939762115e-01, 5.250968752080e-05, 1.0576e+00, 1.0741e-02, 
 2DIAGNOSTIC,    26, -9.363794326782e-01, 1.291330045206e-05, 1.0684e+00, 1.0772e-02, 
 2DIAGNOSTIC,    27, -9.363657236099e-01, 4.305372840463e-06, 1.0776e+00, 9.1741e-03, 
DIAGNOSTIC,Iteration,metricValue,convergenceValue,ITERATION_TIME_INDEX,SINCE_LAST
 2DIAGNOSTIC,     1, -7.525115013123e-01, inf, 1.9084e+00, 8.3083e-01, 
 2DIAGNOSTIC,     2, -7.531488537788e-01, inf, 1.9394e+00, 3.0955e-02, 
 2DIAGNOSTIC,     3, -7.538796663284e-01, inf, 1.9707e+00, 3.1343e-02, 
 2DIAGNOSTIC,     4, -7.546074390411e-01, inf, 2.0025e+00, 3.1788e-02, 
 2DIAGNOSTIC,     5, -7.554096579552e-01, inf, 2.0342e+00, 3.1660e-02, 
 2DIAGNOSTIC,     6, -7.566204667091e-01, inf, 2.0656e+00, 3.1434e-02, 
 2DIAGNOSTIC,     7, -7.579389214516e-01, inf, 2.1025e+00, 3.6913e-02, 
 2DIAGNOSTIC,     8, -7.585399150848e-01, inf, 2.1545e+00, 5.2029e-02, 
 2DIAGNOSTIC,     9, -7.589042186737e-01, inf, 2.1870e+00, 3.2408e-02, 
 2DIAGNOSTIC,    10, -7.590234875679e-01, 6.259623914957e-04, 2.2207e+00, 3.3762e-02, 
 2DIAGNOSTIC,    11, -7.592943906784e-01, 5.267516826279e-04, 2.2539e+00, 3.3159e-02, 
 2DIAGNOSTIC,    12, -7.595172524452e-01, 4.232039791532e-04, 2.2918e+00, 3.7974e-02, 
 2DIAGNOSTIC,    13, -7.597045302391e-01, 3.239344805479e-04, 2.3458e+00, 5.3980e-02, 
 2DIAGNOSTIC,    14, -7.597217559814e-01, 2.298418839928e-04, 2.3869e+00, 4.1060e-02, 
 2DIAGNOSTIC,    15, -7.597305774689e-01, 1.476584438933e-04, 2.4370e+00, 5.0104e-02, 
 2DIAGNOSTIC,    16, -7.597281932831e-01, 9.013384260470e-05, 2.4800e+00, 4.3028e-02, 
 2DIAGNOSTIC,    17, -7.597345709801e-01, 6.017049599905e-05, 2.5295e+00, 4.9440e-02, 
 2DIAGNOSTIC,    18, -7.597510814667e-01, 4.084816100658e-05, 2.5707e+00, 4.1278e-02, 
 2DIAGNOSTIC,    19, -7.597707509995e-01, 2.756407411653e-05, 2.6117e+00, 4.1003e-02, 
 2DIAGNOSTIC,    20, -7.598130702972e-01, 1.618974965822e-05, 2.6569e+00, 4.5198e-02, 
 2DIAGNOSTIC,    21, -7.598878145218e-01, 1.063182116923e-05, 2.6977e+00, 4.0756e-02, 
 2DIAGNOSTIC,    22, -7.599993348122e-01, 1.031738338497e-05, 2.7396e+00, 4.1877e-02, 
 2DIAGNOSTIC,    23, -7.601235508919e-01, 1.423845333193e-05, 2.8067e+00, 6.7144e-02, 
 2DIAGNOSTIC,    24, -7.601533532143e-01, 1.733488898026e-05, 2.8538e+00, 4.7046e-02, 
 2DIAGNOSTIC,    25, -7.601581811905e-01, 1.891183819680e-05, 2.9030e+00, 4.9219e-02, 
 2DIAGNOSTIC,    26, -7.602252364159e-01, 1.965135379578e-05, 2.9469e+00, 4.3949e-02, 
 2DIAGNOSTIC,    27, -7.603569626808e-01, 2.046785630228e-05, 2.9877e+00, 4.0809e-02, 
 2DIAGNOSTIC,    28, -7.603224515915e-01, 1.910795253934e-05, 3.0258e+00, 3.8039e-02, 
 2DIAGNOSTIC,    29, -7.603314518929e-01, 1.656958374952e-05, 3.0856e+00, 5.9783e-02, 
 2DIAGNOSTIC,    30, -7.603408098221e-01, 1.341162624158e-05, 3.1293e+00, 4.3787e-02, 
 2DIAGNOSTIC,    31, -7.603362202644e-01, 1.009345851344e-05, 3.1733e+00, 4.3920e-02, 
 2DIAGNOSTIC,    32, -7.603326439857e-01, 7.328288120334e-06, 3.2161e+00, 4.2853e-02, 
 2DIAGNOSTIC,    33, -7.603289484978e-01, 5.504634827957e-06, 3.2603e+00, 4.4180e-02, 
 2DIAGNOSTIC,    34, -7.603302001953e-01, 3.729955096787e-06, 3.3045e+00, 4.4168e-02, 
 2DIAGNOSTIC,    35, -7.603313922882e-01, 1.843007794378e-06, 3.3437e+00, 3.9239e-02, 
DIAGNOSTIC,Iteration,metricValue,convergenceValue,ITERATION_TIME_INDEX,SINCE_LAST
 2DIAGNOSTIC,     1, -6.774505972862e-01, inf, 4.5981e+00, 1.2544e+00, 
 2DIAGNOSTIC,     2, -6.778589487076e-01, inf, 4.8991e+00, 3.0094e-01, 
 2DIAGNOSTIC,     3, -6.780662536621e-01, inf, 5.1753e+00, 2.7626e-01, 
 2DIAGNOSTIC,     4, -6.781939864159e-01, inf, 5.4356e+00, 2.6024e-01, 
 2DIAGNOSTIC,     5, -6.784212589264e-01, inf, 5.6864e+00, 2.5079e-01, 
 2DIAGNOSTIC,     6, -6.787121891975e-01, inf, 5.9697e+00, 2.8334e-01, 
 2DIAGNOSTIC,     7, -6.788634061813e-01, inf, 6.3183e+00, 3.4863e-01, 
 2DIAGNOSTIC,     8, -6.790065765381e-01, inf, 6.5601e+00, 2.4179e-01, 
 2DIAGNOSTIC,     9, -6.791110038757e-01, inf, 6.8088e+00, 2.4866e-01, 
 2DIAGNOSTIC,    10, -6.792676448822e-01, 1.678709086264e-04, 7.1197e+00, 3.1088e-01, 
 2DIAGNOSTIC,    11, -6.793071031570e-01, 1.338659931207e-04, 7.3652e+00, 2.4556e-01, 
 2DIAGNOSTIC,    12, -6.793666481972e-01, 1.100360314013e-04, 7.6114e+00, 2.4620e-01, 
 2DIAGNOSTIC,    13, -6.795530915260e-01, 9.291942842538e-05, 7.9873e+00, 3.7590e-01, 
 2DIAGNOSTIC,    14, -6.796022057533e-01, 7.510165596614e-05, 8.2715e+00, 2.8417e-01, 
 2DIAGNOSTIC,    15, -6.796055436134e-01, 5.929582039244e-05, 8.5155e+00, 2.4399e-01, 
 2DIAGNOSTIC,    16, -6.796174049377e-01, 4.817807712243e-05, 8.7573e+00, 2.4177e-01, 
 2DIAGNOSTIC,    17, -6.796408295631e-01, 3.837770054815e-05, 9.0005e+00, 2.4320e-01, 
 2DIAGNOSTIC,    18, -6.796637773514e-01, 3.005389226018e-05, 9.2750e+00, 2.7456e-01, 
 2DIAGNOSTIC,    19, -6.797000169754e-01, 2.297996616107e-05, 9.6441e+00, 3.6908e-01, 
 2DIAGNOSTIC,    20, -6.797072291374e-01, 1.810467074392e-05, 9.8836e+00, 2.3949e-01, 
 2DIAGNOSTIC,    21, -6.797088384628e-01, 1.300718213315e-05, 1.0118e+01, 2.3407e-01, 
 2DIAGNOSTIC,    22, -6.797224879265e-01, 8.605623406766e-06, 1.0355e+01, 2.3704e-01, 
 2DIAGNOSTIC,    23, -6.797394156456e-01, 7.580703368149e-06, 1.0619e+01, 2.6466e-01, 
 2DIAGNOSTIC,    24, -6.797583699226e-01, 7.237034878926e-06, 1.0978e+01, 3.5860e-01, 
 2DIAGNOSTIC,    25, -6.797618269920e-01, 6.478571322077e-06, 1.1225e+01, 2.4669e-01, 
 2DIAGNOSTIC,    26, -6.797619462013e-01, 5.489754130394e-06, 1.1442e+01, 2.1743e-01, 
 2DIAGNOSTIC,    27, -6.797646284103e-01, 4.576213086693e-06, 1.1686e+01, 2.4432e-01, 
 2DIAGNOSTIC,    28, -6.797676086426e-01, 3.774797733058e-06, 1.1939e+01, 2.5235e-01, 
 2DIAGNOSTIC,    29, -6.797695159912e-01, 3.324014642203e-06, 1.2193e+01, 2.5434e-01, 
 2DIAGNOSTIC,    30, -6.797696352005e-01, 2.799091589623e-06, 1.2429e+01, 2.3555e-01, 
 2DIAGNOSTIC,    31, -6.797708272934e-01, 2.183577407777e-06, 1.2670e+01, 2.4100e-01, 
 2DIAGNOSTIC,    32, -6.797748804092e-01, 1.725014953990e-06, 1.2933e+01, 2.6301e-01, 
 2DIAGNOSTIC,    33, -6.797816753387e-01, 1.517291480013e-06, 1.3195e+01, 2.6237e-01, 
 2DIAGNOSTIC,    34, -6.797882318497e-01, 1.580472257956e-06, 1.3452e+01, 2.5701e-01, 
 2DIAGNOSTIC,    35, -6.797932982445e-01, 1.680991431385e-06, 1.3709e+01, 2.5724e-01, 
 2DIAGNOSTIC,    36, -6.798014044762e-01, 1.798123207664e-06, 1.3928e+01, 2.1920e-01, 
 2DIAGNOSTIC,    37, -6.798145174980e-01, 1.998001152970e-06, 1.4147e+01, 2.1832e-01, 
 2DIAGNOSTIC,    38, -6.798260211945e-01, 2.234222847619e-06, 1.4396e+01, 2.4897e-01, 
