
Running N4 for 3-dimensional images.

Mask not read.  Using the entire image as the mask.

Original intensity range:  [0, 914]

***********************************************************
Warning:  Your input image contains nonpositive values
which could cause failure or problematic results.  A
possible workaround would be to:
   1. rescale your image to positive values e.g., [10,100].
   2. run N4 on your rescaled image.
   3. (optional) rescale the N4 output to the original
      intensity range.
***********************************************************

Specified spline distance: 200mm
  original image size:  [192, 256, 256]
  padded image size:  [201, 401, 401]
  number of control points:  [4, 5, 5]

Current level = 1
  Iteration 1 (of 50).   Current convergence value = 0.000329912 (threshold = 1e-08)
  Iteration 2 (of 50).   Current convergence value = 0.000229408 (threshold = 1e-08)
  Iteration 3 (of 50).   Current convergence value = 0.000193689 (threshold = 1e-08)
  Iteration 4 (of 50).   Current convergence value = 0.00018353 (threshold = 1e-08)
  Iteration 5 (of 50).   Current convergence value = 0.000182185 (threshold = 1e-08)
  Iteration 6 (of 50).   Current convergence value = 0.000183358 (threshold = 1e-08)
  Iteration 7 (of 50).   Current convergence value = 0.000184908 (threshold = 1e-08)
  Iteration 8 (of 50).   Current convergence value = 0.000185929 (threshold = 1e-08)
  Iteration 9 (of 50).   Current convergence value = 0.000185952 (threshold = 1e-08)
  Iteration 10 (of 50).   Current convergence value = 0.000185462 (threshold = 1e-08)
  Iteration 11 (of 50).   Current convergence value = 0.000184271 (threshold = 1e-08)
  Iteration 12 (of 50).   Current convergence value = 0.000174383 (threshold = 1e-08)
  Iteration 13 (of 50).   Current convergence value = 0.000166121 (threshold = 1e-08)
  Iteration 14 (of 50).   Current convergence value = 0.000159284 (threshold = 1e-08)
  Iteration 15 (of 50).   Current convergence value = 0.00015359 (threshold = 1e-08)
  Iteration 16 (of 50).   Current convergence value = 0.000148795 (threshold = 1e-08)
  Iteration 17 (of 50).   Current convergence value = 0.000144538 (threshold = 1e-08)
  Iteration 18 (of 50).   Current convergence value = 0.000140809 (threshold = 1e-08)
  Iteration 19 (of 50).   Current convergence value = 0.000137462 (threshold = 1e-08)
  Iteration 20 (of 50).   Current convergence value = 0.000134318 (threshold = 1e-08)
  Iteration 21 (of 50).   Current convergence value = 0.000131459 (threshold = 1e-08)
  Iteration 22 (of 50).   Current convergence value = 0.000128842 (threshold = 1e-08)
  Iteration 23 (of 50).   Current convergence value = 0.000126459 (threshold = 1e-08)
  Iteration 24 (of 50).   Current convergence value = 0.000124086 (threshold = 1e-08)
  Iteration 25 (of 50).   Current convergence value = 0.000121918 (threshold = 1e-08)
  Iteration 26 (of 50).   Current convergence value = 0.000119941 (threshold = 1e-08)
  Iteration 27 (of 50).   Current convergence value = 0.000117972 (threshold = 1e-08)
  Iteration 28 (of 50).   Current convergence value = 0.000116192 (threshold = 1e-08)
  Iteration 29 (of 50).   Current convergence value = 0.000114557 (threshold = 1e-08)
  Iteration 30 (of 50).   Current convergence value = 0.000113038 (threshold = 1e-08)
  Iteration 31 (of 50).   Current convergence value = 0.000111565 (threshold = 1e-08)
  Iteration 32 (of 50).   Current convergence value = 0.000110073 (threshold = 1e-08)
  Iteration 33 (of 50).   Current convergence value = 0.000108802 (threshold = 1e-08)
  Iteration 34 (of 50).   Current convergence value = 0.000107414 (threshold = 1e-08)
  Iteration 35 (of 50).   Current convergence value = 0.00010622 (threshold = 1e-08)
  Iteration 36 (of 50).   Current convergence value = 0.000105001 (threshold = 1e-08)
  Iteration 37 (of 50).   Current convergence value = 0.000103798 (threshold = 1e-08)
  Iteration 38 (of 50).   Current convergence value = 0.000102643 (threshold = 1e-08)
  Iteration 39 (of 50).   Current convergence value = 0.000101535 (threshold = 1e-08)
  Iteration 40 (of 50).   Current convergence value = 0.000100554 (threshold = 1e-08)
  Iteration 41 (of 50).   Current convergence value = 9.96294e-05 (threshold = 1e-08)
  Iteration 42 (of 50).   Current convergence value = 9.85366e-05 (threshold = 1e-08)
  Iteration 43 (of 50).   Current convergence value = 9.76323e-05 (threshold = 1e-08)
  Iteration 44 (of 50).   Current convergence value = 9.68531e-05 (threshold = 1e-08)
  Iteration 45 (of 50).   Current convergence value = 9.60388e-05 (threshold = 1e-08)
  Iteration 46 (of 50).   Current convergence value = 9.5294e-05 (threshold = 1e-08)
  Iteration 47 (of 50).   Current convergence value = 9.45411e-05 (threshold = 1e-08)
  Iteration 48 (of 50).   Current convergence value = 9.37445e-05 (threshold = 1e-08)
  Iteration 49 (of 50).   Current convergence value = 9.30454e-05 (threshold = 1e-08)
  Iteration 50 (of 50).   Current convergence value = 9.23424e-05 (threshold = 1e-08)
Current level = 2
  Iteration 1 (of 50).   Current convergence value = 0.0004316 (threshold = 1e-08)
  Iteration 2 (of 50).   Current convergence value = 0.00036121 (threshold = 1e-08)
  Iteration 3 (of 50).   Current convergence value = 0.000311492 (threshold = 1e-08)
  Iteration 4 (of 50).   Current convergence value = 0.000272627 (threshold = 1e-08)
  Iteration 5 (of 50).   Current convergence value = 0.000238251 (threshold = 1e-08)
  Iteration 6 (of 50).   Current convergence value = 0.000210355 (threshold = 1e-08)
  Iteration 7 (of 50).   Current convergence value = 0.000188047 (threshold = 1e-08)
  Iteration 8 (of 50).   Current convergence value = 0.000176483 (threshold = 1e-08)
  Iteration 9 (of 50).   Current convergence value = 0.000170964 (threshold = 1e-08)
  Iteration 10 (of 50).   Current convergence value = 0.000160403 (threshold = 1e-08)
  Iteration 11 (of 50).   Current convergence value = 0.000151282 (threshold = 1e-08)
  Iteration 12 (of 50).   Current convergence value = 0.000143665 (threshold = 1e-08)
  Iteration 13 (of 50).   Current convergence value = 0.000137113 (threshold = 1e-08)
  Iteration 14 (of 50).   Current convergence value = 0.000131304 (threshold = 1e-08)
  Iteration 15 (of 50).   Current convergence value = 0.000125715 (threshold = 1e-08)
  Iteration 16 (of 50).   Current convergence value = 0.000120831 (threshold = 1e-08)
  Iteration 17 (of 50).   Current convergence value = 0.000115918 (threshold = 1e-08)
  Iteration 18 (of 50).   Current convergence value = 0.000111273 (threshold = 1e-08)
  Iteration 19 (of 50).   Current convergence value = 0.000107245 (threshold = 1e-08)
  Iteration 20 (of 50).   Current convergence value = 0.000103527 (threshold = 1e-08)
  Iteration 21 (of 50).   Current convergence value = 9.99915e-05 (threshold = 1e-08)
  Iteration 22 (of 50).   Current convergence value = 9.93802e-05 (threshold = 1e-08)
  Iteration 23 (of 50).   Current convergence value = 9.96282e-05 (threshold = 1e-08)
  Iteration 24 (of 50).   Current convergence value = 9.99635e-05 (threshold = 1e-08)
  Iteration 25 (of 50).   Current convergence value = 9.9985e-05 (threshold = 1e-08)
  Iteration 26 (of 50).   Current convergence value = 0.000100039 (threshold = 1e-08)
  Iteration 27 (of 50).   Current convergence value = 0.000100086 (threshold = 1e-08)
  Iteration 28 (of 50).   Current convergence value = 0.000100182 (threshold = 1e-08)
  Iteration 29 (of 50).   Current convergence value = 9.99353e-05 (threshold = 1e-08)
  Iteration 30 (of 50).   Current convergence value = 9.97805e-05 (threshold = 1e-08)
  Iteration 31 (of 50).   Current convergence value = 9.95118e-05 (threshold = 1e-08)
  Iteration 32 (of 50).   Current convergence value = 9.93305e-05 (threshold = 1e-08)
  Iteration 33 (of 50).   Current convergence value = 9.89648e-05 (threshold = 1e-08)
  Iteration 34 (of 50).   Current convergence value = 9.84933e-05 (threshold = 1e-08)
  Iteration 35 (of 50).   Current convergence value = 9.82644e-05 (threshold = 1e-08)
  Iteration 36 (of 50).   Current convergence value = 9.78965e-05 (threshold = 1e-08)
  Iteration 37 (of 50).   Current convergence value = 9.73982e-05 (threshold = 1e-08)
  Iteration 38 (of 50).   Current convergence value = 9.7037e-05 (threshold = 1e-08)
  Iteration 39 (of 50).   Current convergence value = 9.66723e-05 (threshold = 1e-08)
  Iteration 40 (of 50).   Current convergence value = 9.61808e-05 (threshold = 1e-08)
  Iteration 41 (of 50).   Current convergence value = 9.57306e-05 (threshold = 1e-08)
  Iteration 42 (of 50).   Current convergence value = 9.52614e-05 (threshold = 1e-08)
  Iteration 43 (of 50).   Current convergence value = 9.47799e-05 (threshold = 1e-08)
  Iteration 44 (of 50).   Current convergence value = 9.44765e-05 (threshold = 1e-08)
  Iteration 45 (of 50).   Current convergence value = 9.40543e-05 (threshold = 1e-08)
  Iteration 46 (of 50).   Current convergence value = 9.34392e-05 (threshold = 1e-08)
  Iteration 47 (of 50).   Current convergence value = 9.31227e-05 (threshold = 1e-08)
  Iteration 48 (of 50).   Current convergence value = 9.27986e-05 (threshold = 1e-08)
  Iteration 49 (of 50).   Current convergence value = 9.2598e-05 (threshold = 1e-08)
  Iteration 50 (of 50).   Current convergence value = 9.22687e-05 (threshold = 1e-08)
Current level = 3
  Iteration 1 (of 40).   Current convergence value = 0.00153139 (threshold = 1e-08)
  Iteration 2 (of 40).   Current convergence value = 0.00121958 (threshold = 1e-08)
  Iteration 3 (of 40).   Current convergence value = 0.00104868 (threshold = 1e-08)
  Iteration 4 (of 40).   Current convergence value = 0.000934234 (threshold = 1e-08)
  Iteration 5 (of 40).   Current convergence value = 0.000848813 (threshold = 1e-08)
  Iteration 6 (of 40).   Current convergence value = 0.000796648 (threshold = 1e-08)
  Iteration 7 (of 40).   Current convergence value = 0.00076353 (threshold = 1e-08)
  Iteration 8 (of 40).   Current convergence value = 0.000737725 (threshold = 1e-08)
  Iteration 9 (of 40).   Current convergence value = 0.000716676 (threshold = 1e-08)
  Iteration 10 (of 40).   Current convergence value = 0.000697488 (threshold = 1e-08)
  Iteration 11 (of 40).   Current convergence value = 0.000680579 (threshold = 1e-08)
  Iteration 12 (of 40).   Current convergence value = 0.000665939 (threshold = 1e-08)
  Iteration 13 (of 40).   Current convergence value = 0.000652559 (threshold = 1e-08)
  Iteration 14 (of 40).   Current convergence value = 0.000638074 (threshold = 1e-08)
  Iteration 15 (of 40).   Current convergence value = 0.000624099 (threshold = 1e-08)
  Iteration 16 (of 40).   Current convergence value = 0.000610867 (threshold = 1e-08)
  Iteration 17 (of 40).   Current convergence value = 0.000598203 (threshold = 1e-08)
  Iteration 18 (of 40).   Current convergence value = 0.000585763 (threshold = 1e-08)
  Iteration 19 (of 40).   Current convergence value = 0.000573831 (threshold = 1e-08)
  Iteration 20 (of 40).   Current convergence value = 0.000562219 (threshold = 1e-08)
  Iteration 21 (of 40).   Current convergence value = 0.000551507 (threshold = 1e-08)
  Iteration 22 (of 40).   Current convergence value = 0.000540859 (threshold = 1e-08)
  Iteration 23 (of 40).   Current convergence value = 0.000529807 (threshold = 1e-08)
  Iteration 24 (of 40).   Current convergence value = 0.000518856 (threshold = 1e-08)
  Iteration 25 (of 40).   Current convergence value = 0.000507952 (threshold = 1e-08)
  Iteration 26 (of 40).   Current convergence value = 0.000497233 (threshold = 1e-08)
  Iteration 27 (of 40).   Current convergence value = 0.000486527 (threshold = 1e-08)
  Iteration 28 (of 40).   Current convergence value = 0.00047608 (threshold = 1e-08)
  Iteration 29 (of 40).   Current convergence value = 0.000465812 (threshold = 1e-08)
  Iteration 30 (of 40).   Current convergence value = 0.000455647 (threshold = 1e-08)
  Iteration 31 (of 40).   Current convergence value = 0.000441804 (threshold = 1e-08)
  Iteration 32 (of 40).   Current convergence value = 0.000426408 (threshold = 1e-08)
  Iteration 33 (of 40).   Current convergence value = 0.000412657 (threshold = 1e-08)
  Iteration 34 (of 40).   Current convergence value = 0.000400321 (threshold = 1e-08)
  Iteration 35 (of 40).   Current convergence value = 0.000389335 (threshold = 1e-08)
  Iteration 36 (of 40).   Current convergence value = 0.000378979 (threshold = 1e-08)
  Iteration 37 (of 40).   Current convergence value = 0.000369706 (threshold = 1e-08)
  Iteration 38 (of 40).   Current convergence value = 0.000360849 (threshold = 1e-08)
  Iteration 39 (of 40).   Current convergence value = 0.000352867 (threshold = 1e-08)
  Iteration 40 (of 40).   Current convergence value = 0.000345273 (threshold = 1e-08)
Current level = 4
  Iteration 1 (of 30).   Current convergence value = 0.00231609 (threshold = 1e-08)
  Iteration 2 (of 30).   Current convergence value = 0.00198107 (threshold = 1e-08)
  Iteration 3 (of 30).   Current convergence value = 0.00185547 (threshold = 1e-08)
  Iteration 4 (of 30).   Current convergence value = 0.00177246 (threshold = 1e-08)
  Iteration 5 (of 30).   Current convergence value = 0.00163887 (threshold = 1e-08)
  Iteration 6 (of 30).   Current convergence value = 0.00150002 (threshold = 1e-08)
  Iteration 7 (of 30).   Current convergence value = 0.00137154 (threshold = 1e-08)
  Iteration 8 (of 30).   Current convergence value = 0.00127098 (threshold = 1e-08)
  Iteration 9 (of 30).   Current convergence value = 0.00123021 (threshold = 1e-08)
  Iteration 10 (of 30).   Current convergence value = 0.00130162 (threshold = 1e-08)
  Iteration 11 (of 30).   Current convergence value = 0.00143815 (threshold = 1e-08)
  Iteration 12 (of 30).   Current convergence value = 0.001499 (threshold = 1e-08)
  Iteration 13 (of 30).   Current convergence value = 0.00160164 (threshold = 1e-08)
  Iteration 14 (of 30).   Current convergence value = 0.00172872 (threshold = 1e-08)
  Iteration 15 (of 30).   Current convergence value = 0.0015563 (threshold = 1e-08)
  Iteration 16 (of 30).   Current convergence value = 0.0013508 (threshold = 1e-08)
  Iteration 17 (of 30).   Current convergence value = 0.00115605 (threshold = 1e-08)
  Iteration 18 (of 30).   Current convergence value = 0.000985614 (threshold = 1e-08)
  Iteration 19 (of 30).   Current convergence value = 0.000854439 (threshold = 1e-08)
  Iteration 20 (of 30).   Current convergence value = 0.00075395 (threshold = 1e-08)
  Iteration 21 (of 30).   Current convergence value = 0.000714824 (threshold = 1e-08)
  Iteration 22 (of 30).   Current convergence value = 0.00101901 (threshold = 1e-08)
  Iteration 23 (of 30).   Current convergence value = 0.00118727 (threshold = 1e-08)
  Iteration 24 (of 30).   Current convergence value = 0.00126378 (threshold = 1e-08)
  Iteration 25 (of 30).   Current convergence value = 0.0012909 (threshold = 1e-08)
  Iteration 26 (of 30).   Current convergence value = 0.00132131 (threshold = 1e-08)
  Iteration 27 (of 30).   Current convergence value = 0.00127948 (threshold = 1e-08)
  Iteration 28 (of 30).   Current convergence value = 0.00121857 (threshold = 1e-08)
  Iteration 29 (of 30).   Current convergence value = 0.00116627 (threshold = 1e-08)
  Iteration 30 (of 30).   Current convergence value = 0.00112186 (threshold = 1e-08)
   N4BiasFieldCorrectionImageFilter (0x560cf53abe20)
     RTTI typeinfo:   itk::N4BiasFieldCorrectionImageFilter<itk::Image<float, 3u>, itk::Image<float, 3u>, itk::Image<float, 3u> >
     Reference Count: 1
     Modified Time: 565
     Debug: Off
     Object Name: 
     Observers: 
       IterationEvent(Command)
     Inputs: 
       ConfidenceImage: (0)
       MaskImage: (0x560cf53d65e0)
       Primary: (0x560cf53d1b30) *
     Indexed Inputs: 
       0: Primary (0x560cf53d1b30)
       1: MaskImage (0x560cf53d65e0)
       2: ConfidenceImage (0)
     Required Input Names: Primary
     NumberOfRequiredInputs: 1
     Outputs: 
       Primary: (0x560cf53bbef0)
     Indexed Outputs: 
       0: Primary (0x560cf53bbef0)
     NumberOfRequiredOutputs: 1
     Number Of Work Units: 32
     ReleaseDataFlag: Off
     ReleaseDataBeforeUpdateFlag: Off
     AbortGenerateData: Off
     Progress: 0
     Multithreader: 
       RTTI typeinfo:   itk::PoolMultiThreader
       Reference Count: 1
       Modified Time: 144
       Debug: Off
       Object Name: 
       Observers: 
         none
       Number of Work Units: 32
       Number of Threads: 8
       Global Maximum Number Of Threads: 128
       Global Default Number Of Threads: 8
       Global Default Threader Type: itk::MultiThreaderBaseEnums::Threader::Pool
       SingleMethod: 0
       SingleData: 0
     DynamicMultiThreading: On
     CoordinateTolerance: 1e-06
     DirectionTolerance: 1e-06
     Use Mask Label: 0
     Mask label: 1
     Number of histogram bins: 200
     Wiener filter noise: 0.01
     Bias field FWHM: 0.15
     Maximum number of iterations: [50, 50, 40, 30]
     Convergence threshold: 1e-08
     Spline order: 3
     Number of fitting levels: [4, 4, 4]
     Number of control points: [4, 5, 5]
     CurrentConvergenceMeasurement: 0.00112186
     CurrentLevel: 4
     ElapsedIterations: 31
     LogBiasFieldControlPointLattice: 
       Image (0x560cfbeb60f0)
         RTTI typeinfo:   itk::Image<itk::Vector<float, 1u>, 3u>
         Reference Count: 1
         Modified Time: 343560
         Debug: Off
         Object Name: 
         Observers: 
           none
         Source: (none)
         Source output name: (none)
         Release Data: Off
         Data Released: False
         Global Release Data: Off
         PipelineMTime: 0
         UpdateMTime: 0
         RealTimeStamp: 0 seconds 
         LargestPossibleRegion: 
           Dimension: 3
           Index: [0, 0, 0]
           Size: [11, 19, 19]
         BufferedRegion: 
           Dimension: 3
           Index: [0, 0, 0]
           Size: [11, 19, 19]
         RequestedRegion: 
           Dimension: 3
           Index: [0, 0, 0]
           Size: [11, 19, 19]
         Spacing: [24.75, 24.875, 24.875]
         Origin: [25.3184, 16.4665, -30.6256]
         Direction: 
-0.999859 -0.00845455 -0.014537
0.00386012 -0.956737 0.290928
-0.0163677 0.29083 0.956635

         IndexToPointMatrix: 
-24.7465 -0.210307 -0.361608
0.095538 -23.7988 7.23683
-0.405102 7.2344 23.7963

         PointToIndexMatrix: 
-0.0403983 0.000155965 -0.000661323
-0.000339882 -0.0384618 0.0116917
-0.000584402 0.0116956 0.0384577

         Inverse Direction: 
-0.999859 0.00386012 -0.0163678
-0.00845456 -0.956737 0.290831
-0.014537 0.290927 0.956635

         PixelContainer: 
           ImportImageContainer (0x560cfbeb7f10)
             RTTI typeinfo:   itk::ImportImageContainer<unsigned long, itk::Vector<float, 1u> >
             Reference Count: 1
             Modified Time: 343561
             Debug: Off
             Object Name: 
             Observers: 
               none
             Pointer: 0x560cff56a3e0
             Container manages memory: true
             Size: 3971
             Capacity: 3971
Elapsed time: 318.746
All_Command_lines_OK
Using single precision for computations.
=============================================================================
The composite transform comprises the following transforms (in order): 
  1. Center of mass alignment using fixed image: /home/mpib/nemecz/Projects/miniTRK/Results/01_MRI/GroupTempl/T1w/T_template0.nii.gz and moving image: /home/mpib/nemecz/Projects/miniTRK/Analysis/01_MRI/Preproc/GroupTempl/T1w/sub-589611_T1w.nii.gz (type = Euler3DTransform)
=============================================================================
  number of levels = 4
  number of levels = 4
  number of levels = 4
  fixed image: /home/mpib/nemecz/Projects/miniTRK/Results/01_MRI/GroupTempl/T1w/T_template0.nii.gz
  moving image: /home/mpib/nemecz/Projects/miniTRK/Results/01_MRI/GroupTempl/T1w/T_template0sub-589611_T1wRepaired.nii.gz
  fixed image: /home/mpib/nemecz/Projects/miniTRK/Results/01_MRI/GroupTempl/T1w/T_template0.nii.gz
  moving image: /home/mpib/nemecz/Projects/miniTRK/Results/01_MRI/GroupTempl/T1w/T_template0sub-589611_T1wRepaired.nii.gz
  fixed image: /home/mpib/nemecz/Projects/miniTRK/Results/01_MRI/GroupTempl/T1w/T_template0.nii.gz
  moving image: /home/mpib/nemecz/Projects/miniTRK/Results/01_MRI/GroupTempl/T1w/T_template0sub-589611_T1wRepaired.nii.gz
Dimension = 3
Number of stages = 3
Use Histogram Matching true
Winsorize image intensities true
Lower quantile = 0.01
Upper quantile = 0.99
Stage 1 State
   Image metric = Mattes
     Fixed image = Image (0x561ef70e9ad0)
  RTTI typeinfo:   itk::Image<float, 3u>
  Reference Count: 2
  Modified Time: 1721
  Debug: Off
  Object Name: 
  Observers: 
    none
  Source: (none)
  Source output name: (none)
  Release Data: Off
  Data Released: False
  Global Release Data: Off
  PipelineMTime: 0
  UpdateMTime: 1506
  RealTimeStamp: 0 seconds 
  LargestPossibleRegion: 
    Dimension: 3
    Index: [0, 0, 0]
    Size: [192, 256, 256]
  BufferedRegion: 
    Dimension: 3
    Index: [0, 0, 0]
    Size: [192, 256, 256]
  RequestedRegion: 
    Dimension: 3
    Index: [0, 0, 0]
    Size: [192, 256, 256]
  Spacing: [1, 1, 1]
  Origin: [95.0313, 100.538, -154.123]
  Direction: 
-0.999853 -0.014134 -0.00966312
0.014129 -0.9999 0.000586045
-0.00967044 0.000449429 0.999953

  IndexToPointMatrix: 
-0.999853 -0.014134 -0.00966312
0.014129 -0.9999 0.000586045
-0.00967044 0.000449429 0.999953

  PointToIndexMatrix: 
-0.999853 0.014129 -0.00967044
-0.014134 -0.9999 0.000449429
-0.00966312 0.000586045 0.999953

  Inverse Direction: 
-0.999853 0.014129 -0.00967044
-0.014134 -0.9999 0.000449429
-0.00966312 0.000586045 0.999953

  PixelContainer: 
    ImportImageContainer (0x561ef70f1c80)
      RTTI typeinfo:   itk::ImportImageContainer<unsigned long, float>
      Reference Count: 1
      Modified Time: 1503
      Debug: Off
      Object Name: 
      Observers: 
        none
      Pointer: 0x7f4db01f5010
      Container manages memory: true
      Size: 12582912
      Capacity: 12582912

     Moving image = Image (0x561ef70eabc0)
  RTTI typeinfo:   itk::Image<float, 3u>
  Reference Count: 2
  Modified Time: 1722
  Debug: Off
  Object Name: 
  Observers: 
    none
  Source: (none)
  Source output name: (none)
  Release Data: Off
  Data Released: False
  Global Release Data: Off
  PipelineMTime: 0
  UpdateMTime: 1719
  RealTimeStamp: 0 seconds 
  LargestPossibleRegion: 
    Dimension: 3
    Index: [0, 0, 0]
    Size: [192, 256, 256]
  BufferedRegion: 
    Dimension: 3
    Index: [0, 0, 0]
    Size: [192, 256, 256]
  RequestedRegion: 
    Dimension: 3
    Index: [0, 0, 0]
    Size: [192, 256, 256]
  Spacing: [1, 1, 1]
  Origin: [98.7674, 49.8491, -175.216]
  Direction: 
-0.999859 -0.00845456 -0.014537
0.00386012 -0.956737 0.290928
-0.0163677 0.29083 0.956635

  IndexToPointMatrix: 
-0.999859 -0.00845456 -0.014537
0.00386012 -0.956737 0.290928
-0.0163677 0.29083 0.956635

  PointToIndexMatrix: 
-0.999859 0.00386012 -0.0163677
-0.00845456 -0.956737 0.29083
-0.014537 0.290928 0.956635

  Inverse Direction: 
-0.999859 0.00386012 -0.0163677
-0.00845456 -0.956737 0.29083
-0.014537 0.290928 0.956635

  PixelContainer: 
    ImportImageContainer (0x561ef70f6100)
      RTTI typeinfo:   itk::ImportImageContainer<unsigned long, float>
      Reference Count: 1
      Modified Time: 1716
      Debug: Off
      Object Name: 
      Observers: 
        none
      Pointer: 0x7f4dad1f4010
      Container manages memory: true
      Size: 12582912
      Capacity: 12582912

     Weighting = 1
     Sampling strategy = regular
     Number of bins = 32
     Radius = 4
     Sampling percentage  = 0.25
   Transform = Rigid
     Gradient step = 0.1
     Update field sigma (voxel space) = 0
     Total field sigma (voxel space) = 0
     Update field time sigma = 0
     Total field time sigma  = 0
     Number of time indices = 0
     Number of time point samples = 0
Stage 2 State
   Image metric = Mattes
     Fixed image = Image (0x561ef7102870)
  RTTI typeinfo:   itk::Image<float, 3u>
  Reference Count: 2
  Modified Time: 2149
  Debug: Off
  Object Name: 
  Observers: 
    none
  Source: (none)
  Source output name: (none)
  Release Data: Off
  Data Released: False
  Global Release Data: Off
  PipelineMTime: 0
  UpdateMTime: 1934
  RealTimeStamp: 0 seconds 
  LargestPossibleRegion: 
    Dimension: 3
    Index: [0, 0, 0]
    Size: [192, 256, 256]
  BufferedRegion: 
    Dimension: 3
    Index: [0, 0, 0]
    Size: [192, 256, 256]
  RequestedRegion: 
    Dimension: 3
    Index: [0, 0, 0]
    Size: [192, 256, 256]
  Spacing: [1, 1, 1]
  Origin: [95.0313, 100.538, -154.123]
  Direction: 
-0.999853 -0.014134 -0.00966312
0.014129 -0.9999 0.000586045
-0.00967044 0.000449429 0.999953

  IndexToPointMatrix: 
-0.999853 -0.014134 -0.00966312
0.014129 -0.9999 0.000586045
-0.00967044 0.000449429 0.999953

  PointToIndexMatrix: 
-0.999853 0.014129 -0.00967044
-0.014134 -0.9999 0.000449429
-0.00966312 0.000586045 0.999953

  Inverse Direction: 
-0.999853 0.014129 -0.00967044
-0.014134 -0.9999 0.000449429
-0.00966312 0.000586045 0.999953

  PixelContainer: 
    ImportImageContainer (0x561ef70ed6d0)
      RTTI typeinfo:   itk::ImportImageContainer<unsigned long, float>
      Reference Count: 1
      Modified Time: 1931
      Debug: Off
      Object Name: 
      Observers: 
        none
      Pointer: 0x7f4daa1f3010
      Container manages memory: true
      Size: 12582912
      Capacity: 12582912

     Moving image = Image (0x561ef71024c0)
  RTTI typeinfo:   itk::Image<float, 3u>
  Reference Count: 2
  Modified Time: 2150
  Debug: Off
  Object Name: 
  Observers: 
    none
  Source: (none)
  Source output name: (none)
  Release Data: Off
  Data Released: False
  Global Release Data: Off
  PipelineMTime: 0
  UpdateMTime: 2147
  RealTimeStamp: 0 seconds 
  LargestPossibleRegion: 
    Dimension: 3
    Index: [0, 0, 0]
    Size: [192, 256, 256]
  BufferedRegion: 
    Dimension: 3
    Index: [0, 0, 0]
    Size: [192, 256, 256]
  RequestedRegion: 
    Dimension: 3
    Index: [0, 0, 0]
    Size: [192, 256, 256]
  Spacing: [1, 1, 1]
  Origin: [98.7674, 49.8491, -175.216]
  Direction: 
-0.999859 -0.00845456 -0.014537
0.00386012 -0.956737 0.290928
-0.0163677 0.29083 0.956635

  IndexToPointMatrix: 
-0.999859 -0.00845456 -0.014537
0.00386012 -0.956737 0.290928
-0.0163677 0.29083 0.956635

  PointToIndexMatrix: 
-0.999859 0.00386012 -0.0163677
-0.00845456 -0.956737 0.29083
-0.014537 0.290928 0.956635

  Inverse Direction: 
-0.999859 0.00386012 -0.0163677
-0.00845456 -0.956737 0.29083
-0.014537 0.290928 0.956635

  PixelContainer: 
    ImportImageContainer (0x561ef71038c0)
      RTTI typeinfo:   itk::ImportImageContainer<unsigned long, float>
      Reference Count: 1
      Modified Time: 2144
      Debug: Off
      Object Name: 
      Observers: 
        none
      Pointer: 0x7f4da71f2010
      Container manages memory: true
      Size: 12582912
      Capacity: 12582912

     Weighting = 1
     Sampling strategy = regular
     Number of bins = 32
     Radius = 4
     Sampling percentage  = 0.25
   Transform = Affine
     Gradient step = 0.1
     Update field sigma (voxel space) = 0
     Total field sigma (voxel space) = 0
     Update field time sigma = 0
     Total field time sigma  = 0
     Number of time indices = 0
     Number of time point samples = 0
Stage 3 State
   Image metric = CC
     Fixed image = Image (0x561ef7109960)
  RTTI typeinfo:   itk::Image<float, 3u>
  Reference Count: 2
  Modified Time: 2577
  Debug: Off
  Object Name: 
  Observers: 
    none
  Source: (none)
  Source output name: (none)
  Release Data: Off
  Data Released: False
  Global Release Data: Off
  PipelineMTime: 0
  UpdateMTime: 2362
  RealTimeStamp: 0 seconds 
  LargestPossibleRegion: 
    Dimension: 3
    Index: [0, 0, 0]
    Size: [192, 256, 256]
  BufferedRegion: 
    Dimension: 3
    Index: [0, 0, 0]
    Size: [192, 256, 256]
  RequestedRegion: 
    Dimension: 3
    Index: [0, 0, 0]
    Size: [192, 256, 256]
  Spacing: [1, 1, 1]
  Origin: [95.0313, 100.538, -154.123]
  Direction: 
-0.999853 -0.014134 -0.00966312
0.014129 -0.9999 0.000586045
-0.00967044 0.000449429 0.999953

  IndexToPointMatrix: 
-0.999853 -0.014134 -0.00966312
0.014129 -0.9999 0.000586045
-0.00967044 0.000449429 0.999953

  PointToIndexMatrix: 
-0.999853 0.014129 -0.00967044
-0.014134 -0.9999 0.000449429
-0.00966312 0.000586045 0.999953

  Inverse Direction: 
-0.999853 0.014129 -0.00967044
-0.014134 -0.9999 0.000449429
-0.00966312 0.000586045 0.999953

  PixelContainer: 
    ImportImageContainer (0x561ef70ea660)
      RTTI typeinfo:   itk::ImportImageContainer<unsigned long, float>
      Reference Count: 1
      Modified Time: 2359
      Debug: Off
      Object Name: 
      Observers: 
        none
      Pointer: 0x7f4da41f1010
      Container manages memory: true
      Size: 12582912
      Capacity: 12582912

     Moving image = Image (0x561ef710b840)
  RTTI typeinfo:   itk::Image<float, 3u>
  Reference Count: 2
  Modified Time: 2578
  Debug: Off
  Object Name: 
  Observers: 
    none
  Source: (none)
  Source output name: (none)
  Release Data: Off
  Data Released: False
  Global Release Data: Off
  PipelineMTime: 0
  UpdateMTime: 2575
  RealTimeStamp: 0 seconds 
  LargestPossibleRegion: 
    Dimension: 3
    Index: [0, 0, 0]
    Size: [192, 256, 256]
  BufferedRegion: 
    Dimension: 3
    Index: [0, 0, 0]
    Size: [192, 256, 256]
  RequestedRegion: 
    Dimension: 3
    Index: [0, 0, 0]
    Size: [192, 256, 256]
  Spacing: [1, 1, 1]
  Origin: [98.7674, 49.8491, -175.216]
  Direction: 
-0.999859 -0.00845456 -0.014537
0.00386012 -0.956737 0.290928
-0.0163677 0.29083 0.956635

  IndexToPointMatrix: 
-0.999859 -0.00845456 -0.014537
0.00386012 -0.956737 0.290928
-0.0163677 0.29083 0.956635

  PointToIndexMatrix: 
-0.999859 0.00386012 -0.0163677
-0.00845456 -0.956737 0.29083
-0.014537 0.290928 0.956635

  Inverse Direction: 
-0.999859 0.00386012 -0.0163677
-0.00845456 -0.956737 0.29083
-0.014537 0.290928 0.956635

  PixelContainer: 
    ImportImageContainer (0x561ef7108660)
      RTTI typeinfo:   itk::ImportImageContainer<unsigned long, float>
      Reference Count: 1
      Modified Time: 2572
      Debug: Off
      Object Name: 
      Observers: 
        none
      Pointer: 0x7f4da11f0010
      Container manages memory: true
      Size: 12582912
      Capacity: 12582912

     Weighting = 1
     Sampling strategy = none
     Number of bins = 32
     Radius = 4
     Sampling percentage  = 1
   Transform = SyN
     Gradient step = 0.1
     Update field sigma (voxel space) = 3
     Total field sigma (voxel space) = 0
     Update field time sigma = 0
     Total field time sigma  = 0
     Number of time indices = 0
     Number of time point samples = 0
Registration using 3 total stages.

Stage 0
  iterations = 1000x500x250x0
  convergence threshold = 1e-06
  convergence window size = 10
  number of levels = 4
  using the Mattes MI metric (number of bins = 32, weight = 1)
  preprocessing:  winsorizing the image intensities
  preprocessing:  histogram matching the images
  Shrink factors (level 1 out of 4): [6, 6, 6]
  Shrink factors (level 2 out of 4): [4, 4, 4]
  Shrink factors (level 3 out of 4): [2, 2, 2]
  Shrink factors (level 4 out of 4): [1, 1, 1]
  smoothing sigmas per level: [4, 2, 1, 0]
  regular sampling (percentage = 0.25)

*** Running Euler3DTransform registration ***

DIAGNOSTIC,Iteration,metricValue,convergenceValue,ITERATION_TIME_INDEX,SINCE_LAST
 2DIAGNOSTIC,     1, -7.549833655357e-01, inf, 6.6574e-01, 6.6574e-01, 
 2DIAGNOSTIC,     2, -7.565491795540e-01, inf, 6.7371e-01, 7.9679e-03, 
 2DIAGNOSTIC,     3, -7.591657042503e-01, inf, 6.8180e-01, 8.0960e-03, 
 2DIAGNOSTIC,     4, -7.632375955582e-01, inf, 6.8996e-01, 8.1580e-03, 
 2DIAGNOSTIC,     5, -7.691141963005e-01, inf, 6.9798e-01, 8.0209e-03, 
 2DIAGNOSTIC,     6, -7.761825323105e-01, inf, 7.0639e-01, 8.4031e-03, 
 2DIAGNOSTIC,     7, -7.829467654228e-01, inf, 7.1528e-01, 8.8971e-03, 
 2DIAGNOSTIC,     8, -7.885472178459e-01, inf, 7.2351e-01, 8.2231e-03, 
 2DIAGNOSTIC,     9, -7.932429909706e-01, inf, 7.3527e-01, 1.1762e-02, 
 2DIAGNOSTIC,    10, -7.952083349228e-01, 3.795956028625e-03, 7.4412e-01, 8.8570e-03, 
 2DIAGNOSTIC,    11, -7.982680201530e-01, 3.480462823063e-03, 7.5404e-01, 9.9111e-03, 
 2DIAGNOSTIC,    12, -8.026044964790e-01, 3.083694493398e-03, 7.6369e-01, 9.6500e-03, 
 2DIAGNOSTIC,    13, -8.083011507988e-01, 2.700168173760e-03, 7.7553e-01, 1.1846e-02, 
 2DIAGNOSTIC,    14, -8.123716115952e-01, 2.335492055863e-03, 7.8364e-01, 8.1038e-03, 
 2DIAGNOSTIC,    15, -8.156582117081e-01, 2.027637558058e-03, 7.9239e-01, 8.7588e-03, 
 2DIAGNOSTIC,    16, -8.158171176910e-01, 1.735736150295e-03, 8.0129e-01, 8.8930e-03, 
 2DIAGNOSTIC,    17, -8.158033490181e-01, 1.461560837924e-03, 8.1012e-01, 8.8348e-03, 
 2DIAGNOSTIC,    18, -8.158010244370e-01, 1.193453557789e-03, 8.1806e-01, 7.9422e-03, 
 2DIAGNOSTIC,    19, -8.158482313156e-01, 9.329025633633e-04, 8.2597e-01, 7.9050e-03, 
 2DIAGNOSTIC,    20, -8.158978819847e-01, 6.486077909358e-04, 8.3453e-01, 8.5580e-03, 
 2DIAGNOSTIC,    21, -8.159618973732e-01, 3.851155925076e-04, 8.4255e-01, 8.0268e-03, 
 2DIAGNOSTIC,    22, -8.159890174866e-01, 1.803632330848e-04, 8.5085e-01, 8.2970e-03, 
 2DIAGNOSTIC,    23, -8.160638213158e-01, 6.562098133145e-05, 8.6034e-01, 9.4929e-03, 
 2DIAGNOSTIC,    24, -8.161731362343e-01, 1.539126242278e-05, 8.7250e-01, 1.2153e-02, 
 2DIAGNOSTIC,    25, -8.162214159966e-01, 1.538931610412e-05, 8.8100e-01, 8.5070e-03, 
 2DIAGNOSTIC,    26, -8.162268996239e-01, 1.632782186789e-05, 8.8911e-01, 8.1019e-03, 
 2DIAGNOSTIC,    27, -8.162101507187e-01, 1.540946686873e-05, 8.9817e-01, 9.0599e-03, 
 2DIAGNOSTIC,    28, -8.162604570389e-01, 1.382640584779e-05, 9.0741e-01, 9.2421e-03, 
 2DIAGNOSTIC,    29, -8.162828087807e-01, 1.196159246319e-05, 9.1765e-01, 1.0245e-02, 
 2DIAGNOSTIC,    30, -8.163173198700e-01, 1.017314662022e-05, 9.2680e-01, 9.1500e-03, 
 2DIAGNOSTIC,    31, -8.163203597069e-01, 8.430177331320e-06, 9.3562e-01, 8.8160e-03, 
 2DIAGNOSTIC,    32, -8.163236379623e-01, 6.443677193602e-06, 9.4456e-01, 8.9431e-03, 
 2DIAGNOSTIC,    33, -8.163251876831e-01, 4.854403869103e-06, 9.5334e-01, 8.7790e-03, 
 2DIAGNOSTIC,    34, -8.163279891014e-01, 4.137288215134e-06, 9.6213e-01, 8.7910e-03, 
 2DIAGNOSTIC,    35, -8.163745403290e-01, 4.116189757042e-06, 9.7077e-01, 8.6329e-03, 
 2DIAGNOSTIC,    36, -8.163768649101e-01, 3.869477041007e-06, 9.7941e-01, 8.6420e-03, 
 2DIAGNOSTIC,    37, -8.164051175117e-01, 3.462228505668e-06, 9.8902e-01, 9.6171e-03, 
 2DIAGNOSTIC,    38, -8.164077401161e-01, 3.320441692267e-06, 1.0001e+00, 1.1037e-02, 
 2DIAGNOSTIC,    39, -8.164079785347e-01, 3.147915776935e-06, 1.0101e+00, 1.0008e-02, 
 2DIAGNOSTIC,    40, -8.164312243462e-01, 3.270038860137e-06, 1.0200e+00, 9.9230e-03, 
 2DIAGNOSTIC,    41, -8.164319396019e-01, 3.175149231538e-06, 1.0289e+00, 8.9269e-03, 
 2DIAGNOSTIC,    42, -8.164319992065e-01, 2.889289362429e-06, 1.0389e+00, 9.9671e-03, 
 2DIAGNOSTIC,    43, -8.164333105087e-01, 2.443971879984e-06, 1.0489e+00, 1.0008e-02, 
 2DIAGNOSTIC,    44, -8.164336681366e-01, 1.874811346170e-06, 1.0577e+00, 8.7900e-03, 
 2DIAGNOSTIC,    45, -8.164352774620e-01, 1.598964445293e-06, 1.0674e+00, 9.7380e-03, 
 2DIAGNOSTIC,    46, -8.164361715317e-01, 1.268627329409e-06, 1.0775e+00, 1.0110e-02, 
 2DIAGNOSTIC,    47, -8.164362907410e-01, 1.113155690291e-06, 1.0877e+00, 1.0188e-02, 
 2DIAGNOSTIC,    48, -8.164592385292e-01, 1.113160465138e-06, 1.0988e+00, 1.1064e-02, 
 2DIAGNOSTIC,    49, -8.164599537849e-01, 1.068202436727e-06, 1.1088e+00, 1.0059e-02, 
 2DIAGNOSTIC,    50, -8.164603710175e-01, 1.153954144684e-06, 1.1188e+00, 9.9611e-03, 
 2DIAGNOSTIC,    51, -8.164597749710e-01, 1.190757529912e-06, 1.1288e+00, 1.0027e-02, 
 2DIAGNOSTIC,    52, -8.164597749710e-01, 1.172400061478e-06, 1.1390e+00, 1.0120e-02, 
 2DIAGNOSTIC,    53, -8.164598941803e-01, 1.108679384743e-06, 1.1488e+00, 9.8760e-03, 
 2DIAGNOSTIC,    54, -8.164603710175e-01, 1.003663896881e-06, 1.1577e+00, 8.8770e-03, 
DIAGNOSTIC,Iteration,metricValue,convergenceValue,ITERATION_TIME_INDEX,SINCE_LAST
 2DIAGNOSTIC,     1, -6.192674636841e-01, inf, 1.6887e+00, 5.3102e-01, 
 2DIAGNOSTIC,     2, -6.197929382324e-01, inf, 1.7237e+00, 3.4934e-02, 
 2DIAGNOSTIC,     3, -6.202892661095e-01, inf, 1.7564e+00, 3.2776e-02, 
 2DIAGNOSTIC,     4, -6.206104755402e-01, inf, 1.7886e+00, 3.2178e-02, 
 2DIAGNOSTIC,     5, -6.209748983383e-01, inf, 1.8197e+00, 3.1079e-02, 
 2DIAGNOSTIC,     6, -6.215059161186e-01, inf, 1.8511e+00, 3.1377e-02, 
 2DIAGNOSTIC,     7, -6.222667098045e-01, inf, 1.8951e+00, 4.4013e-02, 
 2DIAGNOSTIC,     8, -6.227018833160e-01, inf, 1.9399e+00, 4.4857e-02, 
 2DIAGNOSTIC,     9, -6.227528452873e-01, inf, 1.9724e+00, 3.2459e-02, 
 2DIAGNOSTIC,    10, -6.229162812233e-01, 4.052463336848e-04, 2.0052e+00, 3.2800e-02, 
 2DIAGNOSTIC,    11, -6.230041384697e-01, 3.330938925501e-04, 2.0419e+00, 3.6737e-02, 
 2DIAGNOSTIC,    12, -6.230539679527e-01, 2.645275963005e-04, 2.0741e+00, 3.2137e-02, 
 2DIAGNOSTIC,    13, -6.230429410934e-01, 1.998088991968e-04, 2.1109e+00, 3.6836e-02, 
 2DIAGNOSTIC,    14, -6.230468153954e-01, 1.372926926706e-04, 2.1530e+00, 4.2133e-02, 
 2DIAGNOSTIC,    15, -6.230462193489e-01, 8.183713362087e-05, 2.1900e+00, 3.6975e-02, 
 2DIAGNOSTIC,    16, -6.230209469795e-01, 3.994287180831e-05, 2.2289e+00, 3.8905e-02, 
 2DIAGNOSTIC,    17, -6.230108141899e-01, 1.941095797520e-05, 2.2727e+00, 4.3776e-02, 
 2DIAGNOSTIC,    18, -6.230080723763e-01, 1.056815654010e-05, 2.3096e+00, 3.6855e-02, 
 2DIAGNOSTIC,    19, -6.230047345161e-01, 2.908182977990e-06, 2.3509e+00, 4.1356e-02, 
DIAGNOSTIC,Iteration,metricValue,convergenceValue,ITERATION_TIME_INDEX,SINCE_LAST
 2DIAGNOSTIC,     1, -5.487793087959e-01, inf, 3.3070e+00, 9.5606e-01, 
 2DIAGNOSTIC,     2, -5.489901304245e-01, inf, 3.5323e+00, 2.2535e-01, 
 2DIAGNOSTIC,     3, -5.490530133247e-01, inf, 3.7601e+00, 2.2777e-01, 
 2DIAGNOSTIC,     4, -5.490922331810e-01, inf, 3.9857e+00, 2.2559e-01, 
 2DIAGNOSTIC,     5, -5.491319298744e-01, inf, 4.2327e+00, 2.4703e-01, 
 2DIAGNOSTIC,     6, -5.491575002670e-01, inf, 4.5186e+00, 2.8591e-01, 
 2DIAGNOSTIC,     7, -5.491732358932e-01, inf, 4.7444e+00, 2.2581e-01, 
 2DIAGNOSTIC,     8, -5.491855144501e-01, inf, 4.9999e+00, 2.5547e-01, 
 2DIAGNOSTIC,     9, -5.491905808449e-01, inf, 5.2566e+00, 2.5668e-01, 
 2DIAGNOSTIC,    10, -5.491883158684e-01, 4.040641942993e-05, 5.4799e+00, 2.2336e-01, 
 2DIAGNOSTIC,    11, -5.491935610771e-01, 2.257454798382e-05, 5.7367e+00, 2.5679e-01, 
 2DIAGNOSTIC,    12, -5.491982698441e-01, 1.519542547612e-05, 5.9956e+00, 2.5888e-01, 
 2DIAGNOSTIC,    13, -5.492011904716e-01, 1.041417181114e-05, 6.2840e+00, 2.8844e-01, 
 2DIAGNOSTIC,    14, -5.491945743561e-01, 6.774208486604e-06, 6.5719e+00, 2.8784e-01, 
 2DIAGNOSTIC,    15, -5.491957068443e-01, 4.615958005161e-06, 6.8353e+00, 2.6345e-01, 
 2DIAGNOSTIC,    16, -5.491966605186e-01, 3.344331389599e-06, 7.1540e+00, 3.1867e-01, 
 2DIAGNOSTIC,    17, -5.491971969604e-01, 2.575851112852e-06, 7.4192e+00, 2.6521e-01, 
 2DIAGNOSTIC,    18, -5.491981506348e-01, 2.204861175414e-06, 7.6770e+00, 2.5775e-01, 
 2DIAGNOSTIC,    19, -5.491934418678e-01, 1.850201783782e-06, 7.9447e+00, 2.6777e-01, 
 2DIAGNOSTIC,    20, -5.491873025894e-01, 1.300072199228e-06, 8.2016e+00, 2.5684e-01, 
DIAGNOSTIC,Iteration,metricValue,convergenceValue,ITERATION_TIME_INDEX,SINCE_LAST
 2DIAGNOSTIC,     1, -5.019865632057e-01, inf, 1.0973e+01, 2.7719e+00, 
  Elapsed time (stage 0): 1.2150e+01


Stage 1
  iterations = 1000x500x250x0
  convergence threshold = 1.0000e-06
  convergence window size = 10
  number of levels = 4
  using the Mattes MI metric (number of bins = 32, weight = 1.0000e+00)
  preprocessing:  winsorizing the image intensities
  preprocessing:  histogram matching the images
  Shrink factors (level 1 out of 4): [6, 6, 6]
  Shrink factors (level 2 out of 4): [4, 4, 4]
  Shrink factors (level 3 out of 4): [2, 2, 2]
