
Running N4 for 3-dimensional images.

Mask not read.  Using the entire image as the mask.

Original intensity range:  [0, 994]

***********************************************************
Warning:  Your input image contains nonpositive values
which could cause failure or problematic results.  A
possible workaround would be to:
   1. rescale your image to positive values e.g., [10,100].
   2. run N4 on your rescaled image.
   3. (optional) rescale the N4 output to the original
      intensity range.
***********************************************************

Specified spline distance: 200mm
  original image size:  [192, 256, 256]
  padded image size:  [201, 401, 401]
  number of control points:  [4, 5, 5]

Current level = 1
  Iteration 1 (of 50).   Current convergence value = 0.000142981 (threshold = 1e-08)
  Iteration 2 (of 50).   Current convergence value = 0.00010713 (threshold = 1e-08)
  Iteration 3 (of 50).   Current convergence value = 8.82846e-05 (threshold = 1e-08)
  Iteration 4 (of 50).   Current convergence value = 8.648e-05 (threshold = 1e-08)
  Iteration 5 (of 50).   Current convergence value = 8.83463e-05 (threshold = 1e-08)
  Iteration 6 (of 50).   Current convergence value = 9.03821e-05 (threshold = 1e-08)
  Iteration 7 (of 50).   Current convergence value = 9.27011e-05 (threshold = 1e-08)
  Iteration 8 (of 50).   Current convergence value = 9.45436e-05 (threshold = 1e-08)
  Iteration 9 (of 50).   Current convergence value = 9.5868e-05 (threshold = 1e-08)
  Iteration 10 (of 50).   Current convergence value = 9.65353e-05 (threshold = 1e-08)
  Iteration 11 (of 50).   Current convergence value = 9.6644e-05 (threshold = 1e-08)
  Iteration 12 (of 50).   Current convergence value = 9.60511e-05 (threshold = 1e-08)
  Iteration 13 (of 50).   Current convergence value = 9.51707e-05 (threshold = 1e-08)
  Iteration 14 (of 50).   Current convergence value = 9.39231e-05 (threshold = 1e-08)
  Iteration 15 (of 50).   Current convergence value = 9.26572e-05 (threshold = 1e-08)
  Iteration 16 (of 50).   Current convergence value = 9.13727e-05 (threshold = 1e-08)
  Iteration 17 (of 50).   Current convergence value = 9.00896e-05 (threshold = 1e-08)
  Iteration 18 (of 50).   Current convergence value = 8.88352e-05 (threshold = 1e-08)
  Iteration 19 (of 50).   Current convergence value = 8.74789e-05 (threshold = 1e-08)
  Iteration 20 (of 50).   Current convergence value = 8.61322e-05 (threshold = 1e-08)
  Iteration 21 (of 50).   Current convergence value = 8.48321e-05 (threshold = 1e-08)
  Iteration 22 (of 50).   Current convergence value = 8.33191e-05 (threshold = 1e-08)
  Iteration 23 (of 50).   Current convergence value = 8.1859e-05 (threshold = 1e-08)
  Iteration 24 (of 50).   Current convergence value = 8.06251e-05 (threshold = 1e-08)
  Iteration 25 (of 50).   Current convergence value = 7.91139e-05 (threshold = 1e-08)
  Iteration 26 (of 50).   Current convergence value = 7.76153e-05 (threshold = 1e-08)
  Iteration 27 (of 50).   Current convergence value = 7.64148e-05 (threshold = 1e-08)
  Iteration 28 (of 50).   Current convergence value = 7.51412e-05 (threshold = 1e-08)
  Iteration 29 (of 50).   Current convergence value = 7.39264e-05 (threshold = 1e-08)
  Iteration 30 (of 50).   Current convergence value = 7.26507e-05 (threshold = 1e-08)
  Iteration 31 (of 50).   Current convergence value = 7.16589e-05 (threshold = 1e-08)
  Iteration 32 (of 50).   Current convergence value = 7.02483e-05 (threshold = 1e-08)
  Iteration 33 (of 50).   Current convergence value = 6.9108e-05 (threshold = 1e-08)
  Iteration 34 (of 50).   Current convergence value = 6.80309e-05 (threshold = 1e-08)
  Iteration 35 (of 50).   Current convergence value = 6.68874e-05 (threshold = 1e-08)
  Iteration 36 (of 50).   Current convergence value = 6.58749e-05 (threshold = 1e-08)
  Iteration 37 (of 50).   Current convergence value = 6.47532e-05 (threshold = 1e-08)
  Iteration 38 (of 50).   Current convergence value = 6.36818e-05 (threshold = 1e-08)
  Iteration 39 (of 50).   Current convergence value = 6.27829e-05 (threshold = 1e-08)
  Iteration 40 (of 50).   Current convergence value = 6.17152e-05 (threshold = 1e-08)
  Iteration 41 (of 50).   Current convergence value = 6.07447e-05 (threshold = 1e-08)
  Iteration 42 (of 50).   Current convergence value = 5.98171e-05 (threshold = 1e-08)
  Iteration 43 (of 50).   Current convergence value = 5.8802e-05 (threshold = 1e-08)
  Iteration 44 (of 50).   Current convergence value = 5.8081e-05 (threshold = 1e-08)
  Iteration 45 (of 50).   Current convergence value = 5.71619e-05 (threshold = 1e-08)
  Iteration 46 (of 50).   Current convergence value = 5.62134e-05 (threshold = 1e-08)
  Iteration 47 (of 50).   Current convergence value = 5.53182e-05 (threshold = 1e-08)
  Iteration 48 (of 50).   Current convergence value = 5.45315e-05 (threshold = 1e-08)
  Iteration 49 (of 50).   Current convergence value = 5.37107e-05 (threshold = 1e-08)
  Iteration 50 (of 50).   Current convergence value = 5.30026e-05 (threshold = 1e-08)
Current level = 2
  Iteration 1 (of 50).   Current convergence value = 0.000296654 (threshold = 1e-08)
  Iteration 2 (of 50).   Current convergence value = 0.000238343 (threshold = 1e-08)
  Iteration 3 (of 50).   Current convergence value = 0.000195442 (threshold = 1e-08)
  Iteration 4 (of 50).   Current convergence value = 0.000170195 (threshold = 1e-08)
  Iteration 5 (of 50).   Current convergence value = 0.000158056 (threshold = 1e-08)
  Iteration 6 (of 50).   Current convergence value = 0.000156334 (threshold = 1e-08)
  Iteration 7 (of 50).   Current convergence value = 0.000149975 (threshold = 1e-08)
  Iteration 8 (of 50).   Current convergence value = 0.000137091 (threshold = 1e-08)
  Iteration 9 (of 50).   Current convergence value = 0.000125485 (threshold = 1e-08)
  Iteration 10 (of 50).   Current convergence value = 0.000114639 (threshold = 1e-08)
  Iteration 11 (of 50).   Current convergence value = 0.000105926 (threshold = 1e-08)
  Iteration 12 (of 50).   Current convergence value = 9.8773e-05 (threshold = 1e-08)
  Iteration 13 (of 50).   Current convergence value = 0.000101004 (threshold = 1e-08)
  Iteration 14 (of 50).   Current convergence value = 0.000104314 (threshold = 1e-08)
  Iteration 15 (of 50).   Current convergence value = 0.000107741 (threshold = 1e-08)
  Iteration 16 (of 50).   Current convergence value = 0.00011114 (threshold = 1e-08)
  Iteration 17 (of 50).   Current convergence value = 0.000114293 (threshold = 1e-08)
  Iteration 18 (of 50).   Current convergence value = 0.000117406 (threshold = 1e-08)
  Iteration 19 (of 50).   Current convergence value = 0.000120407 (threshold = 1e-08)
  Iteration 20 (of 50).   Current convergence value = 0.000123013 (threshold = 1e-08)
  Iteration 21 (of 50).   Current convergence value = 0.000125525 (threshold = 1e-08)
  Iteration 22 (of 50).   Current convergence value = 0.000127712 (threshold = 1e-08)
  Iteration 23 (of 50).   Current convergence value = 0.000129813 (threshold = 1e-08)
  Iteration 24 (of 50).   Current convergence value = 0.000131584 (threshold = 1e-08)
  Iteration 25 (of 50).   Current convergence value = 0.000133221 (threshold = 1e-08)
  Iteration 26 (of 50).   Current convergence value = 0.000134535 (threshold = 1e-08)
  Iteration 27 (of 50).   Current convergence value = 0.000136294 (threshold = 1e-08)
  Iteration 28 (of 50).   Current convergence value = 0.000140376 (threshold = 1e-08)
  Iteration 29 (of 50).   Current convergence value = 0.000142984 (threshold = 1e-08)
  Iteration 30 (of 50).   Current convergence value = 0.000144733 (threshold = 1e-08)
  Iteration 31 (of 50).   Current convergence value = 0.000146013 (threshold = 1e-08)
  Iteration 32 (of 50).   Current convergence value = 0.000146662 (threshold = 1e-08)
  Iteration 33 (of 50).   Current convergence value = 0.000146771 (threshold = 1e-08)
  Iteration 34 (of 50).   Current convergence value = 0.000146425 (threshold = 1e-08)
  Iteration 35 (of 50).   Current convergence value = 0.000145775 (threshold = 1e-08)
  Iteration 36 (of 50).   Current convergence value = 0.000144934 (threshold = 1e-08)
  Iteration 37 (of 50).   Current convergence value = 0.000144108 (threshold = 1e-08)
  Iteration 38 (of 50).   Current convergence value = 0.000142915 (threshold = 1e-08)
  Iteration 39 (of 50).   Current convergence value = 0.000141811 (threshold = 1e-08)
  Iteration 40 (of 50).   Current convergence value = 0.000140699 (threshold = 1e-08)
  Iteration 41 (of 50).   Current convergence value = 0.000139638 (threshold = 1e-08)
  Iteration 42 (of 50).   Current convergence value = 0.000138394 (threshold = 1e-08)
  Iteration 43 (of 50).   Current convergence value = 0.000137097 (threshold = 1e-08)
  Iteration 44 (of 50).   Current convergence value = 0.000135963 (threshold = 1e-08)
  Iteration 45 (of 50).   Current convergence value = 0.000135006 (threshold = 1e-08)
  Iteration 46 (of 50).   Current convergence value = 0.000134173 (threshold = 1e-08)
  Iteration 47 (of 50).   Current convergence value = 0.000133085 (threshold = 1e-08)
  Iteration 48 (of 50).   Current convergence value = 0.000132135 (threshold = 1e-08)
  Iteration 49 (of 50).   Current convergence value = 0.000131331 (threshold = 1e-08)
  Iteration 50 (of 50).   Current convergence value = 0.000130772 (threshold = 1e-08)
Current level = 3
  Iteration 1 (of 40).   Current convergence value = 0.000731476 (threshold = 1e-08)
  Iteration 2 (of 40).   Current convergence value = 0.000640377 (threshold = 1e-08)
  Iteration 3 (of 40).   Current convergence value = 0.000591326 (threshold = 1e-08)
  Iteration 4 (of 40).   Current convergence value = 0.000560704 (threshold = 1e-08)
  Iteration 5 (of 40).   Current convergence value = 0.00054223 (threshold = 1e-08)
  Iteration 6 (of 40).   Current convergence value = 0.000533005 (threshold = 1e-08)
  Iteration 7 (of 40).   Current convergence value = 0.000529239 (threshold = 1e-08)
  Iteration 8 (of 40).   Current convergence value = 0.000529708 (threshold = 1e-08)
  Iteration 9 (of 40).   Current convergence value = 0.000534538 (threshold = 1e-08)
  Iteration 10 (of 40).   Current convergence value = 0.000542125 (threshold = 1e-08)
  Iteration 11 (of 40).   Current convergence value = 0.000550535 (threshold = 1e-08)
  Iteration 12 (of 40).   Current convergence value = 0.000559185 (threshold = 1e-08)
  Iteration 13 (of 40).   Current convergence value = 0.000567328 (threshold = 1e-08)
  Iteration 14 (of 40).   Current convergence value = 0.000578675 (threshold = 1e-08)
  Iteration 15 (of 40).   Current convergence value = 0.000583439 (threshold = 1e-08)
  Iteration 16 (of 40).   Current convergence value = 0.000600472 (threshold = 1e-08)
  Iteration 17 (of 40).   Current convergence value = 0.000621351 (threshold = 1e-08)
  Iteration 18 (of 40).   Current convergence value = 0.000640496 (threshold = 1e-08)
  Iteration 19 (of 40).   Current convergence value = 0.000661058 (threshold = 1e-08)
  Iteration 20 (of 40).   Current convergence value = 0.000682555 (threshold = 1e-08)
  Iteration 21 (of 40).   Current convergence value = 0.000707579 (threshold = 1e-08)
  Iteration 22 (of 40).   Current convergence value = 0.000723275 (threshold = 1e-08)
  Iteration 23 (of 40).   Current convergence value = 0.00073321 (threshold = 1e-08)
  Iteration 24 (of 40).   Current convergence value = 0.000753971 (threshold = 1e-08)
  Iteration 25 (of 40).   Current convergence value = 0.000775253 (threshold = 1e-08)
  Iteration 26 (of 40).   Current convergence value = 0.000798055 (threshold = 1e-08)
  Iteration 27 (of 40).   Current convergence value = 0.000828114 (threshold = 1e-08)
  Iteration 28 (of 40).   Current convergence value = 0.000858122 (threshold = 1e-08)
  Iteration 29 (of 40).   Current convergence value = 0.000897965 (threshold = 1e-08)
  Iteration 30 (of 40).   Current convergence value = 0.00093219 (threshold = 1e-08)
  Iteration 31 (of 40).   Current convergence value = 0.000930515 (threshold = 1e-08)
  Iteration 32 (of 40).   Current convergence value = 0.000916029 (threshold = 1e-08)
  Iteration 33 (of 40).   Current convergence value = 0.000909234 (threshold = 1e-08)
  Iteration 34 (of 40).   Current convergence value = 0.000900808 (threshold = 1e-08)
  Iteration 35 (of 40).   Current convergence value = 0.000893125 (threshold = 1e-08)
  Iteration 36 (of 40).   Current convergence value = 0.000891532 (threshold = 1e-08)
  Iteration 37 (of 40).   Current convergence value = 0.000884341 (threshold = 1e-08)
  Iteration 38 (of 40).   Current convergence value = 0.000855503 (threshold = 1e-08)
  Iteration 39 (of 40).   Current convergence value = 0.000807115 (threshold = 1e-08)
  Iteration 40 (of 40).   Current convergence value = 0.000766998 (threshold = 1e-08)
Current level = 4
  Iteration 1 (of 30).   Current convergence value = 0.00215784 (threshold = 1e-08)
  Iteration 2 (of 30).   Current convergence value = 0.00184778 (threshold = 1e-08)
  Iteration 3 (of 30).   Current convergence value = 0.00169515 (threshold = 1e-08)
  Iteration 4 (of 30).   Current convergence value = 0.00158255 (threshold = 1e-08)
  Iteration 5 (of 30).   Current convergence value = 0.0014812 (threshold = 1e-08)
  Iteration 6 (of 30).   Current convergence value = 0.00138618 (threshold = 1e-08)
  Iteration 7 (of 30).   Current convergence value = 0.00127049 (threshold = 1e-08)
  Iteration 8 (of 30).   Current convergence value = 0.00120991 (threshold = 1e-08)
  Iteration 9 (of 30).   Current convergence value = 0.0011579 (threshold = 1e-08)
  Iteration 10 (of 30).   Current convergence value = 0.00111527 (threshold = 1e-08)
  Iteration 11 (of 30).   Current convergence value = 0.00107349 (threshold = 1e-08)
  Iteration 12 (of 30).   Current convergence value = 0.00103832 (threshold = 1e-08)
  Iteration 13 (of 30).   Current convergence value = 0.00100762 (threshold = 1e-08)
  Iteration 14 (of 30).   Current convergence value = 0.000977341 (threshold = 1e-08)
  Iteration 15 (of 30).   Current convergence value = 0.000986993 (threshold = 1e-08)
  Iteration 16 (of 30).   Current convergence value = 0.00120785 (threshold = 1e-08)
  Iteration 17 (of 30).   Current convergence value = 0.00132703 (threshold = 1e-08)
  Iteration 18 (of 30).   Current convergence value = 0.00141189 (threshold = 1e-08)
  Iteration 19 (of 30).   Current convergence value = 0.00147162 (threshold = 1e-08)
  Iteration 20 (of 30).   Current convergence value = 0.00139563 (threshold = 1e-08)
  Iteration 21 (of 30).   Current convergence value = 0.00132806 (threshold = 1e-08)
  Iteration 22 (of 30).   Current convergence value = 0.0012806 (threshold = 1e-08)
  Iteration 23 (of 30).   Current convergence value = 0.00124022 (threshold = 1e-08)
  Iteration 24 (of 30).   Current convergence value = 0.00121213 (threshold = 1e-08)
  Iteration 25 (of 30).   Current convergence value = 0.00123507 (threshold = 1e-08)
  Iteration 26 (of 30).   Current convergence value = 0.00125589 (threshold = 1e-08)
  Iteration 27 (of 30).   Current convergence value = 0.00127043 (threshold = 1e-08)
  Iteration 28 (of 30).   Current convergence value = 0.00128485 (threshold = 1e-08)
  Iteration 29 (of 30).   Current convergence value = 0.00129328 (threshold = 1e-08)
  Iteration 30 (of 30).   Current convergence value = 0.00129952 (threshold = 1e-08)
   N4BiasFieldCorrectionImageFilter (0x5579a8979e20)
     RTTI typeinfo:   itk::N4BiasFieldCorrectionImageFilter<itk::Image<float, 3u>, itk::Image<float, 3u>, itk::Image<float, 3u> >
     Reference Count: 1
     Modified Time: 565
     Debug: Off
     Object Name: 
     Observers: 
       IterationEvent(Command)
     Inputs: 
       ConfidenceImage: (0)
       MaskImage: (0x5579a89a4520)
       Primary: (0x5579a899f900) *
     Indexed Inputs: 
       0: Primary (0x5579a899f900)
       1: MaskImage (0x5579a89a4520)
       2: ConfidenceImage (0)
     Required Input Names: Primary
     NumberOfRequiredInputs: 1
     Outputs: 
       Primary: (0x5579a8989ef0)
     Indexed Outputs: 
       0: Primary (0x5579a8989ef0)
     NumberOfRequiredOutputs: 1
     Number Of Work Units: 32
     ReleaseDataFlag: Off
     ReleaseDataBeforeUpdateFlag: Off
     AbortGenerateData: Off
     Progress: 0
     Multithreader: 
       RTTI typeinfo:   itk::PoolMultiThreader
       Reference Count: 1
       Modified Time: 144
       Debug: Off
       Object Name: 
       Observers: 
         none
       Number of Work Units: 32
       Number of Threads: 8
       Global Maximum Number Of Threads: 128
       Global Default Number Of Threads: 8
       Global Default Threader Type: itk::MultiThreaderBaseEnums::Threader::Pool
       SingleMethod: 0
       SingleData: 0
     DynamicMultiThreading: On
     CoordinateTolerance: 1e-06
     DirectionTolerance: 1e-06
     Use Mask Label: 0
     Mask label: 1
     Number of histogram bins: 200
     Wiener filter noise: 0.01
     Bias field FWHM: 0.15
     Maximum number of iterations: [50, 50, 40, 30]
     Convergence threshold: 1e-08
     Spline order: 3
     Number of fitting levels: [4, 4, 4]
     Number of control points: [4, 5, 5]
     CurrentConvergenceMeasurement: 0.00129952
     CurrentLevel: 4
     ElapsedIterations: 31
     LogBiasFieldControlPointLattice: 
       Image (0x5579af486210)
         RTTI typeinfo:   itk::Image<itk::Vector<float, 1u>, 3u>
         Reference Count: 1
         Modified Time: 343560
         Debug: Off
         Object Name: 
         Observers: 
           none
         Source: (none)
         Source output name: (none)
         Release Data: Off
         Data Released: False
         Global Release Data: Off
         PipelineMTime: 0
         UpdateMTime: 0
         RealTimeStamp: 0 seconds 
         LargestPossibleRegion: 
           Dimension: 3
           Index: [0, 0, 0]
           Size: [11, 19, 19]
         BufferedRegion: 
           Dimension: 3
           Index: [0, 0, 0]
           Size: [11, 19, 19]
         RequestedRegion: 
           Dimension: 3
           Index: [0, 0, 0]
           Size: [11, 19, 19]
         Spacing: [24.75, 24.875, 24.875]
         Origin: [24.6694, 20.6993, -28.5141]
         Direction: 
-0.999997 0.00139142 0.00184665
-0.00108505 -0.98766 0.156609
0.00204177 0.156606 0.987659

         IndexToPointMatrix: 
-24.7499 0.0346116 0.0459354
-0.026855 -24.568 3.89565
0.0505338 3.89558 24.568

         PointToIndexMatrix: 
-0.0404039 -4.38405e-05 8.24958e-05
5.59365e-05 -0.0397049 0.00629574
7.42372e-05 0.00629582 0.0397049

         Inverse Direction: 
-0.999997 -0.00108505 0.00204177
0.00139142 -0.98766 0.156607
0.00184665 0.156608 0.987659

         PixelContainer: 
           ImportImageContainer (0x5579b491db20)
             RTTI typeinfo:   itk::ImportImageContainer<unsigned long, itk::Vector<float, 1u> >
             Reference Count: 1
             Modified Time: 343561
             Debug: Off
             Object Name: 
             Observers: 
               none
             Pointer: 0x5579b2b136e0
             Container manages memory: true
             Size: 3971
             Capacity: 3971
Elapsed time: 270.521
All_Command_lines_OK
Using single precision for computations.
=============================================================================
The composite transform comprises the following transforms (in order): 
  1. Center of mass alignment using fixed image: /home/mpib/nemecz/Projects/miniTRK/Results/01_MRI/GroupTempl/T1w/T_template0.nii.gz and moving image: /home/mpib/nemecz/Projects/miniTRK/Analysis/01_MRI/Preproc/GroupTempl/T1w/sub-766406_T1w.nii.gz (type = Euler3DTransform)
=============================================================================
  number of levels = 4
  number of levels = 4
  number of levels = 4
  fixed image: /home/mpib/nemecz/Projects/miniTRK/Results/01_MRI/GroupTempl/T1w/T_template0.nii.gz
  moving image: /home/mpib/nemecz/Projects/miniTRK/Results/01_MRI/GroupTempl/T1w/T_template0sub-766406_T1wRepaired.nii.gz
  fixed image: /home/mpib/nemecz/Projects/miniTRK/Results/01_MRI/GroupTempl/T1w/T_template0.nii.gz
  moving image: /home/mpib/nemecz/Projects/miniTRK/Results/01_MRI/GroupTempl/T1w/T_template0sub-766406_T1wRepaired.nii.gz
  fixed image: /home/mpib/nemecz/Projects/miniTRK/Results/01_MRI/GroupTempl/T1w/T_template0.nii.gz
  moving image: /home/mpib/nemecz/Projects/miniTRK/Results/01_MRI/GroupTempl/T1w/T_template0sub-766406_T1wRepaired.nii.gz
Dimension = 3
Number of stages = 3
Use Histogram Matching true
Winsorize image intensities true
Lower quantile = 0.01
Upper quantile = 0.99
Stage 1 State
   Image metric = Mattes
     Fixed image = Image (0x555df4b07ad0)
  RTTI typeinfo:   itk::Image<float, 3u>
  Reference Count: 2
  Modified Time: 1721
  Debug: Off
  Object Name: 
  Observers: 
    none
  Source: (none)
  Source output name: (none)
  Release Data: Off
  Data Released: False
  Global Release Data: Off
  PipelineMTime: 0
  UpdateMTime: 1506
  RealTimeStamp: 0 seconds 
  LargestPossibleRegion: 
    Dimension: 3
    Index: [0, 0, 0]
    Size: [192, 256, 256]
  BufferedRegion: 
    Dimension: 3
    Index: [0, 0, 0]
    Size: [192, 256, 256]
  RequestedRegion: 
    Dimension: 3
    Index: [0, 0, 0]
    Size: [192, 256, 256]
  Spacing: [1, 1, 1]
  Origin: [95.0313, 100.538, -154.123]
  Direction: 
-0.999853 -0.014134 -0.00966312
0.014129 -0.9999 0.000586045
-0.00967044 0.000449429 0.999953

  IndexToPointMatrix: 
-0.999853 -0.014134 -0.00966312
0.014129 -0.9999 0.000586045
-0.00967044 0.000449429 0.999953

  PointToIndexMatrix: 
-0.999853 0.014129 -0.00967044
-0.014134 -0.9999 0.000449429
-0.00966312 0.000586045 0.999953

  Inverse Direction: 
-0.999853 0.014129 -0.00967044
-0.014134 -0.9999 0.000449429
-0.00966312 0.000586045 0.999953

  PixelContainer: 
    ImportImageContainer (0x555df4b0fc80)
      RTTI typeinfo:   itk::ImportImageContainer<unsigned long, float>
      Reference Count: 1
      Modified Time: 1503
      Debug: Off
      Object Name: 
      Observers: 
        none
      Pointer: 0x7f2ced816010
      Container manages memory: true
      Size: 12582912
      Capacity: 12582912

     Moving image = Image (0x555df4b13e40)
  RTTI typeinfo:   itk::Image<float, 3u>
  Reference Count: 2
  Modified Time: 1722
  Debug: Off
  Object Name: 
  Observers: 
    none
  Source: (none)
  Source output name: (none)
  Release Data: Off
  Data Released: False
  Global Release Data: Off
  PipelineMTime: 0
  UpdateMTime: 1719
  RealTimeStamp: 0 seconds 
  LargestPossibleRegion: 
    Dimension: 3
    Index: [0, 0, 0]
    Size: [192, 256, 256]
  BufferedRegion: 
    Dimension: 3
    Index: [0, 0, 0]
    Size: [192, 256, 256]
  RequestedRegion: 
    Dimension: 3
    Index: [0, 0, 0]
    Size: [192, 256, 256]
  Spacing: [1, 1, 1]
  Origin: [93.1986, 80.3133, -166.595]
  Direction: 
-0.999997 0.00139142 0.00184665
-0.00108505 -0.98766 0.156609
0.00204177 0.156606 0.987659

  IndexToPointMatrix: 
-0.999997 0.00139142 0.00184665
-0.00108505 -0.98766 0.156609
0.00204177 0.156606 0.987659

  PointToIndexMatrix: 
-0.999997 -0.00108505 0.00204177
0.00139142 -0.98766 0.156606
0.00184665 0.156609 0.987659

  Inverse Direction: 
-0.999997 -0.00108505 0.00204177
0.00139142 -0.98766 0.156606
0.00184665 0.156609 0.987659

  PixelContainer: 
    ImportImageContainer (0x555df4b0b2d0)
      RTTI typeinfo:   itk::ImportImageContainer<unsigned long, float>
      Reference Count: 1
      Modified Time: 1716
      Debug: Off
      Object Name: 
      Observers: 
        none
      Pointer: 0x7f2cea815010
      Container manages memory: true
      Size: 12582912
      Capacity: 12582912

     Weighting = 1
     Sampling strategy = regular
     Number of bins = 32
     Radius = 4
     Sampling percentage  = 0.25
   Transform = Rigid
     Gradient step = 0.1
     Update field sigma (voxel space) = 0
     Total field sigma (voxel space) = 0
     Update field time sigma = 0
     Total field time sigma  = 0
     Number of time indices = 0
     Number of time point samples = 0
Stage 2 State
   Image metric = Mattes
     Fixed image = Image (0x555df4b208d0)
  RTTI typeinfo:   itk::Image<float, 3u>
  Reference Count: 2
  Modified Time: 2149
  Debug: Off
  Object Name: 
  Observers: 
    none
  Source: (none)
  Source output name: (none)
  Release Data: Off
  Data Released: False
  Global Release Data: Off
  PipelineMTime: 0
  UpdateMTime: 1934
  RealTimeStamp: 0 seconds 
  LargestPossibleRegion: 
    Dimension: 3
    Index: [0, 0, 0]
    Size: [192, 256, 256]
  BufferedRegion: 
    Dimension: 3
    Index: [0, 0, 0]
    Size: [192, 256, 256]
  RequestedRegion: 
    Dimension: 3
    Index: [0, 0, 0]
    Size: [192, 256, 256]
  Spacing: [1, 1, 1]
  Origin: [95.0313, 100.538, -154.123]
  Direction: 
-0.999853 -0.014134 -0.00966312
0.014129 -0.9999 0.000586045
-0.00967044 0.000449429 0.999953

  IndexToPointMatrix: 
-0.999853 -0.014134 -0.00966312
0.014129 -0.9999 0.000586045
-0.00967044 0.000449429 0.999953

  PointToIndexMatrix: 
-0.999853 0.014129 -0.00967044
-0.014134 -0.9999 0.000449429
-0.00966312 0.000586045 0.999953

  Inverse Direction: 
-0.999853 0.014129 -0.00967044
-0.014134 -0.9999 0.000449429
-0.00966312 0.000586045 0.999953

  PixelContainer: 
    ImportImageContainer (0x555df4b106a0)
      RTTI typeinfo:   itk::ImportImageContainer<unsigned long, float>
      Reference Count: 1
      Modified Time: 1931
      Debug: Off
      Object Name: 
      Observers: 
        none
      Pointer: 0x7f2ce7814010
      Container manages memory: true
      Size: 12582912
      Capacity: 12582912

     Moving image = Image (0x555df4b20530)
  RTTI typeinfo:   itk::Image<float, 3u>
  Reference Count: 2
  Modified Time: 2150
  Debug: Off
  Object Name: 
  Observers: 
    none
  Source: (none)
  Source output name: (none)
  Release Data: Off
  Data Released: False
  Global Release Data: Off
  PipelineMTime: 0
  UpdateMTime: 2147
  RealTimeStamp: 0 seconds 
  LargestPossibleRegion: 
    Dimension: 3
    Index: [0, 0, 0]
    Size: [192, 256, 256]
  BufferedRegion: 
    Dimension: 3
    Index: [0, 0, 0]
    Size: [192, 256, 256]
  RequestedRegion: 
    Dimension: 3
    Index: [0, 0, 0]
    Size: [192, 256, 256]
  Spacing: [1, 1, 1]
  Origin: [93.1986, 80.3133, -166.595]
  Direction: 
-0.999997 0.00139142 0.00184665
-0.00108505 -0.98766 0.156609
0.00204177 0.156606 0.987659

  IndexToPointMatrix: 
-0.999997 0.00139142 0.00184665
-0.00108505 -0.98766 0.156609
0.00204177 0.156606 0.987659

  PointToIndexMatrix: 
-0.999997 -0.00108505 0.00204177
0.00139142 -0.98766 0.156606
0.00184665 0.156609 0.987659

  Inverse Direction: 
-0.999997 -0.00108505 0.00204177
0.00139142 -0.98766 0.156606
0.00184665 0.156609 0.987659

  PixelContainer: 
    ImportImageContainer (0x555df4b218a0)
      RTTI typeinfo:   itk::ImportImageContainer<unsigned long, float>
      Reference Count: 1
      Modified Time: 2144
      Debug: Off
      Object Name: 
      Observers: 
        none
      Pointer: 0x7f2ce4813010
      Container manages memory: true
      Size: 12582912
      Capacity: 12582912

     Weighting = 1
     Sampling strategy = regular
     Number of bins = 32
     Radius = 4
     Sampling percentage  = 0.25
   Transform = Affine
     Gradient step = 0.1
     Update field sigma (voxel space) = 0
     Total field sigma (voxel space) = 0
     Update field time sigma = 0
     Total field time sigma  = 0
     Number of time indices = 0
     Number of time point samples = 0
Stage 3 State
   Image metric = CC
     Fixed image = Image (0x555df4b27a00)
  RTTI typeinfo:   itk::Image<float, 3u>
  Reference Count: 2
  Modified Time: 2577
  Debug: Off
  Object Name: 
  Observers: 
    none
  Source: (none)
  Source output name: (none)
  Release Data: Off
  Data Released: False
  Global Release Data: Off
  PipelineMTime: 0
  UpdateMTime: 2362
  RealTimeStamp: 0 seconds 
  LargestPossibleRegion: 
    Dimension: 3
    Index: [0, 0, 0]
    Size: [192, 256, 256]
  BufferedRegion: 
    Dimension: 3
    Index: [0, 0, 0]
    Size: [192, 256, 256]
  RequestedRegion: 
    Dimension: 3
    Index: [0, 0, 0]
    Size: [192, 256, 256]
  Spacing: [1, 1, 1]
  Origin: [95.0313, 100.538, -154.123]
  Direction: 
-0.999853 -0.014134 -0.00966312
0.014129 -0.9999 0.000586045
-0.00967044 0.000449429 0.999953

  IndexToPointMatrix: 
-0.999853 -0.014134 -0.00966312
0.014129 -0.9999 0.000586045
-0.00967044 0.000449429 0.999953

  PointToIndexMatrix: 
-0.999853 0.014129 -0.00967044
-0.014134 -0.9999 0.000449429
-0.00966312 0.000586045 0.999953

  Inverse Direction: 
-0.999853 0.014129 -0.00967044
-0.014134 -0.9999 0.000449429
-0.00966312 0.000586045 0.999953

  PixelContainer: 
    ImportImageContainer (0x555df4b09b50)
      RTTI typeinfo:   itk::ImportImageContainer<unsigned long, float>
      Reference Count: 1
      Modified Time: 2359
      Debug: Off
      Object Name: 
      Observers: 
        none
      Pointer: 0x7f2ce1812010
      Container manages memory: true
      Size: 12582912
      Capacity: 12582912

     Moving image = Image (0x555df4b24d50)
  RTTI typeinfo:   itk::Image<float, 3u>
  Reference Count: 2
  Modified Time: 2578
  Debug: Off
  Object Name: 
  Observers: 
    none
  Source: (none)
  Source output name: (none)
  Release Data: Off
  Data Released: False
  Global Release Data: Off
  PipelineMTime: 0
  UpdateMTime: 2575
  RealTimeStamp: 0 seconds 
  LargestPossibleRegion: 
    Dimension: 3
    Index: [0, 0, 0]
    Size: [192, 256, 256]
  BufferedRegion: 
    Dimension: 3
    Index: [0, 0, 0]
    Size: [192, 256, 256]
  RequestedRegion: 
    Dimension: 3
    Index: [0, 0, 0]
    Size: [192, 256, 256]
  Spacing: [1, 1, 1]
  Origin: [93.1986, 80.3133, -166.595]
  Direction: 
-0.999997 0.00139142 0.00184665
-0.00108505 -0.98766 0.156609
0.00204177 0.156606 0.987659

  IndexToPointMatrix: 
-0.999997 0.00139142 0.00184665
-0.00108505 -0.98766 0.156609
0.00204177 0.156606 0.987659

  PointToIndexMatrix: 
-0.999997 -0.00108505 0.00204177
0.00139142 -0.98766 0.156606
0.00184665 0.156609 0.987659

  Inverse Direction: 
-0.999997 -0.00108505 0.00204177
0.00139142 -0.98766 0.156606
0.00184665 0.156609 0.987659

  PixelContainer: 
    ImportImageContainer (0x555df4b23b00)
      RTTI typeinfo:   itk::ImportImageContainer<unsigned long, float>
      Reference Count: 1
      Modified Time: 2572
      Debug: Off
      Object Name: 
      Observers: 
        none
      Pointer: 0x7f2cde811010
      Container manages memory: true
      Size: 12582912
      Capacity: 12582912

     Weighting = 1
     Sampling strategy = none
     Number of bins = 32
     Radius = 4
     Sampling percentage  = 1
   Transform = SyN
     Gradient step = 0.1
     Update field sigma (voxel space) = 3
     Total field sigma (voxel space) = 0
     Update field time sigma = 0
     Total field time sigma  = 0
     Number of time indices = 0
     Number of time point samples = 0
Registration using 3 total stages.

Stage 0
  iterations = 1000x500x250x0
  convergence threshold = 1e-06
  convergence window size = 10
  number of levels = 4
  using the Mattes MI metric (number of bins = 32, weight = 1)
  preprocessing:  winsorizing the image intensities
  preprocessing:  histogram matching the images
  Shrink factors (level 1 out of 4): [6, 6, 6]
  Shrink factors (level 2 out of 4): [4, 4, 4]
  Shrink factors (level 3 out of 4): [2, 2, 2]
  Shrink factors (level 4 out of 4): [1, 1, 1]
  smoothing sigmas per level: [4, 2, 1, 0]
  regular sampling (percentage = 0.25)

*** Running Euler3DTransform registration ***

DIAGNOSTIC,Iteration,metricValue,convergenceValue,ITERATION_TIME_INDEX,SINCE_LAST
 2DIAGNOSTIC,     1, -7.882378697395e-01, inf, 4.4973e-01, 4.4973e-01, 
 2DIAGNOSTIC,     2, -7.936712503433e-01, inf, 4.5898e-01, 9.2471e-03, 
 2DIAGNOSTIC,     3, -8.032823801041e-01, inf, 4.6844e-01, 9.4600e-03, 
 2DIAGNOSTIC,     4, -8.191137313843e-01, inf, 4.7798e-01, 9.5439e-03, 
 2DIAGNOSTIC,     5, -8.449446558952e-01, inf, 4.8691e-01, 8.9309e-03, 
 2DIAGNOSTIC,     6, -8.792081475258e-01, inf, 4.9570e-01, 8.7910e-03, 
 2DIAGNOSTIC,     7, -9.066143035889e-01, inf, 5.0382e-01, 8.1151e-03, 
 2DIAGNOSTIC,     8, -9.231929183006e-01, inf, 5.1272e-01, 8.8990e-03, 
 2DIAGNOSTIC,     9, -9.294686913490e-01, inf, 5.2260e-01, 9.8782e-03, 
 2DIAGNOSTIC,    10, -9.300242066383e-01, 1.290223840624e-02, 5.3156e-01, 8.9669e-03, 
 2DIAGNOSTIC,    11, -9.308600425720e-01, 1.091020740569e-02, 5.3929e-01, 7.7300e-03, 
 2DIAGNOSTIC,    12, -9.333068728447e-01, 8.505394682288e-03, 5.4695e-01, 7.6571e-03, 
 2DIAGNOSTIC,    13, -9.354525208473e-01, 6.020695902407e-03, 5.5773e-01, 1.0780e-02, 
 2DIAGNOSTIC,    14, -9.355974197388e-01, 3.734176047146e-03, 5.6546e-01, 7.7291e-03, 
 2DIAGNOSTIC,    15, -9.358960986137e-01, 1.981485402212e-03, 5.7375e-01, 8.2910e-03, 
 2DIAGNOSTIC,    16, -9.363927841187e-01, 9.634264861234e-04, 5.8148e-01, 7.7291e-03, 
 2DIAGNOSTIC,    17, -9.372761845589e-01, 5.046980804764e-04, 5.9302e-01, 1.1543e-02, 
 2DIAGNOSTIC,    18, -9.373677372932e-01, 3.434618411120e-04, 6.0168e-01, 8.6589e-03, 
 2DIAGNOSTIC,    19, -9.374260306358e-01, 2.746960963123e-04, 6.0929e-01, 7.6041e-03, 
 2DIAGNOSTIC,    20, -9.375854730606e-01, 1.998415245907e-04, 6.1694e-01, 7.6559e-03, 
 2DIAGNOSTIC,    21, -9.379272460938e-01, 1.308200444328e-04, 6.2472e-01, 7.7741e-03, 
 2DIAGNOSTIC,    22, -9.383518099785e-01, 9.625465463614e-05, 6.3240e-01, 7.6869e-03, 
 2DIAGNOSTIC,    23, -9.386134147644e-01, 8.882706606528e-05, 6.4204e-01, 9.6371e-03, 
 2DIAGNOSTIC,    24, -9.392362833023e-01, 8.407339191763e-05, 6.5362e-01, 1.1578e-02, 
 2DIAGNOSTIC,    25, -9.392569065094e-01, 7.578685472254e-05, 6.6415e-01, 1.0527e-02, 
 2DIAGNOSTIC,    26, -9.392679333687e-01, 6.703597318847e-05, 6.7183e-01, 7.6880e-03, 
 2DIAGNOSTIC,    27, -9.392334818840e-01, 6.261249654926e-05, 6.8046e-01, 8.6269e-03, 
 2DIAGNOSTIC,    28, -9.391809701920e-01, 5.315447924659e-05, 6.8813e-01, 7.6721e-03, 
 2DIAGNOSTIC,    29, -9.390925168991e-01, 3.909946826752e-05, 6.9679e-01, 8.6579e-03, 
 2DIAGNOSTIC,    30, -9.391503334045e-01, 2.466026489856e-05, 7.0538e-01, 8.5940e-03, 
 2DIAGNOSTIC,    31, -9.390868544579e-01, 1.171917574538e-05, 7.1406e-01, 8.6801e-03, 
 2DIAGNOSTIC,    32, -9.390203952789e-01, 2.101094196405e-06, 7.2174e-01, 7.6768e-03, 
DIAGNOSTIC,Iteration,metricValue,convergenceValue,ITERATION_TIME_INDEX,SINCE_LAST
 2DIAGNOSTIC,     1, -7.447147369385e-01, inf, 1.2204e+00, 4.9867e-01, 
 2DIAGNOSTIC,     2, -7.453825473785e-01, inf, 1.2506e+00, 3.0165e-02, 
 2DIAGNOSTIC,     3, -7.459982037544e-01, inf, 1.2785e+00, 2.7886e-02, 
 2DIAGNOSTIC,     4, -7.465118169785e-01, inf, 1.3057e+00, 2.7290e-02, 
 2DIAGNOSTIC,     5, -7.469044923782e-01, inf, 1.3362e+00, 3.0493e-02, 
 2DIAGNOSTIC,     6, -7.470245361328e-01, inf, 1.3633e+00, 2.7056e-02, 
 2DIAGNOSTIC,     7, -7.473437786102e-01, inf, 1.4110e+00, 4.7689e-02, 
 2DIAGNOSTIC,     8, -7.473620772362e-01, inf, 1.4414e+00, 3.0416e-02, 
 2DIAGNOSTIC,     9, -7.473421096802e-01, inf, 1.4728e+00, 3.1367e-02, 
 2DIAGNOSTIC,    10, -7.473508119583e-01, 2.206911303801e-04, 1.4999e+00, 2.7127e-02, 
 2DIAGNOSTIC,    11, -7.473417520523e-01, 1.409685210092e-04, 1.5315e+00, 3.1623e-02, 
 2DIAGNOSTIC,    12, -7.473508715630e-01, 8.328886906384e-05, 1.5662e+00, 3.4634e-02, 
 2DIAGNOSTIC,    13, -7.473474740982e-01, 4.485025056056e-05, 1.5970e+00, 3.0810e-02, 
 2DIAGNOSTIC,    14, -7.474133968353e-01, 2.369203502894e-05, 1.6271e+00, 3.0096e-02, 
 2DIAGNOSTIC,    15, -7.474654316902e-01, 1.465561217628e-05, 1.6611e+00, 3.4059e-02, 
 2DIAGNOSTIC,    16, -7.474948167801e-01, 8.918057574192e-06, 1.6961e+00, 3.4955e-02, 
 2DIAGNOSTIC,    17, -7.474793791771e-01, 1.002108456305e-05, 1.7277e+00, 3.1632e-02, 
 2DIAGNOSTIC,    18, -7.474781870842e-01, 1.065150445356e-05, 1.7626e+00, 3.4877e-02, 
 2DIAGNOSTIC,    19, -7.474979162216e-01, 1.036398953147e-05, 1.7932e+00, 3.0662e-02, 
 2DIAGNOSTIC,    20, -7.475201487541e-01, 9.852997209236e-06, 1.8253e+00, 3.2101e-02, 
 2DIAGNOSTIC,    21, -7.475500106812e-01, 8.992897164717e-06, 1.8610e+00, 3.5619e-02, 
 2DIAGNOSTIC,    22, -7.476528882980e-01, 9.477706043981e-06, 1.9095e+00, 4.8549e-02, 
 2DIAGNOSTIC,    23, -7.476463317871e-01, 8.954716577136e-06, 1.9424e+00, 3.2933e-02, 
 2DIAGNOSTIC,    24, -7.476438879967e-01, 8.773620720604e-06, 1.9743e+00, 3.1804e-02, 
 2DIAGNOSTIC,    25, -7.476422190666e-01, 8.674966011313e-06, 2.0055e+00, 3.1242e-02, 
 2DIAGNOSTIC,    26, -7.476338148117e-01, 8.190151675080e-06, 2.0382e+00, 3.2671e-02, 
 2DIAGNOSTIC,    27, -7.476331591606e-01, 6.844235940662e-06, 2.0747e+00, 3.6493e-02, 
 2DIAGNOSTIC,    28, -7.476291060448e-01, 4.986360181647e-06, 2.1077e+00, 3.3024e-02, 
 2DIAGNOSTIC,    29, -7.476248741150e-01, 3.115326308034e-06, 2.1360e+00, 2.8276e-02, 
 2DIAGNOSTIC,    30, -7.476243376732e-01, 1.458549604649e-06, 2.1642e+00, 2.8271e-02, 
DIAGNOSTIC,Iteration,metricValue,convergenceValue,ITERATION_TIME_INDEX,SINCE_LAST
 2DIAGNOSTIC,     1, -6.521218419075e-01, inf, 2.9677e+00, 8.0346e-01, 
 2DIAGNOSTIC,     2, -6.525091528893e-01, inf, 3.1895e+00, 2.2180e-01, 
 2DIAGNOSTIC,     3, -6.526669263840e-01, inf, 3.4105e+00, 2.2098e-01, 
 2DIAGNOSTIC,     4, -6.527748107910e-01, inf, 3.7223e+00, 3.1184e-01, 
 2DIAGNOSTIC,     5, -6.527704000473e-01, inf, 4.0009e+00, 2.7860e-01, 
 2DIAGNOSTIC,     6, -6.527683734894e-01, inf, 4.3424e+00, 3.4149e-01, 
 2DIAGNOSTIC,     7, -6.527677178383e-01, inf, 4.6298e+00, 2.8735e-01, 
 2DIAGNOSTIC,     8, -6.527674198151e-01, inf, 4.8940e+00, 2.6421e-01, 
 2DIAGNOSTIC,     9, -6.527671813965e-01, inf, 5.2093e+00, 3.1533e-01, 
 2DIAGNOSTIC,    10, -6.527671813965e-01, 4.401279875310e-05, 5.4561e+00, 2.4676e-01, 
 2DIAGNOSTIC,    11, -6.527671813965e-01, 1.630197766644e-05, 5.7045e+00, 2.4844e-01, 
 2DIAGNOSTIC,    12, -6.527671217918e-01, 5.941159542999e-06, 5.9902e+00, 2.8570e-01, 
 2DIAGNOSTIC,    13, -6.527671217918e-01, 2.055988716165e-06, 6.2797e+00, 2.8948e-01, 
 2DIAGNOSTIC,    14, -6.527671217918e-01, 2.119933242284e-06, 6.5357e+00, 2.5602e-01, 
 2DIAGNOSTIC,    15, -6.527665257454e-01, 2.045240989901e-06, 6.7958e+00, 2.6005e-01, 
 2DIAGNOSTIC,    16, -6.527664065361e-01, 1.929204017870e-06, 7.0512e+00, 2.5540e-01, 
 2DIAGNOSTIC,    17, -6.527663469315e-01, 1.814014922275e-06, 7.3124e+00, 2.6123e-01, 
 2DIAGNOSTIC,    18, -6.527662873268e-01, 1.708212380436e-06, 7.5713e+00, 2.5891e-01, 
 2DIAGNOSTIC,    19, -6.527662277222e-01, 1.612206801838e-06, 7.8228e+00, 2.5151e-01, 
 2DIAGNOSTIC,    20, -6.527663469315e-01, 1.534384523438e-06, 8.0766e+00, 2.5381e-01, 
 2DIAGNOSTIC,    21, -6.527663469315e-01, 1.469235257900e-06, 8.3326e+00, 2.5602e-01, 
 2DIAGNOSTIC,    22, -6.527663469315e-01, 1.412939923284e-06, 8.5963e+00, 2.6364e-01, 
 2DIAGNOSTIC,    23, -6.527662873268e-01, 1.363396791021e-06, 8.8877e+00, 2.9137e-01, 
 2DIAGNOSTIC,    24, -6.527662277222e-01, 1.319062448601e-06, 9.1380e+00, 2.5035e-01, 
 2DIAGNOSTIC,    25, -6.527661681175e-01, 1.267476136491e-06, 9.3866e+00, 2.4855e-01, 
 2DIAGNOSTIC,    26, -6.527661681175e-01, 1.218324769070e-06, 9.6393e+00, 2.5278e-01, 
 2DIAGNOSTIC,    27, -6.527661681175e-01, 1.172367319668e-06, 9.8930e+00, 2.5362e-01, 
 2DIAGNOSTIC,    28, -6.527661085129e-01, 1.128442931986e-06, 1.0144e+01, 2.5103e-01, 
 2DIAGNOSTIC,    29, -6.527662873268e-01, 1.090059754461e-06, 1.0395e+01, 2.5088e-01, 
 2DIAGNOSTIC,    30, -6.527663469315e-01, 1.057401391336e-06, 1.0648e+01, 2.5288e-01, 
 2DIAGNOSTIC,    31, -6.527663469315e-01, 1.027104644891e-06, 1.0901e+01, 2.5328e-01, 
DIAGNOSTIC,Iteration,metricValue,convergenceValue,ITERATION_TIME_INDEX,SINCE_LAST
 2DIAGNOSTIC,     1, -5.816417336464e-01, inf, 1.3415e+01, 2.5144e+00, 
  Elapsed time (stage 0): 1.4707e+01


Stage 1
  iterations = 1000x500x250x0
  convergence threshold = 1.0000e-06
  convergence window size = 10
  number of levels = 4
  using the Mattes MI metric (number of bins = 32, weight = 1.0000e+00)
  preprocessing:  winsorizing the image intensities
  preprocessing:  histogram matching the images
  Shrink factors (level 1 out of 4): [6, 6, 6]
  Shrink factors (level 2 out of 4): [4, 4, 4]
