
Running N4 for 3-dimensional images.

Mask not read.  Using the entire image as the mask.

Original intensity range:  [0, 909]

***********************************************************
Warning:  Your input image contains nonpositive values
which could cause failure or problematic results.  A
possible workaround would be to:
   1. rescale your image to positive values e.g., [10,100].
   2. run N4 on your rescaled image.
   3. (optional) rescale the N4 output to the original
      intensity range.
***********************************************************

Specified spline distance: 200mm
  original image size:  [192, 256, 256]
  padded image size:  [201, 401, 401]
  number of control points:  [4, 5, 5]

Current level = 1
  Iteration 1 (of 50).   Current convergence value = 0.000359043 (threshold = 1e-08)
  Iteration 2 (of 50).   Current convergence value = 0.00033845 (threshold = 1e-08)
  Iteration 3 (of 50).   Current convergence value = 0.000262818 (threshold = 1e-08)
  Iteration 4 (of 50).   Current convergence value = 0.000192734 (threshold = 1e-08)
  Iteration 5 (of 50).   Current convergence value = 0.000144206 (threshold = 1e-08)
  Iteration 6 (of 50).   Current convergence value = 0.00011103 (threshold = 1e-08)
  Iteration 7 (of 50).   Current convergence value = 8.89749e-05 (threshold = 1e-08)
  Iteration 8 (of 50).   Current convergence value = 7.45626e-05 (threshold = 1e-08)
  Iteration 9 (of 50).   Current convergence value = 6.52652e-05 (threshold = 1e-08)
  Iteration 10 (of 50).   Current convergence value = 5.94407e-05 (threshold = 1e-08)
  Iteration 11 (of 50).   Current convergence value = 5.55434e-05 (threshold = 1e-08)
  Iteration 12 (of 50).   Current convergence value = 5.28508e-05 (threshold = 1e-08)
  Iteration 13 (of 50).   Current convergence value = 5.11062e-05 (threshold = 1e-08)
  Iteration 14 (of 50).   Current convergence value = 4.99226e-05 (threshold = 1e-08)
  Iteration 15 (of 50).   Current convergence value = 4.90723e-05 (threshold = 1e-08)
  Iteration 16 (of 50).   Current convergence value = 4.84899e-05 (threshold = 1e-08)
  Iteration 17 (of 50).   Current convergence value = 4.80546e-05 (threshold = 1e-08)
  Iteration 18 (of 50).   Current convergence value = 4.77882e-05 (threshold = 1e-08)
  Iteration 19 (of 50).   Current convergence value = 4.76555e-05 (threshold = 1e-08)
  Iteration 20 (of 50).   Current convergence value = 4.77078e-05 (threshold = 1e-08)
  Iteration 21 (of 50).   Current convergence value = 4.78578e-05 (threshold = 1e-08)
  Iteration 22 (of 50).   Current convergence value = 4.80675e-05 (threshold = 1e-08)
  Iteration 23 (of 50).   Current convergence value = 4.83533e-05 (threshold = 1e-08)
  Iteration 24 (of 50).   Current convergence value = 4.87766e-05 (threshold = 1e-08)
  Iteration 25 (of 50).   Current convergence value = 4.90994e-05 (threshold = 1e-08)
  Iteration 26 (of 50).   Current convergence value = 4.95533e-05 (threshold = 1e-08)
  Iteration 27 (of 50).   Current convergence value = 5.00889e-05 (threshold = 1e-08)
  Iteration 28 (of 50).   Current convergence value = 5.05904e-05 (threshold = 1e-08)
  Iteration 29 (of 50).   Current convergence value = 5.12361e-05 (threshold = 1e-08)
  Iteration 30 (of 50).   Current convergence value = 5.1765e-05 (threshold = 1e-08)
  Iteration 31 (of 50).   Current convergence value = 5.24701e-05 (threshold = 1e-08)
  Iteration 32 (of 50).   Current convergence value = 5.30102e-05 (threshold = 1e-08)
  Iteration 33 (of 50).   Current convergence value = 5.35929e-05 (threshold = 1e-08)
  Iteration 34 (of 50).   Current convergence value = 5.42615e-05 (threshold = 1e-08)
  Iteration 35 (of 50).   Current convergence value = 5.47772e-05 (threshold = 1e-08)
  Iteration 36 (of 50).   Current convergence value = 5.53517e-05 (threshold = 1e-08)
  Iteration 37 (of 50).   Current convergence value = 5.56901e-05 (threshold = 1e-08)
  Iteration 38 (of 50).   Current convergence value = 5.61504e-05 (threshold = 1e-08)
  Iteration 39 (of 50).   Current convergence value = 5.65934e-05 (threshold = 1e-08)
  Iteration 40 (of 50).   Current convergence value = 5.71037e-05 (threshold = 1e-08)
  Iteration 41 (of 50).   Current convergence value = 5.74845e-05 (threshold = 1e-08)
  Iteration 42 (of 50).   Current convergence value = 5.77405e-05 (threshold = 1e-08)
  Iteration 43 (of 50).   Current convergence value = 5.81088e-05 (threshold = 1e-08)
  Iteration 44 (of 50).   Current convergence value = 5.85322e-05 (threshold = 1e-08)
  Iteration 45 (of 50).   Current convergence value = 5.88123e-05 (threshold = 1e-08)
  Iteration 46 (of 50).   Current convergence value = 5.90374e-05 (threshold = 1e-08)
  Iteration 47 (of 50).   Current convergence value = 5.93337e-05 (threshold = 1e-08)
  Iteration 48 (of 50).   Current convergence value = 5.97157e-05 (threshold = 1e-08)
  Iteration 49 (of 50).   Current convergence value = 6.00459e-05 (threshold = 1e-08)
  Iteration 50 (of 50).   Current convergence value = 6.04477e-05 (threshold = 1e-08)
Current level = 2
  Iteration 1 (of 50).   Current convergence value = 0.00055015 (threshold = 1e-08)
  Iteration 2 (of 50).   Current convergence value = 0.000513774 (threshold = 1e-08)
  Iteration 3 (of 50).   Current convergence value = 0.000490509 (threshold = 1e-08)
  Iteration 4 (of 50).   Current convergence value = 0.000470625 (threshold = 1e-08)
  Iteration 5 (of 50).   Current convergence value = 0.000452162 (threshold = 1e-08)
  Iteration 6 (of 50).   Current convergence value = 0.000434165 (threshold = 1e-08)
  Iteration 7 (of 50).   Current convergence value = 0.000416239 (threshold = 1e-08)
  Iteration 8 (of 50).   Current convergence value = 0.000399342 (threshold = 1e-08)
  Iteration 9 (of 50).   Current convergence value = 0.000382306 (threshold = 1e-08)
  Iteration 10 (of 50).   Current convergence value = 0.000366168 (threshold = 1e-08)
  Iteration 11 (of 50).   Current convergence value = 0.000350494 (threshold = 1e-08)
  Iteration 12 (of 50).   Current convergence value = 0.000336083 (threshold = 1e-08)
  Iteration 13 (of 50).   Current convergence value = 0.000323125 (threshold = 1e-08)
  Iteration 14 (of 50).   Current convergence value = 0.000311653 (threshold = 1e-08)
  Iteration 15 (of 50).   Current convergence value = 0.000301541 (threshold = 1e-08)
  Iteration 16 (of 50).   Current convergence value = 0.000292586 (threshold = 1e-08)
  Iteration 17 (of 50).   Current convergence value = 0.000284461 (threshold = 1e-08)
  Iteration 18 (of 50).   Current convergence value = 0.000277504 (threshold = 1e-08)
  Iteration 19 (of 50).   Current convergence value = 0.000270315 (threshold = 1e-08)
  Iteration 20 (of 50).   Current convergence value = 0.000263749 (threshold = 1e-08)
  Iteration 21 (of 50).   Current convergence value = 0.000257922 (threshold = 1e-08)
  Iteration 22 (of 50).   Current convergence value = 0.000252617 (threshold = 1e-08)
  Iteration 23 (of 50).   Current convergence value = 0.000247976 (threshold = 1e-08)
  Iteration 24 (of 50).   Current convergence value = 0.000243399 (threshold = 1e-08)
  Iteration 25 (of 50).   Current convergence value = 0.000239408 (threshold = 1e-08)
  Iteration 26 (of 50).   Current convergence value = 0.000235783 (threshold = 1e-08)
  Iteration 27 (of 50).   Current convergence value = 0.00023236 (threshold = 1e-08)
  Iteration 28 (of 50).   Current convergence value = 0.000229174 (threshold = 1e-08)
  Iteration 29 (of 50).   Current convergence value = 0.000226179 (threshold = 1e-08)
  Iteration 30 (of 50).   Current convergence value = 0.000223377 (threshold = 1e-08)
  Iteration 31 (of 50).   Current convergence value = 0.00022078 (threshold = 1e-08)
  Iteration 32 (of 50).   Current convergence value = 0.000218325 (threshold = 1e-08)
  Iteration 33 (of 50).   Current convergence value = 0.000216044 (threshold = 1e-08)
  Iteration 34 (of 50).   Current convergence value = 0.000213862 (threshold = 1e-08)
  Iteration 35 (of 50).   Current convergence value = 0.000211792 (threshold = 1e-08)
  Iteration 36 (of 50).   Current convergence value = 0.000209882 (threshold = 1e-08)
  Iteration 37 (of 50).   Current convergence value = 0.000208033 (threshold = 1e-08)
  Iteration 38 (of 50).   Current convergence value = 0.000206305 (threshold = 1e-08)
  Iteration 39 (of 50).   Current convergence value = 0.000204535 (threshold = 1e-08)
  Iteration 40 (of 50).   Current convergence value = 0.000202955 (threshold = 1e-08)
  Iteration 41 (of 50).   Current convergence value = 0.000201358 (threshold = 1e-08)
  Iteration 42 (of 50).   Current convergence value = 0.000199387 (threshold = 1e-08)
  Iteration 43 (of 50).   Current convergence value = 0.00019761 (threshold = 1e-08)
  Iteration 44 (of 50).   Current convergence value = 0.00019563 (threshold = 1e-08)
  Iteration 45 (of 50).   Current convergence value = 0.000193821 (threshold = 1e-08)
  Iteration 46 (of 50).   Current convergence value = 0.00019202 (threshold = 1e-08)
  Iteration 47 (of 50).   Current convergence value = 0.000190355 (threshold = 1e-08)
  Iteration 48 (of 50).   Current convergence value = 0.000188773 (threshold = 1e-08)
  Iteration 49 (of 50).   Current convergence value = 0.000187292 (threshold = 1e-08)
  Iteration 50 (of 50).   Current convergence value = 0.000185693 (threshold = 1e-08)
Current level = 3
  Iteration 1 (of 40).   Current convergence value = 0.00159758 (threshold = 1e-08)
  Iteration 2 (of 40).   Current convergence value = 0.00149085 (threshold = 1e-08)
  Iteration 3 (of 40).   Current convergence value = 0.00140933 (threshold = 1e-08)
  Iteration 4 (of 40).   Current convergence value = 0.00134203 (threshold = 1e-08)
  Iteration 5 (of 40).   Current convergence value = 0.00128922 (threshold = 1e-08)
  Iteration 6 (of 40).   Current convergence value = 0.00124075 (threshold = 1e-08)
  Iteration 7 (of 40).   Current convergence value = 0.00120881 (threshold = 1e-08)
  Iteration 8 (of 40).   Current convergence value = 0.00118324 (threshold = 1e-08)
  Iteration 9 (of 40).   Current convergence value = 0.00116044 (threshold = 1e-08)
  Iteration 10 (of 40).   Current convergence value = 0.00114252 (threshold = 1e-08)
  Iteration 11 (of 40).   Current convergence value = 0.0011307 (threshold = 1e-08)
  Iteration 12 (of 40).   Current convergence value = 0.00112515 (threshold = 1e-08)
  Iteration 13 (of 40).   Current convergence value = 0.0010731 (threshold = 1e-08)
  Iteration 14 (of 40).   Current convergence value = 0.00100188 (threshold = 1e-08)
  Iteration 15 (of 40).   Current convergence value = 0.000945088 (threshold = 1e-08)
  Iteration 16 (of 40).   Current convergence value = 0.000892617 (threshold = 1e-08)
  Iteration 17 (of 40).   Current convergence value = 0.000836426 (threshold = 1e-08)
  Iteration 18 (of 40).   Current convergence value = 0.00079096 (threshold = 1e-08)
  Iteration 19 (of 40).   Current convergence value = 0.000753319 (threshold = 1e-08)
  Iteration 20 (of 40).   Current convergence value = 0.000722374 (threshold = 1e-08)
  Iteration 21 (of 40).   Current convergence value = 0.000696905 (threshold = 1e-08)
  Iteration 22 (of 40).   Current convergence value = 0.000675977 (threshold = 1e-08)
  Iteration 23 (of 40).   Current convergence value = 0.000658994 (threshold = 1e-08)
  Iteration 24 (of 40).   Current convergence value = 0.00064492 (threshold = 1e-08)
  Iteration 25 (of 40).   Current convergence value = 0.000634149 (threshold = 1e-08)
  Iteration 26 (of 40).   Current convergence value = 0.000626318 (threshold = 1e-08)
  Iteration 27 (of 40).   Current convergence value = 0.000620843 (threshold = 1e-08)
  Iteration 28 (of 40).   Current convergence value = 0.000618035 (threshold = 1e-08)
  Iteration 29 (of 40).   Current convergence value = 0.000605566 (threshold = 1e-08)
  Iteration 30 (of 40).   Current convergence value = 0.000593894 (threshold = 1e-08)
  Iteration 31 (of 40).   Current convergence value = 0.000586185 (threshold = 1e-08)
  Iteration 32 (of 40).   Current convergence value = 0.000581614 (threshold = 1e-08)
  Iteration 33 (of 40).   Current convergence value = 0.000556017 (threshold = 1e-08)
  Iteration 34 (of 40).   Current convergence value = 0.000509414 (threshold = 1e-08)
  Iteration 35 (of 40).   Current convergence value = 0.000471731 (threshold = 1e-08)
  Iteration 36 (of 40).   Current convergence value = 0.000440392 (threshold = 1e-08)
  Iteration 37 (of 40).   Current convergence value = 0.000413657 (threshold = 1e-08)
  Iteration 38 (of 40).   Current convergence value = 0.000390334 (threshold = 1e-08)
  Iteration 39 (of 40).   Current convergence value = 0.000369886 (threshold = 1e-08)
  Iteration 40 (of 40).   Current convergence value = 0.000351607 (threshold = 1e-08)
Current level = 4
  Iteration 1 (of 30).   Current convergence value = 0.00197469 (threshold = 1e-08)
  Iteration 2 (of 30).   Current convergence value = 0.00176324 (threshold = 1e-08)
  Iteration 3 (of 30).   Current convergence value = 0.00174614 (threshold = 1e-08)
  Iteration 4 (of 30).   Current convergence value = 0.00174631 (threshold = 1e-08)
  Iteration 5 (of 30).   Current convergence value = 0.00175688 (threshold = 1e-08)
  Iteration 6 (of 30).   Current convergence value = 0.00176609 (threshold = 1e-08)
  Iteration 7 (of 30).   Current convergence value = 0.00177096 (threshold = 1e-08)
  Iteration 8 (of 30).   Current convergence value = 0.00177645 (threshold = 1e-08)
  Iteration 9 (of 30).   Current convergence value = 0.00176238 (threshold = 1e-08)
  Iteration 10 (of 30).   Current convergence value = 0.00174157 (threshold = 1e-08)
  Iteration 11 (of 30).   Current convergence value = 0.00174446 (threshold = 1e-08)
  Iteration 12 (of 30).   Current convergence value = 0.00180967 (threshold = 1e-08)
  Iteration 13 (of 30).   Current convergence value = 0.00179708 (threshold = 1e-08)
  Iteration 14 (of 30).   Current convergence value = 0.00175814 (threshold = 1e-08)
  Iteration 15 (of 30).   Current convergence value = 0.00176108 (threshold = 1e-08)
  Iteration 16 (of 30).   Current convergence value = 0.00177726 (threshold = 1e-08)
  Iteration 17 (of 30).   Current convergence value = 0.00179269 (threshold = 1e-08)
  Iteration 18 (of 30).   Current convergence value = 0.00179518 (threshold = 1e-08)
  Iteration 19 (of 30).   Current convergence value = 0.00178079 (threshold = 1e-08)
  Iteration 20 (of 30).   Current convergence value = 0.0017501 (threshold = 1e-08)
  Iteration 21 (of 30).   Current convergence value = 0.00176178 (threshold = 1e-08)
  Iteration 22 (of 30).   Current convergence value = 0.00175888 (threshold = 1e-08)
  Iteration 23 (of 30).   Current convergence value = 0.00173268 (threshold = 1e-08)
  Iteration 24 (of 30).   Current convergence value = 0.00167796 (threshold = 1e-08)
  Iteration 25 (of 30).   Current convergence value = 0.0015915 (threshold = 1e-08)
  Iteration 26 (of 30).   Current convergence value = 0.00147872 (threshold = 1e-08)
  Iteration 27 (of 30).   Current convergence value = 0.00144374 (threshold = 1e-08)
  Iteration 28 (of 30).   Current convergence value = 0.00148588 (threshold = 1e-08)
  Iteration 29 (of 30).   Current convergence value = 0.00152616 (threshold = 1e-08)
  Iteration 30 (of 30).   Current convergence value = 0.0015634 (threshold = 1e-08)
   N4BiasFieldCorrectionImageFilter (0x558b39a2ae20)
     RTTI typeinfo:   itk::N4BiasFieldCorrectionImageFilter<itk::Image<float, 3u>, itk::Image<float, 3u>, itk::Image<float, 3u> >
     Reference Count: 1
     Modified Time: 565
     Debug: Off
     Object Name: 
     Observers: 
       IterationEvent(Command)
     Inputs: 
       ConfidenceImage: (0)
       MaskImage: (0x558b39a55540)
       Primary: (0x558b39a50a40) *
     Indexed Inputs: 
       0: Primary (0x558b39a50a40)
       1: MaskImage (0x558b39a55540)
       2: ConfidenceImage (0)
     Required Input Names: Primary
     NumberOfRequiredInputs: 1
     Outputs: 
       Primary: (0x558b39a3aef0)
     Indexed Outputs: 
       0: Primary (0x558b39a3aef0)
     NumberOfRequiredOutputs: 1
     Number Of Work Units: 32
     ReleaseDataFlag: Off
     ReleaseDataBeforeUpdateFlag: Off
     AbortGenerateData: Off
     Progress: 0
     Multithreader: 
       RTTI typeinfo:   itk::PoolMultiThreader
       Reference Count: 1
       Modified Time: 144
       Debug: Off
       Object Name: 
       Observers: 
         none
       Number of Work Units: 32
       Number of Threads: 8
       Global Maximum Number Of Threads: 128
       Global Default Number Of Threads: 8
       Global Default Threader Type: itk::MultiThreaderBaseEnums::Threader::Pool
       SingleMethod: 0
       SingleData: 0
     DynamicMultiThreading: On
     CoordinateTolerance: 1e-06
     DirectionTolerance: 1e-06
     Use Mask Label: 0
     Mask label: 1
     Number of histogram bins: 200
     Wiener filter noise: 0.01
     Bias field FWHM: 0.15
     Maximum number of iterations: [50, 50, 40, 30]
     Convergence threshold: 1e-08
     Spline order: 3
     Number of fitting levels: [4, 4, 4]
     Number of control points: [4, 5, 5]
     CurrentConvergenceMeasurement: 0.0015634
     CurrentLevel: 4
     ElapsedIterations: 31
     LogBiasFieldControlPointLattice: 
       Image (0x558b44a86de0)
         RTTI typeinfo:   itk::Image<itk::Vector<float, 1u>, 3u>
         Reference Count: 1
         Modified Time: 343560
         Debug: Off
         Object Name: 
         Observers: 
           none
         Source: (none)
         Source output name: (none)
         Release Data: Off
         Data Released: False
         Global Release Data: Off
         PipelineMTime: 0
         UpdateMTime: 0
         RealTimeStamp: 0 seconds 
         LargestPossibleRegion: 
           Dimension: 3
           Index: [0, 0, 0]
           Size: [11, 19, 19]
         BufferedRegion: 
           Dimension: 3
           Index: [0, 0, 0]
           Size: [11, 19, 19]
         RequestedRegion: 
           Dimension: 3
           Index: [0, 0, 0]
           Size: [11, 19, 19]
         Spacing: [24.75, 24.875, 24.875]
         Origin: [24.5746, 23.5272, -26.3183]
         Direction: 
-0.999981 0.00608391 0.000950037
-0.00601799 -0.998273 0.058442
0.00130395 0.0584352 0.99829

         IndexToPointMatrix: 
-24.7495 0.151337 0.0236322
-0.148945 -24.832 1.45375
0.0322728 1.45358 24.8325

         PointToIndexMatrix: 
-0.0404033 -0.000243151 5.26849e-05
0.000244579 -0.0401316 0.00234915
3.81925e-05 0.00234943 0.0401323

         Inverse Direction: 
-0.999981 -0.00601799 0.00130395
0.00608391 -0.998273 0.0584352
0.000950037 0.058442 0.99829

         PixelContainer: 
           ImportImageContainer (0x558b44a80e50)
             RTTI typeinfo:   itk::ImportImageContainer<unsigned long, itk::Vector<float, 1u> >
             Reference Count: 1
             Modified Time: 343561
             Debug: Off
             Object Name: 
             Observers: 
               none
             Pointer: 0x558b43bc65d0
             Container manages memory: true
             Size: 3971
             Capacity: 3971
Elapsed time: 267.447
All_Command_lines_OK
Using single precision for computations.
=============================================================================
The composite transform comprises the following transforms (in order): 
  1. Center of mass alignment using fixed image: /home/mpib/nemecz/Projects/miniTRK/Results/01_MRI/GroupTempl/T1w/T_template0.nii.gz and moving image: /home/mpib/nemecz/Projects/miniTRK/Analysis/01_MRI/Preproc/GroupTempl/T1w/sub-193847_T1w.nii.gz (type = Euler3DTransform)
=============================================================================
  number of levels = 4
  number of levels = 4
  number of levels = 4
  fixed image: /home/mpib/nemecz/Projects/miniTRK/Results/01_MRI/GroupTempl/T1w/T_template0.nii.gz
  moving image: /home/mpib/nemecz/Projects/miniTRK/Results/01_MRI/GroupTempl/T1w/T_template0sub-193847_T1wRepaired.nii.gz
  fixed image: /home/mpib/nemecz/Projects/miniTRK/Results/01_MRI/GroupTempl/T1w/T_template0.nii.gz
  moving image: /home/mpib/nemecz/Projects/miniTRK/Results/01_MRI/GroupTempl/T1w/T_template0sub-193847_T1wRepaired.nii.gz
  fixed image: /home/mpib/nemecz/Projects/miniTRK/Results/01_MRI/GroupTempl/T1w/T_template0.nii.gz
  moving image: /home/mpib/nemecz/Projects/miniTRK/Results/01_MRI/GroupTempl/T1w/T_template0sub-193847_T1wRepaired.nii.gz
Dimension = 3
Number of stages = 3
Use Histogram Matching true
Winsorize image intensities true
Lower quantile = 0.01
Upper quantile = 0.99
Stage 1 State
   Image metric = Mattes
     Fixed image = Image (0x5582d6eb5ad0)
  RTTI typeinfo:   itk::Image<float, 3u>
  Reference Count: 2
  Modified Time: 1721
  Debug: Off
  Object Name: 
  Observers: 
    none
  Source: (none)
  Source output name: (none)
  Release Data: Off
  Data Released: False
  Global Release Data: Off
  PipelineMTime: 0
  UpdateMTime: 1506
  RealTimeStamp: 0 seconds 
  LargestPossibleRegion: 
    Dimension: 3
    Index: [0, 0, 0]
    Size: [192, 256, 256]
  BufferedRegion: 
    Dimension: 3
    Index: [0, 0, 0]
    Size: [192, 256, 256]
  RequestedRegion: 
    Dimension: 3
    Index: [0, 0, 0]
    Size: [192, 256, 256]
  Spacing: [1, 1, 1]
  Origin: [95.0313, 100.538, -154.123]
  Direction: 
-0.999853 -0.014134 -0.00966312
0.014129 -0.9999 0.000586045
-0.00967044 0.000449429 0.999953

  IndexToPointMatrix: 
-0.999853 -0.014134 -0.00966312
0.014129 -0.9999 0.000586045
-0.00967044 0.000449429 0.999953

  PointToIndexMatrix: 
-0.999853 0.014129 -0.00967044
-0.014134 -0.9999 0.000449429
-0.00966312 0.000586045 0.999953

  Inverse Direction: 
-0.999853 0.014129 -0.00967044
-0.014134 -0.9999 0.000449429
-0.00966312 0.000586045 0.999953

  PixelContainer: 
    ImportImageContainer (0x5582d6ebdc80)
      RTTI typeinfo:   itk::ImportImageContainer<unsigned long, float>
      Reference Count: 1
      Modified Time: 1503
      Debug: Off
      Object Name: 
      Observers: 
        none
      Pointer: 0x7f1d0e416010
      Container manages memory: true
      Size: 12582912
      Capacity: 12582912

     Moving image = Image (0x5582d6ec1e40)
  RTTI typeinfo:   itk::Image<float, 3u>
  Reference Count: 2
  Modified Time: 1722
  Debug: Off
  Object Name: 
  Observers: 
    none
  Source: (none)
  Source output name: (none)
  Release Data: Off
  Data Released: False
  Global Release Data: Off
  PipelineMTime: 0
  UpdateMTime: 1719
  RealTimeStamp: 0 seconds 
  LargestPossibleRegion: 
    Dimension: 3
    Index: [0, 0, 0]
    Size: [192, 256, 256]
  BufferedRegion: 
    Dimension: 3
    Index: [0, 0, 0]
    Size: [192, 256, 256]
  RequestedRegion: 
    Dimension: 3
    Index: [0, 0, 0]
    Size: [192, 256, 256]
  Spacing: [1, 1, 1]
  Origin: [93.1805, 92.9992, -159.088]
  Direction: 
-0.999981 0.00608391 0.000950037
-0.00601799 -0.998273 0.058442
0.00130395 0.0584352 0.99829

  IndexToPointMatrix: 
-0.999981 0.00608391 0.000950037
-0.00601799 -0.998273 0.058442
0.00130395 0.0584352 0.99829

  PointToIndexMatrix: 
-0.999981 -0.00601799 0.00130395
0.00608391 -0.998273 0.0584352
0.000950037 0.058442 0.99829

  Inverse Direction: 
-0.999981 -0.00601799 0.00130395
0.00608391 -0.998273 0.0584352
0.000950037 0.058442 0.99829

  PixelContainer: 
    ImportImageContainer (0x5582d6eb92d0)
      RTTI typeinfo:   itk::ImportImageContainer<unsigned long, float>
      Reference Count: 1
      Modified Time: 1716
      Debug: Off
      Object Name: 
      Observers: 
        none
      Pointer: 0x7f1d0b415010
      Container manages memory: true
      Size: 12582912
      Capacity: 12582912

     Weighting = 1
     Sampling strategy = regular
     Number of bins = 32
     Radius = 4
     Sampling percentage  = 0.25
   Transform = Rigid
     Gradient step = 0.1
     Update field sigma (voxel space) = 0
     Total field sigma (voxel space) = 0
     Update field time sigma = 0
     Total field time sigma  = 0
     Number of time indices = 0
     Number of time point samples = 0
Stage 2 State
   Image metric = Mattes
     Fixed image = Image (0x5582d6ece8d0)
  RTTI typeinfo:   itk::Image<float, 3u>
  Reference Count: 2
  Modified Time: 2149
  Debug: Off
  Object Name: 
  Observers: 
    none
  Source: (none)
  Source output name: (none)
  Release Data: Off
  Data Released: False
  Global Release Data: Off
  PipelineMTime: 0
  UpdateMTime: 1934
  RealTimeStamp: 0 seconds 
  LargestPossibleRegion: 
    Dimension: 3
    Index: [0, 0, 0]
    Size: [192, 256, 256]
  BufferedRegion: 
    Dimension: 3
    Index: [0, 0, 0]
    Size: [192, 256, 256]
  RequestedRegion: 
    Dimension: 3
    Index: [0, 0, 0]
    Size: [192, 256, 256]
  Spacing: [1, 1, 1]
  Origin: [95.0313, 100.538, -154.123]
  Direction: 
-0.999853 -0.014134 -0.00966312
0.014129 -0.9999 0.000586045
-0.00967044 0.000449429 0.999953

  IndexToPointMatrix: 
-0.999853 -0.014134 -0.00966312
0.014129 -0.9999 0.000586045
-0.00967044 0.000449429 0.999953

  PointToIndexMatrix: 
-0.999853 0.014129 -0.00967044
-0.014134 -0.9999 0.000449429
-0.00966312 0.000586045 0.999953

  Inverse Direction: 
-0.999853 0.014129 -0.00967044
-0.014134 -0.9999 0.000449429
-0.00966312 0.000586045 0.999953

  PixelContainer: 
    ImportImageContainer (0x5582d6ebe6a0)
      RTTI typeinfo:   itk::ImportImageContainer<unsigned long, float>
      Reference Count: 1
      Modified Time: 1931
      Debug: Off
      Object Name: 
      Observers: 
        none
      Pointer: 0x7f1d08414010
      Container manages memory: true
      Size: 12582912
      Capacity: 12582912

     Moving image = Image (0x5582d6ece530)
  RTTI typeinfo:   itk::Image<float, 3u>
  Reference Count: 2
  Modified Time: 2150
  Debug: Off
  Object Name: 
  Observers: 
    none
  Source: (none)
  Source output name: (none)
  Release Data: Off
  Data Released: False
  Global Release Data: Off
  PipelineMTime: 0
  UpdateMTime: 2147
  RealTimeStamp: 0 seconds 
  LargestPossibleRegion: 
    Dimension: 3
    Index: [0, 0, 0]
    Size: [192, 256, 256]
  BufferedRegion: 
    Dimension: 3
    Index: [0, 0, 0]
    Size: [192, 256, 256]
  RequestedRegion: 
    Dimension: 3
    Index: [0, 0, 0]
    Size: [192, 256, 256]
  Spacing: [1, 1, 1]
  Origin: [93.1805, 92.9992, -159.088]
  Direction: 
-0.999981 0.00608391 0.000950037
-0.00601799 -0.998273 0.058442
0.00130395 0.0584352 0.99829

  IndexToPointMatrix: 
-0.999981 0.00608391 0.000950037
-0.00601799 -0.998273 0.058442
0.00130395 0.0584352 0.99829

  PointToIndexMatrix: 
-0.999981 -0.00601799 0.00130395
0.00608391 -0.998273 0.0584352
0.000950037 0.058442 0.99829

  Inverse Direction: 
-0.999981 -0.00601799 0.00130395
0.00608391 -0.998273 0.0584352
0.000950037 0.058442 0.99829

  PixelContainer: 
    ImportImageContainer (0x5582d6ecf8a0)
      RTTI typeinfo:   itk::ImportImageContainer<unsigned long, float>
      Reference Count: 1
      Modified Time: 2144
      Debug: Off
      Object Name: 
      Observers: 
        none
      Pointer: 0x7f1d05413010
      Container manages memory: true
      Size: 12582912
      Capacity: 12582912

     Weighting = 1
     Sampling strategy = regular
     Number of bins = 32
     Radius = 4
     Sampling percentage  = 0.25
   Transform = Affine
     Gradient step = 0.1
     Update field sigma (voxel space) = 0
     Total field sigma (voxel space) = 0
     Update field time sigma = 0
     Total field time sigma  = 0
     Number of time indices = 0
     Number of time point samples = 0
Stage 3 State
   Image metric = CC
     Fixed image = Image (0x5582d6ed5a00)
  RTTI typeinfo:   itk::Image<float, 3u>
  Reference Count: 2
  Modified Time: 2577
  Debug: Off
  Object Name: 
  Observers: 
    none
  Source: (none)
  Source output name: (none)
  Release Data: Off
  Data Released: False
  Global Release Data: Off
  PipelineMTime: 0
  UpdateMTime: 2362
  RealTimeStamp: 0 seconds 
  LargestPossibleRegion: 
    Dimension: 3
    Index: [0, 0, 0]
    Size: [192, 256, 256]
  BufferedRegion: 
    Dimension: 3
    Index: [0, 0, 0]
    Size: [192, 256, 256]
  RequestedRegion: 
    Dimension: 3
    Index: [0, 0, 0]
    Size: [192, 256, 256]
  Spacing: [1, 1, 1]
  Origin: [95.0313, 100.538, -154.123]
  Direction: 
-0.999853 -0.014134 -0.00966312
0.014129 -0.9999 0.000586045
-0.00967044 0.000449429 0.999953

  IndexToPointMatrix: 
-0.999853 -0.014134 -0.00966312
0.014129 -0.9999 0.000586045
-0.00967044 0.000449429 0.999953

  PointToIndexMatrix: 
-0.999853 0.014129 -0.00967044
-0.014134 -0.9999 0.000449429
-0.00966312 0.000586045 0.999953

  Inverse Direction: 
-0.999853 0.014129 -0.00967044
-0.014134 -0.9999 0.000449429
-0.00966312 0.000586045 0.999953

  PixelContainer: 
    ImportImageContainer (0x5582d6eb7b50)
      RTTI typeinfo:   itk::ImportImageContainer<unsigned long, float>
      Reference Count: 1
      Modified Time: 2359
      Debug: Off
      Object Name: 
      Observers: 
        none
      Pointer: 0x7f1d02412010
      Container manages memory: true
      Size: 12582912
      Capacity: 12582912

     Moving image = Image (0x5582d6ed2d50)
  RTTI typeinfo:   itk::Image<float, 3u>
  Reference Count: 2
  Modified Time: 2578
  Debug: Off
  Object Name: 
  Observers: 
    none
  Source: (none)
  Source output name: (none)
  Release Data: Off
  Data Released: False
  Global Release Data: Off
  PipelineMTime: 0
  UpdateMTime: 2575
  RealTimeStamp: 0 seconds 
  LargestPossibleRegion: 
    Dimension: 3
    Index: [0, 0, 0]
    Size: [192, 256, 256]
  BufferedRegion: 
    Dimension: 3
    Index: [0, 0, 0]
    Size: [192, 256, 256]
  RequestedRegion: 
    Dimension: 3
    Index: [0, 0, 0]
    Size: [192, 256, 256]
  Spacing: [1, 1, 1]
  Origin: [93.1805, 92.9992, -159.088]
  Direction: 
-0.999981 0.00608391 0.000950037
-0.00601799 -0.998273 0.058442
0.00130395 0.0584352 0.99829

  IndexToPointMatrix: 
-0.999981 0.00608391 0.000950037
-0.00601799 -0.998273 0.058442
0.00130395 0.0584352 0.99829

  PointToIndexMatrix: 
-0.999981 -0.00601799 0.00130395
0.00608391 -0.998273 0.0584352
0.000950037 0.058442 0.99829

  Inverse Direction: 
-0.999981 -0.00601799 0.00130395
0.00608391 -0.998273 0.0584352
0.000950037 0.058442 0.99829

  PixelContainer: 
    ImportImageContainer (0x5582d6ed1b00)
      RTTI typeinfo:   itk::ImportImageContainer<unsigned long, float>
      Reference Count: 1
      Modified Time: 2572
      Debug: Off
      Object Name: 
      Observers: 
        none
      Pointer: 0x7f1cff411010
      Container manages memory: true
      Size: 12582912
      Capacity: 12582912

     Weighting = 1
     Sampling strategy = none
     Number of bins = 32
     Radius = 4
     Sampling percentage  = 1
   Transform = SyN
     Gradient step = 0.1
     Update field sigma (voxel space) = 3
     Total field sigma (voxel space) = 0
     Update field time sigma = 0
     Total field time sigma  = 0
     Number of time indices = 0
     Number of time point samples = 0
Registration using 3 total stages.

Stage 0
  iterations = 1000x500x250x0
  convergence threshold = 1e-06
  convergence window size = 10
  number of levels = 4
  using the Mattes MI metric (number of bins = 32, weight = 1)
  preprocessing:  winsorizing the image intensities
  preprocessing:  histogram matching the images
  Shrink factors (level 1 out of 4): [6, 6, 6]
  Shrink factors (level 2 out of 4): [4, 4, 4]
  Shrink factors (level 3 out of 4): [2, 2, 2]
  Shrink factors (level 4 out of 4): [1, 1, 1]
  smoothing sigmas per level: [4, 2, 1, 0]
  regular sampling (percentage = 0.25)

*** Running Euler3DTransform registration ***

DIAGNOSTIC,Iteration,metricValue,convergenceValue,ITERATION_TIME_INDEX,SINCE_LAST
 2DIAGNOSTIC,     1, -8.389449715614e-01, inf, 5.5857e-01, 5.5857e-01, 
 2DIAGNOSTIC,     2, -8.401423692703e-01, inf, 5.6868e-01, 1.0105e-02, 
 2DIAGNOSTIC,     3, -8.418422937393e-01, inf, 5.7764e-01, 8.9631e-03, 
 2DIAGNOSTIC,     4, -8.441331386566e-01, inf, 5.8692e-01, 9.2762e-03, 
 2DIAGNOSTIC,     5, -8.471036553383e-01, inf, 5.9629e-01, 9.3720e-03, 
 2DIAGNOSTIC,     6, -8.505803346634e-01, inf, 6.0559e-01, 9.3031e-03, 
 2DIAGNOSTIC,     7, -8.557351827621e-01, inf, 6.1466e-01, 9.0661e-03, 
 2DIAGNOSTIC,     8, -8.694339990616e-01, inf, 6.2477e-01, 1.0116e-02, 
 2DIAGNOSTIC,     9, -8.724101185799e-01, inf, 6.3584e-01, 1.1070e-02, 
 2DIAGNOSTIC,    10, -8.755233287811e-01, 3.004217287526e-03, 6.4419e-01, 8.3499e-03, 
 2DIAGNOSTIC,    11, -8.789435029030e-01, 3.002177691087e-03, 6.5209e-01, 7.8919e-03, 
 2DIAGNOSTIC,    12, -8.893895745277e-01, 3.046780824661e-03, 6.7337e-01, 2.1280e-02, 
 2DIAGNOSTIC,    13, -8.894274234772e-01, 2.843100577593e-03, 6.8138e-01, 8.0168e-03, 
 2DIAGNOSTIC,    14, -8.895866274834e-01, 2.472138497978e-03, 6.8952e-01, 8.1401e-03, 
 2DIAGNOSTIC,    15, -8.898363709450e-01, 2.003581030294e-03, 6.9755e-01, 8.0290e-03, 
 2DIAGNOSTIC,    16, -8.901715278625e-01, 1.489113201387e-03, 7.0590e-01, 8.3499e-03, 
 2DIAGNOSTIC,    17, -8.906636834145e-01, 9.991769911721e-04, 7.1435e-01, 8.4450e-03, 
 2DIAGNOSTIC,    18, -8.911774158478e-01, 7.305045728572e-04, 7.2272e-01, 8.3768e-03, 
 2DIAGNOSTIC,    19, -8.915430903435e-01, 4.827610682696e-04, 7.3086e-01, 8.1382e-03, 
 2DIAGNOSTIC,    20, -8.916522860527e-01, 2.686922671273e-04, 7.3961e-01, 8.7459e-03, 
 2DIAGNOSTIC,    21, -8.916957378387e-01, 9.976165165426e-05, 7.4859e-01, 8.9781e-03, 
 2DIAGNOSTIC,    22, -8.916786909103e-01, 9.162717469735e-05, 7.5939e-01, 1.0803e-02, 
 2DIAGNOSTIC,    23, -8.916400671005e-01, 7.570315938210e-05, 7.6862e-01, 9.2311e-03, 
 2DIAGNOSTIC,    24, -8.917147517204e-01, 5.731231794925e-05, 7.7824e-01, 9.6180e-03, 
 2DIAGNOSTIC,    25, -8.917494416237e-01, 3.884241596097e-05, 7.8644e-01, 8.2009e-03, 
 2DIAGNOSTIC,    26, -8.917660117149e-01, 2.263147325721e-05, 7.9459e-01, 8.1520e-03, 
 2DIAGNOSTIC,    27, -8.918716311455e-01, 1.272094323213e-05, 8.0492e-01, 1.0327e-02, 
 2DIAGNOSTIC,    28, -8.918945789337e-01, 8.534917469660e-06, 8.1423e-01, 9.3160e-03, 
 2DIAGNOSTIC,    29, -8.918818831444e-01, 7.850660040276e-06, 8.2232e-01, 8.0819e-03, 
 2DIAGNOSTIC,    30, -8.918789625168e-01, 7.715596439084e-06, 8.3051e-01, 8.1990e-03, 
 2DIAGNOSTIC,    31, -8.919531106949e-01, 8.195997907023e-06, 8.3977e-01, 9.2540e-03, 
 2DIAGNOSTIC,    32, -8.920202851295e-01, 8.457370313408e-06, 8.4884e-01, 9.0709e-03, 
 2DIAGNOSTIC,    33, -8.919982910156e-01, 7.370881121460e-06, 8.5661e-01, 7.7751e-03, 
 2DIAGNOSTIC,    34, -8.920142054558e-01, 6.638522336289e-06, 8.6730e-01, 1.0683e-02, 
 2DIAGNOSTIC,    35, -8.919854164124e-01, 5.475174930325e-06, 8.7502e-01, 7.7240e-03, 
 2DIAGNOSTIC,    36, -8.919891119003e-01, 4.092045401194e-06, 8.8281e-01, 7.7908e-03, 
 2DIAGNOSTIC,    37, -8.919932842255e-01, 3.417190555410e-06, 8.9248e-01, 9.6679e-03, 
 2DIAGNOSTIC,    38, -8.920279741287e-01, 3.034012934222e-06, 9.0116e-01, 8.6789e-03, 
 2DIAGNOSTIC,    39, -8.920292854309e-01, 2.377483042437e-06, 9.1109e-01, 9.9268e-03, 
 2DIAGNOSTIC,    40, -8.920305967331e-01, 1.586655230312e-06, 9.2079e-01, 9.7022e-03, 
 2DIAGNOSTIC,    41, -8.920316696167e-01, 1.340815174444e-06, 9.2870e-01, 7.9112e-03, 
 2DIAGNOSTIC,    42, -8.920305967331e-01, 1.561904923619e-06, 9.3739e-01, 8.6861e-03, 
 2DIAGNOSTIC,    43, -8.920314311981e-01, 1.528447683086e-06, 9.4525e-01, 7.8630e-03, 
 2DIAGNOSTIC,    44, -8.920313715935e-01, 1.543535745441e-06, 9.5593e-01, 1.0686e-02, 
 2DIAGNOSTIC,    45, -8.920322060585e-01, 1.283614665226e-06, 9.6555e-01, 9.6152e-03, 
 2DIAGNOSTIC,    46, -8.920321464539e-01, 1.008113258649e-06, 9.7513e-01, 9.5830e-03, 
DIAGNOSTIC,Iteration,metricValue,convergenceValue,ITERATION_TIME_INDEX,SINCE_LAST
 2DIAGNOSTIC,     1, -7.131810188293e-01, inf, 1.5883e+00, 6.1319e-01, 
 2DIAGNOSTIC,     2, -7.140237092972e-01, inf, 1.6234e+00, 3.5087e-02, 
 2DIAGNOSTIC,     3, -7.146943211555e-01, inf, 1.6558e+00, 3.2421e-02, 
 2DIAGNOSTIC,     4, -7.150526046753e-01, inf, 1.6905e+00, 3.4696e-02, 
 2DIAGNOSTIC,     5, -7.150624990463e-01, inf, 1.7249e+00, 3.4386e-02, 
 2DIAGNOSTIC,     6, -7.150508761406e-01, inf, 1.7599e+00, 3.4973e-02, 
 2DIAGNOSTIC,     7, -7.150527834892e-01, inf, 1.7995e+00, 3.9570e-02, 
 2DIAGNOSTIC,     8, -7.150547504425e-01, inf, 1.8344e+00, 3.4911e-02, 
 2DIAGNOSTIC,     9, -7.150548100471e-01, inf, 1.8697e+00, 3.5354e-02, 
 2DIAGNOSTIC,    10, -7.150474190712e-01, 1.232073700521e-04, 1.9051e+00, 3.5369e-02, 
 2DIAGNOSTIC,    11, -7.150480747223e-01, 5.100822090753e-05, 1.9358e+00, 3.0731e-02, 
 2DIAGNOSTIC,    12, -7.150489091873e-01, 1.399064240104e-05, 1.9716e+00, 3.5767e-02, 
 2DIAGNOSTIC,    13, -7.150487303734e-01, 1.829759867178e-06, 2.0067e+00, 3.5084e-02, 
 2DIAGNOSTIC,    14, -7.150491476059e-01, 1.640009145376e-06, 2.0418e+00, 3.5155e-02, 
 2DIAGNOSTIC,    15, -7.150488495827e-01, 1.801217081265e-06, 2.0770e+00, 3.5158e-02, 
 2DIAGNOSTIC,    16, -7.150501012802e-01, 1.713761662359e-06, 2.1122e+00, 3.5259e-02, 
 2DIAGNOSTIC,    17, -7.150496840477e-01, 1.691501438472e-06, 2.1474e+00, 3.5152e-02, 
 2DIAGNOSTIC,    18, -7.150490880013e-01, 1.717320856187e-06, 2.1827e+00, 3.5306e-02, 
 2DIAGNOSTIC,    19, -7.150502204895e-01, 1.775483610800e-06, 2.2135e+00, 3.0835e-02, 
 2DIAGNOSTIC,    20, -7.150501608849e-01, 1.669174025665e-06, 2.2486e+00, 3.5060e-02, 
 2DIAGNOSTIC,    21, -7.150500416756e-01, 1.575244027663e-06, 2.2837e+00, 3.5100e-02, 
 2DIAGNOSTIC,    22, -7.150510549545e-01, 1.518187104921e-06, 2.3146e+00, 3.0919e-02, 
 2DIAGNOSTIC,    23, -7.150506377220e-01, 1.448724333386e-06, 2.3455e+00, 3.0928e-02, 
 2DIAGNOSTIC,    24, -7.150511145592e-01, 1.394099854224e-06, 2.3807e+00, 3.5129e-02, 
 2DIAGNOSTIC,    25, -7.150511145592e-01, 1.331796624982e-06, 2.4159e+00, 3.5252e-02, 
 2DIAGNOSTIC,    26, -7.150520682335e-01, 1.302756459154e-06, 2.4512e+00, 3.5257e-02, 
 2DIAGNOSTIC,    27, -7.150378227234e-01, 1.052470338436e-06, 2.4869e+00, 3.5752e-02, 
DIAGNOSTIC,Iteration,metricValue,convergenceValue,ITERATION_TIME_INDEX,SINCE_LAST
 2DIAGNOSTIC,     1, -6.324675083160e-01, inf, 3.3642e+00, 8.7729e-01, 
 2DIAGNOSTIC,     2, -6.326371431351e-01, inf, 3.5761e+00, 2.1192e-01, 
 2DIAGNOSTIC,     3, -6.327049136162e-01, inf, 3.7900e+00, 2.1384e-01, 
 2DIAGNOSTIC,     4, -6.327956914902e-01, inf, 4.0312e+00, 2.4123e-01, 
 2DIAGNOSTIC,     5, -6.328340768814e-01, inf, 4.2735e+00, 2.4224e-01, 
 2DIAGNOSTIC,     6, -6.328731179237e-01, inf, 4.7703e+00, 4.9688e-01, 
 2DIAGNOSTIC,     7, -6.328761577606e-01, inf, 5.0122e+00, 2.4181e-01, 
 2DIAGNOSTIC,     8, -6.328767538071e-01, inf, 5.2249e+00, 2.1278e-01, 
 2DIAGNOSTIC,     9, -6.328769922256e-01, inf, 5.4676e+00, 2.4264e-01, 
 2DIAGNOSTIC,    10, -6.328788995743e-01, 3.846573963528e-05, 5.6816e+00, 2.1405e-01, 
 2DIAGNOSTIC,    11, -6.328801512718e-01, 2.218479312432e-05, 5.9517e+00, 2.7005e-01, 
 2DIAGNOSTIC,    12, -6.328807473183e-01, 1.324303320871e-05, 6.1938e+00, 2.4215e-01, 
 2DIAGNOSTIC,    13, -6.328806281090e-01, 7.006267424003e-06, 6.4352e+00, 2.4141e-01, 
 2DIAGNOSTIC,    14, -6.328808069229e-01, 4.146335413679e-06, 6.6485e+00, 2.1321e-01, 
 2DIAGNOSTIC,    15, -6.328805685043e-01, 2.605688678159e-06, 6.9186e+00, 2.7014e-01, 
 2DIAGNOSTIC,    16, -6.328814029694e-01, 2.329687958991e-06, 7.1888e+00, 2.7026e-01, 
 2DIAGNOSTIC,    17, -6.328811645508e-01, 2.128182359229e-06, 7.4316e+00, 2.4279e-01, 
 2DIAGNOSTIC,    18, -6.328810453415e-01, 1.938453124239e-06, 7.6732e+00, 2.4160e-01, 
 2DIAGNOSTIC,    19, -6.328811645508e-01, 1.760884856594e-06, 7.9157e+00, 2.4246e-01, 
 2DIAGNOSTIC,    20, -6.328809857368e-01, 1.630968654354e-06, 8.1574e+00, 2.4175e-01, 
 2DIAGNOSTIC,    21, -6.328806877136e-01, 1.529565224700e-06, 8.4005e+00, 2.4305e-01, 
 2DIAGNOSTIC,    22, -6.328822374344e-01, 1.480042215007e-06, 8.6704e+00, 2.6992e-01, 
 2DIAGNOSTIC,    23, -6.328822970390e-01, 1.429642907169e-06, 8.9136e+00, 2.4317e-01, 
 2DIAGNOSTIC,    24, -6.328822970390e-01, 1.382883738188e-06, 9.1560e+00, 2.4239e-01, 
 2DIAGNOSTIC,    25, -6.328818798065e-01, 1.322715775132e-06, 9.3703e+00, 2.1430e-01, 
 2DIAGNOSTIC,    26, -6.328818798065e-01, 1.277212618334e-06, 9.6407e+00, 2.7046e-01, 
