
Running N4 for 3-dimensional images.

Mask not read.  Using the entire image as the mask.

Original intensity range:  [0, 930]

***********************************************************
Warning:  Your input image contains nonpositive values
which could cause failure or problematic results.  A
possible workaround would be to:
   1. rescale your image to positive values e.g., [10,100].
   2. run N4 on your rescaled image.
   3. (optional) rescale the N4 output to the original
      intensity range.
***********************************************************

Specified spline distance: 200mm
  original image size:  [192, 256, 256]
  padded image size:  [201, 401, 401]
  number of control points:  [4, 5, 5]

Current level = 1
  Iteration 1 (of 50).   Current convergence value = 0.000516795 (threshold = 1e-08)
  Iteration 2 (of 50).   Current convergence value = 0.000330384 (threshold = 1e-08)
  Iteration 3 (of 50).   Current convergence value = 0.000217509 (threshold = 1e-08)
  Iteration 4 (of 50).   Current convergence value = 0.000150885 (threshold = 1e-08)
  Iteration 5 (of 50).   Current convergence value = 0.000112044 (threshold = 1e-08)
  Iteration 6 (of 50).   Current convergence value = 9.17113e-05 (threshold = 1e-08)
  Iteration 7 (of 50).   Current convergence value = 8.24664e-05 (threshold = 1e-08)
  Iteration 8 (of 50).   Current convergence value = 7.89568e-05 (threshold = 1e-08)
  Iteration 9 (of 50).   Current convergence value = 7.80021e-05 (threshold = 1e-08)
  Iteration 10 (of 50).   Current convergence value = 7.83498e-05 (threshold = 1e-08)
  Iteration 11 (of 50).   Current convergence value = 7.87373e-05 (threshold = 1e-08)
  Iteration 12 (of 50).   Current convergence value = 7.90873e-05 (threshold = 1e-08)
  Iteration 13 (of 50).   Current convergence value = 7.9271e-05 (threshold = 1e-08)
  Iteration 14 (of 50).   Current convergence value = 7.92516e-05 (threshold = 1e-08)
  Iteration 15 (of 50).   Current convergence value = 7.92082e-05 (threshold = 1e-08)
  Iteration 16 (of 50).   Current convergence value = 7.90723e-05 (threshold = 1e-08)
  Iteration 17 (of 50).   Current convergence value = 7.88362e-05 (threshold = 1e-08)
  Iteration 18 (of 50).   Current convergence value = 7.85156e-05 (threshold = 1e-08)
  Iteration 19 (of 50).   Current convergence value = 7.81766e-05 (threshold = 1e-08)
  Iteration 20 (of 50).   Current convergence value = 7.78806e-05 (threshold = 1e-08)
  Iteration 21 (of 50).   Current convergence value = 7.76243e-05 (threshold = 1e-08)
  Iteration 22 (of 50).   Current convergence value = 7.72765e-05 (threshold = 1e-08)
  Iteration 23 (of 50).   Current convergence value = 7.69369e-05 (threshold = 1e-08)
  Iteration 24 (of 50).   Current convergence value = 7.66385e-05 (threshold = 1e-08)
  Iteration 25 (of 50).   Current convergence value = 7.63869e-05 (threshold = 1e-08)
  Iteration 26 (of 50).   Current convergence value = 7.62252e-05 (threshold = 1e-08)
  Iteration 27 (of 50).   Current convergence value = 7.6056e-05 (threshold = 1e-08)
  Iteration 28 (of 50).   Current convergence value = 7.59234e-05 (threshold = 1e-08)
  Iteration 29 (of 50).   Current convergence value = 7.56933e-05 (threshold = 1e-08)
  Iteration 30 (of 50).   Current convergence value = 7.55226e-05 (threshold = 1e-08)
  Iteration 31 (of 50).   Current convergence value = 7.53431e-05 (threshold = 1e-08)
  Iteration 32 (of 50).   Current convergence value = 7.51557e-05 (threshold = 1e-08)
  Iteration 33 (of 50).   Current convergence value = 7.49937e-05 (threshold = 1e-08)
  Iteration 34 (of 50).   Current convergence value = 7.48427e-05 (threshold = 1e-08)
  Iteration 35 (of 50).   Current convergence value = 7.46619e-05 (threshold = 1e-08)
  Iteration 36 (of 50).   Current convergence value = 7.43944e-05 (threshold = 1e-08)
  Iteration 37 (of 50).   Current convergence value = 7.41884e-05 (threshold = 1e-08)
  Iteration 38 (of 50).   Current convergence value = 7.40151e-05 (threshold = 1e-08)
  Iteration 39 (of 50).   Current convergence value = 7.37986e-05 (threshold = 1e-08)
  Iteration 40 (of 50).   Current convergence value = 7.36503e-05 (threshold = 1e-08)
  Iteration 41 (of 50).   Current convergence value = 7.35079e-05 (threshold = 1e-08)
  Iteration 42 (of 50).   Current convergence value = 7.33417e-05 (threshold = 1e-08)
  Iteration 43 (of 50).   Current convergence value = 7.31862e-05 (threshold = 1e-08)
  Iteration 44 (of 50).   Current convergence value = 7.30747e-05 (threshold = 1e-08)
  Iteration 45 (of 50).   Current convergence value = 7.2881e-05 (threshold = 1e-08)
  Iteration 46 (of 50).   Current convergence value = 7.27593e-05 (threshold = 1e-08)
  Iteration 47 (of 50).   Current convergence value = 7.25982e-05 (threshold = 1e-08)
  Iteration 48 (of 50).   Current convergence value = 7.24784e-05 (threshold = 1e-08)
  Iteration 49 (of 50).   Current convergence value = 7.23221e-05 (threshold = 1e-08)
  Iteration 50 (of 50).   Current convergence value = 7.21785e-05 (threshold = 1e-08)
Current level = 2
  Iteration 1 (of 50).   Current convergence value = 0.000470732 (threshold = 1e-08)
  Iteration 2 (of 50).   Current convergence value = 0.000382114 (threshold = 1e-08)
  Iteration 3 (of 50).   Current convergence value = 0.000319715 (threshold = 1e-08)
  Iteration 4 (of 50).   Current convergence value = 0.000268658 (threshold = 1e-08)
  Iteration 5 (of 50).   Current convergence value = 0.00022836 (threshold = 1e-08)
  Iteration 6 (of 50).   Current convergence value = 0.00019766 (threshold = 1e-08)
  Iteration 7 (of 50).   Current convergence value = 0.000175771 (threshold = 1e-08)
  Iteration 8 (of 50).   Current convergence value = 0.000152846 (threshold = 1e-08)
  Iteration 9 (of 50).   Current convergence value = 0.000133755 (threshold = 1e-08)
  Iteration 10 (of 50).   Current convergence value = 0.000117454 (threshold = 1e-08)
  Iteration 11 (of 50).   Current convergence value = 0.000103796 (threshold = 1e-08)
  Iteration 12 (of 50).   Current convergence value = 9.25228e-05 (threshold = 1e-08)
  Iteration 13 (of 50).   Current convergence value = 8.32193e-05 (threshold = 1e-08)
  Iteration 14 (of 50).   Current convergence value = 7.63579e-05 (threshold = 1e-08)
  Iteration 15 (of 50).   Current convergence value = 7.207e-05 (threshold = 1e-08)
  Iteration 16 (of 50).   Current convergence value = 6.91429e-05 (threshold = 1e-08)
  Iteration 17 (of 50).   Current convergence value = 6.71472e-05 (threshold = 1e-08)
  Iteration 18 (of 50).   Current convergence value = 6.58644e-05 (threshold = 1e-08)
  Iteration 19 (of 50).   Current convergence value = 6.51218e-05 (threshold = 1e-08)
  Iteration 20 (of 50).   Current convergence value = 6.45942e-05 (threshold = 1e-08)
  Iteration 21 (of 50).   Current convergence value = 6.43787e-05 (threshold = 1e-08)
  Iteration 22 (of 50).   Current convergence value = 6.44149e-05 (threshold = 1e-08)
  Iteration 23 (of 50).   Current convergence value = 6.44167e-05 (threshold = 1e-08)
  Iteration 24 (of 50).   Current convergence value = 6.43207e-05 (threshold = 1e-08)
  Iteration 25 (of 50).   Current convergence value = 6.44121e-05 (threshold = 1e-08)
  Iteration 26 (of 50).   Current convergence value = 6.41936e-05 (threshold = 1e-08)
  Iteration 27 (of 50).   Current convergence value = 6.43426e-05 (threshold = 1e-08)
  Iteration 28 (of 50).   Current convergence value = 6.43168e-05 (threshold = 1e-08)
  Iteration 29 (of 50).   Current convergence value = 6.41767e-05 (threshold = 1e-08)
  Iteration 30 (of 50).   Current convergence value = 6.40295e-05 (threshold = 1e-08)
  Iteration 31 (of 50).   Current convergence value = 6.39409e-05 (threshold = 1e-08)
  Iteration 32 (of 50).   Current convergence value = 6.37318e-05 (threshold = 1e-08)
  Iteration 33 (of 50).   Current convergence value = 6.36637e-05 (threshold = 1e-08)
  Iteration 34 (of 50).   Current convergence value = 6.33181e-05 (threshold = 1e-08)
  Iteration 35 (of 50).   Current convergence value = 6.32015e-05 (threshold = 1e-08)
  Iteration 36 (of 50).   Current convergence value = 6.29028e-05 (threshold = 1e-08)
  Iteration 37 (of 50).   Current convergence value = 6.25123e-05 (threshold = 1e-08)
  Iteration 38 (of 50).   Current convergence value = 6.23165e-05 (threshold = 1e-08)
  Iteration 39 (of 50).   Current convergence value = 6.19574e-05 (threshold = 1e-08)
  Iteration 40 (of 50).   Current convergence value = 6.17616e-05 (threshold = 1e-08)
  Iteration 41 (of 50).   Current convergence value = 6.14181e-05 (threshold = 1e-08)
  Iteration 42 (of 50).   Current convergence value = 6.10931e-05 (threshold = 1e-08)
  Iteration 43 (of 50).   Current convergence value = 6.0862e-05 (threshold = 1e-08)
  Iteration 44 (of 50).   Current convergence value = 6.04835e-05 (threshold = 1e-08)
  Iteration 45 (of 50).   Current convergence value = 6.02646e-05 (threshold = 1e-08)
  Iteration 46 (of 50).   Current convergence value = 5.9797e-05 (threshold = 1e-08)
  Iteration 47 (of 50).   Current convergence value = 5.93683e-05 (threshold = 1e-08)
  Iteration 48 (of 50).   Current convergence value = 5.9134e-05 (threshold = 1e-08)
  Iteration 49 (of 50).   Current convergence value = 5.87221e-05 (threshold = 1e-08)
  Iteration 50 (of 50).   Current convergence value = 5.84711e-05 (threshold = 1e-08)
Current level = 3
  Iteration 1 (of 40).   Current convergence value = 0.00150367 (threshold = 1e-08)
  Iteration 2 (of 40).   Current convergence value = 0.00101914 (threshold = 1e-08)
  Iteration 3 (of 40).   Current convergence value = 0.000791896 (threshold = 1e-08)
  Iteration 4 (of 40).   Current convergence value = 0.000660693 (threshold = 1e-08)
  Iteration 5 (of 40).   Current convergence value = 0.00057045 (threshold = 1e-08)
  Iteration 6 (of 40).   Current convergence value = 0.000507958 (threshold = 1e-08)
  Iteration 7 (of 40).   Current convergence value = 0.000465968 (threshold = 1e-08)
  Iteration 8 (of 40).   Current convergence value = 0.00043626 (threshold = 1e-08)
  Iteration 9 (of 40).   Current convergence value = 0.000413946 (threshold = 1e-08)
  Iteration 10 (of 40).   Current convergence value = 0.000395758 (threshold = 1e-08)
  Iteration 11 (of 40).   Current convergence value = 0.000380588 (threshold = 1e-08)
  Iteration 12 (of 40).   Current convergence value = 0.000367785 (threshold = 1e-08)
  Iteration 13 (of 40).   Current convergence value = 0.000356107 (threshold = 1e-08)
  Iteration 14 (of 40).   Current convergence value = 0.000345718 (threshold = 1e-08)
  Iteration 15 (of 40).   Current convergence value = 0.000336264 (threshold = 1e-08)
  Iteration 16 (of 40).   Current convergence value = 0.000327695 (threshold = 1e-08)
  Iteration 17 (of 40).   Current convergence value = 0.000319857 (threshold = 1e-08)
  Iteration 18 (of 40).   Current convergence value = 0.000312652 (threshold = 1e-08)
  Iteration 19 (of 40).   Current convergence value = 0.000306509 (threshold = 1e-08)
  Iteration 20 (of 40).   Current convergence value = 0.000300798 (threshold = 1e-08)
  Iteration 21 (of 40).   Current convergence value = 0.000295479 (threshold = 1e-08)
  Iteration 22 (of 40).   Current convergence value = 0.000290449 (threshold = 1e-08)
  Iteration 23 (of 40).   Current convergence value = 0.000285708 (threshold = 1e-08)
  Iteration 24 (of 40).   Current convergence value = 0.000281425 (threshold = 1e-08)
  Iteration 25 (of 40).   Current convergence value = 0.000277114 (threshold = 1e-08)
  Iteration 26 (of 40).   Current convergence value = 0.000272984 (threshold = 1e-08)
  Iteration 27 (of 40).   Current convergence value = 0.00026898 (threshold = 1e-08)
  Iteration 28 (of 40).   Current convergence value = 0.000265042 (threshold = 1e-08)
  Iteration 29 (of 40).   Current convergence value = 0.000261379 (threshold = 1e-08)
  Iteration 30 (of 40).   Current convergence value = 0.000257712 (threshold = 1e-08)
  Iteration 31 (of 40).   Current convergence value = 0.000254202 (threshold = 1e-08)
  Iteration 32 (of 40).   Current convergence value = 0.000250813 (threshold = 1e-08)
  Iteration 33 (of 40).   Current convergence value = 0.000247566 (threshold = 1e-08)
  Iteration 34 (of 40).   Current convergence value = 0.000244567 (threshold = 1e-08)
  Iteration 35 (of 40).   Current convergence value = 0.000241733 (threshold = 1e-08)
  Iteration 36 (of 40).   Current convergence value = 0.000238997 (threshold = 1e-08)
  Iteration 37 (of 40).   Current convergence value = 0.000236298 (threshold = 1e-08)
  Iteration 38 (of 40).   Current convergence value = 0.000233664 (threshold = 1e-08)
  Iteration 39 (of 40).   Current convergence value = 0.000231044 (threshold = 1e-08)
  Iteration 40 (of 40).   Current convergence value = 0.000228583 (threshold = 1e-08)
Current level = 4
  Iteration 1 (of 30).   Current convergence value = 0.00182386 (threshold = 1e-08)
  Iteration 2 (of 30).   Current convergence value = 0.00164413 (threshold = 1e-08)
  Iteration 3 (of 30).   Current convergence value = 0.00157621 (threshold = 1e-08)
  Iteration 4 (of 30).   Current convergence value = 0.00146641 (threshold = 1e-08)
  Iteration 5 (of 30).   Current convergence value = 0.00137246 (threshold = 1e-08)
  Iteration 6 (of 30).   Current convergence value = 0.00129154 (threshold = 1e-08)
  Iteration 7 (of 30).   Current convergence value = 0.00120694 (threshold = 1e-08)
  Iteration 8 (of 30).   Current convergence value = 0.0011328 (threshold = 1e-08)
  Iteration 9 (of 30).   Current convergence value = 0.0010773 (threshold = 1e-08)
  Iteration 10 (of 30).   Current convergence value = 0.00103122 (threshold = 1e-08)
  Iteration 11 (of 30).   Current convergence value = 0.000993304 (threshold = 1e-08)
  Iteration 12 (of 30).   Current convergence value = 0.000959275 (threshold = 1e-08)
  Iteration 13 (of 30).   Current convergence value = 0.000928349 (threshold = 1e-08)
  Iteration 14 (of 30).   Current convergence value = 0.000900498 (threshold = 1e-08)
  Iteration 15 (of 30).   Current convergence value = 0.00087506 (threshold = 1e-08)
  Iteration 16 (of 30).   Current convergence value = 0.000852174 (threshold = 1e-08)
  Iteration 17 (of 30).   Current convergence value = 0.000832376 (threshold = 1e-08)
  Iteration 18 (of 30).   Current convergence value = 0.000780024 (threshold = 1e-08)
  Iteration 19 (of 30).   Current convergence value = 0.00072765 (threshold = 1e-08)
  Iteration 20 (of 30).   Current convergence value = 0.000686926 (threshold = 1e-08)
  Iteration 21 (of 30).   Current convergence value = 0.000653301 (threshold = 1e-08)
  Iteration 22 (of 30).   Current convergence value = 0.000622448 (threshold = 1e-08)
  Iteration 23 (of 30).   Current convergence value = 0.000593948 (threshold = 1e-08)
  Iteration 24 (of 30).   Current convergence value = 0.000567607 (threshold = 1e-08)
  Iteration 25 (of 30).   Current convergence value = 0.000543364 (threshold = 1e-08)
  Iteration 26 (of 30).   Current convergence value = 0.000520656 (threshold = 1e-08)
  Iteration 27 (of 30).   Current convergence value = 0.000499524 (threshold = 1e-08)
  Iteration 28 (of 30).   Current convergence value = 0.000479837 (threshold = 1e-08)
  Iteration 29 (of 30).   Current convergence value = 0.000461658 (threshold = 1e-08)
  Iteration 30 (of 30).   Current convergence value = 0.000444632 (threshold = 1e-08)
   N4BiasFieldCorrectionImageFilter (0x55da5d562e20)
     RTTI typeinfo:   itk::N4BiasFieldCorrectionImageFilter<itk::Image<float, 3u>, itk::Image<float, 3u>, itk::Image<float, 3u> >
     Reference Count: 1
     Modified Time: 565
     Debug: Off
     Object Name: 
     Observers: 
       IterationEvent(Command)
     Inputs: 
       ConfidenceImage: (0)
       MaskImage: (0x55da5d58d660)
       Primary: (0x55da5d588a80) *
     Indexed Inputs: 
       0: Primary (0x55da5d588a80)
       1: MaskImage (0x55da5d58d660)
       2: ConfidenceImage (0)
     Required Input Names: Primary
     NumberOfRequiredInputs: 1
     Outputs: 
       Primary: (0x55da5d572ef0)
     Indexed Outputs: 
       0: Primary (0x55da5d572ef0)
     NumberOfRequiredOutputs: 1
     Number Of Work Units: 32
     ReleaseDataFlag: Off
     ReleaseDataBeforeUpdateFlag: Off
     AbortGenerateData: Off
     Progress: 0
     Multithreader: 
       RTTI typeinfo:   itk::PoolMultiThreader
       Reference Count: 1
       Modified Time: 144
       Debug: Off
       Object Name: 
       Observers: 
         none
       Number of Work Units: 32
       Number of Threads: 8
       Global Maximum Number Of Threads: 128
       Global Default Number Of Threads: 8
       Global Default Threader Type: itk::MultiThreaderBaseEnums::Threader::Pool
       SingleMethod: 0
       SingleData: 0
     DynamicMultiThreading: On
     CoordinateTolerance: 1e-06
     DirectionTolerance: 1e-06
     Use Mask Label: 0
     Mask label: 1
     Number of histogram bins: 200
     Wiener filter noise: 0.01
     Bias field FWHM: 0.15
     Maximum number of iterations: [50, 50, 40, 30]
     Convergence threshold: 1e-08
     Spline order: 3
     Number of fitting levels: [4, 4, 4]
     Number of control points: [4, 5, 5]
     CurrentConvergenceMeasurement: 0.000444632
     CurrentLevel: 4
     ElapsedIterations: 31
     LogBiasFieldControlPointLattice: 
       Image (0x55da676fea90)
         RTTI typeinfo:   itk::Image<itk::Vector<float, 1u>, 3u>
         Reference Count: 1
         Modified Time: 343560
         Debug: Off
         Object Name: 
         Observers: 
           none
         Source: (none)
         Source output name: (none)
         Release Data: Off
         Data Released: False
         Global Release Data: Off
         PipelineMTime: 0
         UpdateMTime: 0
         RealTimeStamp: 0 seconds 
         LargestPossibleRegion: 
           Dimension: 3
           Index: [0, 0, 0]
           Size: [11, 19, 19]
         BufferedRegion: 
           Dimension: 3
           Index: [0, 0, 0]
           Size: [11, 19, 19]
         RequestedRegion: 
           Dimension: 3
           Index: [0, 0, 0]
           Size: [11, 19, 19]
         Spacing: [24.75, 24.875, 24.875]
         Origin: [25.0285, 26.1694, -23.2127]
         Direction: 
-0.99985 0.00517974 -0.0165267
-0.00436602 -0.998794 -0.0488987
-0.0167601 -0.0488192 0.998667

         IndexToPointMatrix: 
-24.7463 0.128846 -0.411102
-0.108059 -24.845 -1.21636
-0.414811 -1.21438 24.8418

         PointToIndexMatrix: 
-0.040398 -0.000176405 -0.000677174
0.000208231 -0.0401525 -0.00196258
-0.00066439 -0.00196578 0.0401474

         Inverse Direction: 
-0.99985 -0.00436602 -0.0167601
0.00517974 -0.998794 -0.0488192
-0.0165267 -0.0488987 0.998667

         PixelContainer: 
           ImportImageContainer (0x55da64071730)
             RTTI typeinfo:   itk::ImportImageContainer<unsigned long, itk::Vector<float, 1u> >
             Reference Count: 1
             Modified Time: 343561
             Debug: Off
             Object Name: 
             Observers: 
               none
             Pointer: 0x55da67703090
             Container manages memory: true
             Size: 3971
             Capacity: 3971
Elapsed time: 269.104
All_Command_lines_OK
Using single precision for computations.
=============================================================================
The composite transform comprises the following transforms (in order): 
  1. Center of mass alignment using fixed image: /home/mpib/nemecz/Projects/miniTRK/Results/01_MRI/GroupTempl/T1w/T_template0.nii.gz and moving image: /home/mpib/nemecz/Projects/miniTRK/Analysis/01_MRI/Preproc/GroupTempl/T1w/sub-982595_T1w.nii.gz (type = Euler3DTransform)
=============================================================================
  number of levels = 4
  number of levels = 4
  number of levels = 4
  fixed image: /home/mpib/nemecz/Projects/miniTRK/Results/01_MRI/GroupTempl/T1w/T_template0.nii.gz
  moving image: /home/mpib/nemecz/Projects/miniTRK/Results/01_MRI/GroupTempl/T1w/T_template0sub-982595_T1wRepaired.nii.gz
  fixed image: /home/mpib/nemecz/Projects/miniTRK/Results/01_MRI/GroupTempl/T1w/T_template0.nii.gz
  moving image: /home/mpib/nemecz/Projects/miniTRK/Results/01_MRI/GroupTempl/T1w/T_template0sub-982595_T1wRepaired.nii.gz
  fixed image: /home/mpib/nemecz/Projects/miniTRK/Results/01_MRI/GroupTempl/T1w/T_template0.nii.gz
  moving image: /home/mpib/nemecz/Projects/miniTRK/Results/01_MRI/GroupTempl/T1w/T_template0sub-982595_T1wRepaired.nii.gz
Dimension = 3
Number of stages = 3
Use Histogram Matching true
Winsorize image intensities true
Lower quantile = 0.01
Upper quantile = 0.99
Stage 1 State
   Image metric = Mattes
     Fixed image = Image (0x55f907f52ad0)
  RTTI typeinfo:   itk::Image<float, 3u>
  Reference Count: 2
  Modified Time: 1721
  Debug: Off
  Object Name: 
  Observers: 
    none
  Source: (none)
  Source output name: (none)
  Release Data: Off
  Data Released: False
  Global Release Data: Off
  PipelineMTime: 0
  UpdateMTime: 1506
  RealTimeStamp: 0 seconds 
  LargestPossibleRegion: 
    Dimension: 3
    Index: [0, 0, 0]
    Size: [192, 256, 256]
  BufferedRegion: 
    Dimension: 3
    Index: [0, 0, 0]
    Size: [192, 256, 256]
  RequestedRegion: 
    Dimension: 3
    Index: [0, 0, 0]
    Size: [192, 256, 256]
  Spacing: [1, 1, 1]
  Origin: [95.0313, 100.538, -154.123]
  Direction: 
-0.999853 -0.014134 -0.00966312
0.014129 -0.9999 0.000586045
-0.00967044 0.000449429 0.999953

  IndexToPointMatrix: 
-0.999853 -0.014134 -0.00966312
0.014129 -0.9999 0.000586045
-0.00967044 0.000449429 0.999953

  PointToIndexMatrix: 
-0.999853 0.014129 -0.00967044
-0.014134 -0.9999 0.000449429
-0.00966312 0.000586045 0.999953

  Inverse Direction: 
-0.999853 0.014129 -0.00967044
-0.014134 -0.9999 0.000449429
-0.00966312 0.000586045 0.999953

  PixelContainer: 
    ImportImageContainer (0x55f907f5ac80)
      RTTI typeinfo:   itk::ImportImageContainer<unsigned long, float>
      Reference Count: 1
      Modified Time: 1503
      Debug: Off
      Object Name: 
      Observers: 
        none
      Pointer: 0x7f3400816010
      Container manages memory: true
      Size: 12582912
      Capacity: 12582912

     Moving image = Image (0x55f907f53bc0)
  RTTI typeinfo:   itk::Image<float, 3u>
  Reference Count: 2
  Modified Time: 1722
  Debug: Off
  Object Name: 
  Observers: 
    none
  Source: (none)
  Source output name: (none)
  Release Data: Off
  Data Released: False
  Global Release Data: Off
  PipelineMTime: 0
  UpdateMTime: 1719
  RealTimeStamp: 0 seconds 
  LargestPossibleRegion: 
    Dimension: 3
    Index: [0, 0, 0]
    Size: [192, 256, 256]
  BufferedRegion: 
    Dimension: 3
    Index: [0, 0, 0]
    Size: [192, 256, 256]
  RequestedRegion: 
    Dimension: 3
    Index: [0, 0, 0]
    Size: [192, 256, 256]
  Spacing: [1, 1, 1]
  Origin: [95.672, 106.877, -136.802]
  Direction: 
-0.99985 0.00517974 -0.0165267
-0.00436602 -0.998794 -0.0488987
-0.0167601 -0.0488192 0.998667

  IndexToPointMatrix: 
-0.99985 0.00517974 -0.0165267
-0.00436602 -0.998794 -0.0488987
-0.0167601 -0.0488192 0.998667

  PointToIndexMatrix: 
-0.99985 -0.00436602 -0.0167601
0.00517974 -0.998794 -0.0488192
-0.0165267 -0.0488987 0.998667

  Inverse Direction: 
-0.99985 -0.00436602 -0.0167601
0.00517974 -0.998794 -0.0488192
-0.0165267 -0.0488987 0.998667

  PixelContainer: 
    ImportImageContainer (0x55f907f5f100)
      RTTI typeinfo:   itk::ImportImageContainer<unsigned long, float>
      Reference Count: 1
      Modified Time: 1716
      Debug: Off
      Object Name: 
      Observers: 
        none
      Pointer: 0x7f33fd815010
      Container manages memory: true
      Size: 12582912
      Capacity: 12582912

     Weighting = 1
     Sampling strategy = regular
     Number of bins = 32
     Radius = 4
     Sampling percentage  = 0.25
   Transform = Rigid
     Gradient step = 0.1
     Update field sigma (voxel space) = 0
     Total field sigma (voxel space) = 0
     Update field time sigma = 0
     Total field time sigma  = 0
     Number of time indices = 0
     Number of time point samples = 0
Stage 2 State
   Image metric = Mattes
     Fixed image = Image (0x55f907f6b870)
  RTTI typeinfo:   itk::Image<float, 3u>
  Reference Count: 2
  Modified Time: 2149
  Debug: Off
  Object Name: 
  Observers: 
    none
  Source: (none)
  Source output name: (none)
  Release Data: Off
  Data Released: False
  Global Release Data: Off
  PipelineMTime: 0
  UpdateMTime: 1934
  RealTimeStamp: 0 seconds 
  LargestPossibleRegion: 
    Dimension: 3
    Index: [0, 0, 0]
    Size: [192, 256, 256]
  BufferedRegion: 
    Dimension: 3
    Index: [0, 0, 0]
    Size: [192, 256, 256]
  RequestedRegion: 
    Dimension: 3
    Index: [0, 0, 0]
    Size: [192, 256, 256]
  Spacing: [1, 1, 1]
  Origin: [95.0313, 100.538, -154.123]
  Direction: 
-0.999853 -0.014134 -0.00966312
0.014129 -0.9999 0.000586045
-0.00967044 0.000449429 0.999953

  IndexToPointMatrix: 
-0.999853 -0.014134 -0.00966312
0.014129 -0.9999 0.000586045
-0.00967044 0.000449429 0.999953

  PointToIndexMatrix: 
-0.999853 0.014129 -0.00967044
-0.014134 -0.9999 0.000449429
-0.00966312 0.000586045 0.999953

  Inverse Direction: 
-0.999853 0.014129 -0.00967044
-0.014134 -0.9999 0.000449429
-0.00966312 0.000586045 0.999953

  PixelContainer: 
    ImportImageContainer (0x55f907f566d0)
      RTTI typeinfo:   itk::ImportImageContainer<unsigned long, float>
      Reference Count: 1
      Modified Time: 1931
      Debug: Off
      Object Name: 
      Observers: 
        none
      Pointer: 0x7f33fa814010
      Container manages memory: true
      Size: 12582912
      Capacity: 12582912

     Moving image = Image (0x55f907f6b4c0)
  RTTI typeinfo:   itk::Image<float, 3u>
  Reference Count: 2
  Modified Time: 2150
  Debug: Off
  Object Name: 
  Observers: 
    none
  Source: (none)
  Source output name: (none)
  Release Data: Off
  Data Released: False
  Global Release Data: Off
  PipelineMTime: 0
  UpdateMTime: 2147
  RealTimeStamp: 0 seconds 
  LargestPossibleRegion: 
    Dimension: 3
    Index: [0, 0, 0]
    Size: [192, 256, 256]
  BufferedRegion: 
    Dimension: 3
    Index: [0, 0, 0]
    Size: [192, 256, 256]
  RequestedRegion: 
    Dimension: 3
    Index: [0, 0, 0]
    Size: [192, 256, 256]
  Spacing: [1, 1, 1]
  Origin: [95.672, 106.877, -136.802]
  Direction: 
-0.99985 0.00517974 -0.0165267
-0.00436602 -0.998794 -0.0488987
-0.0167601 -0.0488192 0.998667

  IndexToPointMatrix: 
-0.99985 0.00517974 -0.0165267
-0.00436602 -0.998794 -0.0488987
-0.0167601 -0.0488192 0.998667

  PointToIndexMatrix: 
-0.99985 -0.00436602 -0.0167601
0.00517974 -0.998794 -0.0488192
-0.0165267 -0.0488987 0.998667

  Inverse Direction: 
-0.99985 -0.00436602 -0.0167601
0.00517974 -0.998794 -0.0488192
-0.0165267 -0.0488987 0.998667

  PixelContainer: 
    ImportImageContainer (0x55f907f6c8c0)
      RTTI typeinfo:   itk::ImportImageContainer<unsigned long, float>
      Reference Count: 1
      Modified Time: 2144
      Debug: Off
      Object Name: 
      Observers: 
        none
      Pointer: 0x7f33f7813010
      Container manages memory: true
      Size: 12582912
      Capacity: 12582912

     Weighting = 1
     Sampling strategy = regular
     Number of bins = 32
     Radius = 4
     Sampling percentage  = 0.25
   Transform = Affine
     Gradient step = 0.1
     Update field sigma (voxel space) = 0
     Total field sigma (voxel space) = 0
     Update field time sigma = 0
     Total field time sigma  = 0
     Number of time indices = 0
     Number of time point samples = 0
Stage 3 State
   Image metric = CC
     Fixed image = Image (0x55f907f72960)
  RTTI typeinfo:   itk::Image<float, 3u>
  Reference Count: 2
  Modified Time: 2577
  Debug: Off
  Object Name: 
  Observers: 
    none
  Source: (none)
  Source output name: (none)
  Release Data: Off
  Data Released: False
  Global Release Data: Off
  PipelineMTime: 0
  UpdateMTime: 2362
  RealTimeStamp: 0 seconds 
  LargestPossibleRegion: 
    Dimension: 3
    Index: [0, 0, 0]
    Size: [192, 256, 256]
  BufferedRegion: 
    Dimension: 3
    Index: [0, 0, 0]
    Size: [192, 256, 256]
  RequestedRegion: 
    Dimension: 3
    Index: [0, 0, 0]
    Size: [192, 256, 256]
  Spacing: [1, 1, 1]
  Origin: [95.0313, 100.538, -154.123]
  Direction: 
-0.999853 -0.014134 -0.00966312
0.014129 -0.9999 0.000586045
-0.00967044 0.000449429 0.999953

  IndexToPointMatrix: 
-0.999853 -0.014134 -0.00966312
0.014129 -0.9999 0.000586045
-0.00967044 0.000449429 0.999953

  PointToIndexMatrix: 
-0.999853 0.014129 -0.00967044
-0.014134 -0.9999 0.000449429
-0.00966312 0.000586045 0.999953

  Inverse Direction: 
-0.999853 0.014129 -0.00967044
-0.014134 -0.9999 0.000449429
-0.00966312 0.000586045 0.999953

  PixelContainer: 
    ImportImageContainer (0x55f907f53660)
      RTTI typeinfo:   itk::ImportImageContainer<unsigned long, float>
      Reference Count: 1
      Modified Time: 2359
      Debug: Off
      Object Name: 
      Observers: 
        none
      Pointer: 0x7f33f4812010
      Container manages memory: true
      Size: 12582912
      Capacity: 12582912

     Moving image = Image (0x55f907f74840)
  RTTI typeinfo:   itk::Image<float, 3u>
  Reference Count: 2
  Modified Time: 2578
  Debug: Off
  Object Name: 
  Observers: 
    none
  Source: (none)
  Source output name: (none)
  Release Data: Off
  Data Released: False
  Global Release Data: Off
  PipelineMTime: 0
  UpdateMTime: 2575
  RealTimeStamp: 0 seconds 
  LargestPossibleRegion: 
    Dimension: 3
    Index: [0, 0, 0]
    Size: [192, 256, 256]
  BufferedRegion: 
    Dimension: 3
    Index: [0, 0, 0]
    Size: [192, 256, 256]
  RequestedRegion: 
    Dimension: 3
    Index: [0, 0, 0]
    Size: [192, 256, 256]
  Spacing: [1, 1, 1]
  Origin: [95.672, 106.877, -136.802]
  Direction: 
-0.99985 0.00517974 -0.0165267
-0.00436602 -0.998794 -0.0488987
-0.0167601 -0.0488192 0.998667

  IndexToPointMatrix: 
-0.99985 0.00517974 -0.0165267
-0.00436602 -0.998794 -0.0488987
-0.0167601 -0.0488192 0.998667

  PointToIndexMatrix: 
-0.99985 -0.00436602 -0.0167601
0.00517974 -0.998794 -0.0488192
-0.0165267 -0.0488987 0.998667

  Inverse Direction: 
-0.99985 -0.00436602 -0.0167601
0.00517974 -0.998794 -0.0488192
-0.0165267 -0.0488987 0.998667

  PixelContainer: 
    ImportImageContainer (0x55f907f71660)
      RTTI typeinfo:   itk::ImportImageContainer<unsigned long, float>
      Reference Count: 1
      Modified Time: 2572
      Debug: Off
      Object Name: 
      Observers: 
        none
      Pointer: 0x7f33f1811010
      Container manages memory: true
      Size: 12582912
      Capacity: 12582912

     Weighting = 1
     Sampling strategy = none
     Number of bins = 32
     Radius = 4
     Sampling percentage  = 1
   Transform = SyN
     Gradient step = 0.1
     Update field sigma (voxel space) = 3
     Total field sigma (voxel space) = 0
     Update field time sigma = 0
     Total field time sigma  = 0
     Number of time indices = 0
     Number of time point samples = 0
Registration using 3 total stages.

Stage 0
  iterations = 1000x500x250x0
  convergence threshold = 1e-06
  convergence window size = 10
  number of levels = 4
  using the Mattes MI metric (number of bins = 32, weight = 1)
  preprocessing:  winsorizing the image intensities
  preprocessing:  histogram matching the images
  Shrink factors (level 1 out of 4): [6, 6, 6]
  Shrink factors (level 2 out of 4): [4, 4, 4]
  Shrink factors (level 3 out of 4): [2, 2, 2]
  Shrink factors (level 4 out of 4): [1, 1, 1]
  smoothing sigmas per level: [4, 2, 1, 0]
  regular sampling (percentage = 0.25)

*** Running Euler3DTransform registration ***

DIAGNOSTIC,Iteration,metricValue,convergenceValue,ITERATION_TIME_INDEX,SINCE_LAST
 2DIAGNOSTIC,     1, -8.016757369041e-01, inf, 5.9350e-01, 5.9350e-01, 
 2DIAGNOSTIC,     2, -8.031713962555e-01, inf, 6.0424e-01, 1.0740e-02, 
 2DIAGNOSTIC,     3, -8.053749799728e-01, inf, 6.1407e-01, 9.8250e-03, 
 2DIAGNOSTIC,     4, -8.082975149155e-01, inf, 6.2429e-01, 1.0219e-02, 
 2DIAGNOSTIC,     5, -8.121470808983e-01, inf, 6.3497e-01, 1.0683e-02, 
 2DIAGNOSTIC,     6, -8.159494400024e-01, inf, 6.4556e-01, 1.0586e-02, 
 2DIAGNOSTIC,     7, -8.190921545029e-01, inf, 6.5566e-01, 1.0102e-02, 
 2DIAGNOSTIC,     8, -8.226127028465e-01, inf, 6.6546e-01, 9.8040e-03, 
 2DIAGNOSTIC,     9, -8.266742825508e-01, inf, 6.7712e-01, 1.1664e-02, 
 2DIAGNOSTIC,    10, -8.277494311333e-01, 2.250140998513e-03, 6.9051e-01, 1.3383e-02, 
 2DIAGNOSTIC,    11, -8.281347751617e-01, 1.993055921048e-03, 7.0011e-01, 9.5990e-03, 
 2DIAGNOSTIC,    12, -8.299746513367e-01, 1.698283478618e-03, 7.1040e-01, 1.0290e-02, 
 2DIAGNOSTIC,    13, -8.305855393410e-01, 1.369328005239e-03, 7.1960e-01, 9.2030e-03, 
 2DIAGNOSTIC,    14, -8.312052488327e-01, 1.049628248438e-03, 7.3008e-01, 1.0483e-02, 
 2DIAGNOSTIC,    15, -8.329253792763e-01, 8.056180085987e-04, 7.4415e-01, 1.4063e-02, 
 2DIAGNOSTIC,    16, -8.335955142975e-01, 6.150907138363e-04, 7.5304e-01, 8.8911e-03, 
 2DIAGNOSTIC,    17, -8.344650864601e-01, 4.713925300166e-04, 7.6280e-01, 9.7601e-03, 
 2DIAGNOSTIC,    18, -8.345481157303e-01, 3.677471249830e-04, 7.7235e-01, 9.5520e-03, 
 2DIAGNOSTIC,    19, -8.345518708229e-01, 3.152582503390e-04, 7.8071e-01, 8.3640e-03, 
 2DIAGNOSTIC,    20, -8.345015048981e-01, 2.567003539298e-04, 7.9056e-01, 9.8419e-03, 
 2DIAGNOSTIC,    21, -8.345393538475e-01, 1.861154887592e-04, 7.9904e-01, 8.4832e-03, 
 2DIAGNOSTIC,    22, -8.345155715942e-01, 1.332448300673e-04, 8.1002e-01, 1.0979e-02, 
 2DIAGNOSTIC,    23, -8.345190286636e-01, 8.204903861042e-05, 8.1962e-01, 9.6030e-03, 
 2DIAGNOSTIC,    24, -8.344896435738e-01, 3.569480759325e-05, 8.2799e-01, 8.3711e-03, 
 2DIAGNOSTIC,    25, -8.344312906265e-01, 1.266187609872e-05, 8.3751e-01, 9.5181e-03, 
DIAGNOSTIC,Iteration,metricValue,convergenceValue,ITERATION_TIME_INDEX,SINCE_LAST
 2DIAGNOSTIC,     1, -6.367273926735e-01, inf, 1.3496e+00, 5.1214e-01, 
 2DIAGNOSTIC,     2, -6.373633146286e-01, inf, 1.3870e+00, 3.7346e-02, 
 2DIAGNOSTIC,     3, -6.381409764290e-01, inf, 1.4226e+00, 3.5582e-02, 
 2DIAGNOSTIC,     4, -6.389312744141e-01, inf, 1.4564e+00, 3.3876e-02, 
 2DIAGNOSTIC,     5, -6.398051381111e-01, inf, 1.4906e+00, 3.4109e-02, 
 2DIAGNOSTIC,     6, -6.403512358665e-01, inf, 1.5238e+00, 3.3230e-02, 
 2DIAGNOSTIC,     7, -6.410803794861e-01, inf, 1.5566e+00, 3.2844e-02, 
 2DIAGNOSTIC,     8, -6.413971781731e-01, inf, 1.5940e+00, 3.7367e-02, 
 2DIAGNOSTIC,     9, -6.422907710075e-01, inf, 1.6533e+00, 5.9313e-02, 
 2DIAGNOSTIC,    10, -6.423096656799e-01, 5.924699362367e-04, 1.6905e+00, 3.7149e-02, 
 2DIAGNOSTIC,    11, -6.422945261002e-01, 4.790441889782e-04, 1.7275e+00, 3.7075e-02, 
 2DIAGNOSTIC,    12, -6.423031687737e-01, 3.657890483737e-04, 1.7740e+00, 4.6417e-02, 
 2DIAGNOSTIC,    13, -6.423019766808e-01, 2.632323303260e-04, 1.8108e+00, 3.6853e-02, 
 2DIAGNOSTIC,    14, -6.423001885414e-01, 1.759463048074e-04, 1.8485e+00, 3.7663e-02, 
 2DIAGNOSTIC,    15, -6.422857046127e-01, 1.097401400330e-04, 1.8802e+00, 3.1764e-02, 
 2DIAGNOSTIC,    16, -6.422915458679e-01, 5.720820263377e-05, 1.9161e+00, 3.5828e-02, 
 2DIAGNOSTIC,    17, -6.422777771950e-01, 2.449060411891e-05, 1.9524e+00, 3.6294e-02, 
DIAGNOSTIC,Iteration,metricValue,convergenceValue,ITERATION_TIME_INDEX,SINCE_LAST
 2DIAGNOSTIC,     1, -5.583483576775e-01, inf, 2.8938e+00, 9.4147e-01, 
 2DIAGNOSTIC,     2, -5.588713884354e-01, inf, 3.1299e+00, 2.3607e-01, 
 2DIAGNOSTIC,     3, -5.595768690109e-01, inf, 3.3719e+00, 2.4201e-01, 
 2DIAGNOSTIC,     4, -5.602266192436e-01, inf, 3.6153e+00, 2.4341e-01, 
 2DIAGNOSTIC,     5, -5.606786012650e-01, inf, 3.8545e+00, 2.3919e-01, 
 2DIAGNOSTIC,     6, -5.609696507454e-01, inf, 4.0948e+00, 2.4033e-01, 
 2DIAGNOSTIC,     7, -5.610791444778e-01, inf, 4.5328e+00, 4.3802e-01, 
 2DIAGNOSTIC,     8, -5.610795617104e-01, inf, 4.8414e+00, 3.0858e-01, 
 2DIAGNOSTIC,     9, -5.610793232918e-01, inf, 5.1860e+00, 3.4454e-01, 
 2DIAGNOSTIC,    10, -5.610787272453e-01, 3.156659076922e-04, 5.4640e+00, 2.7806e-01, 
 2DIAGNOSTIC,    11, -5.610781908035e-01, 2.022074040724e-04, 5.8048e+00, 3.4076e-01, 
 2DIAGNOSTIC,    12, -5.610780715942e-01, 1.115734412451e-04, 6.1142e+00, 3.0938e-01, 
 2DIAGNOSTIC,    13, -5.610777735710e-01, 5.222533218330e-05, 6.4197e+00, 3.0556e-01, 
 2DIAGNOSTIC,    14, -5.610778927803e-01, 2.010235402850e-05, 6.7623e+00, 3.4255e-01, 
 2DIAGNOSTIC,    15, -5.610778331757e-01, 5.677141871274e-06, 7.1388e+00, 3.7649e-01, 
 2DIAGNOSTIC,    16, -5.610779523849e-01, 1.857670440586e-06, 7.4223e+00, 2.8354e-01, 
 2DIAGNOSTIC,    17, -5.610778927803e-01, 1.762880174283e-06, 7.6997e+00, 2.7733e-01, 
 2DIAGNOSTIC,    18, -5.610778331757e-01, 1.698793539617e-06, 7.9754e+00, 2.7579e-01, 
 2DIAGNOSTIC,    19, -5.610776543617e-01, 1.637085347284e-06, 8.2514e+00, 2.7594e-01, 
 2DIAGNOSTIC,    20, -5.610776543617e-01, 1.570328436173e-06, 8.5239e+00, 2.7248e-01, 
 2DIAGNOSTIC,    21, -5.610777139664e-01, 1.500335201854e-06, 8.7998e+00, 2.7590e-01, 
 2DIAGNOSTIC,    22, -5.610777139664e-01, 1.435521880921e-06, 9.0714e+00, 2.7162e-01, 
 2DIAGNOSTIC,    23, -5.610777139664e-01, 1.370846803184e-06, 9.3428e+00, 2.7144e-01, 
 2DIAGNOSTIC,    24, -5.610775351524e-01, 1.311661890213e-06, 9.6190e+00, 2.7619e-01, 
 2DIAGNOSTIC,    25, -5.610775351524e-01, 1.257378471564e-06, 9.8898e+00, 2.7077e-01, 
 2DIAGNOSTIC,    26, -5.610777139664e-01, 1.214461917698e-06, 1.0162e+01, 2.7253e-01, 
 2DIAGNOSTIC,    27, -5.610776543617e-01, 1.173234068119e-06, 1.0434e+01, 2.7208e-01, 
 2DIAGNOSTIC,    28, -5.610775351524e-01, 1.132429019890e-06, 1.0710e+01, 2.7536e-01, 
 2DIAGNOSTIC,    29, -5.610775947571e-01, 1.092916249945e-06, 1.0989e+01, 2.7944e-01, 
 2DIAGNOSTIC,    30, -5.610775947571e-01, 1.056366272678e-06, 1.1269e+01, 2.7985e-01, 
 2DIAGNOSTIC,    31, -5.610775351524e-01, 1.022483843371e-06, 1.1547e+01, 2.7816e-01, 
DIAGNOSTIC,Iteration,metricValue,convergenceValue,ITERATION_TIME_INDEX,SINCE_LAST
 2DIAGNOSTIC,     1, -5.067694783211e-01, inf, 1.4107e+01, 2.5602e+00, 
  Elapsed time (stage 0): 1.5411e+01


Stage 1
  iterations = 1000x500x250x0
  convergence threshold = 1.0000e-06
  convergence window size = 10
  number of levels = 4
  using the Mattes MI metric (number of bins = 32, weight = 1.0000e+00)
  preprocessing:  winsorizing the image intensities
  preprocessing:  histogram matching the images
  Shrink factors (level 1 out of 4): [6, 6, 6]
  Shrink factors (level 2 out of 4): [4, 4, 4]
  Shrink factors (level 3 out of 4): [2, 2, 2]
  Shrink factors (level 4 out of 4): [1, 1, 1]
  smoothing sigmas per level: [4, 2, 1, 0]
  regular sampling (percentage = 2.5000e-01)

*** Running AffineTransform registration ***

DIAGNOSTIC,Iteration,metricValue,convergenceValue,ITERATION_TIME_INDEX,SINCE_LAST
 2DIAGNOSTIC,     1, -8.211696147919e-01, inf, 5.8743e-01, 5.8743e-01, 
 2DIAGNOSTIC,     2, -8.245438337326e-01, inf, 5.9843e-01, 1.1005e-02, 
 2DIAGNOSTIC,     3, -8.304220438004e-01, inf, 6.1040e-01, 1.1966e-02, 
 2DIAGNOSTIC,     4, -8.403638005257e-01, inf, 6.2198e-01, 1.1583e-02, 
 2DIAGNOSTIC,     5, -8.569718003273e-01, inf, 6.3355e-01, 1.1570e-02, 
 2DIAGNOSTIC,     6, -8.833702206612e-01, inf, 6.4452e-01, 1.0966e-02, 
 2DIAGNOSTIC,     7, -9.250378012657e-01, inf, 6.5489e-01, 1.0374e-02, 
 2DIAGNOSTIC,     8, -9.809703826904e-01, inf, 6.6627e-01, 1.1372e-02, 
 2DIAGNOSTIC,     9, -9.971280097961e-01, inf, 6.7811e-01, 1.1845e-02, 
 2DIAGNOSTIC,    10, -1.010979533195e+00, 1.553253177553e-02, 6.8815e-01, 1.0041e-02, 
 2DIAGNOSTIC,    11, -1.023659348488e+00, 1.512220967561e-02, 6.9995e-01, 1.1801e-02, 
 2DIAGNOSTIC,    12, -1.045509696007e+00, 1.405077427626e-02, 7.1149e-01, 1.1540e-02, 
 2DIAGNOSTIC,    13, -1.049275875092e+00, 1.210755668581e-02, 7.2256e-01, 1.1063e-02, 
 2DIAGNOSTIC,    14, -1.051113486290e+00, 9.646238759160e-03, 7.3329e-01, 1.0731e-02, 
 2DIAGNOSTIC,    15, -1.052610278130e+00, 7.051222957671e-03, 7.4376e-01, 1.0471e-02, 
 2DIAGNOSTIC,    16, -1.054205179214e+00, 4.683493636549e-03, 7.5432e-01, 1.0564e-02, 
 2DIAGNOSTIC,    17, -1.055105924606e+00, 2.907617716119e-03, 7.6502e-01, 1.0697e-02, 
