All_Command_lines_OK
Using single precision for computations.
=============================================================================
The composite transform comprises the following transforms (in order): 
  1. Center of mass alignment using fixed image: /home/mpib/nemecz/Projects/miniTRK/Results/01_MRI/GroupTempl/T1w/T_template0.nii.gz and moving image: /home/mpib/nemecz/Projects/miniTRK/Analysis/01_MRI/Preproc/GroupTempl/T1w/sub-515928_T1w.nii.gz (type = Euler3DTransform)
=============================================================================
  number of levels = 4
  fixed image: /home/mpib/nemecz/Projects/miniTRK/Results/01_MRI/GroupTempl/T1w/T_template0.nii.gz
  moving image: /home/mpib/nemecz/Projects/miniTRK/Analysis/01_MRI/Preproc/GroupTempl/T1w/sub-515928_T1w.nii.gz
Dimension = 3
Number of stages = 1
Use Histogram Matching true
Winsorize image intensities true
Lower quantile = 0.01
Upper quantile = 0.99
Stage 1 State
   Image metric = Mattes
     Fixed image = Image (0x56336a772fe0)
  RTTI typeinfo:   itk::Image<float, 3u>
  Reference Count: 2
  Modified Time: 1667
  Debug: Off
  Object Name: 
  Observers: 
    none
  Source: (none)
  Source output name: (none)
  Release Data: Off
  Data Released: False
  Global Release Data: Off
  PipelineMTime: 0
  UpdateMTime: 1452
  RealTimeStamp: 0 seconds 
  LargestPossibleRegion: 
    Dimension: 3
    Index: [0, 0, 0]
    Size: [192, 256, 256]
  BufferedRegion: 
    Dimension: 3
    Index: [0, 0, 0]
    Size: [192, 256, 256]
  RequestedRegion: 
    Dimension: 3
    Index: [0, 0, 0]
    Size: [192, 256, 256]
  Spacing: [1, 1, 1]
  Origin: [95.0313, 100.538, -154.123]
  Direction: 
-0.999853 -0.014134 -0.00966312
0.014129 -0.9999 0.000586045
-0.00967044 0.000449429 0.999953

  IndexToPointMatrix: 
-0.999853 -0.014134 -0.00966312
0.014129 -0.9999 0.000586045
-0.00967044 0.000449429 0.999953

  PointToIndexMatrix: 
-0.999853 0.014129 -0.00967044
-0.014134 -0.9999 0.000449429
-0.00966312 0.000586045 0.999953

  Inverse Direction: 
-0.999853 0.014129 -0.00967044
-0.014134 -0.9999 0.000449429
-0.00966312 0.000586045 0.999953

  PixelContainer: 
    ImportImageContainer (0x56336a77f970)
      RTTI typeinfo:   itk::ImportImageContainer<unsigned long, float>
      Reference Count: 1
      Modified Time: 1449
      Debug: Off
      Object Name: 
      Observers: 
        none
      Pointer: 0x7f9aa3416010
      Container manages memory: true
      Size: 12582912
      Capacity: 12582912

     Moving image = Image (0x56336a7765c0)
  RTTI typeinfo:   itk::Image<float, 3u>
  Reference Count: 2
  Modified Time: 1668
  Debug: Off
  Object Name: 
  Observers: 
    none
  Source: (none)
  Source output name: (none)
  Release Data: Off
  Data Released: False
  Global Release Data: Off
  PipelineMTime: 0
  UpdateMTime: 1665
  RealTimeStamp: 0 seconds 
  LargestPossibleRegion: 
    Dimension: 3
    Index: [0, 0, 0]
    Size: [192, 256, 256]
  BufferedRegion: 
    Dimension: 3
    Index: [0, 0, 0]
    Size: [192, 256, 256]
  RequestedRegion: 
    Dimension: 3
    Index: [0, 0, 0]
    Size: [192, 256, 256]
  Spacing: [1, 1, 1]
  Origin: [95.0577, 73.9692, -175.817]
  Direction: 
-0.999954 -0.00945687 0.00143903
0.00956494 -0.986555 0.163147
-0.000123178 0.163154 0.986601

  IndexToPointMatrix: 
-0.999954 -0.00945687 0.00143903
0.00956494 -0.986555 0.163147
-0.000123178 0.163154 0.986601

  PointToIndexMatrix: 
-0.999954 0.00956494 -0.000123178
-0.00945688 -0.986555 0.163153
0.00143904 0.163148 0.986601

  Inverse Direction: 
-0.999954 0.00956494 -0.000123178
-0.00945688 -0.986555 0.163153
0.00143904 0.163148 0.986601

  PixelContainer: 
    ImportImageContainer (0x56336a7741a0)
      RTTI typeinfo:   itk::ImportImageContainer<unsigned long, float>
      Reference Count: 1
      Modified Time: 1662
      Debug: Off
      Object Name: 
      Observers: 
        none
      Pointer: 0x7f9aa0415010
      Container manages memory: true
      Size: 12582912
      Capacity: 12582912

     Weighting = 1
     Sampling strategy = regular
     Number of bins = 32
     Radius = 4
     Sampling percentage  = 0.25
   Transform = Rigid
     Gradient step = 0.1
     Update field sigma (voxel space) = 0
     Total field sigma (voxel space) = 0
     Update field time sigma = 0
     Total field time sigma  = 0
     Number of time indices = 0
     Number of time point samples = 0
Registration using 1 total stages.

Stage 0
  iterations = 1000x500x250x0
  convergence threshold = 1e-06
  convergence window size = 10
  number of levels = 4
  using the Mattes MI metric (number of bins = 32, weight = 1)
  preprocessing:  winsorizing the image intensities
  preprocessing:  histogram matching the images
  Shrink factors (level 1 out of 4): [6, 6, 6]
  Shrink factors (level 2 out of 4): [4, 4, 4]
  Shrink factors (level 3 out of 4): [2, 2, 2]
  Shrink factors (level 4 out of 4): [1, 1, 1]
  smoothing sigmas per level: [3, 2, 1, 0]
  regular sampling (percentage = 0.25)

*** Running Euler3DTransform registration ***

DIAGNOSTIC,Iteration,metricValue,convergenceValue,ITERATION_TIME_INDEX,SINCE_LAST
 2DIAGNOSTIC,     1, -9.175165295601e-01, inf, 7.2355e-01, 7.2355e-01, 
 2DIAGNOSTIC,     2, -9.186544418335e-01, inf, 7.3347e-01, 9.9161e-03, 
 2DIAGNOSTIC,     3, -9.200062751770e-01, inf, 7.4354e-01, 1.0074e-02, 
 2DIAGNOSTIC,     4, -9.215496778488e-01, inf, 7.5260e-01, 9.0549e-03, 
 2DIAGNOSTIC,     5, -9.230429530144e-01, inf, 7.6106e-01, 8.4620e-03, 
 2DIAGNOSTIC,     6, -9.245962500572e-01, inf, 7.6996e-01, 8.8980e-03, 
 2DIAGNOSTIC,     7, -9.267640709877e-01, inf, 7.7870e-01, 8.7450e-03, 
 2DIAGNOSTIC,     8, -9.313527345657e-01, inf, 7.8740e-01, 8.7008e-03, 
 2DIAGNOSTIC,     9, -9.346476793289e-01, inf, 7.9886e-01, 1.1457e-02, 
 2DIAGNOSTIC,    10, -9.353408813477e-01, 1.307098893449e-03, 8.1081e-01, 1.1947e-02, 
 2DIAGNOSTIC,    11, -9.351949691772e-01, 1.212715520523e-03, 8.1890e-01, 8.0922e-03, 
 2DIAGNOSTIC,    12, -9.356932044029e-01, 1.067842706107e-03, 8.2711e-01, 8.2080e-03, 
 2DIAGNOSTIC,    13, -9.365328550339e-01, 8.984847809188e-04, 8.3514e-01, 8.0359e-03, 
 2DIAGNOSTIC,    14, -9.368106722832e-01, 7.101637893356e-04, 8.4315e-01, 8.0121e-03, 
 2DIAGNOSTIC,    15, -9.375886321068e-01, 5.297537427396e-04, 8.5298e-01, 9.8209e-03, 
 2DIAGNOSTIC,    16, -9.377678632736e-01, 3.575953887776e-04, 8.6506e-01, 1.2088e-02, 
 2DIAGNOSTIC,    17, -9.377909302711e-01, 2.110336063197e-04, 8.7326e-01, 8.1930e-03, 
 2DIAGNOSTIC,    18, -9.378259181976e-01, 1.384799397783e-04, 8.8208e-01, 8.8251e-03, 
 2DIAGNOSTIC,    19, -9.378160834312e-01, 1.133930272772e-04, 8.9088e-01, 8.7981e-03, 
 2DIAGNOSTIC,    20, -9.378137588501e-01, 9.115368447965e-05, 8.9986e-01, 8.9819e-03, 
 2DIAGNOSTIC,    21, -9.377743601799e-01, 5.994005914545e-05, 9.0783e-01, 7.9710e-03, 
 2DIAGNOSTIC,    22, -9.377841949463e-01, 3.305851350888e-05, 9.1581e-01, 7.9820e-03, 
 2DIAGNOSTIC,    23, -9.378134608269e-01, 1.713090205158e-05, 9.2587e-01, 1.0055e-02, 
 2DIAGNOSTIC,    24, -9.378440976143e-01, 4.713405360235e-06, 9.3401e-01, 8.1401e-03, 
 2DIAGNOSTIC,    25, -9.378277063370e-01, 2.207827265011e-06, 9.4299e-01, 8.9810e-03, 
 2DIAGNOSTIC,    26, -9.378663301468e-01, 2.380046680628e-06, 9.5183e-01, 8.8391e-03, 
 2DIAGNOSTIC,    27, -9.378560185432e-01, 2.551491206759e-06, 9.6079e-01, 8.9591e-03, 
 2DIAGNOSTIC,    28, -9.378483891487e-01, 2.873421408367e-06, 9.6907e-01, 8.2850e-03, 
 2DIAGNOSTIC,    29, -9.378438591957e-01, 2.857753315766e-06, 9.7821e-01, 9.1379e-03, 
 2DIAGNOSTIC,    30, -9.378159642220e-01, 2.386828782619e-06, 9.8618e-01, 7.9720e-03, 
 2DIAGNOSTIC,    31, -9.378368854523e-01, 1.646154601076e-06, 9.9621e-01, 1.0027e-02, 
 2DIAGNOSTIC,    32, -9.378547072411e-01, 1.140690869761e-06, 1.0056e+00, 9.3980e-03, 
DIAGNOSTIC,Iteration,metricValue,convergenceValue,ITERATION_TIME_INDEX,SINCE_LAST
 2DIAGNOSTIC,     1, -8.058856129646e-01, inf, 1.6347e+00, 6.2909e-01, 
 2DIAGNOSTIC,     2, -8.065406680107e-01, inf, 1.6637e+00, 2.8999e-02, 
 2DIAGNOSTIC,     3, -8.071151375771e-01, inf, 1.6947e+00, 3.1000e-02, 
 2DIAGNOSTIC,     4, -8.073053359985e-01, inf, 1.7260e+00, 3.1315e-02, 
 2DIAGNOSTIC,     5, -8.073551058769e-01, inf, 1.7538e+00, 2.7827e-02, 
 2DIAGNOSTIC,     6, -8.074343800545e-01, inf, 1.7866e+00, 3.2795e-02, 
 2DIAGNOSTIC,     7, -8.074986338615e-01, inf, 1.8222e+00, 3.5591e-02, 
 2DIAGNOSTIC,     8, -8.075262308121e-01, inf, 1.8689e+00, 4.6681e-02, 
 2DIAGNOSTIC,     9, -8.075198531151e-01, inf, 1.9077e+00, 3.8817e-02, 
 2DIAGNOSTIC,    10, -8.075097799301e-01, 1.042904405040e-04, 1.9382e+00, 3.0485e-02, 
 2DIAGNOSTIC,    11, -8.075115680695e-01, 5.272250564303e-05, 1.9723e+00, 3.4092e-02, 
 2DIAGNOSTIC,    12, -8.075131773949e-01, 2.410717206658e-05, 2.0032e+00, 3.0904e-02, 
 2DIAGNOSTIC,    13, -8.075189590454e-01, 1.355306903861e-05, 2.0357e+00, 3.2486e-02, 
 2DIAGNOSTIC,    14, -8.075058460236e-01, 7.964388714754e-06, 2.0646e+00, 2.8879e-02, 
 2DIAGNOSTIC,    15, -8.075067400932e-01, 3.781413852266e-06, 2.0972e+00, 3.2635e-02, 
 2DIAGNOSTIC,    16, -8.075028657913e-01, 1.590812985341e-06, 2.1257e+00, 2.8504e-02, 
 2DIAGNOSTIC,    17, -8.075061440468e-01, 1.068662072612e-06, 2.1585e+00, 3.2775e-02, 
 2DIAGNOSTIC,    18, -8.075100779533e-01, 1.293644800171e-06, 2.1913e+00, 3.2811e-02, 
 2DIAGNOSTIC,    19, -8.075107932091e-01, 1.441293761673e-06, 2.2235e+00, 3.2241e-02, 
 2DIAGNOSTIC,    20, -8.075059056282e-01, 1.335894467047e-06, 2.2519e+00, 2.8387e-02, 
 2DIAGNOSTIC,    21, -8.075157999992e-01, 1.461317310714e-06, 2.2842e+00, 3.2313e-02, 
 2DIAGNOSTIC,    22, -8.075186014175e-01, 1.639807578613e-06, 2.3133e+00, 2.9073e-02, 
 2DIAGNOSTIC,    23, -8.075293898582e-01, 2.041349262072e-06, 2.3466e+00, 3.3283e-02, 
 2DIAGNOSTIC,    24, -8.075450062752e-01, 2.382379761912e-06, 2.3789e+00, 3.2259e-02, 
 2DIAGNOSTIC,    25, -8.075689673424e-01, 2.946661879832e-06, 2.4124e+00, 3.3568e-02, 
 2DIAGNOSTIC,    26, -8.075844645500e-01, 3.460459311100e-06, 2.4465e+00, 3.4112e-02, 
 2DIAGNOSTIC,    27, -8.075897693634e-01, 3.834678864223e-06, 2.4826e+00, 3.6076e-02, 
 2DIAGNOSTIC,    28, -8.075972199440e-01, 4.077956418769e-06, 2.5186e+00, 3.5963e-02, 
 2DIAGNOSTIC,    29, -8.075961470604e-01, 4.022475422971e-06, 2.5511e+00, 3.2555e-02, 
 2DIAGNOSTIC,    30, -8.075864315033e-01, 3.518197900121e-06, 2.5832e+00, 3.2055e-02, 
 2DIAGNOSTIC,    31, -8.075865507126e-01, 2.931151584562e-06, 2.6160e+00, 3.2863e-02, 
 2DIAGNOSTIC,    32, -8.075839281082e-01, 2.201792085543e-06, 2.6504e+00, 3.4343e-02, 
 2DIAGNOSTIC,    33, -8.075819015503e-01, 1.494185880802e-06, 2.6794e+00, 2.8972e-02, 
DIAGNOSTIC,Iteration,metricValue,convergenceValue,ITERATION_TIME_INDEX,SINCE_LAST
 2DIAGNOSTIC,     1, -7.057457566261e-01, inf, 3.7924e+00, 1.1130e+00, 
 2DIAGNOSTIC,     2, -7.058252096176e-01, inf, 4.0138e+00, 2.2141e-01, 
 2DIAGNOSTIC,     3, -7.058722376823e-01, inf, 4.2299e+00, 2.1612e-01, 
 2DIAGNOSTIC,     4, -7.059264779091e-01, inf, 4.4665e+00, 2.3658e-01, 
 2DIAGNOSTIC,     5, -7.060070633888e-01, inf, 4.6990e+00, 2.3251e-01, 
 2DIAGNOSTIC,     6, -7.061344981194e-01, inf, 4.9686e+00, 2.6961e-01, 
 2DIAGNOSTIC,     7, -7.061779499054e-01, inf, 5.2604e+00, 2.9180e-01, 
 2DIAGNOSTIC,     8, -7.061976194382e-01, inf, 5.5106e+00, 2.5020e-01, 
 2DIAGNOSTIC,     9, -7.062135338783e-01, inf, 5.7408e+00, 2.3019e-01, 
 2DIAGNOSTIC,    10, -7.062340974808e-01, 5.126479663886e-05, 6.0004e+00, 2.5959e-01, 
 2DIAGNOSTIC,    11, -7.062413096428e-01, 4.058044578414e-05, 6.2725e+00, 2.7205e-01, 
 2DIAGNOSTIC,    12, -7.062631249428e-01, 3.168262992403e-05, 6.5175e+00, 2.4507e-01, 
 2DIAGNOSTIC,    13, -7.062649726868e-01, 2.306902570126e-05, 6.7665e+00, 2.4894e-01, 
 2DIAGNOSTIC,    14, -7.062696218491e-01, 1.550178603793e-05, 7.0148e+00, 2.4831e-01, 
 2DIAGNOSTIC,    15, -7.062669992447e-01, 9.747561307449e-06, 7.2576e+00, 2.4275e-01, 
 2DIAGNOSTIC,    16, -7.062676548958e-01, 7.213789558591e-06, 7.6151e+00, 3.5750e-01, 
 2DIAGNOSTIC,    17, -7.062662243843e-01, 5.482238975674e-06, 7.8605e+00, 2.4548e-01, 
 2DIAGNOSTIC,    18, -7.062651515007e-01, 4.020573669550e-06, 8.1331e+00, 2.7252e-01, 
 2DIAGNOSTIC,    19, -7.062647938728e-01, 2.829359573298e-06, 8.3832e+00, 2.5010e-01, 
 2DIAGNOSTIC,    20, -7.062639594078e-01, 2.048705027846e-06, 8.6299e+00, 2.4671e-01, 
 2DIAGNOSTIC,    21, -7.062635421753e-01, 1.419987484041e-06, 8.8748e+00, 2.4490e-01, 
 2DIAGNOSTIC,    22, -7.062628865242e-01, 1.244077566298e-06, 9.1161e+00, 2.4129e-01, 
 2DIAGNOSTIC,    23, -7.062627673149e-01, 1.130354007728e-06, 9.3889e+00, 2.7282e-01, 
 2DIAGNOSTIC,    24, -7.062629461288e-01, 1.131811359301e-06, 9.6332e+00, 2.4435e-01, 
 2DIAGNOSTIC,    25, -7.062625288963e-01, 1.101545421989e-06, 9.8776e+00, 2.4430e-01, 
 2DIAGNOSTIC,    26, -7.062627673149e-01, 1.104260149987e-06, 1.0125e+01, 2.4743e-01, 
 2DIAGNOSTIC,    27, -7.062631845474e-01, 1.103164663618e-06, 1.0343e+01, 2.1830e-01, 
 2DIAGNOSTIC,    28, -7.062623500824e-01, 1.081549839910e-06, 1.0609e+01, 2.6552e-01, 
 2DIAGNOSTIC,    29, -7.062625885010e-01, 1.065487481355e-06, 1.0858e+01, 2.4913e-01, 
 2DIAGNOSTIC,    30, -7.062622308731e-01, 1.037451852426e-06, 1.1106e+01, 2.4840e-01, 
 2DIAGNOSTIC,    31, -7.062624692917e-01, 1.011284666674e-06, 1.1355e+01, 2.4846e-01, 
DIAGNOSTIC,Iteration,metricValue,convergenceValue,ITERATION_TIME_INDEX,SINCE_LAST
 2DIAGNOSTIC,     1, -6.350061893463e-01, inf, 1.3914e+01, 2.5592e+00, 
  Elapsed time (stage 0): 1.5229e+01


Total elapsed time: 1.5230e+01
Using single precision for computations.
Input scalar image: /home/mpib/nemecz/Projects/miniTRK/Analysis/01_MRI/Preproc/GroupTempl/T1w/sub-515928_T1w.nii.gz
Reference image: /home/mpib/nemecz/Projects/miniTRK/Results/01_MRI/GroupTempl/T1w/T_template0.nii.gz
=============================================================================
The composite transform comprises the following transforms (in order): 
  1. /home/mpib/nemecz/Projects/miniTRK/Results/01_MRI/GroupTempl/T1w/rigid14_0GenericAffine.mat (type = AffineTransform)
=============================================================================
Default pixel value: 0
Interpolation type: LinearInterpolateImageFunction
Output warped image: /home/mpib/nemecz/Projects/miniTRK/Results/01_MRI/GroupTempl/T1w/rigid14_0_sub-515928_T1w.nii.gz
