
Running N4 for 3-dimensional images.

Mask not read.  Using the entire image as the mask.

Original intensity range:  [0, 857]

***********************************************************
Warning:  Your input image contains nonpositive values
which could cause failure or problematic results.  A
possible workaround would be to:
   1. rescale your image to positive values e.g., [10,100].
   2. run N4 on your rescaled image.
   3. (optional) rescale the N4 output to the original
      intensity range.
***********************************************************

Specified spline distance: 200mm
  original image size:  [192, 256, 256]
  padded image size:  [201, 401, 401]
  number of control points:  [4, 5, 5]

Current level = 1
  Iteration 1 (of 50).   Current convergence value = 0.000898388 (threshold = 1e-08)
  Iteration 2 (of 50).   Current convergence value = 0.00072694 (threshold = 1e-08)
  Iteration 3 (of 50).   Current convergence value = 0.000563271 (threshold = 1e-08)
  Iteration 4 (of 50).   Current convergence value = 0.000440041 (threshold = 1e-08)
  Iteration 5 (of 50).   Current convergence value = 0.000346319 (threshold = 1e-08)
  Iteration 6 (of 50).   Current convergence value = 0.000276042 (threshold = 1e-08)
  Iteration 7 (of 50).   Current convergence value = 0.000223564 (threshold = 1e-08)
  Iteration 8 (of 50).   Current convergence value = 0.000183735 (threshold = 1e-08)
  Iteration 9 (of 50).   Current convergence value = 0.000153863 (threshold = 1e-08)
  Iteration 10 (of 50).   Current convergence value = 0.000131294 (threshold = 1e-08)
  Iteration 11 (of 50).   Current convergence value = 0.000114469 (threshold = 1e-08)
  Iteration 12 (of 50).   Current convergence value = 0.000101626 (threshold = 1e-08)
  Iteration 13 (of 50).   Current convergence value = 9.1796e-05 (threshold = 1e-08)
  Iteration 14 (of 50).   Current convergence value = 8.40432e-05 (threshold = 1e-08)
  Iteration 15 (of 50).   Current convergence value = 7.81457e-05 (threshold = 1e-08)
  Iteration 16 (of 50).   Current convergence value = 7.36703e-05 (threshold = 1e-08)
  Iteration 17 (of 50).   Current convergence value = 6.99141e-05 (threshold = 1e-08)
  Iteration 18 (of 50).   Current convergence value = 6.71033e-05 (threshold = 1e-08)
  Iteration 19 (of 50).   Current convergence value = 6.46047e-05 (threshold = 1e-08)
  Iteration 20 (of 50).   Current convergence value = 6.26771e-05 (threshold = 1e-08)
  Iteration 21 (of 50).   Current convergence value = 6.12709e-05 (threshold = 1e-08)
  Iteration 22 (of 50).   Current convergence value = 5.99763e-05 (threshold = 1e-08)
  Iteration 23 (of 50).   Current convergence value = 5.90039e-05 (threshold = 1e-08)
  Iteration 24 (of 50).   Current convergence value = 5.82737e-05 (threshold = 1e-08)
  Iteration 25 (of 50).   Current convergence value = 5.78038e-05 (threshold = 1e-08)
  Iteration 26 (of 50).   Current convergence value = 5.73626e-05 (threshold = 1e-08)
  Iteration 27 (of 50).   Current convergence value = 5.71001e-05 (threshold = 1e-08)
  Iteration 28 (of 50).   Current convergence value = 5.66522e-05 (threshold = 1e-08)
  Iteration 29 (of 50).   Current convergence value = 5.65419e-05 (threshold = 1e-08)
  Iteration 30 (of 50).   Current convergence value = 5.61809e-05 (threshold = 1e-08)
  Iteration 31 (of 50).   Current convergence value = 5.59514e-05 (threshold = 1e-08)
  Iteration 32 (of 50).   Current convergence value = 5.57852e-05 (threshold = 1e-08)
  Iteration 33 (of 50).   Current convergence value = 5.58064e-05 (threshold = 1e-08)
  Iteration 34 (of 50).   Current convergence value = 5.58256e-05 (threshold = 1e-08)
  Iteration 35 (of 50).   Current convergence value = 5.58214e-05 (threshold = 1e-08)
  Iteration 36 (of 50).   Current convergence value = 5.57201e-05 (threshold = 1e-08)
  Iteration 37 (of 50).   Current convergence value = 5.57392e-05 (threshold = 1e-08)
  Iteration 38 (of 50).   Current convergence value = 5.55831e-05 (threshold = 1e-08)
  Iteration 39 (of 50).   Current convergence value = 5.57025e-05 (threshold = 1e-08)
  Iteration 40 (of 50).   Current convergence value = 5.57135e-05 (threshold = 1e-08)
  Iteration 41 (of 50).   Current convergence value = 5.5742e-05 (threshold = 1e-08)
  Iteration 42 (of 50).   Current convergence value = 5.5654e-05 (threshold = 1e-08)
  Iteration 43 (of 50).   Current convergence value = 5.55824e-05 (threshold = 1e-08)
  Iteration 44 (of 50).   Current convergence value = 5.56718e-05 (threshold = 1e-08)
  Iteration 45 (of 50).   Current convergence value = 5.55618e-05 (threshold = 1e-08)
  Iteration 46 (of 50).   Current convergence value = 5.57054e-05 (threshold = 1e-08)
  Iteration 47 (of 50).   Current convergence value = 5.57206e-05 (threshold = 1e-08)
  Iteration 48 (of 50).   Current convergence value = 5.57042e-05 (threshold = 1e-08)
  Iteration 49 (of 50).   Current convergence value = 5.57828e-05 (threshold = 1e-08)
  Iteration 50 (of 50).   Current convergence value = 5.57416e-05 (threshold = 1e-08)
Current level = 2
  Iteration 1 (of 50).   Current convergence value = 0.000519001 (threshold = 1e-08)
  Iteration 2 (of 50).   Current convergence value = 0.000483492 (threshold = 1e-08)
  Iteration 3 (of 50).   Current convergence value = 0.0004607 (threshold = 1e-08)
  Iteration 4 (of 50).   Current convergence value = 0.000442334 (threshold = 1e-08)
  Iteration 5 (of 50).   Current convergence value = 0.000424755 (threshold = 1e-08)
  Iteration 6 (of 50).   Current convergence value = 0.000407888 (threshold = 1e-08)
  Iteration 7 (of 50).   Current convergence value = 0.000392878 (threshold = 1e-08)
  Iteration 8 (of 50).   Current convergence value = 0.000378969 (threshold = 1e-08)
  Iteration 9 (of 50).   Current convergence value = 0.000366121 (threshold = 1e-08)
  Iteration 10 (of 50).   Current convergence value = 0.000355278 (threshold = 1e-08)
  Iteration 11 (of 50).   Current convergence value = 0.00034562 (threshold = 1e-08)
  Iteration 12 (of 50).   Current convergence value = 0.00033707 (threshold = 1e-08)
  Iteration 13 (of 50).   Current convergence value = 0.000329733 (threshold = 1e-08)
  Iteration 14 (of 50).   Current convergence value = 0.000323602 (threshold = 1e-08)
  Iteration 15 (of 50).   Current convergence value = 0.000320668 (threshold = 1e-08)
  Iteration 16 (of 50).   Current convergence value = 0.000319851 (threshold = 1e-08)
  Iteration 17 (of 50).   Current convergence value = 0.00031539 (threshold = 1e-08)
  Iteration 18 (of 50).   Current convergence value = 0.000279465 (threshold = 1e-08)
  Iteration 19 (of 50).   Current convergence value = 0.000268138 (threshold = 1e-08)
  Iteration 20 (of 50).   Current convergence value = 0.000256644 (threshold = 1e-08)
  Iteration 21 (of 50).   Current convergence value = 0.000246225 (threshold = 1e-08)
  Iteration 22 (of 50).   Current convergence value = 0.000236729 (threshold = 1e-08)
  Iteration 23 (of 50).   Current convergence value = 0.000227669 (threshold = 1e-08)
  Iteration 24 (of 50).   Current convergence value = 0.000219385 (threshold = 1e-08)
  Iteration 25 (of 50).   Current convergence value = 0.000211522 (threshold = 1e-08)
  Iteration 26 (of 50).   Current convergence value = 0.000204307 (threshold = 1e-08)
  Iteration 27 (of 50).   Current convergence value = 0.00019742 (threshold = 1e-08)
  Iteration 28 (of 50).   Current convergence value = 0.000191144 (threshold = 1e-08)
  Iteration 29 (of 50).   Current convergence value = 0.000185005 (threshold = 1e-08)
  Iteration 30 (of 50).   Current convergence value = 0.000179616 (threshold = 1e-08)
  Iteration 31 (of 50).   Current convergence value = 0.000174517 (threshold = 1e-08)
  Iteration 32 (of 50).   Current convergence value = 0.000169815 (threshold = 1e-08)
  Iteration 33 (of 50).   Current convergence value = 0.000165318 (threshold = 1e-08)
  Iteration 34 (of 50).   Current convergence value = 0.000161045 (threshold = 1e-08)
  Iteration 35 (of 50).   Current convergence value = 0.000156986 (threshold = 1e-08)
  Iteration 36 (of 50).   Current convergence value = 0.000153269 (threshold = 1e-08)
  Iteration 37 (of 50).   Current convergence value = 0.000149325 (threshold = 1e-08)
  Iteration 38 (of 50).   Current convergence value = 0.000145759 (threshold = 1e-08)
  Iteration 39 (of 50).   Current convergence value = 0.000142506 (threshold = 1e-08)
  Iteration 40 (of 50).   Current convergence value = 0.000139178 (threshold = 1e-08)
  Iteration 41 (of 50).   Current convergence value = 0.000136123 (threshold = 1e-08)
  Iteration 42 (of 50).   Current convergence value = 0.000126875 (threshold = 1e-08)
  Iteration 43 (of 50).   Current convergence value = 0.000122339 (threshold = 1e-08)
  Iteration 44 (of 50).   Current convergence value = 0.000119933 (threshold = 1e-08)
  Iteration 45 (of 50).   Current convergence value = 0.000118839 (threshold = 1e-08)
  Iteration 46 (of 50).   Current convergence value = 0.00011809 (threshold = 1e-08)
  Iteration 47 (of 50).   Current convergence value = 0.000117902 (threshold = 1e-08)
  Iteration 48 (of 50).   Current convergence value = 0.000117594 (threshold = 1e-08)
  Iteration 49 (of 50).   Current convergence value = 0.000117182 (threshold = 1e-08)
  Iteration 50 (of 50).   Current convergence value = 0.000116897 (threshold = 1e-08)
Current level = 3
  Iteration 1 (of 40).   Current convergence value = 0.00159144 (threshold = 1e-08)
  Iteration 2 (of 40).   Current convergence value = 0.00119162 (threshold = 1e-08)
  Iteration 3 (of 40).   Current convergence value = 0.0010367 (threshold = 1e-08)
  Iteration 4 (of 40).   Current convergence value = 0.000970371 (threshold = 1e-08)
  Iteration 5 (of 40).   Current convergence value = 0.000917567 (threshold = 1e-08)
  Iteration 6 (of 40).   Current convergence value = 0.000874453 (threshold = 1e-08)
  Iteration 7 (of 40).   Current convergence value = 0.000839018 (threshold = 1e-08)
  Iteration 8 (of 40).   Current convergence value = 0.000807144 (threshold = 1e-08)
  Iteration 9 (of 40).   Current convergence value = 0.000781163 (threshold = 1e-08)
  Iteration 10 (of 40).   Current convergence value = 0.000763249 (threshold = 1e-08)
  Iteration 11 (of 40).   Current convergence value = 0.000747701 (threshold = 1e-08)
  Iteration 12 (of 40).   Current convergence value = 0.000734677 (threshold = 1e-08)
  Iteration 13 (of 40).   Current convergence value = 0.000723881 (threshold = 1e-08)
  Iteration 14 (of 40).   Current convergence value = 0.000710291 (threshold = 1e-08)
  Iteration 15 (of 40).   Current convergence value = 0.000695444 (threshold = 1e-08)
  Iteration 16 (of 40).   Current convergence value = 0.00066769 (threshold = 1e-08)
  Iteration 17 (of 40).   Current convergence value = 0.000626344 (threshold = 1e-08)
  Iteration 18 (of 40).   Current convergence value = 0.000590744 (threshold = 1e-08)
  Iteration 19 (of 40).   Current convergence value = 0.000559605 (threshold = 1e-08)
  Iteration 20 (of 40).   Current convergence value = 0.000531643 (threshold = 1e-08)
  Iteration 21 (of 40).   Current convergence value = 0.000506754 (threshold = 1e-08)
  Iteration 22 (of 40).   Current convergence value = 0.000484481 (threshold = 1e-08)
  Iteration 23 (of 40).   Current convergence value = 0.000464412 (threshold = 1e-08)
  Iteration 24 (of 40).   Current convergence value = 0.00044639 (threshold = 1e-08)
  Iteration 25 (of 40).   Current convergence value = 0.000430083 (threshold = 1e-08)
  Iteration 26 (of 40).   Current convergence value = 0.0004154 (threshold = 1e-08)
  Iteration 27 (of 40).   Current convergence value = 0.000401976 (threshold = 1e-08)
  Iteration 28 (of 40).   Current convergence value = 0.000389829 (threshold = 1e-08)
  Iteration 29 (of 40).   Current convergence value = 0.000378609 (threshold = 1e-08)
  Iteration 30 (of 40).   Current convergence value = 0.000368276 (threshold = 1e-08)
  Iteration 31 (of 40).   Current convergence value = 0.000358789 (threshold = 1e-08)
  Iteration 32 (of 40).   Current convergence value = 0.000350122 (threshold = 1e-08)
  Iteration 33 (of 40).   Current convergence value = 0.000342233 (threshold = 1e-08)
  Iteration 34 (of 40).   Current convergence value = 0.000335072 (threshold = 1e-08)
  Iteration 35 (of 40).   Current convergence value = 0.000328515 (threshold = 1e-08)
  Iteration 36 (of 40).   Current convergence value = 0.000322523 (threshold = 1e-08)
  Iteration 37 (of 40).   Current convergence value = 0.000316971 (threshold = 1e-08)
  Iteration 38 (of 40).   Current convergence value = 0.000311741 (threshold = 1e-08)
  Iteration 39 (of 40).   Current convergence value = 0.000307005 (threshold = 1e-08)
  Iteration 40 (of 40).   Current convergence value = 0.000302545 (threshold = 1e-08)
Current level = 4
  Iteration 1 (of 30).   Current convergence value = 0.00234013 (threshold = 1e-08)
  Iteration 2 (of 30).   Current convergence value = 0.00218289 (threshold = 1e-08)
  Iteration 3 (of 30).   Current convergence value = 0.00213055 (threshold = 1e-08)
  Iteration 4 (of 30).   Current convergence value = 0.00208912 (threshold = 1e-08)
  Iteration 5 (of 30).   Current convergence value = 0.0020553 (threshold = 1e-08)
  Iteration 6 (of 30).   Current convergence value = 0.0020176 (threshold = 1e-08)
  Iteration 7 (of 30).   Current convergence value = 0.00196794 (threshold = 1e-08)
  Iteration 8 (of 30).   Current convergence value = 0.00192769 (threshold = 1e-08)
  Iteration 9 (of 30).   Current convergence value = 0.00188725 (threshold = 1e-08)
  Iteration 10 (of 30).   Current convergence value = 0.00181067 (threshold = 1e-08)
  Iteration 11 (of 30).   Current convergence value = 0.00163021 (threshold = 1e-08)
  Iteration 12 (of 30).   Current convergence value = 0.00145564 (threshold = 1e-08)
  Iteration 13 (of 30).   Current convergence value = 0.00128619 (threshold = 1e-08)
  Iteration 14 (of 30).   Current convergence value = 0.00117432 (threshold = 1e-08)
  Iteration 15 (of 30).   Current convergence value = 0.00108195 (threshold = 1e-08)
  Iteration 16 (of 30).   Current convergence value = 0.001017 (threshold = 1e-08)
  Iteration 17 (of 30).   Current convergence value = 0.00101706 (threshold = 1e-08)
  Iteration 18 (of 30).   Current convergence value = 0.001091 (threshold = 1e-08)
  Iteration 19 (of 30).   Current convergence value = 0.00122382 (threshold = 1e-08)
  Iteration 20 (of 30).   Current convergence value = 0.00137828 (threshold = 1e-08)
  Iteration 21 (of 30).   Current convergence value = 0.00125457 (threshold = 1e-08)
  Iteration 22 (of 30).   Current convergence value = 0.00111712 (threshold = 1e-08)
  Iteration 23 (of 30).   Current convergence value = 0.00100434 (threshold = 1e-08)
  Iteration 24 (of 30).   Current convergence value = 0.000911985 (threshold = 1e-08)
  Iteration 25 (of 30).   Current convergence value = 0.000832284 (threshold = 1e-08)
  Iteration 26 (of 30).   Current convergence value = 0.000760553 (threshold = 1e-08)
  Iteration 27 (of 30).   Current convergence value = 0.000691952 (threshold = 1e-08)
  Iteration 28 (of 30).   Current convergence value = 0.000647788 (threshold = 1e-08)
  Iteration 29 (of 30).   Current convergence value = 0.000616948 (threshold = 1e-08)
  Iteration 30 (of 30).   Current convergence value = 0.000590984 (threshold = 1e-08)
   N4BiasFieldCorrectionImageFilter (0x55d6a9c77e20)
     RTTI typeinfo:   itk::N4BiasFieldCorrectionImageFilter<itk::Image<float, 3u>, itk::Image<float, 3u>, itk::Image<float, 3u> >
     Reference Count: 1
     Modified Time: 565
     Debug: Off
     Object Name: 
     Observers: 
       IterationEvent(Command)
     Inputs: 
       ConfidenceImage: (0)
       MaskImage: (0x55d6a9ca25e0)
       Primary: (0x55d6a9c9dae0) *
     Indexed Inputs: 
       0: Primary (0x55d6a9c9dae0)
       1: MaskImage (0x55d6a9ca25e0)
       2: ConfidenceImage (0)
     Required Input Names: Primary
     NumberOfRequiredInputs: 1
     Outputs: 
       Primary: (0x55d6a9c87ef0)
     Indexed Outputs: 
       0: Primary (0x55d6a9c87ef0)
     NumberOfRequiredOutputs: 1
     Number Of Work Units: 32
     ReleaseDataFlag: Off
     ReleaseDataBeforeUpdateFlag: Off
     AbortGenerateData: Off
     Progress: 0
     Multithreader: 
       RTTI typeinfo:   itk::PoolMultiThreader
       Reference Count: 1
       Modified Time: 144
       Debug: Off
       Object Name: 
       Observers: 
         none
       Number of Work Units: 32
       Number of Threads: 8
       Global Maximum Number Of Threads: 128
       Global Default Number Of Threads: 8
       Global Default Threader Type: itk::MultiThreaderBaseEnums::Threader::Pool
       SingleMethod: 0
       SingleData: 0
     DynamicMultiThreading: On
     CoordinateTolerance: 1e-06
     DirectionTolerance: 1e-06
     Use Mask Label: 0
     Mask label: 1
     Number of histogram bins: 200
     Wiener filter noise: 0.01
     Bias field FWHM: 0.15
     Maximum number of iterations: [50, 50, 40, 30]
     Convergence threshold: 1e-08
     Spline order: 3
     Number of fitting levels: [4, 4, 4]
     Number of control points: [4, 5, 5]
     CurrentConvergenceMeasurement: 0.000590984
     CurrentLevel: 4
     ElapsedIterations: 31
     LogBiasFieldControlPointLattice: 
       Image (0x55d6b3e44d80)
         RTTI typeinfo:   itk::Image<itk::Vector<float, 1u>, 3u>
         Reference Count: 1
         Modified Time: 343560
         Debug: Off
         Object Name: 
         Observers: 
           none
         Source: (none)
         Source output name: (none)
         Release Data: Off
         Data Released: False
         Global Release Data: Off
         PipelineMTime: 0
         UpdateMTime: 0
         RealTimeStamp: 0 seconds 
         LargestPossibleRegion: 
           Dimension: 3
           Index: [0, 0, 0]
           Size: [11, 19, 19]
         BufferedRegion: 
           Dimension: 3
           Index: [0, 0, 0]
           Size: [11, 19, 19]
         RequestedRegion: 
           Dimension: 3
           Index: [0, 0, 0]
           Size: [11, 19, 19]
         Spacing: [24.75, 24.875, 24.875]
         Origin: [25.0905, 24.3286, -25.0734]
         Direction: 
-0.999949 -0.00498923 -0.00875089
0.00484 -0.999844 0.0169922
-0.00883431 0.016949 0.999817

         IndexToPointMatrix: 
-24.7487 -0.124107 -0.217678
0.11979 -24.8711 0.422681
-0.218649 0.421606 24.8705

         PointToIndexMatrix: 
-0.040402 0.000195556 -0.000356942
-0.000200572 -0.0401947 0.000681366
-0.000351795 0.000683104 0.0401937

         Inverse Direction: 
-0.999949 0.00484 -0.0088343
-0.00498923 -0.999844 0.016949
-0.00875089 0.0169922 0.999817

         PixelContainer: 
           ImportImageContainer (0x55d6b077d820)
             RTTI typeinfo:   itk::ImportImageContainer<unsigned long, itk::Vector<float, 1u> >
             Reference Count: 1
             Modified Time: 343561
             Debug: Off
             Object Name: 
             Observers: 
               none
             Pointer: 0x55d6b3e29fb0
             Container manages memory: true
             Size: 3971
             Capacity: 3971
Elapsed time: 267.783
All_Command_lines_OK
Using single precision for computations.
=============================================================================
The composite transform comprises the following transforms (in order): 
  1. Center of mass alignment using fixed image: /home/mpib/nemecz/Projects/miniTRK/Results/01_MRI/GroupTempl/T1w/T_template0.nii.gz and moving image: /home/mpib/nemecz/Projects/miniTRK/Analysis/01_MRI/Preproc/GroupTempl/T1w/sub-968873_T1w.nii.gz (type = Euler3DTransform)
=============================================================================
  number of levels = 4
  number of levels = 4
  number of levels = 4
  fixed image: /home/mpib/nemecz/Projects/miniTRK/Results/01_MRI/GroupTempl/T1w/T_template0.nii.gz
  moving image: /home/mpib/nemecz/Projects/miniTRK/Results/01_MRI/GroupTempl/T1w/T_template0sub-968873_T1wRepaired.nii.gz
  fixed image: /home/mpib/nemecz/Projects/miniTRK/Results/01_MRI/GroupTempl/T1w/T_template0.nii.gz
  moving image: /home/mpib/nemecz/Projects/miniTRK/Results/01_MRI/GroupTempl/T1w/T_template0sub-968873_T1wRepaired.nii.gz
  fixed image: /home/mpib/nemecz/Projects/miniTRK/Results/01_MRI/GroupTempl/T1w/T_template0.nii.gz
  moving image: /home/mpib/nemecz/Projects/miniTRK/Results/01_MRI/GroupTempl/T1w/T_template0sub-968873_T1wRepaired.nii.gz
Dimension = 3
Number of stages = 3
Use Histogram Matching true
Winsorize image intensities true
Lower quantile = 0.01
Upper quantile = 0.99
Stage 1 State
   Image metric = Mattes
     Fixed image = Image (0x55674f013ad0)
  RTTI typeinfo:   itk::Image<float, 3u>
  Reference Count: 2
  Modified Time: 1721
  Debug: Off
  Object Name: 
  Observers: 
    none
  Source: (none)
  Source output name: (none)
  Release Data: Off
  Data Released: False
  Global Release Data: Off
  PipelineMTime: 0
  UpdateMTime: 1506
  RealTimeStamp: 0 seconds 
  LargestPossibleRegion: 
    Dimension: 3
    Index: [0, 0, 0]
    Size: [192, 256, 256]
  BufferedRegion: 
    Dimension: 3
    Index: [0, 0, 0]
    Size: [192, 256, 256]
  RequestedRegion: 
    Dimension: 3
    Index: [0, 0, 0]
    Size: [192, 256, 256]
  Spacing: [1, 1, 1]
  Origin: [95.0313, 100.538, -154.123]
  Direction: 
-0.999853 -0.014134 -0.00966312
0.014129 -0.9999 0.000586045
-0.00967044 0.000449429 0.999953

  IndexToPointMatrix: 
-0.999853 -0.014134 -0.00966312
0.014129 -0.9999 0.000586045
-0.00967044 0.000449429 0.999953

  PointToIndexMatrix: 
-0.999853 0.014129 -0.00967044
-0.014134 -0.9999 0.000449429
-0.00966312 0.000586045 0.999953

  Inverse Direction: 
-0.999853 0.014129 -0.00967044
-0.014134 -0.9999 0.000449429
-0.00966312 0.000586045 0.999953

  PixelContainer: 
    ImportImageContainer (0x55674f01bc80)
      RTTI typeinfo:   itk::ImportImageContainer<unsigned long, float>
      Reference Count: 1
      Modified Time: 1503
      Debug: Off
      Object Name: 
      Observers: 
        none
      Pointer: 0x7faf35216010
      Container manages memory: true
      Size: 12582912
      Capacity: 12582912

     Moving image = Image (0x55674f014bc0)
  RTTI typeinfo:   itk::Image<float, 3u>
  Reference Count: 2
  Modified Time: 1722
  Debug: Off
  Object Name: 
  Observers: 
    none
  Source: (none)
  Source output name: (none)
  Release Data: Off
  Data Released: False
  Global Release Data: Off
  PipelineMTime: 0
  UpdateMTime: 1719
  RealTimeStamp: 0 seconds 
  LargestPossibleRegion: 
    Dimension: 3
    Index: [0, 0, 0]
    Size: [192, 256, 256]
  BufferedRegion: 
    Dimension: 3
    Index: [0, 0, 0]
    Size: [192, 256, 256]
  RequestedRegion: 
    Dimension: 3
    Index: [0, 0, 0]
    Size: [192, 256, 256]
  Spacing: [1, 1, 1]
  Origin: [98.7718, 103.558, -156.786]
  Direction: 
-0.999949 -0.00498923 -0.00875089
0.00484 -0.999844 0.0169922
-0.0088343 0.016949 0.999817

  IndexToPointMatrix: 
-0.999949 -0.00498923 -0.00875089
0.00484 -0.999844 0.0169922
-0.0088343 0.016949 0.999817

  PointToIndexMatrix: 
-0.999949 0.00484 -0.0088343
-0.00498923 -0.999844 0.016949
-0.00875089 0.0169922 0.999817

  Inverse Direction: 
-0.999949 0.00484 -0.0088343
-0.00498923 -0.999844 0.016949
-0.00875089 0.0169922 0.999817

  PixelContainer: 
    ImportImageContainer (0x55674f020100)
      RTTI typeinfo:   itk::ImportImageContainer<unsigned long, float>
      Reference Count: 1
      Modified Time: 1716
      Debug: Off
      Object Name: 
      Observers: 
        none
      Pointer: 0x7faf32215010
      Container manages memory: true
      Size: 12582912
      Capacity: 12582912

     Weighting = 1
     Sampling strategy = regular
     Number of bins = 32
     Radius = 4
     Sampling percentage  = 0.25
   Transform = Rigid
     Gradient step = 0.1
     Update field sigma (voxel space) = 0
     Total field sigma (voxel space) = 0
     Update field time sigma = 0
     Total field time sigma  = 0
     Number of time indices = 0
     Number of time point samples = 0
Stage 2 State
   Image metric = Mattes
     Fixed image = Image (0x55674f02c870)
  RTTI typeinfo:   itk::Image<float, 3u>
  Reference Count: 2
  Modified Time: 2149
  Debug: Off
  Object Name: 
  Observers: 
    none
  Source: (none)
  Source output name: (none)
  Release Data: Off
  Data Released: False
  Global Release Data: Off
  PipelineMTime: 0
  UpdateMTime: 1934
  RealTimeStamp: 0 seconds 
  LargestPossibleRegion: 
    Dimension: 3
    Index: [0, 0, 0]
    Size: [192, 256, 256]
  BufferedRegion: 
    Dimension: 3
    Index: [0, 0, 0]
    Size: [192, 256, 256]
  RequestedRegion: 
    Dimension: 3
    Index: [0, 0, 0]
    Size: [192, 256, 256]
  Spacing: [1, 1, 1]
  Origin: [95.0313, 100.538, -154.123]
  Direction: 
-0.999853 -0.014134 -0.00966312
0.014129 -0.9999 0.000586045
-0.00967044 0.000449429 0.999953

  IndexToPointMatrix: 
-0.999853 -0.014134 -0.00966312
0.014129 -0.9999 0.000586045
-0.00967044 0.000449429 0.999953

  PointToIndexMatrix: 
-0.999853 0.014129 -0.00967044
-0.014134 -0.9999 0.000449429
-0.00966312 0.000586045 0.999953

  Inverse Direction: 
-0.999853 0.014129 -0.00967044
-0.014134 -0.9999 0.000449429
-0.00966312 0.000586045 0.999953

  PixelContainer: 
    ImportImageContainer (0x55674f0176d0)
      RTTI typeinfo:   itk::ImportImageContainer<unsigned long, float>
      Reference Count: 1
      Modified Time: 1931
      Debug: Off
      Object Name: 
      Observers: 
        none
      Pointer: 0x7faf2f214010
      Container manages memory: true
      Size: 12582912
      Capacity: 12582912

     Moving image = Image (0x55674f02c4c0)
  RTTI typeinfo:   itk::Image<float, 3u>
  Reference Count: 2
  Modified Time: 2150
  Debug: Off
  Object Name: 
  Observers: 
    none
  Source: (none)
  Source output name: (none)
  Release Data: Off
  Data Released: False
  Global Release Data: Off
  PipelineMTime: 0
  UpdateMTime: 2147
  RealTimeStamp: 0 seconds 
  LargestPossibleRegion: 
    Dimension: 3
    Index: [0, 0, 0]
    Size: [192, 256, 256]
  BufferedRegion: 
    Dimension: 3
    Index: [0, 0, 0]
    Size: [192, 256, 256]
  RequestedRegion: 
    Dimension: 3
    Index: [0, 0, 0]
    Size: [192, 256, 256]
  Spacing: [1, 1, 1]
  Origin: [98.7718, 103.558, -156.786]
  Direction: 
-0.999949 -0.00498923 -0.00875089
0.00484 -0.999844 0.0169922
-0.0088343 0.016949 0.999817

  IndexToPointMatrix: 
-0.999949 -0.00498923 -0.00875089
0.00484 -0.999844 0.0169922
-0.0088343 0.016949 0.999817

  PointToIndexMatrix: 
-0.999949 0.00484 -0.0088343
-0.00498923 -0.999844 0.016949
-0.00875089 0.0169922 0.999817

  Inverse Direction: 
-0.999949 0.00484 -0.0088343
-0.00498923 -0.999844 0.016949
-0.00875089 0.0169922 0.999817

  PixelContainer: 
    ImportImageContainer (0x55674f02d8c0)
      RTTI typeinfo:   itk::ImportImageContainer<unsigned long, float>
      Reference Count: 1
      Modified Time: 2144
      Debug: Off
      Object Name: 
      Observers: 
        none
      Pointer: 0x7faf2c213010
      Container manages memory: true
      Size: 12582912
      Capacity: 12582912

     Weighting = 1
     Sampling strategy = regular
     Number of bins = 32
     Radius = 4
     Sampling percentage  = 0.25
   Transform = Affine
     Gradient step = 0.1
     Update field sigma (voxel space) = 0
     Total field sigma (voxel space) = 0
     Update field time sigma = 0
     Total field time sigma  = 0
     Number of time indices = 0
     Number of time point samples = 0
Stage 3 State
   Image metric = CC
     Fixed image = Image (0x55674f033960)
  RTTI typeinfo:   itk::Image<float, 3u>
  Reference Count: 2
  Modified Time: 2577
  Debug: Off
  Object Name: 
  Observers: 
    none
  Source: (none)
  Source output name: (none)
  Release Data: Off
  Data Released: False
  Global Release Data: Off
  PipelineMTime: 0
  UpdateMTime: 2362
  RealTimeStamp: 0 seconds 
  LargestPossibleRegion: 
    Dimension: 3
    Index: [0, 0, 0]
    Size: [192, 256, 256]
  BufferedRegion: 
    Dimension: 3
    Index: [0, 0, 0]
    Size: [192, 256, 256]
  RequestedRegion: 
    Dimension: 3
    Index: [0, 0, 0]
    Size: [192, 256, 256]
  Spacing: [1, 1, 1]
  Origin: [95.0313, 100.538, -154.123]
  Direction: 
-0.999853 -0.014134 -0.00966312
0.014129 -0.9999 0.000586045
-0.00967044 0.000449429 0.999953

  IndexToPointMatrix: 
-0.999853 -0.014134 -0.00966312
0.014129 -0.9999 0.000586045
-0.00967044 0.000449429 0.999953

  PointToIndexMatrix: 
-0.999853 0.014129 -0.00967044
-0.014134 -0.9999 0.000449429
-0.00966312 0.000586045 0.999953

  Inverse Direction: 
-0.999853 0.014129 -0.00967044
-0.014134 -0.9999 0.000449429
-0.00966312 0.000586045 0.999953

  PixelContainer: 
    ImportImageContainer (0x55674f014660)
      RTTI typeinfo:   itk::ImportImageContainer<unsigned long, float>
      Reference Count: 1
      Modified Time: 2359
      Debug: Off
      Object Name: 
      Observers: 
        none
      Pointer: 0x7faf29212010
      Container manages memory: true
      Size: 12582912
      Capacity: 12582912

     Moving image = Image (0x55674f035840)
  RTTI typeinfo:   itk::Image<float, 3u>
  Reference Count: 2
  Modified Time: 2578
  Debug: Off
  Object Name: 
  Observers: 
    none
  Source: (none)
  Source output name: (none)
  Release Data: Off
  Data Released: False
  Global Release Data: Off
  PipelineMTime: 0
  UpdateMTime: 2575
  RealTimeStamp: 0 seconds 
  LargestPossibleRegion: 
    Dimension: 3
    Index: [0, 0, 0]
    Size: [192, 256, 256]
  BufferedRegion: 
    Dimension: 3
    Index: [0, 0, 0]
    Size: [192, 256, 256]
  RequestedRegion: 
    Dimension: 3
    Index: [0, 0, 0]
    Size: [192, 256, 256]
  Spacing: [1, 1, 1]
  Origin: [98.7718, 103.558, -156.786]
  Direction: 
-0.999949 -0.00498923 -0.00875089
0.00484 -0.999844 0.0169922
-0.0088343 0.016949 0.999817

  IndexToPointMatrix: 
-0.999949 -0.00498923 -0.00875089
0.00484 -0.999844 0.0169922
-0.0088343 0.016949 0.999817

  PointToIndexMatrix: 
-0.999949 0.00484 -0.0088343
-0.00498923 -0.999844 0.016949
-0.00875089 0.0169922 0.999817

  Inverse Direction: 
-0.999949 0.00484 -0.0088343
-0.00498923 -0.999844 0.016949
-0.00875089 0.0169922 0.999817

  PixelContainer: 
    ImportImageContainer (0x55674f032660)
      RTTI typeinfo:   itk::ImportImageContainer<unsigned long, float>
      Reference Count: 1
      Modified Time: 2572
      Debug: Off
      Object Name: 
      Observers: 
        none
      Pointer: 0x7faf26211010
      Container manages memory: true
      Size: 12582912
      Capacity: 12582912

     Weighting = 1
     Sampling strategy = none
     Number of bins = 32
     Radius = 4
     Sampling percentage  = 1
   Transform = SyN
     Gradient step = 0.1
     Update field sigma (voxel space) = 3
     Total field sigma (voxel space) = 0
     Update field time sigma = 0
     Total field time sigma  = 0
     Number of time indices = 0
     Number of time point samples = 0
Registration using 3 total stages.

Stage 0
  iterations = 1000x500x250x0
  convergence threshold = 1e-06
  convergence window size = 10
  number of levels = 4
  using the Mattes MI metric (number of bins = 32, weight = 1)
  preprocessing:  winsorizing the image intensities
  preprocessing:  histogram matching the images
  Shrink factors (level 1 out of 4): [6, 6, 6]
  Shrink factors (level 2 out of 4): [4, 4, 4]
  Shrink factors (level 3 out of 4): [2, 2, 2]
  Shrink factors (level 4 out of 4): [1, 1, 1]
  smoothing sigmas per level: [4, 2, 1, 0]
  regular sampling (percentage = 0.25)

*** Running Euler3DTransform registration ***

DIAGNOSTIC,Iteration,metricValue,convergenceValue,ITERATION_TIME_INDEX,SINCE_LAST
 2DIAGNOSTIC,     1, -7.602285146713e-01, inf, 5.5613e-01, 5.5613e-01, 
 2DIAGNOSTIC,     2, -7.607997059822e-01, inf, 5.6691e-01, 1.0784e-02, 
 2DIAGNOSTIC,     3, -7.617161273956e-01, inf, 5.7735e-01, 1.0438e-02, 
 2DIAGNOSTIC,     4, -7.628391385078e-01, inf, 5.8736e-01, 1.0015e-02, 
 2DIAGNOSTIC,     5, -7.641203403473e-01, inf, 5.9701e-01, 9.6509e-03, 
 2DIAGNOSTIC,     6, -7.659784555435e-01, inf, 6.0527e-01, 8.2591e-03, 
 2DIAGNOSTIC,     7, -7.689752578735e-01, inf, 6.1331e-01, 8.0330e-03, 
 2DIAGNOSTIC,     8, -7.721825242043e-01, inf, 6.2219e-01, 8.8830e-03, 
 2DIAGNOSTIC,     9, -7.737821340561e-01, inf, 6.3346e-01, 1.1266e-02, 
 2DIAGNOSTIC,    10, -7.744127511978e-01, 1.339725335129e-03, 6.4168e-01, 8.2231e-03, 
 2DIAGNOSTIC,    11, -7.746924757957e-01, 1.246416126378e-03, 6.5093e-01, 9.2492e-03, 
 2DIAGNOSTIC,    12, -7.750439643860e-01, 1.084703137167e-03, 6.5927e-01, 8.3439e-03, 
 2DIAGNOSTIC,    13, -7.753776311874e-01, 8.844470721669e-04, 6.7105e-01, 1.1777e-02, 
 2DIAGNOSTIC,    14, -7.759090065956e-01, 6.764208083041e-04, 6.7936e-01, 8.3120e-03, 
 2DIAGNOSTIC,    15, -7.759729027748e-01, 4.682711150963e-04, 6.8866e-01, 9.3000e-03, 
 2DIAGNOSTIC,    16, -7.760401368141e-01, 2.875931095332e-04, 6.9709e-01, 8.4331e-03, 
 2DIAGNOSTIC,    17, -7.760644555092e-01, 1.662552240305e-04, 7.0553e-01, 8.4360e-03, 
 2DIAGNOSTIC,    18, -7.762646079063e-01, 1.122854300775e-04, 7.1524e-01, 9.7120e-03, 
 2DIAGNOSTIC,    19, -7.763946056366e-01, 8.690005779499e-05, 7.2449e-01, 9.2430e-03, 
 2DIAGNOSTIC,    20, -7.765136361122e-01, 6.992070120759e-05, 7.3583e-01, 1.1340e-02, 
 2DIAGNOSTIC,    21, -7.765764594078e-01, 5.426122515928e-05, 7.4413e-01, 8.3091e-03, 
 2DIAGNOSTIC,    22, -7.766239047050e-01, 4.176069705863e-05, 7.5239e-01, 8.2519e-03, 
 2DIAGNOSTIC,    23, -7.767022252083e-01, 3.292316250736e-05, 7.6279e-01, 1.0401e-02, 
 2DIAGNOSTIC,    24, -7.767484188080e-01, 3.065858982154e-05, 7.7097e-01, 8.1871e-03, 
 2DIAGNOSTIC,    25, -7.768566608429e-01, 2.834655242623e-05, 7.8212e-01, 1.1142e-02, 
 2DIAGNOSTIC,    26, -7.770482897758e-01, 2.734368899837e-05, 7.9034e-01, 8.2231e-03, 
 2DIAGNOSTIC,    27, -7.771150469780e-01, 2.510193371563e-05, 7.9971e-01, 9.3670e-03, 
 2DIAGNOSTIC,    28, -7.771258950233e-01, 2.352695082664e-05, 8.0812e-01, 8.4159e-03, 
 2DIAGNOSTIC,    29, -7.771584987640e-01, 2.201237293775e-05, 8.1639e-01, 8.2719e-03, 
 2DIAGNOSTIC,    30, -7.771914601326e-01, 2.045584187726e-05, 8.2577e-01, 9.3720e-03, 
 2DIAGNOSTIC,    31, -7.771960496902e-01, 1.791787690308e-05, 8.3477e-01, 9.0020e-03, 
 2DIAGNOSTIC,    32, -7.772443294525e-01, 1.502712257206e-05, 8.4418e-01, 9.4121e-03, 
 2DIAGNOSTIC,    33, -7.772481441498e-01, 1.191622322949e-05, 8.5355e-01, 9.3679e-03, 
 2DIAGNOSTIC,    34, -7.772727012634e-01, 8.715876901988e-06, 8.6510e-01, 1.1553e-02, 
 2DIAGNOSTIC,    35, -7.772744894028e-01, 6.062028660381e-06, 8.7418e-01, 9.0761e-03, 
 2DIAGNOSTIC,    36, -7.772750854492e-01, 5.014378984924e-06, 8.8255e-01, 8.3721e-03, 
 2DIAGNOSTIC,    37, -7.772772908211e-01, 4.317190359870e-06, 8.9078e-01, 8.2340e-03, 
 2DIAGNOSTIC,    38, -7.772799134254e-01, 3.450130861893e-06, 8.9932e-01, 8.5340e-03, 
 2DIAGNOSTIC,    39, -7.773269414902e-01, 3.123312581010e-06, 9.0758e-01, 8.2650e-03, 
 2DIAGNOSTIC,    40, -7.773333191872e-01, 2.946074346255e-06, 9.1766e-01, 1.0082e-02, 
 2DIAGNOSTIC,    41, -7.773510813713e-01, 2.767914338619e-06, 9.2834e-01, 1.0672e-02, 
 2DIAGNOSTIC,    42, -7.773550748825e-01, 2.869606532840e-06, 9.3853e-01, 1.0198e-02, 
 2DIAGNOSTIC,    43, -7.773373126984e-01, 2.640043021529e-06, 9.6115e-01, 2.2612e-02, 
 2DIAGNOSTIC,    44, -7.773370146751e-01, 2.442019194859e-06, 9.6937e-01, 8.2271e-03, 
 2DIAGNOSTIC,    45, -7.773372530937e-01, 2.101632162521e-06, 9.7862e-01, 9.2468e-03, 
 2DIAGNOSTIC,    46, -7.773385643959e-01, 1.658883775235e-06, 9.8813e-01, 9.5072e-03, 
 2DIAGNOSTIC,    47, -7.773396372795e-01, 1.172088559542e-06, 9.9638e-01, 8.2500e-03, 
DIAGNOSTIC,Iteration,metricValue,convergenceValue,ITERATION_TIME_INDEX,SINCE_LAST
 2DIAGNOSTIC,     1, -5.785477757454e-01, inf, 1.4909e+00, 4.9455e-01, 
 2DIAGNOSTIC,     2, -5.789372920990e-01, inf, 1.5262e+00, 3.5278e-02, 
 2DIAGNOSTIC,     3, -5.795506834984e-01, inf, 1.5595e+00, 3.3315e-02, 
 2DIAGNOSTIC,     4, -5.809010863304e-01, inf, 1.5940e+00, 3.4454e-02, 
 2DIAGNOSTIC,     5, -5.837516784668e-01, inf, 1.6282e+00, 3.4217e-02, 
 2DIAGNOSTIC,     6, -5.855166316032e-01, inf, 1.6607e+00, 3.2538e-02, 
 2DIAGNOSTIC,     7, -5.885445475578e-01, inf, 1.6964e+00, 3.5686e-02, 
 2DIAGNOSTIC,     8, -5.899582505226e-01, inf, 1.7352e+00, 3.8832e-02, 
 2DIAGNOSTIC,     9, -5.903084278107e-01, inf, 1.7667e+00, 3.1502e-02, 
 2DIAGNOSTIC,    10, -5.907679200172e-01, 1.622916664928e-03, 1.7972e+00, 3.0420e-02, 
 2DIAGNOSTIC,    11, -5.919207334518e-01, 1.450092997402e-03, 1.8369e+00, 3.9730e-02, 
 2DIAGNOSTIC,    12, -5.934961438179e-01, 1.254280447029e-03, 1.8723e+00, 3.5364e-02, 
 2DIAGNOSTIC,    13, -5.941104888916e-01, 1.020390540361e-03, 1.9110e+00, 3.8771e-02, 
 2DIAGNOSTIC,    14, -5.946708321571e-01, 7.938102935441e-04, 1.9456e+00, 3.4542e-02, 
 2DIAGNOSTIC,    15, -5.951678156853e-01, 6.338921957649e-04, 1.9816e+00, 3.5976e-02, 
 2DIAGNOSTIC,    16, -5.952799916267e-01, 4.903180524707e-04, 2.0114e+00, 2.9850e-02, 
 2DIAGNOSTIC,    17, -5.954755544662e-01, 4.090243019164e-04, 2.0418e+00, 3.0377e-02, 
 2DIAGNOSTIC,    18, -5.956310629845e-01, 3.413283557165e-04, 2.0765e+00, 3.4756e-02, 
 2DIAGNOSTIC,    19, -5.956876873970e-01, 2.600292209536e-04, 2.1198e+00, 4.3234e-02, 
 2DIAGNOSTIC,    20, -5.957198739052e-01, 1.745200570440e-04, 2.1492e+00, 2.9429e-02, 
 2DIAGNOSTIC,    21, -5.960408449173e-01, 1.142304099631e-04, 2.1834e+00, 3.4247e-02, 
 2DIAGNOSTIC,    22, -5.961470603943e-01, 8.543361764168e-05, 2.2185e+00, 3.5099e-02, 
 2DIAGNOSTIC,    23, -5.962548851967e-01, 6.620312342420e-05, 2.2611e+00, 4.2603e-02, 
 2DIAGNOSTIC,    24, -5.963562130928e-01, 5.562093792832e-05, 2.2925e+00, 3.1382e-02, 
 2DIAGNOSTIC,    25, -5.964098572731e-01, 5.138609776623e-05, 2.3233e+00, 3.0733e-02, 
 2DIAGNOSTIC,    26, -5.964922308922e-01, 4.623107088264e-05, 2.3585e+00, 3.5207e-02, 
 2DIAGNOSTIC,    27, -5.965724587440e-01, 4.201310730423e-05, 2.3940e+00, 3.5517e-02, 
 2DIAGNOSTIC,    28, -5.967364311218e-01, 3.974714491051e-05, 2.4477e+00, 5.3701e-02, 
 2DIAGNOSTIC,    29, -5.967824459076e-01, 3.569361433620e-05, 2.4835e+00, 3.5839e-02, 
 2DIAGNOSTIC,    30, -5.967921614647e-01, 2.922084968304e-05, 2.5143e+00, 3.0791e-02, 
 2DIAGNOSTIC,    31, -5.968266129494e-01, 2.602295899123e-05, 2.5452e+00, 3.0897e-02, 
 2DIAGNOSTIC,    32, -5.968756675720e-01, 2.293663965247e-05, 2.5760e+00, 3.0808e-02, 
 2DIAGNOSTIC,    33, -5.969544053078e-01, 2.059841244773e-05, 2.6064e+00, 3.0341e-02, 
 2DIAGNOSTIC,    34, -5.971491932869e-01, 2.068802132271e-05, 2.6764e+00, 7.0026e-02, 
 2DIAGNOSTIC,    35, -5.971536636353e-01, 1.965166484297e-05, 2.7289e+00, 5.2462e-02, 
 2DIAGNOSTIC,    36, -5.971540808678e-01, 1.803613849916e-05, 2.7633e+00, 3.4474e-02, 
 2DIAGNOSTIC,    37, -5.971537232399e-01, 1.588556006027e-05, 2.7977e+00, 3.4407e-02, 
 2DIAGNOSTIC,    38, -5.971462726593e-01, 1.435749254597e-05, 2.8322e+00, 3.4514e-02, 
 2DIAGNOSTIC,    39, -5.971463918686e-01, 1.215729116666e-05, 2.8683e+00, 3.6086e-02, 
 2DIAGNOSTIC,    40, -5.971462130547e-01, 9.100858733291e-06, 2.9041e+00, 3.5755e-02, 
 2DIAGNOSTIC,    41, -5.971426963806e-01, 5.794099706691e-06, 2.9393e+00, 3.5186e-02, 
 2DIAGNOSTIC,    42, -5.971429347992e-01, 2.732653001658e-06, 2.9752e+00, 3.5887e-02, 
DIAGNOSTIC,Iteration,metricValue,convergenceValue,ITERATION_TIME_INDEX,SINCE_LAST
 2DIAGNOSTIC,     1, -5.314453840256e-01, inf, 3.8814e+00, 9.0621e-01, 
 2DIAGNOSTIC,     2, -5.317946672440e-01, inf, 4.1154e+00, 2.3398e-01, 
 2DIAGNOSTIC,     3, -5.321249961853e-01, inf, 4.3481e+00, 2.3277e-01, 
 2DIAGNOSTIC,     4, -5.323652625084e-01, inf, 4.5811e+00, 2.3296e-01, 
 2DIAGNOSTIC,     5, -5.325242280960e-01, inf, 4.8135e+00, 2.3243e-01, 
 2DIAGNOSTIC,     6, -5.327329039574e-01, inf, 5.0444e+00, 2.3090e-01, 
 2DIAGNOSTIC,     7, -5.328963398933e-01, inf, 5.3075e+00, 2.6305e-01, 
 2DIAGNOSTIC,     8, -5.330345630646e-01, inf, 5.6952e+00, 3.8770e-01, 
 2DIAGNOSTIC,     9, -5.330767631531e-01, inf, 5.9571e+00, 2.6194e-01, 
 2DIAGNOSTIC,    10, -5.330765247345e-01, 1.991755270865e-04, 6.2202e+00, 2.6312e-01, 
 2DIAGNOSTIC,    11, -5.330805182457e-01, 1.427096431144e-04, 6.4553e+00, 2.3509e-01, 
