
Running N4 for 3-dimensional images.

Mask not read.  Using the entire image as the mask.

Original intensity range:  [0, 976]

***********************************************************
Warning:  Your input image contains nonpositive values
which could cause failure or problematic results.  A
possible workaround would be to:
   1. rescale your image to positive values e.g., [10,100].
   2. run N4 on your rescaled image.
   3. (optional) rescale the N4 output to the original
      intensity range.
***********************************************************

Specified spline distance: 200mm
  original image size:  [192, 256, 256]
  padded image size:  [201, 401, 401]
  number of control points:  [4, 5, 5]

Current level = 1
  Iteration 1 (of 50).   Current convergence value = 0.000531802 (threshold = 1e-08)
  Iteration 2 (of 50).   Current convergence value = 0.000494191 (threshold = 1e-08)
  Iteration 3 (of 50).   Current convergence value = 0.000395001 (threshold = 1e-08)
  Iteration 4 (of 50).   Current convergence value = 0.000313375 (threshold = 1e-08)
  Iteration 5 (of 50).   Current convergence value = 0.000249241 (threshold = 1e-08)
  Iteration 6 (of 50).   Current convergence value = 0.000199973 (threshold = 1e-08)
  Iteration 7 (of 50).   Current convergence value = 0.000162356 (threshold = 1e-08)
  Iteration 8 (of 50).   Current convergence value = 0.000132707 (threshold = 1e-08)
  Iteration 9 (of 50).   Current convergence value = 0.000109525 (threshold = 1e-08)
  Iteration 10 (of 50).   Current convergence value = 9.10113e-05 (threshold = 1e-08)
  Iteration 11 (of 50).   Current convergence value = 7.6215e-05 (threshold = 1e-08)
  Iteration 12 (of 50).   Current convergence value = 6.47117e-05 (threshold = 1e-08)
  Iteration 13 (of 50).   Current convergence value = 5.64801e-05 (threshold = 1e-08)
  Iteration 14 (of 50).   Current convergence value = 5.02927e-05 (threshold = 1e-08)
  Iteration 15 (of 50).   Current convergence value = 4.58731e-05 (threshold = 1e-08)
  Iteration 16 (of 50).   Current convergence value = 4.24119e-05 (threshold = 1e-08)
  Iteration 17 (of 50).   Current convergence value = 3.95777e-05 (threshold = 1e-08)
  Iteration 18 (of 50).   Current convergence value = 3.72891e-05 (threshold = 1e-08)
  Iteration 19 (of 50).   Current convergence value = 3.54772e-05 (threshold = 1e-08)
  Iteration 20 (of 50).   Current convergence value = 3.4136e-05 (threshold = 1e-08)
  Iteration 21 (of 50).   Current convergence value = 3.32474e-05 (threshold = 1e-08)
  Iteration 22 (of 50).   Current convergence value = 3.25725e-05 (threshold = 1e-08)
  Iteration 23 (of 50).   Current convergence value = 3.19259e-05 (threshold = 1e-08)
  Iteration 24 (of 50).   Current convergence value = 3.15036e-05 (threshold = 1e-08)
  Iteration 25 (of 50).   Current convergence value = 3.11166e-05 (threshold = 1e-08)
  Iteration 26 (of 50).   Current convergence value = 3.07482e-05 (threshold = 1e-08)
  Iteration 27 (of 50).   Current convergence value = 3.04362e-05 (threshold = 1e-08)
  Iteration 28 (of 50).   Current convergence value = 3.00898e-05 (threshold = 1e-08)
  Iteration 29 (of 50).   Current convergence value = 2.9879e-05 (threshold = 1e-08)
  Iteration 30 (of 50).   Current convergence value = 2.97234e-05 (threshold = 1e-08)
  Iteration 31 (of 50).   Current convergence value = 2.96613e-05 (threshold = 1e-08)
  Iteration 32 (of 50).   Current convergence value = 2.97041e-05 (threshold = 1e-08)
  Iteration 33 (of 50).   Current convergence value = 2.9726e-05 (threshold = 1e-08)
  Iteration 34 (of 50).   Current convergence value = 2.97725e-05 (threshold = 1e-08)
  Iteration 35 (of 50).   Current convergence value = 2.98852e-05 (threshold = 1e-08)
  Iteration 36 (of 50).   Current convergence value = 2.99357e-05 (threshold = 1e-08)
  Iteration 37 (of 50).   Current convergence value = 3.006e-05 (threshold = 1e-08)
  Iteration 38 (of 50).   Current convergence value = 3.01841e-05 (threshold = 1e-08)
  Iteration 39 (of 50).   Current convergence value = 3.02282e-05 (threshold = 1e-08)
  Iteration 40 (of 50).   Current convergence value = 3.05632e-05 (threshold = 1e-08)
  Iteration 41 (of 50).   Current convergence value = 3.07869e-05 (threshold = 1e-08)
  Iteration 42 (of 50).   Current convergence value = 3.11497e-05 (threshold = 1e-08)
  Iteration 43 (of 50).   Current convergence value = 3.13361e-05 (threshold = 1e-08)
  Iteration 44 (of 50).   Current convergence value = 3.1639e-05 (threshold = 1e-08)
  Iteration 45 (of 50).   Current convergence value = 3.1793e-05 (threshold = 1e-08)
  Iteration 46 (of 50).   Current convergence value = 3.208e-05 (threshold = 1e-08)
  Iteration 47 (of 50).   Current convergence value = 3.23479e-05 (threshold = 1e-08)
  Iteration 48 (of 50).   Current convergence value = 3.26535e-05 (threshold = 1e-08)
  Iteration 49 (of 50).   Current convergence value = 3.29007e-05 (threshold = 1e-08)
  Iteration 50 (of 50).   Current convergence value = 3.30893e-05 (threshold = 1e-08)
Current level = 2
  Iteration 1 (of 50).   Current convergence value = 0.000376621 (threshold = 1e-08)
  Iteration 2 (of 50).   Current convergence value = 0.00035982 (threshold = 1e-08)
  Iteration 3 (of 50).   Current convergence value = 0.00034862 (threshold = 1e-08)
  Iteration 4 (of 50).   Current convergence value = 0.000340255 (threshold = 1e-08)
  Iteration 5 (of 50).   Current convergence value = 0.000333443 (threshold = 1e-08)
  Iteration 6 (of 50).   Current convergence value = 0.000327138 (threshold = 1e-08)
  Iteration 7 (of 50).   Current convergence value = 0.000321211 (threshold = 1e-08)
  Iteration 8 (of 50).   Current convergence value = 0.000315978 (threshold = 1e-08)
  Iteration 9 (of 50).   Current convergence value = 0.000310521 (threshold = 1e-08)
  Iteration 10 (of 50).   Current convergence value = 0.000305254 (threshold = 1e-08)
  Iteration 11 (of 50).   Current convergence value = 0.0003003 (threshold = 1e-08)
  Iteration 12 (of 50).   Current convergence value = 0.000295515 (threshold = 1e-08)
  Iteration 13 (of 50).   Current convergence value = 0.00029054 (threshold = 1e-08)
  Iteration 14 (of 50).   Current convergence value = 0.000285866 (threshold = 1e-08)
  Iteration 15 (of 50).   Current convergence value = 0.00028174 (threshold = 1e-08)
  Iteration 16 (of 50).   Current convergence value = 0.00027796 (threshold = 1e-08)
  Iteration 17 (of 50).   Current convergence value = 0.000274034 (threshold = 1e-08)
  Iteration 18 (of 50).   Current convergence value = 0.000270582 (threshold = 1e-08)
  Iteration 19 (of 50).   Current convergence value = 0.000267266 (threshold = 1e-08)
  Iteration 20 (of 50).   Current convergence value = 0.000264121 (threshold = 1e-08)
  Iteration 21 (of 50).   Current convergence value = 0.000261079 (threshold = 1e-08)
  Iteration 22 (of 50).   Current convergence value = 0.000258152 (threshold = 1e-08)
  Iteration 23 (of 50).   Current convergence value = 0.000255425 (threshold = 1e-08)
  Iteration 24 (of 50).   Current convergence value = 0.000252362 (threshold = 1e-08)
  Iteration 25 (of 50).   Current convergence value = 0.000249111 (threshold = 1e-08)
  Iteration 26 (of 50).   Current convergence value = 0.000245976 (threshold = 1e-08)
  Iteration 27 (of 50).   Current convergence value = 0.000242906 (threshold = 1e-08)
  Iteration 28 (of 50).   Current convergence value = 0.000239814 (threshold = 1e-08)
  Iteration 29 (of 50).   Current convergence value = 0.000236782 (threshold = 1e-08)
  Iteration 30 (of 50).   Current convergence value = 0.000233977 (threshold = 1e-08)
  Iteration 31 (of 50).   Current convergence value = 0.000231276 (threshold = 1e-08)
  Iteration 32 (of 50).   Current convergence value = 0.000228756 (threshold = 1e-08)
  Iteration 33 (of 50).   Current convergence value = 0.00022628 (threshold = 1e-08)
  Iteration 34 (of 50).   Current convergence value = 0.000223899 (threshold = 1e-08)
  Iteration 35 (of 50).   Current convergence value = 0.000221423 (threshold = 1e-08)
  Iteration 36 (of 50).   Current convergence value = 0.000219115 (threshold = 1e-08)
  Iteration 37 (of 50).   Current convergence value = 0.00021672 (threshold = 1e-08)
  Iteration 38 (of 50).   Current convergence value = 0.000214358 (threshold = 1e-08)
  Iteration 39 (of 50).   Current convergence value = 0.000212297 (threshold = 1e-08)
  Iteration 40 (of 50).   Current convergence value = 0.000210254 (threshold = 1e-08)
  Iteration 41 (of 50).   Current convergence value = 0.000208205 (threshold = 1e-08)
  Iteration 42 (of 50).   Current convergence value = 0.000206128 (threshold = 1e-08)
  Iteration 43 (of 50).   Current convergence value = 0.000204238 (threshold = 1e-08)
  Iteration 44 (of 50).   Current convergence value = 0.000202377 (threshold = 1e-08)
  Iteration 45 (of 50).   Current convergence value = 0.00020061 (threshold = 1e-08)
  Iteration 46 (of 50).   Current convergence value = 0.000198896 (threshold = 1e-08)
  Iteration 47 (of 50).   Current convergence value = 0.000197279 (threshold = 1e-08)
  Iteration 48 (of 50).   Current convergence value = 0.000195528 (threshold = 1e-08)
  Iteration 49 (of 50).   Current convergence value = 0.000193908 (threshold = 1e-08)
  Iteration 50 (of 50).   Current convergence value = 0.00019234 (threshold = 1e-08)
Current level = 3
  Iteration 1 (of 40).   Current convergence value = 0.00127021 (threshold = 1e-08)
  Iteration 2 (of 40).   Current convergence value = 0.00120193 (threshold = 1e-08)
  Iteration 3 (of 40).   Current convergence value = 0.00118744 (threshold = 1e-08)
  Iteration 4 (of 40).   Current convergence value = 0.00119531 (threshold = 1e-08)
  Iteration 5 (of 40).   Current convergence value = 0.00121763 (threshold = 1e-08)
  Iteration 6 (of 40).   Current convergence value = 0.00123563 (threshold = 1e-08)
  Iteration 7 (of 40).   Current convergence value = 0.00124125 (threshold = 1e-08)
  Iteration 8 (of 40).   Current convergence value = 0.00123197 (threshold = 1e-08)
  Iteration 9 (of 40).   Current convergence value = 0.00122203 (threshold = 1e-08)
  Iteration 10 (of 40).   Current convergence value = 0.00121232 (threshold = 1e-08)
  Iteration 11 (of 40).   Current convergence value = 0.00120179 (threshold = 1e-08)
  Iteration 12 (of 40).   Current convergence value = 0.00118833 (threshold = 1e-08)
  Iteration 13 (of 40).   Current convergence value = 0.00115233 (threshold = 1e-08)
  Iteration 14 (of 40).   Current convergence value = 0.00112085 (threshold = 1e-08)
  Iteration 15 (of 40).   Current convergence value = 0.00109171 (threshold = 1e-08)
  Iteration 16 (of 40).   Current convergence value = 0.00106849 (threshold = 1e-08)
  Iteration 17 (of 40).   Current convergence value = 0.00105119 (threshold = 1e-08)
  Iteration 18 (of 40).   Current convergence value = 0.00103919 (threshold = 1e-08)
  Iteration 19 (of 40).   Current convergence value = 0.00103151 (threshold = 1e-08)
  Iteration 20 (of 40).   Current convergence value = 0.00102775 (threshold = 1e-08)
  Iteration 21 (of 40).   Current convergence value = 0.00102698 (threshold = 1e-08)
  Iteration 22 (of 40).   Current convergence value = 0.00102731 (threshold = 1e-08)
  Iteration 23 (of 40).   Current convergence value = 0.00101051 (threshold = 1e-08)
  Iteration 24 (of 40).   Current convergence value = 0.000974293 (threshold = 1e-08)
  Iteration 25 (of 40).   Current convergence value = 0.000913884 (threshold = 1e-08)
  Iteration 26 (of 40).   Current convergence value = 0.000864464 (threshold = 1e-08)
  Iteration 27 (of 40).   Current convergence value = 0.000823664 (threshold = 1e-08)
  Iteration 28 (of 40).   Current convergence value = 0.000789956 (threshold = 1e-08)
  Iteration 29 (of 40).   Current convergence value = 0.000761376 (threshold = 1e-08)
  Iteration 30 (of 40).   Current convergence value = 0.000737747 (threshold = 1e-08)
  Iteration 31 (of 40).   Current convergence value = 0.000718081 (threshold = 1e-08)
  Iteration 32 (of 40).   Current convergence value = 0.00070198 (threshold = 1e-08)
  Iteration 33 (of 40).   Current convergence value = 0.000689356 (threshold = 1e-08)
  Iteration 34 (of 40).   Current convergence value = 0.000679384 (threshold = 1e-08)
  Iteration 35 (of 40).   Current convergence value = 0.000671917 (threshold = 1e-08)
  Iteration 36 (of 40).   Current convergence value = 0.000666839 (threshold = 1e-08)
  Iteration 37 (of 40).   Current convergence value = 0.000663414 (threshold = 1e-08)
  Iteration 38 (of 40).   Current convergence value = 0.000661843 (threshold = 1e-08)
  Iteration 39 (of 40).   Current convergence value = 0.000661615 (threshold = 1e-08)
  Iteration 40 (of 40).   Current convergence value = 0.000662803 (threshold = 1e-08)
Current level = 4
  Iteration 1 (of 30).   Current convergence value = 0.00218229 (threshold = 1e-08)
  Iteration 2 (of 30).   Current convergence value = 0.00197827 (threshold = 1e-08)
  Iteration 3 (of 30).   Current convergence value = 0.00176069 (threshold = 1e-08)
  Iteration 4 (of 30).   Current convergence value = 0.00158782 (threshold = 1e-08)
  Iteration 5 (of 30).   Current convergence value = 0.0014387 (threshold = 1e-08)
  Iteration 6 (of 30).   Current convergence value = 0.00132536 (threshold = 1e-08)
  Iteration 7 (of 30).   Current convergence value = 0.0012369 (threshold = 1e-08)
  Iteration 8 (of 30).   Current convergence value = 0.00116153 (threshold = 1e-08)
  Iteration 9 (of 30).   Current convergence value = 0.00109849 (threshold = 1e-08)
  Iteration 10 (of 30).   Current convergence value = 0.00104313 (threshold = 1e-08)
  Iteration 11 (of 30).   Current convergence value = 0.000993362 (threshold = 1e-08)
  Iteration 12 (of 30).   Current convergence value = 0.000948274 (threshold = 1e-08)
  Iteration 13 (of 30).   Current convergence value = 0.000907293 (threshold = 1e-08)
  Iteration 14 (of 30).   Current convergence value = 0.000870141 (threshold = 1e-08)
  Iteration 15 (of 30).   Current convergence value = 0.000836668 (threshold = 1e-08)
  Iteration 16 (of 30).   Current convergence value = 0.000806692 (threshold = 1e-08)
  Iteration 17 (of 30).   Current convergence value = 0.000780792 (threshold = 1e-08)
  Iteration 18 (of 30).   Current convergence value = 0.000758657 (threshold = 1e-08)
  Iteration 19 (of 30).   Current convergence value = 0.000741767 (threshold = 1e-08)
  Iteration 20 (of 30).   Current convergence value = 0.000725687 (threshold = 1e-08)
  Iteration 21 (of 30).   Current convergence value = 0.000712904 (threshold = 1e-08)
  Iteration 22 (of 30).   Current convergence value = 0.000703847 (threshold = 1e-08)
  Iteration 23 (of 30).   Current convergence value = 0.000665179 (threshold = 1e-08)
  Iteration 24 (of 30).   Current convergence value = 0.000623987 (threshold = 1e-08)
  Iteration 25 (of 30).   Current convergence value = 0.000589326 (threshold = 1e-08)
  Iteration 26 (of 30).   Current convergence value = 0.00056178 (threshold = 1e-08)
  Iteration 27 (of 30).   Current convergence value = 0.000536854 (threshold = 1e-08)
  Iteration 28 (of 30).   Current convergence value = 0.000515022 (threshold = 1e-08)
  Iteration 29 (of 30).   Current convergence value = 0.000495834 (threshold = 1e-08)
  Iteration 30 (of 30).   Current convergence value = 0.000478648 (threshold = 1e-08)
   N4BiasFieldCorrectionImageFilter (0x55ebb50f9e20)
     RTTI typeinfo:   itk::N4BiasFieldCorrectionImageFilter<itk::Image<float, 3u>, itk::Image<float, 3u>, itk::Image<float, 3u> >
     Reference Count: 1
     Modified Time: 565
     Debug: Off
     Object Name: 
     Observers: 
       IterationEvent(Command)
     Inputs: 
       ConfidenceImage: (0)
       MaskImage: (0x55ebb5124520)
       Primary: (0x55ebb511f9a0) *
     Indexed Inputs: 
       0: Primary (0x55ebb511f9a0)
       1: MaskImage (0x55ebb5124520)
       2: ConfidenceImage (0)
     Required Input Names: Primary
     NumberOfRequiredInputs: 1
     Outputs: 
       Primary: (0x55ebb5109ef0)
     Indexed Outputs: 
       0: Primary (0x55ebb5109ef0)
     NumberOfRequiredOutputs: 1
     Number Of Work Units: 32
     ReleaseDataFlag: Off
     ReleaseDataBeforeUpdateFlag: Off
     AbortGenerateData: Off
     Progress: 0
     Multithreader: 
       RTTI typeinfo:   itk::PoolMultiThreader
       Reference Count: 1
       Modified Time: 144
       Debug: Off
       Object Name: 
       Observers: 
         none
       Number of Work Units: 32
       Number of Threads: 8
       Global Maximum Number Of Threads: 128
       Global Default Number Of Threads: 8
       Global Default Threader Type: itk::MultiThreaderBaseEnums::Threader::Pool
       SingleMethod: 0
       SingleData: 0
     DynamicMultiThreading: On
     CoordinateTolerance: 1e-06
     DirectionTolerance: 1e-06
     Use Mask Label: 0
     Mask label: 1
     Number of histogram bins: 200
     Wiener filter noise: 0.01
     Bias field FWHM: 0.15
     Maximum number of iterations: [50, 50, 40, 30]
     Convergence threshold: 1e-08
     Spline order: 3
     Number of fitting levels: [4, 4, 4]
     Number of control points: [4, 5, 5]
     CurrentConvergenceMeasurement: 0.000478648
     CurrentLevel: 4
     ElapsedIterations: 31
     LogBiasFieldControlPointLattice: 
       Image (0x55ebc326ba00)
         RTTI typeinfo:   itk::Image<itk::Vector<float, 1u>, 3u>
         Reference Count: 1
         Modified Time: 343560
         Debug: Off
         Object Name: 
         Observers: 
           none
         Source: (none)
         Source output name: (none)
         Release Data: Off
         Data Released: False
         Global Release Data: Off
         PipelineMTime: 0
         UpdateMTime: 0
         RealTimeStamp: 0 seconds 
         LargestPossibleRegion: 
           Dimension: 3
           Index: [0, 0, 0]
           Size: [11, 19, 19]
         BufferedRegion: 
           Dimension: 3
           Index: [0, 0, 0]
           Size: [11, 19, 19]
         RequestedRegion: 
           Dimension: 3
           Index: [0, 0, 0]
           Size: [11, 19, 19]
         Spacing: [24.75, 24.875, 24.875]
         Origin: [23.9501, 21.9976, -28.153]
         Direction: 
-0.999708 0.00972689 0.0221373
-0.00709597 -0.993228 0.115964
0.0231153 0.115773 0.993007

         IndexToPointMatrix: 
-24.7428 0.241956 0.550665
-0.175625 -24.7065 2.8846
0.572105 2.87985 24.701

         PointToIndexMatrix: 
-0.0403922 -0.000286706 0.000933953
0.000391031 -0.0399288 0.00465419
0.000889941 0.00466187 0.0399199

         Inverse Direction: 
-0.999708 -0.00709597 0.0231153
0.00972689 -0.993228 0.115773
0.0221373 0.115964 0.993007

         PixelContainer: 
           ImportImageContainer (0x55ebc10a2280)
             RTTI typeinfo:   itk::ImportImageContainer<unsigned long, itk::Vector<float, 1u> >
             Reference Count: 1
             Modified Time: 343561
             Debug: Off
             Object Name: 
             Observers: 
               none
             Pointer: 0x55ebbf299a40
             Container manages memory: true
             Size: 3971
             Capacity: 3971
Elapsed time: 269.519
All_Command_lines_OK
Using single precision for computations.
=============================================================================
The composite transform comprises the following transforms (in order): 
  1. Center of mass alignment using fixed image: /home/mpib/nemecz/Projects/miniTRK/Results/01_MRI/GroupTempl/T1w/T_template0.nii.gz and moving image: /home/mpib/nemecz/Projects/miniTRK/Analysis/01_MRI/Preproc/GroupTempl/T1w/sub-396248_T1w.nii.gz (type = Euler3DTransform)
=============================================================================
  number of levels = 4
  number of levels = 4
  number of levels = 4
  fixed image: /home/mpib/nemecz/Projects/miniTRK/Results/01_MRI/GroupTempl/T1w/T_template0.nii.gz
  moving image: /home/mpib/nemecz/Projects/miniTRK/Results/01_MRI/GroupTempl/T1w/T_template0sub-396248_T1wRepaired.nii.gz
  fixed image: /home/mpib/nemecz/Projects/miniTRK/Results/01_MRI/GroupTempl/T1w/T_template0.nii.gz
  moving image: /home/mpib/nemecz/Projects/miniTRK/Results/01_MRI/GroupTempl/T1w/T_template0sub-396248_T1wRepaired.nii.gz
  fixed image: /home/mpib/nemecz/Projects/miniTRK/Results/01_MRI/GroupTempl/T1w/T_template0.nii.gz
  moving image: /home/mpib/nemecz/Projects/miniTRK/Results/01_MRI/GroupTempl/T1w/T_template0sub-396248_T1wRepaired.nii.gz
Dimension = 3
Number of stages = 3
Use Histogram Matching true
Winsorize image intensities true
Lower quantile = 0.01
Upper quantile = 0.99
Stage 1 State
   Image metric = Mattes
     Fixed image = Image (0x5647a51e7ad0)
  RTTI typeinfo:   itk::Image<float, 3u>
  Reference Count: 2
  Modified Time: 1721
  Debug: Off
  Object Name: 
  Observers: 
    none
  Source: (none)
  Source output name: (none)
  Release Data: Off
  Data Released: False
  Global Release Data: Off
  PipelineMTime: 0
  UpdateMTime: 1506
  RealTimeStamp: 0 seconds 
  LargestPossibleRegion: 
    Dimension: 3
    Index: [0, 0, 0]
    Size: [192, 256, 256]
  BufferedRegion: 
    Dimension: 3
    Index: [0, 0, 0]
    Size: [192, 256, 256]
  RequestedRegion: 
    Dimension: 3
    Index: [0, 0, 0]
    Size: [192, 256, 256]
  Spacing: [1, 1, 1]
  Origin: [95.0313, 100.538, -154.123]
  Direction: 
-0.999853 -0.014134 -0.00966312
0.014129 -0.9999 0.000586045
-0.00967044 0.000449429 0.999953

  IndexToPointMatrix: 
-0.999853 -0.014134 -0.00966312
0.014129 -0.9999 0.000586045
-0.00967044 0.000449429 0.999953

  PointToIndexMatrix: 
-0.999853 0.014129 -0.00967044
-0.014134 -0.9999 0.000449429
-0.00966312 0.000586045 0.999953

  Inverse Direction: 
-0.999853 0.014129 -0.00967044
-0.014134 -0.9999 0.000449429
-0.00966312 0.000586045 0.999953

  PixelContainer: 
    ImportImageContainer (0x5647a51efc80)
      RTTI typeinfo:   itk::ImportImageContainer<unsigned long, float>
      Reference Count: 1
      Modified Time: 1503
      Debug: Off
      Object Name: 
      Observers: 
        none
      Pointer: 0x7f0918616010
      Container manages memory: true
      Size: 12582912
      Capacity: 12582912

     Moving image = Image (0x5647a51f3e40)
  RTTI typeinfo:   itk::Image<float, 3u>
  Reference Count: 2
  Modified Time: 1722
  Debug: Off
  Object Name: 
  Observers: 
    none
  Source: (none)
  Source output name: (none)
  Release Data: Off
  Data Released: False
  Global Release Data: Off
  PipelineMTime: 0
  UpdateMTime: 1719
  RealTimeStamp: 0 seconds 
  LargestPossibleRegion: 
    Dimension: 3
    Index: [0, 0, 0]
    Size: [192, 256, 256]
  BufferedRegion: 
    Dimension: 3
    Index: [0, 0, 0]
    Size: [192, 256, 256]
  RequestedRegion: 
    Dimension: 3
    Index: [0, 0, 0]
    Size: [192, 256, 256]
  Spacing: [1, 1, 1]
  Origin: [90.0925, 91.1377, -159.943]
  Direction: 
-0.999708 0.00972689 0.0221373
-0.00709597 -0.993228 0.115964
0.0231153 0.115773 0.993007

  IndexToPointMatrix: 
-0.999708 0.00972689 0.0221373
-0.00709597 -0.993228 0.115964
0.0231153 0.115773 0.993007

  PointToIndexMatrix: 
-0.999708 -0.00709597 0.0231153
0.00972689 -0.993228 0.115773
0.0221373 0.115964 0.993007

  Inverse Direction: 
-0.999708 -0.00709597 0.0231153
0.00972689 -0.993228 0.115773
0.0221373 0.115964 0.993007

  PixelContainer: 
    ImportImageContainer (0x5647a51eb2d0)
      RTTI typeinfo:   itk::ImportImageContainer<unsigned long, float>
      Reference Count: 1
      Modified Time: 1716
      Debug: Off
      Object Name: 
      Observers: 
        none
      Pointer: 0x7f0915615010
      Container manages memory: true
      Size: 12582912
      Capacity: 12582912

     Weighting = 1
     Sampling strategy = regular
     Number of bins = 32
     Radius = 4
     Sampling percentage  = 0.25
   Transform = Rigid
     Gradient step = 0.1
     Update field sigma (voxel space) = 0
     Total field sigma (voxel space) = 0
     Update field time sigma = 0
     Total field time sigma  = 0
     Number of time indices = 0
     Number of time point samples = 0
Stage 2 State
   Image metric = Mattes
     Fixed image = Image (0x5647a52008d0)
  RTTI typeinfo:   itk::Image<float, 3u>
  Reference Count: 2
  Modified Time: 2149
  Debug: Off
  Object Name: 
  Observers: 
    none
  Source: (none)
  Source output name: (none)
  Release Data: Off
  Data Released: False
  Global Release Data: Off
  PipelineMTime: 0
  UpdateMTime: 1934
  RealTimeStamp: 0 seconds 
  LargestPossibleRegion: 
    Dimension: 3
    Index: [0, 0, 0]
    Size: [192, 256, 256]
  BufferedRegion: 
    Dimension: 3
    Index: [0, 0, 0]
    Size: [192, 256, 256]
  RequestedRegion: 
    Dimension: 3
    Index: [0, 0, 0]
    Size: [192, 256, 256]
  Spacing: [1, 1, 1]
  Origin: [95.0313, 100.538, -154.123]
  Direction: 
-0.999853 -0.014134 -0.00966312
0.014129 -0.9999 0.000586045
-0.00967044 0.000449429 0.999953

  IndexToPointMatrix: 
-0.999853 -0.014134 -0.00966312
0.014129 -0.9999 0.000586045
-0.00967044 0.000449429 0.999953

  PointToIndexMatrix: 
-0.999853 0.014129 -0.00967044
-0.014134 -0.9999 0.000449429
-0.00966312 0.000586045 0.999953

  Inverse Direction: 
-0.999853 0.014129 -0.00967044
-0.014134 -0.9999 0.000449429
-0.00966312 0.000586045 0.999953

  PixelContainer: 
    ImportImageContainer (0x5647a51f06a0)
      RTTI typeinfo:   itk::ImportImageContainer<unsigned long, float>
      Reference Count: 1
      Modified Time: 1931
      Debug: Off
      Object Name: 
      Observers: 
        none
      Pointer: 0x7f0912614010
      Container manages memory: true
      Size: 12582912
      Capacity: 12582912

     Moving image = Image (0x5647a5200530)
  RTTI typeinfo:   itk::Image<float, 3u>
  Reference Count: 2
  Modified Time: 2150
  Debug: Off
  Object Name: 
  Observers: 
    none
  Source: (none)
  Source output name: (none)
  Release Data: Off
  Data Released: False
  Global Release Data: Off
  PipelineMTime: 0
  UpdateMTime: 2147
  RealTimeStamp: 0 seconds 
  LargestPossibleRegion: 
    Dimension: 3
    Index: [0, 0, 0]
    Size: [192, 256, 256]
  BufferedRegion: 
    Dimension: 3
    Index: [0, 0, 0]
    Size: [192, 256, 256]
  RequestedRegion: 
    Dimension: 3
    Index: [0, 0, 0]
    Size: [192, 256, 256]
  Spacing: [1, 1, 1]
  Origin: [90.0925, 91.1377, -159.943]
  Direction: 
-0.999708 0.00972689 0.0221373
-0.00709597 -0.993228 0.115964
0.0231153 0.115773 0.993007

  IndexToPointMatrix: 
-0.999708 0.00972689 0.0221373
-0.00709597 -0.993228 0.115964
0.0231153 0.115773 0.993007

  PointToIndexMatrix: 
-0.999708 -0.00709597 0.0231153
0.00972689 -0.993228 0.115773
0.0221373 0.115964 0.993007

  Inverse Direction: 
-0.999708 -0.00709597 0.0231153
0.00972689 -0.993228 0.115773
0.0221373 0.115964 0.993007

  PixelContainer: 
    ImportImageContainer (0x5647a52018a0)
      RTTI typeinfo:   itk::ImportImageContainer<unsigned long, float>
      Reference Count: 1
      Modified Time: 2144
      Debug: Off
      Object Name: 
      Observers: 
        none
      Pointer: 0x7f090f613010
      Container manages memory: true
      Size: 12582912
      Capacity: 12582912

     Weighting = 1
     Sampling strategy = regular
     Number of bins = 32
     Radius = 4
     Sampling percentage  = 0.25
   Transform = Affine
     Gradient step = 0.1
     Update field sigma (voxel space) = 0
     Total field sigma (voxel space) = 0
     Update field time sigma = 0
     Total field time sigma  = 0
     Number of time indices = 0
     Number of time point samples = 0
Stage 3 State
   Image metric = CC
     Fixed image = Image (0x5647a5207a00)
  RTTI typeinfo:   itk::Image<float, 3u>
  Reference Count: 2
  Modified Time: 2577
  Debug: Off
  Object Name: 
  Observers: 
    none
  Source: (none)
  Source output name: (none)
  Release Data: Off
  Data Released: False
  Global Release Data: Off
  PipelineMTime: 0
  UpdateMTime: 2362
  RealTimeStamp: 0 seconds 
  LargestPossibleRegion: 
    Dimension: 3
    Index: [0, 0, 0]
    Size: [192, 256, 256]
  BufferedRegion: 
    Dimension: 3
    Index: [0, 0, 0]
    Size: [192, 256, 256]
  RequestedRegion: 
    Dimension: 3
    Index: [0, 0, 0]
    Size: [192, 256, 256]
  Spacing: [1, 1, 1]
  Origin: [95.0313, 100.538, -154.123]
  Direction: 
-0.999853 -0.014134 -0.00966312
0.014129 -0.9999 0.000586045
-0.00967044 0.000449429 0.999953

  IndexToPointMatrix: 
-0.999853 -0.014134 -0.00966312
0.014129 -0.9999 0.000586045
-0.00967044 0.000449429 0.999953

  PointToIndexMatrix: 
-0.999853 0.014129 -0.00967044
-0.014134 -0.9999 0.000449429
-0.00966312 0.000586045 0.999953

  Inverse Direction: 
-0.999853 0.014129 -0.00967044
-0.014134 -0.9999 0.000449429
-0.00966312 0.000586045 0.999953

  PixelContainer: 
    ImportImageContainer (0x5647a51e9b50)
      RTTI typeinfo:   itk::ImportImageContainer<unsigned long, float>
      Reference Count: 1
      Modified Time: 2359
      Debug: Off
      Object Name: 
      Observers: 
        none
      Pointer: 0x7f090c612010
      Container manages memory: true
      Size: 12582912
      Capacity: 12582912

     Moving image = Image (0x5647a5204d50)
  RTTI typeinfo:   itk::Image<float, 3u>
  Reference Count: 2
  Modified Time: 2578
  Debug: Off
  Object Name: 
  Observers: 
    none
  Source: (none)
  Source output name: (none)
  Release Data: Off
  Data Released: False
  Global Release Data: Off
  PipelineMTime: 0
  UpdateMTime: 2575
  RealTimeStamp: 0 seconds 
  LargestPossibleRegion: 
    Dimension: 3
    Index: [0, 0, 0]
    Size: [192, 256, 256]
  BufferedRegion: 
    Dimension: 3
    Index: [0, 0, 0]
    Size: [192, 256, 256]
  RequestedRegion: 
    Dimension: 3
    Index: [0, 0, 0]
    Size: [192, 256, 256]
  Spacing: [1, 1, 1]
  Origin: [90.0925, 91.1377, -159.943]
  Direction: 
-0.999708 0.00972689 0.0221373
-0.00709597 -0.993228 0.115964
0.0231153 0.115773 0.993007

  IndexToPointMatrix: 
-0.999708 0.00972689 0.0221373
-0.00709597 -0.993228 0.115964
0.0231153 0.115773 0.993007

  PointToIndexMatrix: 
-0.999708 -0.00709597 0.0231153
0.00972689 -0.993228 0.115773
0.0221373 0.115964 0.993007

  Inverse Direction: 
-0.999708 -0.00709597 0.0231153
0.00972689 -0.993228 0.115773
0.0221373 0.115964 0.993007

  PixelContainer: 
    ImportImageContainer (0x5647a5203b00)
      RTTI typeinfo:   itk::ImportImageContainer<unsigned long, float>
      Reference Count: 1
      Modified Time: 2572
      Debug: Off
      Object Name: 
      Observers: 
        none
      Pointer: 0x7f0909611010
      Container manages memory: true
      Size: 12582912
      Capacity: 12582912

     Weighting = 1
     Sampling strategy = none
     Number of bins = 32
     Radius = 4
     Sampling percentage  = 1
   Transform = SyN
     Gradient step = 0.1
     Update field sigma (voxel space) = 3
     Total field sigma (voxel space) = 0
     Update field time sigma = 0
     Total field time sigma  = 0
     Number of time indices = 0
     Number of time point samples = 0
Registration using 3 total stages.

Stage 0
  iterations = 1000x500x250x0
  convergence threshold = 1e-06
  convergence window size = 10
  number of levels = 4
  using the Mattes MI metric (number of bins = 32, weight = 1)
  preprocessing:  winsorizing the image intensities
  preprocessing:  histogram matching the images
  Shrink factors (level 1 out of 4): [6, 6, 6]
  Shrink factors (level 2 out of 4): [4, 4, 4]
  Shrink factors (level 3 out of 4): [2, 2, 2]
  Shrink factors (level 4 out of 4): [1, 1, 1]
  smoothing sigmas per level: [4, 2, 1, 0]
  regular sampling (percentage = 0.25)

*** Running Euler3DTransform registration ***

DIAGNOSTIC,Iteration,metricValue,convergenceValue,ITERATION_TIME_INDEX,SINCE_LAST
 2DIAGNOSTIC,     1, -8.824309110641e-01, inf, 5.7026e-01, 5.7026e-01, 
 2DIAGNOSTIC,     2, -8.833806514740e-01, inf, 5.7974e-01, 9.4771e-03, 
 2DIAGNOSTIC,     3, -8.846268653870e-01, inf, 5.8995e-01, 1.0218e-02, 
 2DIAGNOSTIC,     4, -8.855867981911e-01, inf, 5.9988e-01, 9.9239e-03, 
 2DIAGNOSTIC,     5, -8.860837817192e-01, inf, 6.0898e-01, 9.1059e-03, 
 2DIAGNOSTIC,     6, -8.864018917084e-01, inf, 6.1742e-01, 8.4360e-03, 
 2DIAGNOSTIC,     7, -8.866033554077e-01, inf, 6.2600e-01, 8.5762e-03, 
 2DIAGNOSTIC,     8, -8.870195746422e-01, inf, 6.3604e-01, 1.0046e-02, 
 2DIAGNOSTIC,     9, -8.870389461517e-01, inf, 6.4618e-01, 1.0143e-02, 
 2DIAGNOSTIC,    10, -8.871976137161e-01, 3.295389760751e-04, 6.5582e-01, 9.6390e-03, 
 2DIAGNOSTIC,    11, -8.872158527374e-01, 2.237226726720e-04, 6.6782e-01, 1.1995e-02, 
 2DIAGNOSTIC,    12, -8.872376680374e-01, 1.411964331055e-04, 6.7795e-01, 1.0128e-02, 
 2DIAGNOSTIC,    13, -8.872593641281e-01, 8.961903949967e-05, 6.8758e-01, 9.6371e-03, 
 2DIAGNOSTIC,    14, -8.872501254082e-01, 5.906187288929e-05, 7.0140e-01, 1.3813e-02, 
 2DIAGNOSTIC,    15, -8.871870040894e-01, 3.663741881610e-05, 7.1219e-01, 1.0789e-02, 
 2DIAGNOSTIC,    16, -8.871732354164e-01, 1.996671926463e-05, 7.2119e-01, 9.0029e-03, 
 2DIAGNOSTIC,    17, -8.871657252312e-01, 7.071539130266e-06, 7.3094e-01, 9.7530e-03, 
 2DIAGNOSTIC,    18, -8.871616125107e-01, 2.476368536009e-06, 7.4059e-01, 9.6490e-03, 
DIAGNOSTIC,Iteration,metricValue,convergenceValue,ITERATION_TIME_INDEX,SINCE_LAST
 2DIAGNOSTIC,     1, -7.223857641220e-01, inf, 1.2550e+00, 5.1443e-01, 
 2DIAGNOSTIC,     2, -7.228192687035e-01, inf, 1.2865e+00, 3.1435e-02, 
 2DIAGNOSTIC,     3, -7.231469154358e-01, inf, 1.3174e+00, 3.0902e-02, 
 2DIAGNOSTIC,     4, -7.233114242554e-01, inf, 1.3495e+00, 3.2178e-02, 
 2DIAGNOSTIC,     5, -7.233957052231e-01, inf, 1.3855e+00, 3.5926e-02, 
 2DIAGNOSTIC,     6, -7.234626412392e-01, inf, 1.4210e+00, 3.5538e-02, 
 2DIAGNOSTIC,     7, -7.235415577888e-01, inf, 1.4648e+00, 4.3827e-02, 
 2DIAGNOSTIC,     8, -7.235600352287e-01, inf, 1.5003e+00, 3.5517e-02, 
 2DIAGNOSTIC,     9, -7.235631942749e-01, inf, 1.5314e+00, 3.1080e-02, 
 2DIAGNOSTIC,    10, -7.236298918724e-01, 9.365953883389e-05, 1.5673e+00, 3.5870e-02, 
 2DIAGNOSTIC,    11, -7.237121462822e-01, 5.937772220932e-05, 1.6070e+00, 3.9667e-02, 
 2DIAGNOSTIC,    12, -7.237200140953e-01, 3.989859760622e-05, 1.6436e+00, 3.6678e-02, 
 2DIAGNOSTIC,    13, -7.237274050713e-01, 3.013873174496e-05, 1.6789e+00, 3.5244e-02, 
 2DIAGNOSTIC,    14, -7.237437963486e-01, 2.435000715195e-05, 1.7136e+00, 3.4718e-02, 
 2DIAGNOSTIC,    15, -7.237658500671e-01, 2.004102316278e-05, 1.7457e+00, 3.2119e-02, 
 2DIAGNOSTIC,    16, -7.238165736198e-01, 1.741903361108e-05, 1.7849e+00, 3.9152e-02, 
 2DIAGNOSTIC,    17, -7.238338589668e-01, 1.588991290191e-05, 1.8204e+00, 3.5558e-02, 
 2DIAGNOSTIC,    18, -7.238712310791e-01, 1.450512081647e-05, 1.8629e+00, 4.2460e-02, 
 2DIAGNOSTIC,    19, -7.238701581955e-01, 1.210392747453e-05, 1.8983e+00, 3.5464e-02, 
 2DIAGNOSTIC,    20, -7.238618731499e-01, 1.008174240269e-05, 1.9340e+00, 3.5612e-02, 
 2DIAGNOSTIC,    21, -7.238593101501e-01, 8.951158633863e-06, 1.9771e+00, 4.3161e-02, 
 2DIAGNOSTIC,    22, -7.238546013832e-01, 7.279805686267e-06, 2.0111e+00, 3.3984e-02, 
 2DIAGNOSTIC,    23, -7.238550186157e-01, 5.339723429643e-06, 2.0468e+00, 3.5678e-02, 
 2DIAGNOSTIC,    24, -7.238501310349e-01, 3.379775080248e-06, 2.0856e+00, 3.8791e-02, 
 2DIAGNOSTIC,    25, -7.238501906395e-01, 1.724710386952e-06, 2.1184e+00, 3.2808e-02, 
DIAGNOSTIC,Iteration,metricValue,convergenceValue,ITERATION_TIME_INDEX,SINCE_LAST
 2DIAGNOSTIC,     1, -6.543431282043e-01, inf, 3.0590e+00, 9.4058e-01, 
 2DIAGNOSTIC,     2, -6.545475721359e-01, inf, 3.3012e+00, 2.4223e-01, 
 2DIAGNOSTIC,     3, -6.547255516052e-01, inf, 3.5371e+00, 2.3586e-01, 
 2DIAGNOSTIC,     4, -6.548994183540e-01, inf, 3.7741e+00, 2.3706e-01, 
 2DIAGNOSTIC,     5, -6.552276015282e-01, inf, 4.0099e+00, 2.3576e-01, 
 2DIAGNOSTIC,     6, -6.554891467094e-01, inf, 4.3135e+00, 3.0359e-01, 
 2DIAGNOSTIC,     7, -6.555373072624e-01, inf, 4.5543e+00, 2.4084e-01, 
 2DIAGNOSTIC,     8, -6.556512117386e-01, inf, 4.8511e+00, 2.9683e-01, 
 2DIAGNOSTIC,     9, -6.558254957199e-01, inf, 5.1186e+00, 2.6748e-01, 
 2DIAGNOSTIC,    10, -6.560003161430e-01, 1.664701558184e-04, 5.3887e+00, 2.7008e-01, 
 2DIAGNOSTIC,    11, -6.560130715370e-01, 1.383321068715e-04, 5.8255e+00, 4.3676e-01, 
 2DIAGNOSTIC,    12, -6.560168266296e-01, 1.104397088056e-04, 6.0922e+00, 2.6675e-01, 
 2DIAGNOSTIC,    13, -6.560173034668e-01, 8.317633910337e-05, 6.3893e+00, 2.9706e-01, 
 2DIAGNOSTIC,    14, -6.560169458389e-01, 5.756642713095e-05, 6.7172e+00, 3.2790e-01, 
 2DIAGNOSTIC,    15, -6.560171842575e-01, 3.956994623877e-05, 7.0797e+00, 3.6256e-01, 
 2DIAGNOSTIC,    16, -6.560177803040e-01, 2.754702472885e-05, 7.3500e+00, 2.7028e-01, 
 2DIAGNOSTIC,    17, -6.560176014900e-01, 1.585009704286e-05, 7.6494e+00, 2.9938e-01, 
 2DIAGNOSTIC,    18, -6.560175418854e-01, 6.839708021289e-06, 7.9188e+00, 2.6944e-01, 
 2DIAGNOSTIC,    19, -6.560173630714e-01, 2.171711230403e-06, 8.2508e+00, 3.3197e-01, 
 2DIAGNOSTIC,    20, -6.560173630714e-01, 1.707030719444e-06, 8.5498e+00, 2.9906e-01, 
 2DIAGNOSTIC,    21, -6.560173034668e-01, 1.535432375022e-06, 8.8188e+00, 2.6895e-01, 
 2DIAGNOSTIC,    22, -6.560173034668e-01, 1.451299795008e-06, 9.0902e+00, 2.7139e-01, 
 2DIAGNOSTIC,    23, -6.560172438622e-01, 1.382381356052e-06, 9.3564e+00, 2.6619e-01, 
 2DIAGNOSTIC,    24, -6.560171246529e-01, 1.310752509198e-06, 9.6287e+00, 2.7232e-01, 
 2DIAGNOSTIC,    25, -6.560171246529e-01, 1.250141394848e-06, 9.8994e+00, 2.7068e-01, 
 2DIAGNOSTIC,    26, -6.560170650482e-01, 1.205290232065e-06, 1.0171e+01, 2.7120e-01, 
 2DIAGNOSTIC,    27, -6.560171246529e-01, 1.163610249932e-06, 1.0435e+01, 2.6490e-01, 
 2DIAGNOSTIC,    28, -6.560170054436e-01, 1.123610900322e-06, 1.0705e+01, 2.6965e-01, 
 2DIAGNOSTIC,    29, -6.560171842575e-01, 1.087663804356e-06, 1.0974e+01, 2.6858e-01, 
 2DIAGNOSTIC,    30, -6.560172438622e-01, 1.055831035046e-06, 1.1334e+01, 3.6049e-01, 
 2DIAGNOSTIC,    31, -6.560174226761e-01, 1.028138399306e-06, 1.1603e+01, 2.6908e-01, 
 2DIAGNOSTIC,    32, -6.560173034668e-01, 1.000389147521e-06, 1.1934e+01, 3.3025e-01, 
DIAGNOSTIC,Iteration,metricValue,convergenceValue,ITERATION_TIME_INDEX,SINCE_LAST
 2DIAGNOSTIC,     1, -6.075717210770e-01, inf, 1.4475e+01, 2.5416e+00, 
  Elapsed time (stage 0): 1.5800e+01


Stage 1
  iterations = 1000x500x250x0
  convergence threshold = 1.0000e-06
  convergence window size = 10
  number of levels = 4
  using the Mattes MI metric (number of bins = 32, weight = 1.0000e+00)
  preprocessing:  winsorizing the image intensities
  preprocessing:  histogram matching the images
  Shrink factors (level 1 out of 4): [6, 6, 6]
  Shrink factors (level 2 out of 4): [4, 4, 4]
  Shrink factors (level 3 out of 4): [2, 2, 2]
  Shrink factors (level 4 out of 4): [1, 1, 1]
  smoothing sigmas per level: [4, 2, 1, 0]
  regular sampling (percentage = 2.5000e-01)

*** Running AffineTransform registration ***

DIAGNOSTIC,Iteration,metricValue,convergenceValue,ITERATION_TIME_INDEX,SINCE_LAST
 2DIAGNOSTIC,     1, -8.881276845932e-01, inf, 5.7358e-01, 5.7358e-01, 
 2DIAGNOSTIC,     2, -8.907322883606e-01, inf, 5.8454e-01, 1.0962e-02, 
 2DIAGNOSTIC,     3, -8.952054977417e-01, inf, 5.9512e-01, 1.0584e-02, 
 2DIAGNOSTIC,     4, -9.024533629417e-01, inf, 6.0572e-01, 1.0599e-02, 
 2DIAGNOSTIC,     5, -9.146360158920e-01, inf, 6.1532e-01, 9.6018e-03, 
 2DIAGNOSTIC,     6, -9.338263869286e-01, inf, 6.2512e-01, 9.8000e-03, 
 2DIAGNOSTIC,     7, -9.578700661659e-01, inf, 6.3491e-01, 9.7821e-03, 
 2DIAGNOSTIC,     8, -9.850171208382e-01, inf, 6.4547e-01, 1.0569e-02, 
 2DIAGNOSTIC,     9, -9.881893396378e-01, inf, 6.5916e-01, 1.3684e-02, 
 2DIAGNOSTIC,    10, -9.890332818031e-01, 8.462391793728e-03, 6.6846e-01, 9.3019e-03, 
 2DIAGNOSTIC,    11, -9.941587448120e-01, 7.766227237880e-03, 6.7884e-01, 1.0383e-02, 
 2DIAGNOSTIC,    12, -1.004390597343e+00, 6.802490446717e-03, 6.8810e-01, 9.2568e-03, 
 2DIAGNOSTIC,    13, -1.005881190300e+00, 5.509031936526e-03, 7.0169e-01, 1.3593e-02, 
 2DIAGNOSTIC,    14, -1.005897641182e+00, 4.072895273566e-03, 7.1063e-01, 8.9390e-03, 
 2DIAGNOSTIC,    15, -1.006016969681e+00, 2.717457246035e-03, 7.2051e-01, 9.8779e-03, 
 2DIAGNOSTIC,    16, -1.006126046181e+00, 1.640475587919e-03, 7.3071e-01, 1.0202e-02, 
