
Running N4 for 3-dimensional images.

Mask not read.  Using the entire image as the mask.

Original intensity range:  [0, 951]

***********************************************************
Warning:  Your input image contains nonpositive values
which could cause failure or problematic results.  A
possible workaround would be to:
   1. rescale your image to positive values e.g., [10,100].
   2. run N4 on your rescaled image.
   3. (optional) rescale the N4 output to the original
      intensity range.
***********************************************************

Specified spline distance: 200mm
  original image size:  [192, 256, 256]
  padded image size:  [201, 401, 401]
  number of control points:  [4, 5, 5]

Current level = 1
  Iteration 1 (of 50).   Current convergence value = 0.000157528 (threshold = 1e-08)
  Iteration 2 (of 50).   Current convergence value = 0.000136698 (threshold = 1e-08)
  Iteration 3 (of 50).   Current convergence value = 0.000130293 (threshold = 1e-08)
  Iteration 4 (of 50).   Current convergence value = 0.000131726 (threshold = 1e-08)
  Iteration 5 (of 50).   Current convergence value = 0.000133245 (threshold = 1e-08)
  Iteration 6 (of 50).   Current convergence value = 0.000134302 (threshold = 1e-08)
  Iteration 7 (of 50).   Current convergence value = 0.000135341 (threshold = 1e-08)
  Iteration 8 (of 50).   Current convergence value = 0.000135932 (threshold = 1e-08)
  Iteration 9 (of 50).   Current convergence value = 0.000135928 (threshold = 1e-08)
  Iteration 10 (of 50).   Current convergence value = 0.000135476 (threshold = 1e-08)
  Iteration 11 (of 50).   Current convergence value = 0.000134406 (threshold = 1e-08)
  Iteration 12 (of 50).   Current convergence value = 0.000132703 (threshold = 1e-08)
  Iteration 13 (of 50).   Current convergence value = 0.000130884 (threshold = 1e-08)
  Iteration 14 (of 50).   Current convergence value = 0.000128726 (threshold = 1e-08)
  Iteration 15 (of 50).   Current convergence value = 0.000126579 (threshold = 1e-08)
  Iteration 16 (of 50).   Current convergence value = 0.000124498 (threshold = 1e-08)
  Iteration 17 (of 50).   Current convergence value = 0.000122627 (threshold = 1e-08)
  Iteration 18 (of 50).   Current convergence value = 0.00012081 (threshold = 1e-08)
  Iteration 19 (of 50).   Current convergence value = 0.000118969 (threshold = 1e-08)
  Iteration 20 (of 50).   Current convergence value = 0.00011704 (threshold = 1e-08)
  Iteration 21 (of 50).   Current convergence value = 0.000115304 (threshold = 1e-08)
  Iteration 22 (of 50).   Current convergence value = 0.000113678 (threshold = 1e-08)
  Iteration 23 (of 50).   Current convergence value = 0.000112031 (threshold = 1e-08)
  Iteration 24 (of 50).   Current convergence value = 0.000110446 (threshold = 1e-08)
  Iteration 25 (of 50).   Current convergence value = 0.00010746 (threshold = 1e-08)
  Iteration 26 (of 50).   Current convergence value = 0.000104205 (threshold = 1e-08)
  Iteration 27 (of 50).   Current convergence value = 0.000101782 (threshold = 1e-08)
  Iteration 28 (of 50).   Current convergence value = 9.947e-05 (threshold = 1e-08)
  Iteration 29 (of 50).   Current convergence value = 9.74392e-05 (threshold = 1e-08)
  Iteration 30 (of 50).   Current convergence value = 9.53663e-05 (threshold = 1e-08)
  Iteration 31 (of 50).   Current convergence value = 9.3559e-05 (threshold = 1e-08)
  Iteration 32 (of 50).   Current convergence value = 9.16963e-05 (threshold = 1e-08)
  Iteration 33 (of 50).   Current convergence value = 9.01049e-05 (threshold = 1e-08)
  Iteration 34 (of 50).   Current convergence value = 8.84292e-05 (threshold = 1e-08)
  Iteration 35 (of 50).   Current convergence value = 8.68665e-05 (threshold = 1e-08)
  Iteration 36 (of 50).   Current convergence value = 8.53772e-05 (threshold = 1e-08)
  Iteration 37 (of 50).   Current convergence value = 8.39081e-05 (threshold = 1e-08)
  Iteration 38 (of 50).   Current convergence value = 8.26637e-05 (threshold = 1e-08)
  Iteration 39 (of 50).   Current convergence value = 8.12923e-05 (threshold = 1e-08)
  Iteration 40 (of 50).   Current convergence value = 7.99821e-05 (threshold = 1e-08)
  Iteration 41 (of 50).   Current convergence value = 7.87254e-05 (threshold = 1e-08)
  Iteration 42 (of 50).   Current convergence value = 7.74147e-05 (threshold = 1e-08)
  Iteration 43 (of 50).   Current convergence value = 7.62094e-05 (threshold = 1e-08)
  Iteration 44 (of 50).   Current convergence value = 7.49011e-05 (threshold = 1e-08)
  Iteration 45 (of 50).   Current convergence value = 7.36544e-05 (threshold = 1e-08)
  Iteration 46 (of 50).   Current convergence value = 7.25886e-05 (threshold = 1e-08)
  Iteration 47 (of 50).   Current convergence value = 7.1367e-05 (threshold = 1e-08)
  Iteration 48 (of 50).   Current convergence value = 7.03441e-05 (threshold = 1e-08)
  Iteration 49 (of 50).   Current convergence value = 6.93035e-05 (threshold = 1e-08)
  Iteration 50 (of 50).   Current convergence value = 6.82035e-05 (threshold = 1e-08)
Current level = 2
  Iteration 1 (of 50).   Current convergence value = 0.000423417 (threshold = 1e-08)
  Iteration 2 (of 50).   Current convergence value = 0.000338732 (threshold = 1e-08)
  Iteration 3 (of 50).   Current convergence value = 0.000294008 (threshold = 1e-08)
  Iteration 4 (of 50).   Current convergence value = 0.000253515 (threshold = 1e-08)
  Iteration 5 (of 50).   Current convergence value = 0.000217502 (threshold = 1e-08)
  Iteration 6 (of 50).   Current convergence value = 0.000192986 (threshold = 1e-08)
  Iteration 7 (of 50).   Current convergence value = 0.000182651 (threshold = 1e-08)
  Iteration 8 (of 50).   Current convergence value = 0.000184128 (threshold = 1e-08)
  Iteration 9 (of 50).   Current convergence value = 0.000179589 (threshold = 1e-08)
  Iteration 10 (of 50).   Current convergence value = 0.000167245 (threshold = 1e-08)
  Iteration 11 (of 50).   Current convergence value = 0.000157344 (threshold = 1e-08)
  Iteration 12 (of 50).   Current convergence value = 0.00014912 (threshold = 1e-08)
  Iteration 13 (of 50).   Current convergence value = 0.0001418 (threshold = 1e-08)
  Iteration 14 (of 50).   Current convergence value = 0.000135643 (threshold = 1e-08)
  Iteration 15 (of 50).   Current convergence value = 0.000130685 (threshold = 1e-08)
  Iteration 16 (of 50).   Current convergence value = 0.000126784 (threshold = 1e-08)
  Iteration 17 (of 50).   Current convergence value = 0.000123625 (threshold = 1e-08)
  Iteration 18 (of 50).   Current convergence value = 0.000122335 (threshold = 1e-08)
  Iteration 19 (of 50).   Current convergence value = 0.00012542 (threshold = 1e-08)
  Iteration 20 (of 50).   Current convergence value = 0.000128461 (threshold = 1e-08)
  Iteration 21 (of 50).   Current convergence value = 0.000131501 (threshold = 1e-08)
  Iteration 22 (of 50).   Current convergence value = 0.000134549 (threshold = 1e-08)
  Iteration 23 (of 50).   Current convergence value = 0.000137435 (threshold = 1e-08)
  Iteration 24 (of 50).   Current convergence value = 0.000140228 (threshold = 1e-08)
  Iteration 25 (of 50).   Current convergence value = 0.000142878 (threshold = 1e-08)
  Iteration 26 (of 50).   Current convergence value = 0.000145102 (threshold = 1e-08)
  Iteration 27 (of 50).   Current convergence value = 0.00014754 (threshold = 1e-08)
  Iteration 28 (of 50).   Current convergence value = 0.000150169 (threshold = 1e-08)
  Iteration 29 (of 50).   Current convergence value = 0.000152726 (threshold = 1e-08)
  Iteration 30 (of 50).   Current convergence value = 0.000155271 (threshold = 1e-08)
  Iteration 31 (of 50).   Current convergence value = 0.000157756 (threshold = 1e-08)
  Iteration 32 (of 50).   Current convergence value = 0.000160103 (threshold = 1e-08)
  Iteration 33 (of 50).   Current convergence value = 0.000162425 (threshold = 1e-08)
  Iteration 34 (of 50).   Current convergence value = 0.000164576 (threshold = 1e-08)
  Iteration 35 (of 50).   Current convergence value = 0.000166532 (threshold = 1e-08)
  Iteration 36 (of 50).   Current convergence value = 0.00016787 (threshold = 1e-08)
  Iteration 37 (of 50).   Current convergence value = 0.000168741 (threshold = 1e-08)
  Iteration 38 (of 50).   Current convergence value = 0.0001693 (threshold = 1e-08)
  Iteration 39 (of 50).   Current convergence value = 0.000169615 (threshold = 1e-08)
  Iteration 40 (of 50).   Current convergence value = 0.000169998 (threshold = 1e-08)
  Iteration 41 (of 50).   Current convergence value = 0.000172862 (threshold = 1e-08)
  Iteration 42 (of 50).   Current convergence value = 0.000176397 (threshold = 1e-08)
  Iteration 43 (of 50).   Current convergence value = 0.000179289 (threshold = 1e-08)
  Iteration 44 (of 50).   Current convergence value = 0.000181968 (threshold = 1e-08)
  Iteration 45 (of 50).   Current convergence value = 0.000184683 (threshold = 1e-08)
  Iteration 46 (of 50).   Current convergence value = 0.000187288 (threshold = 1e-08)
  Iteration 47 (of 50).   Current convergence value = 0.000189483 (threshold = 1e-08)
  Iteration 48 (of 50).   Current convergence value = 0.000191843 (threshold = 1e-08)
  Iteration 49 (of 50).   Current convergence value = 0.000194393 (threshold = 1e-08)
  Iteration 50 (of 50).   Current convergence value = 0.000196607 (threshold = 1e-08)
Current level = 3
  Iteration 1 (of 40).   Current convergence value = 0.00120752 (threshold = 1e-08)
  Iteration 2 (of 40).   Current convergence value = 0.00102305 (threshold = 1e-08)
  Iteration 3 (of 40).   Current convergence value = 0.000986978 (threshold = 1e-08)
  Iteration 4 (of 40).   Current convergence value = 0.0010175 (threshold = 1e-08)
  Iteration 5 (of 40).   Current convergence value = 0.00109099 (threshold = 1e-08)
  Iteration 6 (of 40).   Current convergence value = 0.00117582 (threshold = 1e-08)
  Iteration 7 (of 40).   Current convergence value = 0.00121292 (threshold = 1e-08)
  Iteration 8 (of 40).   Current convergence value = 0.00122266 (threshold = 1e-08)
  Iteration 9 (of 40).   Current convergence value = 0.00124141 (threshold = 1e-08)
  Iteration 10 (of 40).   Current convergence value = 0.00126243 (threshold = 1e-08)
  Iteration 11 (of 40).   Current convergence value = 0.00128376 (threshold = 1e-08)
  Iteration 12 (of 40).   Current convergence value = 0.00130525 (threshold = 1e-08)
  Iteration 13 (of 40).   Current convergence value = 0.00132834 (threshold = 1e-08)
  Iteration 14 (of 40).   Current convergence value = 0.00127665 (threshold = 1e-08)
  Iteration 15 (of 40).   Current convergence value = 0.00122454 (threshold = 1e-08)
  Iteration 16 (of 40).   Current convergence value = 0.00116833 (threshold = 1e-08)
  Iteration 17 (of 40).   Current convergence value = 0.00111647 (threshold = 1e-08)
  Iteration 18 (of 40).   Current convergence value = 0.00107369 (threshold = 1e-08)
  Iteration 19 (of 40).   Current convergence value = 0.00103986 (threshold = 1e-08)
  Iteration 20 (of 40).   Current convergence value = 0.00101269 (threshold = 1e-08)
  Iteration 21 (of 40).   Current convergence value = 0.000990783 (threshold = 1e-08)
  Iteration 22 (of 40).   Current convergence value = 0.000972917 (threshold = 1e-08)
  Iteration 23 (of 40).   Current convergence value = 0.000958387 (threshold = 1e-08)
  Iteration 24 (of 40).   Current convergence value = 0.000948203 (threshold = 1e-08)
  Iteration 25 (of 40).   Current convergence value = 0.000941274 (threshold = 1e-08)
  Iteration 26 (of 40).   Current convergence value = 0.000937 (threshold = 1e-08)
  Iteration 27 (of 40).   Current convergence value = 0.000935179 (threshold = 1e-08)
  Iteration 28 (of 40).   Current convergence value = 0.000935601 (threshold = 1e-08)
  Iteration 29 (of 40).   Current convergence value = 0.000931163 (threshold = 1e-08)
  Iteration 30 (of 40).   Current convergence value = 0.000875995 (threshold = 1e-08)
  Iteration 31 (of 40).   Current convergence value = 0.000831825 (threshold = 1e-08)
  Iteration 32 (of 40).   Current convergence value = 0.000794704 (threshold = 1e-08)
  Iteration 33 (of 40).   Current convergence value = 0.000763384 (threshold = 1e-08)
  Iteration 34 (of 40).   Current convergence value = 0.000736721 (threshold = 1e-08)
  Iteration 35 (of 40).   Current convergence value = 0.000713143 (threshold = 1e-08)
  Iteration 36 (of 40).   Current convergence value = 0.000692451 (threshold = 1e-08)
  Iteration 37 (of 40).   Current convergence value = 0.000662624 (threshold = 1e-08)
  Iteration 38 (of 40).   Current convergence value = 0.000635704 (threshold = 1e-08)
  Iteration 39 (of 40).   Current convergence value = 0.000613101 (threshold = 1e-08)
  Iteration 40 (of 40).   Current convergence value = 0.000592682 (threshold = 1e-08)
Current level = 4
  Iteration 1 (of 30).   Current convergence value = 0.0020408 (threshold = 1e-08)
  Iteration 2 (of 30).   Current convergence value = 0.00175846 (threshold = 1e-08)
  Iteration 3 (of 30).   Current convergence value = 0.00161783 (threshold = 1e-08)
  Iteration 4 (of 30).   Current convergence value = 0.00151688 (threshold = 1e-08)
  Iteration 5 (of 30).   Current convergence value = 0.0014345 (threshold = 1e-08)
  Iteration 6 (of 30).   Current convergence value = 0.0013602 (threshold = 1e-08)
  Iteration 7 (of 30).   Current convergence value = 0.0012911 (threshold = 1e-08)
  Iteration 8 (of 30).   Current convergence value = 0.00122499 (threshold = 1e-08)
  Iteration 9 (of 30).   Current convergence value = 0.00116117 (threshold = 1e-08)
  Iteration 10 (of 30).   Current convergence value = 0.00109746 (threshold = 1e-08)
  Iteration 11 (of 30).   Current convergence value = 0.00106032 (threshold = 1e-08)
  Iteration 12 (of 30).   Current convergence value = 0.00101477 (threshold = 1e-08)
  Iteration 13 (of 30).   Current convergence value = 0.000961538 (threshold = 1e-08)
  Iteration 14 (of 30).   Current convergence value = 0.000910946 (threshold = 1e-08)
  Iteration 15 (of 30).   Current convergence value = 0.000863197 (threshold = 1e-08)
  Iteration 16 (of 30).   Current convergence value = 0.000819055 (threshold = 1e-08)
  Iteration 17 (of 30).   Current convergence value = 0.000778525 (threshold = 1e-08)
  Iteration 18 (of 30).   Current convergence value = 0.000743641 (threshold = 1e-08)
  Iteration 19 (of 30).   Current convergence value = 0.000712589 (threshold = 1e-08)
  Iteration 20 (of 30).   Current convergence value = 0.000683782 (threshold = 1e-08)
  Iteration 21 (of 30).   Current convergence value = 0.000657415 (threshold = 1e-08)
  Iteration 22 (of 30).   Current convergence value = 0.000632363 (threshold = 1e-08)
  Iteration 23 (of 30).   Current convergence value = 0.000609403 (threshold = 1e-08)
  Iteration 24 (of 30).   Current convergence value = 0.000587708 (threshold = 1e-08)
  Iteration 25 (of 30).   Current convergence value = 0.000567544 (threshold = 1e-08)
  Iteration 26 (of 30).   Current convergence value = 0.000548453 (threshold = 1e-08)
  Iteration 27 (of 30).   Current convergence value = 0.000530334 (threshold = 1e-08)
  Iteration 28 (of 30).   Current convergence value = 0.000513553 (threshold = 1e-08)
  Iteration 29 (of 30).   Current convergence value = 0.000497368 (threshold = 1e-08)
  Iteration 30 (of 30).   Current convergence value = 0.000482353 (threshold = 1e-08)
   N4BiasFieldCorrectionImageFilter (0x564bd0a58e20)
     RTTI typeinfo:   itk::N4BiasFieldCorrectionImageFilter<itk::Image<float, 3u>, itk::Image<float, 3u>, itk::Image<float, 3u> >
     Reference Count: 1
     Modified Time: 579
     Debug: Off
     Object Name: 
     Observers: 
       IterationEvent(Command)
     Inputs: 
       ConfidenceImage: (0)
       MaskImage: (0x564bd0a83650)
       Primary: (0x564bd0a7eb50) *
     Indexed Inputs: 
       0: Primary (0x564bd0a7eb50)
       1: MaskImage (0x564bd0a83650)
       2: ConfidenceImage (0)
     Required Input Names: Primary
     NumberOfRequiredInputs: 1
     Outputs: 
       Primary: (0x564bd0a68ef0)
     Indexed Outputs: 
       0: Primary (0x564bd0a68ef0)
     NumberOfRequiredOutputs: 1
     Number Of Work Units: 32
     ReleaseDataFlag: Off
     ReleaseDataBeforeUpdateFlag: Off
     AbortGenerateData: Off
     Progress: 0
     Multithreader: 
       RTTI typeinfo:   itk::PoolMultiThreader
       Reference Count: 1
       Modified Time: 144
       Debug: Off
       Object Name: 
       Observers: 
         none
       Number of Work Units: 32
       Number of Threads: 8
       Global Maximum Number Of Threads: 128
       Global Default Number Of Threads: 8
       Global Default Threader Type: itk::MultiThreaderBaseEnums::Threader::Pool
       SingleMethod: 0
       SingleData: 0
     DynamicMultiThreading: On
     CoordinateTolerance: 1e-06
     DirectionTolerance: 1e-06
     Use Mask Label: 0
     Mask label: 1
     Number of histogram bins: 200
     Wiener filter noise: 0.01
     Bias field FWHM: 0.15
     Maximum number of iterations: [50, 50, 40, 30]
     Convergence threshold: 1e-08
     Spline order: 3
     Number of fitting levels: [4, 4, 4]
     Number of control points: [4, 5, 5]
     CurrentConvergenceMeasurement: 0.000482353
     CurrentLevel: 4
     ElapsedIterations: 31
     LogBiasFieldControlPointLattice: 
       Image (0x564bd755f2e0)
         RTTI typeinfo:   itk::Image<itk::Vector<float, 1u>, 3u>
         Reference Count: 1
         Modified Time: 343574
         Debug: Off
         Object Name: 
         Observers: 
           none
         Source: (none)
         Source output name: (none)
         Release Data: Off
         Data Released: False
         Global Release Data: Off
         PipelineMTime: 0
         UpdateMTime: 0
         RealTimeStamp: 0 seconds 
         LargestPossibleRegion: 
           Dimension: 3
           Index: [0, 0, 0]
           Size: [11, 19, 19]
         BufferedRegion: 
           Dimension: 3
           Index: [0, 0, 0]
           Size: [11, 19, 19]
         RequestedRegion: 
           Dimension: 3
           Index: [0, 0, 0]
           Size: [11, 19, 19]
         Spacing: [24.7356, 24.875, 24.875]
         Origin: [26.5821, 25.1686, -22.568]
         Direction: 
-0.997581 -0.00753179 -0.0691035
0.00900398 -0.999739 -0.0210176
-0.0689271 -0.0215889 0.997388

         IndexToPointMatrix: 
-24.6758 -0.187353 -1.71895
0.222719 -24.8685 -0.522813
-1.70496 -0.537024 24.81

         PointToIndexMatrix: 
-0.0403297 0.000364008 -0.00278655
-0.000302785 -0.0401905 -0.000867898
-0.00277803 -0.000844926 0.040096

         Inverse Direction: 
-0.997581 0.00900398 -0.0689271
-0.00753178 -0.999739 -0.021589
-0.0691035 -0.0210175 0.997388

         PixelContainer: 
           ImportImageContainer (0x564bdcd3e290)
             RTTI typeinfo:   itk::ImportImageContainer<unsigned long, itk::Vector<float, 1u> >
             Reference Count: 1
             Modified Time: 343575
             Debug: Off
             Object Name: 
             Observers: 
               none
             Pointer: 0x564bdabf8840
             Container manages memory: true
             Size: 3971
             Capacity: 3971
Elapsed time: 305.385
All_Command_lines_OK
Using single precision for computations.
=============================================================================
The composite transform comprises the following transforms (in order): 
  1. Center of mass alignment using fixed image: /home/mpib/nemecz/Projects/miniTRK/Results/01_MRI/GroupTempl/T1w/T_template0.nii.gz and moving image: /home/mpib/nemecz/Projects/miniTRK/Analysis/01_MRI/Preproc/GroupTempl/T1w/sub-531453_T1w.nii.gz (type = Euler3DTransform)
=============================================================================
  number of levels = 4
  number of levels = 4
  number of levels = 4
  fixed image: /home/mpib/nemecz/Projects/miniTRK/Results/01_MRI/GroupTempl/T1w/T_template0.nii.gz
  moving image: /home/mpib/nemecz/Projects/miniTRK/Results/01_MRI/GroupTempl/T1w/T_template0sub-531453_T1wRepaired.nii.gz
  fixed image: /home/mpib/nemecz/Projects/miniTRK/Results/01_MRI/GroupTempl/T1w/T_template0.nii.gz
  moving image: /home/mpib/nemecz/Projects/miniTRK/Results/01_MRI/GroupTempl/T1w/T_template0sub-531453_T1wRepaired.nii.gz
  fixed image: /home/mpib/nemecz/Projects/miniTRK/Results/01_MRI/GroupTempl/T1w/T_template0.nii.gz
  moving image: /home/mpib/nemecz/Projects/miniTRK/Results/01_MRI/GroupTempl/T1w/T_template0sub-531453_T1wRepaired.nii.gz
Dimension = 3
Number of stages = 3
Use Histogram Matching true
Winsorize image intensities true
Lower quantile = 0.01
Upper quantile = 0.99
Stage 1 State
   Image metric = Mattes
     Fixed image = Image (0x55fb4eda5ad0)
  RTTI typeinfo:   itk::Image<float, 3u>
  Reference Count: 2
  Modified Time: 1725
  Debug: Off
  Object Name: 
  Observers: 
    none
  Source: (none)
  Source output name: (none)
  Release Data: Off
  Data Released: False
  Global Release Data: Off
  PipelineMTime: 0
  UpdateMTime: 1508
  RealTimeStamp: 0 seconds 
  LargestPossibleRegion: 
    Dimension: 3
    Index: [0, 0, 0]
    Size: [192, 256, 256]
  BufferedRegion: 
    Dimension: 3
    Index: [0, 0, 0]
    Size: [192, 256, 256]
  RequestedRegion: 
    Dimension: 3
    Index: [0, 0, 0]
    Size: [192, 256, 256]
  Spacing: [1, 1, 1]
  Origin: [95.0313, 100.538, -154.123]
  Direction: 
-0.999853 -0.014134 -0.00966312
0.014129 -0.9999 0.000586045
-0.00967044 0.000449429 0.999953

  IndexToPointMatrix: 
-0.999853 -0.014134 -0.00966312
0.014129 -0.9999 0.000586045
-0.00967044 0.000449429 0.999953

  PointToIndexMatrix: 
-0.999853 0.014129 -0.00967044
-0.014134 -0.9999 0.000449429
-0.00966312 0.000586045 0.999953

  Inverse Direction: 
-0.999853 0.014129 -0.00967044
-0.014134 -0.9999 0.000449429
-0.00966312 0.000586045 0.999953

  PixelContainer: 
    ImportImageContainer (0x55fb4edadc80)
      RTTI typeinfo:   itk::ImportImageContainer<unsigned long, float>
      Reference Count: 1
      Modified Time: 1505
      Debug: Off
      Object Name: 
      Observers: 
        none
      Pointer: 0x7f41d0ff5010
      Container manages memory: true
      Size: 12582912
      Capacity: 12582912

     Moving image = Image (0x55fb4eda6bc0)
  RTTI typeinfo:   itk::Image<float, 3u>
  Reference Count: 2
  Modified Time: 1726
  Debug: Off
  Object Name: 
  Observers: 
    none
  Source: (none)
  Source output name: (none)
  Release Data: Off
  Data Released: False
  Global Release Data: Off
  PipelineMTime: 0
  UpdateMTime: 1723
  RealTimeStamp: 0 seconds 
  LargestPossibleRegion: 
    Dimension: 3
    Index: [0, 0, 0]
    Size: [192, 256, 256]
  BufferedRegion: 
    Dimension: 3
    Index: [0, 0, 0]
    Size: [192, 256, 256]
  RequestedRegion: 
    Dimension: 3
    Index: [0, 0, 0]
    Size: [192, 256, 256]
  Spacing: [0.99942, 1, 1]
  Origin: [104.971, 99.9881, -146.061]
  Direction: 
-0.997581 -0.00753178 -0.0691035
0.00900398 -0.999739 -0.0210176
-0.0689271 -0.0215889 0.997388

  IndexToPointMatrix: 
-0.997002 -0.00753178 -0.0691035
0.00899876 -0.999739 -0.0210176
-0.0688871 -0.0215889 0.997388

  PointToIndexMatrix: 
-0.99816 0.00900921 -0.0689672
-0.00753178 -0.999739 -0.0215889
-0.0691035 -0.0210176 0.997388

  Inverse Direction: 
-0.997581 0.00900398 -0.0689271
-0.00753178 -0.999739 -0.0215889
-0.0691035 -0.0210176 0.997388

  PixelContainer: 
    ImportImageContainer (0x55fb4edaa850)
      RTTI typeinfo:   itk::ImportImageContainer<unsigned long, float>
      Reference Count: 1
      Modified Time: 1720
      Debug: Off
      Object Name: 
      Observers: 
        none
      Pointer: 0x7f41cdff4010
      Container manages memory: true
      Size: 12582912
      Capacity: 12582912

     Weighting = 1
     Sampling strategy = regular
     Number of bins = 32
     Radius = 4
     Sampling percentage  = 0.25
   Transform = Rigid
     Gradient step = 0.1
     Update field sigma (voxel space) = 0
     Total field sigma (voxel space) = 0
     Update field time sigma = 0
     Total field time sigma  = 0
     Number of time indices = 0
     Number of time point samples = 0
Stage 2 State
   Image metric = Mattes
     Fixed image = Image (0x55fb4edbe870)
  RTTI typeinfo:   itk::Image<float, 3u>
  Reference Count: 2
  Modified Time: 2155
  Debug: Off
  Object Name: 
  Observers: 
    none
  Source: (none)
  Source output name: (none)
  Release Data: Off
  Data Released: False
  Global Release Data: Off
  PipelineMTime: 0
  UpdateMTime: 1938
  RealTimeStamp: 0 seconds 
  LargestPossibleRegion: 
    Dimension: 3
    Index: [0, 0, 0]
    Size: [192, 256, 256]
  BufferedRegion: 
    Dimension: 3
    Index: [0, 0, 0]
    Size: [192, 256, 256]
  RequestedRegion: 
    Dimension: 3
    Index: [0, 0, 0]
    Size: [192, 256, 256]
  Spacing: [1, 1, 1]
  Origin: [95.0313, 100.538, -154.123]
  Direction: 
-0.999853 -0.014134 -0.00966312
0.014129 -0.9999 0.000586045
-0.00967044 0.000449429 0.999953

  IndexToPointMatrix: 
-0.999853 -0.014134 -0.00966312
0.014129 -0.9999 0.000586045
-0.00967044 0.000449429 0.999953

  PointToIndexMatrix: 
-0.999853 0.014129 -0.00967044
-0.014134 -0.9999 0.000449429
-0.00966312 0.000586045 0.999953

  Inverse Direction: 
-0.999853 0.014129 -0.00967044
-0.014134 -0.9999 0.000449429
-0.00966312 0.000586045 0.999953

  PixelContainer: 
    ImportImageContainer (0x55fb4eda6660)
      RTTI typeinfo:   itk::ImportImageContainer<unsigned long, float>
      Reference Count: 1
      Modified Time: 1935
      Debug: Off
      Object Name: 
      Observers: 
        none
      Pointer: 0x7f41caff3010
      Container manages memory: true
      Size: 12582912
      Capacity: 12582912

     Moving image = Image (0x55fb4edbe520)
  RTTI typeinfo:   itk::Image<float, 3u>
  Reference Count: 2
  Modified Time: 2156
  Debug: Off
  Object Name: 
  Observers: 
    none
  Source: (none)
  Source output name: (none)
  Release Data: Off
  Data Released: False
  Global Release Data: Off
  PipelineMTime: 0
  UpdateMTime: 2153
  RealTimeStamp: 0 seconds 
  LargestPossibleRegion: 
    Dimension: 3
    Index: [0, 0, 0]
    Size: [192, 256, 256]
  BufferedRegion: 
    Dimension: 3
    Index: [0, 0, 0]
    Size: [192, 256, 256]
  RequestedRegion: 
    Dimension: 3
    Index: [0, 0, 0]
    Size: [192, 256, 256]
  Spacing: [0.99942, 1, 1]
  Origin: [104.971, 99.9881, -146.061]
  Direction: 
-0.997581 -0.00753178 -0.0691035
0.00900398 -0.999739 -0.0210176
-0.0689271 -0.0215889 0.997388

  IndexToPointMatrix: 
-0.997002 -0.00753178 -0.0691035
0.00899876 -0.999739 -0.0210176
-0.0688871 -0.0215889 0.997388

  PointToIndexMatrix: 
-0.99816 0.00900921 -0.0689672
-0.00753178 -0.999739 -0.0215889
-0.0691035 -0.0210176 0.997388

  Inverse Direction: 
-0.997581 0.00900398 -0.0689271
-0.00753178 -0.999739 -0.0215889
-0.0691035 -0.0210176 0.997388

  PixelContainer: 
    ImportImageContainer (0x55fb4edbf8f0)
      RTTI typeinfo:   itk::ImportImageContainer<unsigned long, float>
      Reference Count: 1
      Modified Time: 2150
      Debug: Off
      Object Name: 
      Observers: 
        none
      Pointer: 0x7f41c7ff2010
      Container manages memory: true
      Size: 12582912
      Capacity: 12582912

     Weighting = 1
     Sampling strategy = regular
     Number of bins = 32
     Radius = 4
     Sampling percentage  = 0.25
   Transform = Affine
     Gradient step = 0.1
     Update field sigma (voxel space) = 0
     Total field sigma (voxel space) = 0
     Update field time sigma = 0
     Total field time sigma  = 0
     Number of time indices = 0
     Number of time point samples = 0
Stage 3 State
   Image metric = CC
     Fixed image = Image (0x55fb4edc59e0)
  RTTI typeinfo:   itk::Image<float, 3u>
  Reference Count: 2
  Modified Time: 2585
  Debug: Off
  Object Name: 
  Observers: 
    none
  Source: (none)
  Source output name: (none)
  Release Data: Off
  Data Released: False
  Global Release Data: Off
  PipelineMTime: 0
  UpdateMTime: 2368
  RealTimeStamp: 0 seconds 
  LargestPossibleRegion: 
    Dimension: 3
    Index: [0, 0, 0]
    Size: [192, 256, 256]
  BufferedRegion: 
    Dimension: 3
    Index: [0, 0, 0]
    Size: [192, 256, 256]
  RequestedRegion: 
    Dimension: 3
    Index: [0, 0, 0]
    Size: [192, 256, 256]
  Spacing: [1, 1, 1]
  Origin: [95.0313, 100.538, -154.123]
  Direction: 
-0.999853 -0.014134 -0.00966312
0.014129 -0.9999 0.000586045
-0.00967044 0.000449429 0.999953

  IndexToPointMatrix: 
-0.999853 -0.014134 -0.00966312
0.014129 -0.9999 0.000586045
-0.00967044 0.000449429 0.999953

  PointToIndexMatrix: 
-0.999853 0.014129 -0.00967044
-0.014134 -0.9999 0.000449429
-0.00966312 0.000586045 0.999953

  Inverse Direction: 
-0.999853 0.014129 -0.00967044
-0.014134 -0.9999 0.000449429
-0.00966312 0.000586045 0.999953

  PixelContainer: 
    ImportImageContainer (0x55fb4eda3380)
      RTTI typeinfo:   itk::ImportImageContainer<unsigned long, float>
      Reference Count: 1
      Modified Time: 2365
      Debug: Off
      Object Name: 
      Observers: 
        none
      Pointer: 0x7f41c4ff1010
      Container manages memory: true
      Size: 12582912
      Capacity: 12582912

     Moving image = Image (0x55fb4edbd230)
  RTTI typeinfo:   itk::Image<float, 3u>
  Reference Count: 2
  Modified Time: 2586
  Debug: Off
  Object Name: 
  Observers: 
    none
  Source: (none)
  Source output name: (none)
  Release Data: Off
  Data Released: False
  Global Release Data: Off
  PipelineMTime: 0
  UpdateMTime: 2583
  RealTimeStamp: 0 seconds 
  LargestPossibleRegion: 
    Dimension: 3
    Index: [0, 0, 0]
    Size: [192, 256, 256]
  BufferedRegion: 
    Dimension: 3
    Index: [0, 0, 0]
    Size: [192, 256, 256]
  RequestedRegion: 
    Dimension: 3
    Index: [0, 0, 0]
    Size: [192, 256, 256]
  Spacing: [0.99942, 1, 1]
  Origin: [104.971, 99.9881, -146.061]
  Direction: 
-0.997581 -0.00753178 -0.0691035
0.00900398 -0.999739 -0.0210176
-0.0689271 -0.0215889 0.997388

  IndexToPointMatrix: 
-0.997002 -0.00753178 -0.0691035
0.00899876 -0.999739 -0.0210176
-0.0688871 -0.0215889 0.997388

  PointToIndexMatrix: 
-0.99816 0.00900921 -0.0689672
-0.00753178 -0.999739 -0.0215889
-0.0691035 -0.0210176 0.997388

  Inverse Direction: 
-0.997581 0.00900398 -0.0689271
-0.00753178 -0.999739 -0.0215889
-0.0691035 -0.0210176 0.997388

  PixelContainer: 
    ImportImageContainer (0x55fb4edc4670)
      RTTI typeinfo:   itk::ImportImageContainer<unsigned long, float>
      Reference Count: 1
      Modified Time: 2580
      Debug: Off
      Object Name: 
      Observers: 
        none
      Pointer: 0x7f41c1ff0010
      Container manages memory: true
      Size: 12582912
      Capacity: 12582912

     Weighting = 1
     Sampling strategy = none
     Number of bins = 32
     Radius = 4
     Sampling percentage  = 1
   Transform = SyN
     Gradient step = 0.1
     Update field sigma (voxel space) = 3
     Total field sigma (voxel space) = 0
     Update field time sigma = 0
     Total field time sigma  = 0
     Number of time indices = 0
     Number of time point samples = 0
Registration using 3 total stages.

Stage 0
  iterations = 1000x500x250x0
  convergence threshold = 1e-06
  convergence window size = 10
  number of levels = 4
  using the Mattes MI metric (number of bins = 32, weight = 1)
  preprocessing:  winsorizing the image intensities
  preprocessing:  histogram matching the images
  Shrink factors (level 1 out of 4): [6, 6, 6]
  Shrink factors (level 2 out of 4): [4, 4, 4]
  Shrink factors (level 3 out of 4): [2, 2, 2]
  Shrink factors (level 4 out of 4): [1, 1, 1]
  smoothing sigmas per level: [4, 2, 1, 0]
  regular sampling (percentage = 0.25)

*** Running Euler3DTransform registration ***

DIAGNOSTIC,Iteration,metricValue,convergenceValue,ITERATION_TIME_INDEX,SINCE_LAST
 2DIAGNOSTIC,     1, -7.867267727852e-01, inf, 4.7643e-01, 4.7643e-01, 
 2DIAGNOSTIC,     2, -7.881966233253e-01, inf, 4.8511e-01, 8.6770e-03, 
 2DIAGNOSTIC,     3, -7.907412052155e-01, inf, 4.9318e-01, 8.0678e-03, 
 2DIAGNOSTIC,     4, -7.941896915436e-01, inf, 5.0115e-01, 7.9708e-03, 
 2DIAGNOSTIC,     5, -7.986662387848e-01, inf, 5.0931e-01, 8.1611e-03, 
 2DIAGNOSTIC,     6, -8.049649596214e-01, inf, 5.1726e-01, 7.9520e-03, 
 2DIAGNOSTIC,     7, -8.137566447258e-01, inf, 5.2542e-01, 8.1620e-03, 
 2DIAGNOSTIC,     8, -8.259165287018e-01, inf, 5.3370e-01, 8.2760e-03, 
 2DIAGNOSTIC,     9, -8.703389167786e-01, inf, 5.4640e-01, 1.2698e-02, 
 2DIAGNOSTIC,    10, -8.994678854942e-01, 7.631583139300e-03, 5.6689e-01, 2.0495e-02, 
 2DIAGNOSTIC,    11, -8.994191288948e-01, 8.581720292568e-03, 5.7499e-01, 8.0969e-03, 
 2DIAGNOSTIC,    12, -8.995035290718e-01, 8.666904643178e-03, 5.8293e-01, 7.9401e-03, 
 2DIAGNOSTIC,    13, -8.995931744576e-01, 8.032679557800e-03, 5.9067e-01, 7.7381e-03, 
 2DIAGNOSTIC,    14, -8.997416496277e-01, 6.837020628154e-03, 5.9872e-01, 8.0521e-03, 
 2DIAGNOSTIC,    15, -9.000149369240e-01, 5.284506827593e-03, 6.0660e-01, 7.8821e-03, 
 2DIAGNOSTIC,    16, -9.003989696503e-01, 3.605926176533e-03, 6.1459e-01, 7.9889e-03, 
 2DIAGNOSTIC,    17, -9.011240601540e-01, 2.005301415920e-03, 6.2281e-01, 8.2150e-03, 
 2DIAGNOSTIC,    18, -9.021764397621e-01, 6.347162998281e-04, 6.3057e-01, 7.7598e-03, 
 2DIAGNOSTIC,    19, -9.033973217010e-01, 1.396410953021e-04, 6.3842e-01, 7.8511e-03, 
 2DIAGNOSTIC,    20, -9.050711393356e-01, 1.931341976160e-04, 6.4633e-01, 7.9181e-03, 
 2DIAGNOSTIC,    21, -9.077168703079e-01, 2.638519217726e-04, 6.5412e-01, 7.7841e-03, 
 2DIAGNOSTIC,    22, -9.118587970734e-01, 3.657841589302e-04, 6.6216e-01, 8.0438e-03, 
 2DIAGNOSTIC,    23, -9.160929918289e-01, 4.848553799093e-04, 6.7122e-01, 9.0542e-03, 
 2DIAGNOSTIC,    24, -9.188714623451e-01, 5.874109338038e-04, 6.8337e-01, 1.2149e-02, 
 2DIAGNOSTIC,    25, -9.197950959206e-01, 6.421571015380e-04, 6.9129e-01, 7.9210e-03, 
 2DIAGNOSTIC,    26, -9.202750325203e-01, 6.434046081267e-04, 6.9924e-01, 7.9548e-03, 
 2DIAGNOSTIC,    27, -9.217032194138e-01, 6.095948047005e-04, 7.0759e-01, 8.3470e-03, 
 2DIAGNOSTIC,    28, -9.226460456848e-01, 5.431275931187e-04, 7.1900e-01, 1.1410e-02, 
 2DIAGNOSTIC,    29, -9.229680299759e-01, 4.474339657463e-04, 7.2703e-01, 8.0271e-03, 
 2DIAGNOSTIC,    30, -9.233367443085e-01, 3.387636970729e-04, 7.3493e-01, 7.9041e-03, 
 2DIAGNOSTIC,    31, -9.244357943535e-01, 2.442038094159e-04, 7.4424e-01, 9.3081e-03, 
 2DIAGNOSTIC,    32, -9.258899092674e-01, 1.879414630821e-04, 7.5839e-01, 1.4157e-02, 
 2DIAGNOSTIC,    33, -9.259479641914e-01, 1.583799748914e-04, 7.6667e-01, 8.2779e-03, 
 2DIAGNOSTIC,    34, -9.260879158974e-01, 1.435477752239e-04, 7.7586e-01, 9.1870e-03, 
 2DIAGNOSTIC,    35, -9.261016845703e-01, 1.249216584256e-04, 7.8497e-01, 9.1140e-03, 
 2DIAGNOSTIC,    36, -9.261297583580e-01, 9.970151586458e-05, 7.9416e-01, 9.1820e-03, 
 2DIAGNOSTIC,    37, -9.260524511337e-01, 7.781779277138e-05, 8.0382e-01, 9.6679e-03, 
 2DIAGNOSTIC,    38, -9.260704517365e-01, 5.797658013762e-05, 8.1235e-01, 8.5220e-03, 
 2DIAGNOSTIC,    39, -9.261137247086e-01, 3.693575126817e-05, 8.2145e-01, 9.1090e-03, 
 2DIAGNOSTIC,    40, -9.261527061462e-01, 1.667387005000e-05, 8.3083e-01, 9.3739e-03, 
 2DIAGNOSTIC,    41, -9.261441230774e-01, 4.101223566977e-06, 8.3896e-01, 8.1282e-03, 
 2DIAGNOSTIC,    42, -9.261038899422e-01, 2.578264911790e-06, 8.4798e-01, 9.0268e-03, 
 2DIAGNOSTIC,    43, -9.260855317116e-01, 1.237503397533e-06, 8.5706e-01, 9.0802e-03, 
DIAGNOSTIC,Iteration,metricValue,convergenceValue,ITERATION_TIME_INDEX,SINCE_LAST
 2DIAGNOSTIC,     1, -7.128022909164e-01, inf, 1.3553e+00, 4.9823e-01, 
 2DIAGNOSTIC,     2, -7.136273980141e-01, inf, 1.3907e+00, 3.5400e-02, 
 2DIAGNOSTIC,     3, -7.145197987556e-01, inf, 1.4250e+00, 3.4323e-02, 
 2DIAGNOSTIC,     4, -7.150609493256e-01, inf, 1.4578e+00, 3.2761e-02, 
 2DIAGNOSTIC,     5, -7.153419852257e-01, inf, 1.4926e+00, 3.4872e-02, 
 2DIAGNOSTIC,     6, -7.156473398209e-01, inf, 1.5260e+00, 3.3330e-02, 
 2DIAGNOSTIC,     7, -7.159199118614e-01, inf, 1.5693e+00, 4.3372e-02, 
 2DIAGNOSTIC,     8, -7.160217761993e-01, inf, 1.6030e+00, 3.3621e-02, 
 2DIAGNOSTIC,     9, -7.161931991577e-01, inf, 1.6516e+00, 4.8603e-02, 
 2DIAGNOSTIC,    10, -7.163256406784e-01, 2.921356644947e-04, 1.6906e+00, 3.9046e-02, 
 2DIAGNOSTIC,    11, -7.165288925171e-01, 2.064942236757e-04, 1.7295e+00, 3.8871e-02, 
 2DIAGNOSTIC,    12, -7.165384292603e-01, 1.437996834284e-04, 1.7674e+00, 3.7869e-02, 
 2DIAGNOSTIC,    13, -7.165526151657e-01, 1.055349202943e-04, 1.8001e+00, 3.2754e-02, 
 2DIAGNOSTIC,    14, -7.165855169296e-01, 7.964902761159e-05, 1.8377e+00, 3.7562e-02, 
 2DIAGNOSTIC,    15, -7.166135311127e-01, 5.812507879455e-05, 1.8756e+00, 3.7891e-02, 
 2DIAGNOSTIC,    16, -7.166221141815e-01, 4.175522917649e-05, 1.9134e+00, 3.7860e-02, 
 2DIAGNOSTIC,    17, -7.166343331337e-01, 3.032758286281e-05, 1.9564e+00, 4.3021e-02, 
 2DIAGNOSTIC,    18, -7.166123390198e-01, 1.930039070430e-05, 2.0221e+00, 6.5700e-02, 
 2DIAGNOSTIC,    19, -7.166001200676e-01, 1.111693654821e-05, 2.0548e+00, 3.2619e-02, 
 2DIAGNOSTIC,    20, -7.166104316711e-01, 5.593483365374e-06, 2.0927e+00, 3.7917e-02, 
 2DIAGNOSTIC,    21, -7.166157364845e-01, 4.153999270784e-06, 2.1249e+00, 3.2172e-02, 
 2DIAGNOSTIC,    22, -7.166159749031e-01, 2.776783958325e-06, 2.1615e+00, 3.6692e-02, 
 2DIAGNOSTIC,    23, -7.166189551353e-01, 1.693567924121e-06, 2.1991e+00, 3.7531e-02, 
 2DIAGNOSTIC,    24, -7.166153192520e-01, 1.151673131972e-06, 2.2369e+00, 3.7847e-02, 
 2DIAGNOSTIC,    25, -7.166107296944e-01, 1.034180286297e-06, 2.2736e+00, 3.6707e-02, 
 2DIAGNOSTIC,    26, -7.166187763214e-01, 1.189766067000e-06, 2.3122e+00, 3.8534e-02, 
 2DIAGNOSTIC,    27, -7.166208028793e-01, 1.550491560920e-06, 2.3537e+00, 4.1501e-02, 
 2DIAGNOSTIC,    28, -7.166216969490e-01, 1.558224653309e-06, 2.3907e+00, 3.7052e-02, 
 2DIAGNOSTIC,    29, -7.166213989258e-01, 1.353915081381e-06, 2.4276e+00, 3.6876e-02, 
 2DIAGNOSTIC,    30, -7.166221737862e-01, 1.285838038712e-06, 2.4653e+00, 3.7689e-02, 
 2DIAGNOSTIC,    31, -7.166233062744e-01, 1.281147660848e-06, 2.5121e+00, 4.6861e-02, 
 2DIAGNOSTIC,    32, -7.166230678558e-01, 1.248932903763e-06, 2.5492e+00, 3.7028e-02, 
 2DIAGNOSTIC,    33, -7.166228890419e-01, 1.230554289577e-06, 2.5914e+00, 4.2238e-02, 
 2DIAGNOSTIC,    34, -7.166228890419e-01, 1.148848468802e-06, 2.6471e+00, 5.5724e-02, 
DIAGNOSTIC,Iteration,metricValue,convergenceValue,ITERATION_TIME_INDEX,SINCE_LAST
 2DIAGNOSTIC,     1, -6.353342533112e-01, inf, 3.4535e+00, 8.0639e-01, 
 2DIAGNOSTIC,     2, -6.354857087135e-01, inf, 3.6658e+00, 2.1230e-01, 
 2DIAGNOSTIC,     3, -6.355610489845e-01, inf, 3.8749e+00, 2.0904e-01, 
 2DIAGNOSTIC,     4, -6.356188058853e-01, inf, 4.0841e+00, 2.0927e-01, 
 2DIAGNOSTIC,     5, -6.356492638588e-01, inf, 4.3203e+00, 2.3612e-01, 
 2DIAGNOSTIC,     6, -6.356924176216e-01, inf, 4.7485e+00, 4.2822e-01, 
 2DIAGNOSTIC,     7, -6.356974244118e-01, inf, 5.1237e+00, 3.7520e-01, 
 2DIAGNOSTIC,     8, -6.356987357140e-01, inf, 5.3887e+00, 2.6497e-01, 
 2DIAGNOSTIC,     9, -6.356986761093e-01, inf, 5.6248e+00, 2.3619e-01, 
 2DIAGNOSTIC,    10, -6.356981992722e-01, 3.405640018173e-05, 5.8615e+00, 2.3670e-01, 
 2DIAGNOSTIC,    11, -6.356984972954e-01, 1.966380841623e-05, 6.0981e+00, 2.3656e-01, 
 2DIAGNOSTIC,    12, -6.356981396675e-01, 1.175053330371e-05, 6.3352e+00, 2.3709e-01, 
 2DIAGNOSTIC,    13, -6.356979608536e-01, 6.797045898566e-06, 6.5738e+00, 2.3864e-01, 
 2DIAGNOSTIC,    14, -6.356980204582e-01, 3.994138751295e-06, 6.8383e+00, 2.6450e-01, 
 2DIAGNOSTIC,    15, -6.356980204582e-01, 2.281165507156e-06, 7.1035e+00, 2.6513e-01, 
 2DIAGNOSTIC,    16, -6.356978416443e-01, 1.964856664927e-06, 7.3419e+00, 2.3840e-01, 
 2DIAGNOSTIC,    17, -6.356977820396e-01, 1.817131533244e-06, 7.5795e+00, 2.3765e-01, 
 2DIAGNOSTIC,    18, -6.356976032257e-01, 1.719070269246e-06, 7.8164e+00, 2.3689e-01, 
 2DIAGNOSTIC,    19, -6.356976032257e-01, 1.634699174247e-06, 8.0527e+00, 2.3633e-01, 
 2DIAGNOSTIC,    20, -6.356976628304e-01, 1.552707658448e-06, 8.2904e+00, 2.3763e-01, 
 2DIAGNOSTIC,    21, -6.356977820396e-01, 1.491102352702e-06, 8.5276e+00, 2.3721e-01, 
 2DIAGNOSTIC,    22, -6.356977820396e-01, 1.430159386473e-06, 8.7645e+00, 2.3698e-01, 
