
Running N4 for 3-dimensional images.

Mask not read.  Using the entire image as the mask.

Original intensity range:  [0, 776]

***********************************************************
Warning:  Your input image contains nonpositive values
which could cause failure or problematic results.  A
possible workaround would be to:
   1. rescale your image to positive values e.g., [10,100].
   2. run N4 on your rescaled image.
   3. (optional) rescale the N4 output to the original
      intensity range.
***********************************************************

Specified spline distance: 200mm
  original image size:  [192, 256, 256]
  padded image size:  [201, 401, 401]
  number of control points:  [4, 5, 5]

Current level = 1
  Iteration 1 (of 50).   Current convergence value = 0.000394401 (threshold = 1e-08)
  Iteration 2 (of 50).   Current convergence value = 0.00029511 (threshold = 1e-08)
  Iteration 3 (of 50).   Current convergence value = 0.000234529 (threshold = 1e-08)
  Iteration 4 (of 50).   Current convergence value = 0.000169501 (threshold = 1e-08)
  Iteration 5 (of 50).   Current convergence value = 0.000119779 (threshold = 1e-08)
  Iteration 6 (of 50).   Current convergence value = 8.48547e-05 (threshold = 1e-08)
  Iteration 7 (of 50).   Current convergence value = 6.21187e-05 (threshold = 1e-08)
  Iteration 8 (of 50).   Current convergence value = 4.81095e-05 (threshold = 1e-08)
  Iteration 9 (of 50).   Current convergence value = 4.02581e-05 (threshold = 1e-08)
  Iteration 10 (of 50).   Current convergence value = 3.60446e-05 (threshold = 1e-08)
  Iteration 11 (of 50).   Current convergence value = 3.35651e-05 (threshold = 1e-08)
  Iteration 12 (of 50).   Current convergence value = 3.17623e-05 (threshold = 1e-08)
  Iteration 13 (of 50).   Current convergence value = 3.02368e-05 (threshold = 1e-08)
  Iteration 14 (of 50).   Current convergence value = 2.88671e-05 (threshold = 1e-08)
  Iteration 15 (of 50).   Current convergence value = 2.76455e-05 (threshold = 1e-08)
  Iteration 16 (of 50).   Current convergence value = 2.65015e-05 (threshold = 1e-08)
  Iteration 17 (of 50).   Current convergence value = 2.54805e-05 (threshold = 1e-08)
  Iteration 18 (of 50).   Current convergence value = 2.45674e-05 (threshold = 1e-08)
  Iteration 19 (of 50).   Current convergence value = 2.38452e-05 (threshold = 1e-08)
  Iteration 20 (of 50).   Current convergence value = 2.3278e-05 (threshold = 1e-08)
  Iteration 21 (of 50).   Current convergence value = 2.28642e-05 (threshold = 1e-08)
  Iteration 22 (of 50).   Current convergence value = 2.24997e-05 (threshold = 1e-08)
  Iteration 23 (of 50).   Current convergence value = 2.2274e-05 (threshold = 1e-08)
  Iteration 24 (of 50).   Current convergence value = 2.22168e-05 (threshold = 1e-08)
  Iteration 25 (of 50).   Current convergence value = 2.22519e-05 (threshold = 1e-08)
  Iteration 26 (of 50).   Current convergence value = 2.22654e-05 (threshold = 1e-08)
  Iteration 27 (of 50).   Current convergence value = 2.23155e-05 (threshold = 1e-08)
  Iteration 28 (of 50).   Current convergence value = 2.247e-05 (threshold = 1e-08)
  Iteration 29 (of 50).   Current convergence value = 2.27128e-05 (threshold = 1e-08)
  Iteration 30 (of 50).   Current convergence value = 2.29243e-05 (threshold = 1e-08)
  Iteration 31 (of 50).   Current convergence value = 2.32699e-05 (threshold = 1e-08)
  Iteration 32 (of 50).   Current convergence value = 2.35479e-05 (threshold = 1e-08)
  Iteration 33 (of 50).   Current convergence value = 2.39648e-05 (threshold = 1e-08)
  Iteration 34 (of 50).   Current convergence value = 2.43222e-05 (threshold = 1e-08)
  Iteration 35 (of 50).   Current convergence value = 2.46041e-05 (threshold = 1e-08)
  Iteration 36 (of 50).   Current convergence value = 2.50098e-05 (threshold = 1e-08)
  Iteration 37 (of 50).   Current convergence value = 2.52919e-05 (threshold = 1e-08)
  Iteration 38 (of 50).   Current convergence value = 2.57032e-05 (threshold = 1e-08)
  Iteration 39 (of 50).   Current convergence value = 2.60958e-05 (threshold = 1e-08)
  Iteration 40 (of 50).   Current convergence value = 2.65722e-05 (threshold = 1e-08)
  Iteration 41 (of 50).   Current convergence value = 2.7047e-05 (threshold = 1e-08)
  Iteration 42 (of 50).   Current convergence value = 2.74885e-05 (threshold = 1e-08)
  Iteration 43 (of 50).   Current convergence value = 2.79418e-05 (threshold = 1e-08)
  Iteration 44 (of 50).   Current convergence value = 2.8433e-05 (threshold = 1e-08)
  Iteration 45 (of 50).   Current convergence value = 2.8949e-05 (threshold = 1e-08)
  Iteration 46 (of 50).   Current convergence value = 2.94739e-05 (threshold = 1e-08)
  Iteration 47 (of 50).   Current convergence value = 2.99517e-05 (threshold = 1e-08)
  Iteration 48 (of 50).   Current convergence value = 3.03966e-05 (threshold = 1e-08)
  Iteration 49 (of 50).   Current convergence value = 3.08715e-05 (threshold = 1e-08)
  Iteration 50 (of 50).   Current convergence value = 3.14e-05 (threshold = 1e-08)
Current level = 2
  Iteration 1 (of 50).   Current convergence value = 0.000301649 (threshold = 1e-08)
  Iteration 2 (of 50).   Current convergence value = 0.00028633 (threshold = 1e-08)
  Iteration 3 (of 50).   Current convergence value = 0.00027564 (threshold = 1e-08)
  Iteration 4 (of 50).   Current convergence value = 0.000271926 (threshold = 1e-08)
  Iteration 5 (of 50).   Current convergence value = 0.000268916 (threshold = 1e-08)
  Iteration 6 (of 50).   Current convergence value = 0.000264946 (threshold = 1e-08)
  Iteration 7 (of 50).   Current convergence value = 0.00026173 (threshold = 1e-08)
  Iteration 8 (of 50).   Current convergence value = 0.000257095 (threshold = 1e-08)
  Iteration 9 (of 50).   Current convergence value = 0.000252038 (threshold = 1e-08)
  Iteration 10 (of 50).   Current convergence value = 0.000248667 (threshold = 1e-08)
  Iteration 11 (of 50).   Current convergence value = 0.000245737 (threshold = 1e-08)
  Iteration 12 (of 50).   Current convergence value = 0.000242937 (threshold = 1e-08)
  Iteration 13 (of 50).   Current convergence value = 0.000238215 (threshold = 1e-08)
  Iteration 14 (of 50).   Current convergence value = 0.000232402 (threshold = 1e-08)
  Iteration 15 (of 50).   Current convergence value = 0.00022702 (threshold = 1e-08)
  Iteration 16 (of 50).   Current convergence value = 0.000222191 (threshold = 1e-08)
  Iteration 17 (of 50).   Current convergence value = 0.000217742 (threshold = 1e-08)
  Iteration 18 (of 50).   Current convergence value = 0.000213697 (threshold = 1e-08)
  Iteration 19 (of 50).   Current convergence value = 0.000209932 (threshold = 1e-08)
  Iteration 20 (of 50).   Current convergence value = 0.000206379 (threshold = 1e-08)
  Iteration 21 (of 50).   Current convergence value = 0.000203065 (threshold = 1e-08)
  Iteration 22 (of 50).   Current convergence value = 0.000200047 (threshold = 1e-08)
  Iteration 23 (of 50).   Current convergence value = 0.000197152 (threshold = 1e-08)
  Iteration 24 (of 50).   Current convergence value = 0.000194273 (threshold = 1e-08)
  Iteration 25 (of 50).   Current convergence value = 0.00019154 (threshold = 1e-08)
  Iteration 26 (of 50).   Current convergence value = 0.000189108 (threshold = 1e-08)
  Iteration 27 (of 50).   Current convergence value = 0.000186828 (threshold = 1e-08)
  Iteration 28 (of 50).   Current convergence value = 0.000184656 (threshold = 1e-08)
  Iteration 29 (of 50).   Current convergence value = 0.000182506 (threshold = 1e-08)
  Iteration 30 (of 50).   Current convergence value = 0.000180414 (threshold = 1e-08)
  Iteration 31 (of 50).   Current convergence value = 0.000178366 (threshold = 1e-08)
  Iteration 32 (of 50).   Current convergence value = 0.00017639 (threshold = 1e-08)
  Iteration 33 (of 50).   Current convergence value = 0.000174583 (threshold = 1e-08)
  Iteration 34 (of 50).   Current convergence value = 0.000172789 (threshold = 1e-08)
  Iteration 35 (of 50).   Current convergence value = 0.000171056 (threshold = 1e-08)
  Iteration 36 (of 50).   Current convergence value = 0.000169357 (threshold = 1e-08)
  Iteration 37 (of 50).   Current convergence value = 0.00016767 (threshold = 1e-08)
  Iteration 38 (of 50).   Current convergence value = 0.000165956 (threshold = 1e-08)
  Iteration 39 (of 50).   Current convergence value = 0.000164321 (threshold = 1e-08)
  Iteration 40 (of 50).   Current convergence value = 0.000162797 (threshold = 1e-08)
  Iteration 41 (of 50).   Current convergence value = 0.000161269 (threshold = 1e-08)
  Iteration 42 (of 50).   Current convergence value = 0.000159848 (threshold = 1e-08)
  Iteration 43 (of 50).   Current convergence value = 0.000158496 (threshold = 1e-08)
  Iteration 44 (of 50).   Current convergence value = 0.000157124 (threshold = 1e-08)
  Iteration 45 (of 50).   Current convergence value = 0.000155791 (threshold = 1e-08)
  Iteration 46 (of 50).   Current convergence value = 0.000154472 (threshold = 1e-08)
  Iteration 47 (of 50).   Current convergence value = 0.000153094 (threshold = 1e-08)
  Iteration 48 (of 50).   Current convergence value = 0.000151201 (threshold = 1e-08)
  Iteration 49 (of 50).   Current convergence value = 0.000149399 (threshold = 1e-08)
  Iteration 50 (of 50).   Current convergence value = 0.000147645 (threshold = 1e-08)
Current level = 3
  Iteration 1 (of 40).   Current convergence value = 0.001404 (threshold = 1e-08)
  Iteration 2 (of 40).   Current convergence value = 0.00129491 (threshold = 1e-08)
  Iteration 3 (of 40).   Current convergence value = 0.00125357 (threshold = 1e-08)
  Iteration 4 (of 40).   Current convergence value = 0.00123469 (threshold = 1e-08)
  Iteration 5 (of 40).   Current convergence value = 0.00121108 (threshold = 1e-08)
  Iteration 6 (of 40).   Current convergence value = 0.00119826 (threshold = 1e-08)
  Iteration 7 (of 40).   Current convergence value = 0.00119155 (threshold = 1e-08)
  Iteration 8 (of 40).   Current convergence value = 0.00118417 (threshold = 1e-08)
  Iteration 9 (of 40).   Current convergence value = 0.00116711 (threshold = 1e-08)
  Iteration 10 (of 40).   Current convergence value = 0.00112321 (threshold = 1e-08)
  Iteration 11 (of 40).   Current convergence value = 0.00106066 (threshold = 1e-08)
  Iteration 12 (of 40).   Current convergence value = 0.0010058 (threshold = 1e-08)
  Iteration 13 (of 40).   Current convergence value = 0.000960518 (threshold = 1e-08)
  Iteration 14 (of 40).   Current convergence value = 0.000923739 (threshold = 1e-08)
  Iteration 15 (of 40).   Current convergence value = 0.000894005 (threshold = 1e-08)
  Iteration 16 (of 40).   Current convergence value = 0.000870204 (threshold = 1e-08)
  Iteration 17 (of 40).   Current convergence value = 0.000851321 (threshold = 1e-08)
  Iteration 18 (of 40).   Current convergence value = 0.000836188 (threshold = 1e-08)
  Iteration 19 (of 40).   Current convergence value = 0.00082457 (threshold = 1e-08)
  Iteration 20 (of 40).   Current convergence value = 0.000816113 (threshold = 1e-08)
  Iteration 21 (of 40).   Current convergence value = 0.000810482 (threshold = 1e-08)
  Iteration 22 (of 40).   Current convergence value = 0.000807486 (threshold = 1e-08)
  Iteration 23 (of 40).   Current convergence value = 0.00080696 (threshold = 1e-08)
  Iteration 24 (of 40).   Current convergence value = 0.000807456 (threshold = 1e-08)
  Iteration 25 (of 40).   Current convergence value = 0.000809542 (threshold = 1e-08)
  Iteration 26 (of 40).   Current convergence value = 0.00079078 (threshold = 1e-08)
  Iteration 27 (of 40).   Current convergence value = 0.000747498 (threshold = 1e-08)
  Iteration 28 (of 40).   Current convergence value = 0.000712151 (threshold = 1e-08)
  Iteration 29 (of 40).   Current convergence value = 0.000682366 (threshold = 1e-08)
  Iteration 30 (of 40).   Current convergence value = 0.000654172 (threshold = 1e-08)
  Iteration 31 (of 40).   Current convergence value = 0.000618477 (threshold = 1e-08)
  Iteration 32 (of 40).   Current convergence value = 0.000588913 (threshold = 1e-08)
  Iteration 33 (of 40).   Current convergence value = 0.00056392 (threshold = 1e-08)
  Iteration 34 (of 40).   Current convergence value = 0.000542352 (threshold = 1e-08)
  Iteration 35 (of 40).   Current convergence value = 0.000523829 (threshold = 1e-08)
  Iteration 36 (of 40).   Current convergence value = 0.000507953 (threshold = 1e-08)
  Iteration 37 (of 40).   Current convergence value = 0.000494041 (threshold = 1e-08)
  Iteration 38 (of 40).   Current convergence value = 0.00048178 (threshold = 1e-08)
  Iteration 39 (of 40).   Current convergence value = 0.000471259 (threshold = 1e-08)
  Iteration 40 (of 40).   Current convergence value = 0.000462466 (threshold = 1e-08)
Current level = 4
  Iteration 1 (of 30).   Current convergence value = 0.00176065 (threshold = 1e-08)
  Iteration 2 (of 30).   Current convergence value = 0.00159392 (threshold = 1e-08)
  Iteration 3 (of 30).   Current convergence value = 0.00154073 (threshold = 1e-08)
  Iteration 4 (of 30).   Current convergence value = 0.00153863 (threshold = 1e-08)
  Iteration 5 (of 30).   Current convergence value = 0.00140347 (threshold = 1e-08)
  Iteration 6 (of 30).   Current convergence value = 0.00128063 (threshold = 1e-08)
  Iteration 7 (of 30).   Current convergence value = 0.00119297 (threshold = 1e-08)
  Iteration 8 (of 30).   Current convergence value = 0.00111952 (threshold = 1e-08)
  Iteration 9 (of 30).   Current convergence value = 0.00103263 (threshold = 1e-08)
  Iteration 10 (of 30).   Current convergence value = 0.000965914 (threshold = 1e-08)
  Iteration 11 (of 30).   Current convergence value = 0.000913514 (threshold = 1e-08)
  Iteration 12 (of 30).   Current convergence value = 0.000871938 (threshold = 1e-08)
  Iteration 13 (of 30).   Current convergence value = 0.000839341 (threshold = 1e-08)
  Iteration 14 (of 30).   Current convergence value = 0.000815201 (threshold = 1e-08)
  Iteration 15 (of 30).   Current convergence value = 0.000798446 (threshold = 1e-08)
  Iteration 16 (of 30).   Current convergence value = 0.000788844 (threshold = 1e-08)
  Iteration 17 (of 30).   Current convergence value = 0.00078518 (threshold = 1e-08)
  Iteration 18 (of 30).   Current convergence value = 0.00078828 (threshold = 1e-08)
  Iteration 19 (of 30).   Current convergence value = 0.000797571 (threshold = 1e-08)
  Iteration 20 (of 30).   Current convergence value = 0.000810864 (threshold = 1e-08)
  Iteration 21 (of 30).   Current convergence value = 0.000733749 (threshold = 1e-08)
  Iteration 22 (of 30).   Current convergence value = 0.000675488 (threshold = 1e-08)
  Iteration 23 (of 30).   Current convergence value = 0.000630255 (threshold = 1e-08)
  Iteration 24 (of 30).   Current convergence value = 0.000593736 (threshold = 1e-08)
  Iteration 25 (of 30).   Current convergence value = 0.000564318 (threshold = 1e-08)
  Iteration 26 (of 30).   Current convergence value = 0.000539269 (threshold = 1e-08)
  Iteration 27 (of 30).   Current convergence value = 0.000517797 (threshold = 1e-08)
  Iteration 28 (of 30).   Current convergence value = 0.00049953 (threshold = 1e-08)
  Iteration 29 (of 30).   Current convergence value = 0.00048418 (threshold = 1e-08)
  Iteration 30 (of 30).   Current convergence value = 0.000471016 (threshold = 1e-08)
   N4BiasFieldCorrectionImageFilter (0x559bf3da6e20)
     RTTI typeinfo:   itk::N4BiasFieldCorrectionImageFilter<itk::Image<float, 3u>, itk::Image<float, 3u>, itk::Image<float, 3u> >
     Reference Count: 1
     Modified Time: 565
     Debug: Off
     Object Name: 
     Observers: 
       IterationEvent(Command)
     Inputs: 
       ConfidenceImage: (0)
       MaskImage: (0x559bf3dd1620)
       Primary: (0x559bf3dccb70) *
     Indexed Inputs: 
       0: Primary (0x559bf3dccb70)
       1: MaskImage (0x559bf3dd1620)
       2: ConfidenceImage (0)
     Required Input Names: Primary
     NumberOfRequiredInputs: 1
     Outputs: 
       Primary: (0x559bf3db6ef0)
     Indexed Outputs: 
       0: Primary (0x559bf3db6ef0)
     NumberOfRequiredOutputs: 1
     Number Of Work Units: 32
     ReleaseDataFlag: Off
     ReleaseDataBeforeUpdateFlag: Off
     AbortGenerateData: Off
     Progress: 0
     Multithreader: 
       RTTI typeinfo:   itk::PoolMultiThreader
       Reference Count: 1
       Modified Time: 144
       Debug: Off
       Object Name: 
       Observers: 
         none
       Number of Work Units: 32
       Number of Threads: 8
       Global Maximum Number Of Threads: 128
       Global Default Number Of Threads: 8
       Global Default Threader Type: itk::MultiThreaderBaseEnums::Threader::Pool
       SingleMethod: 0
       SingleData: 0
     DynamicMultiThreading: On
     CoordinateTolerance: 1e-06
     DirectionTolerance: 1e-06
     Use Mask Label: 0
     Mask label: 1
     Number of histogram bins: 200
     Wiener filter noise: 0.01
     Bias field FWHM: 0.15
     Maximum number of iterations: [50, 50, 40, 30]
     Convergence threshold: 1e-08
     Spline order: 3
     Number of fitting levels: [4, 4, 4]
     Number of control points: [4, 5, 5]
     CurrentConvergenceMeasurement: 0.000471016
     CurrentLevel: 4
     ElapsedIterations: 31
     LogBiasFieldControlPointLattice: 
       Image (0x559c00fd3670)
         RTTI typeinfo:   itk::Image<itk::Vector<float, 1u>, 3u>
         Reference Count: 1
         Modified Time: 343560
         Debug: Off
         Object Name: 
         Observers: 
           none
         Source: (none)
         Source output name: (none)
         Release Data: Off
         Data Released: False
         Global Release Data: Off
         PipelineMTime: 0
         UpdateMTime: 0
         RealTimeStamp: 0 seconds 
         LargestPossibleRegion: 
           Dimension: 3
           Index: [0, 0, 0]
           Size: [11, 19, 19]
         BufferedRegion: 
           Dimension: 3
           Index: [0, 0, 0]
           Size: [11, 19, 19]
         RequestedRegion: 
           Dimension: 3
           Index: [0, 0, 0]
           Size: [11, 19, 19]
         Spacing: [24.75, 24.875, 24.875]
         Origin: [26.8912, 21.3638, -25.8949]
         Direction: 
-0.997411 -0.0194065 -0.0692468
0.010783 -0.992373 0.122798
-0.0711017 0.121734 0.990013

         IndexToPointMatrix: 
-24.6859 -0.482737 -1.72251
0.266879 -24.6853 3.0546
-1.75977 3.02813 24.6266

         PointToIndexMatrix: 
-0.0402994 0.000435677 -0.0028728
-0.000780159 -0.0398944 0.0048938
-0.00278379 0.00493663 0.0397995

         Inverse Direction: 
-0.997411 0.010783 -0.0711017
-0.0194065 -0.992373 0.121733
-0.0692468 0.122799 0.990013

         PixelContainer: 
           ImportImageContainer (0x559bffd48a30)
             RTTI typeinfo:   itk::ImportImageContainer<unsigned long, itk::Vector<float, 1u> >
             Reference Count: 1
             Modified Time: 343561
             Debug: Off
             Object Name: 
             Observers: 
               none
             Pointer: 0x559bfdf491b0
             Container manages memory: true
             Size: 3971
             Capacity: 3971
Elapsed time: 305.721
All_Command_lines_OK
Using single precision for computations.
=============================================================================
The composite transform comprises the following transforms (in order): 
  1. Center of mass alignment using fixed image: /home/mpib/nemecz/Projects/miniTRK/Results/01_MRI/GroupTempl/T1w/T_template0.nii.gz and moving image: /home/mpib/nemecz/Projects/miniTRK/Analysis/01_MRI/Preproc/GroupTempl/T1w/sub-672857_T1w.nii.gz (type = Euler3DTransform)
=============================================================================
  number of levels = 4
  number of levels = 4
  number of levels = 4
  fixed image: /home/mpib/nemecz/Projects/miniTRK/Results/01_MRI/GroupTempl/T1w/T_template0.nii.gz
  moving image: /home/mpib/nemecz/Projects/miniTRK/Results/01_MRI/GroupTempl/T1w/T_template0sub-672857_T1wRepaired.nii.gz
  fixed image: /home/mpib/nemecz/Projects/miniTRK/Results/01_MRI/GroupTempl/T1w/T_template0.nii.gz
  moving image: /home/mpib/nemecz/Projects/miniTRK/Results/01_MRI/GroupTempl/T1w/T_template0sub-672857_T1wRepaired.nii.gz
  fixed image: /home/mpib/nemecz/Projects/miniTRK/Results/01_MRI/GroupTempl/T1w/T_template0.nii.gz
  moving image: /home/mpib/nemecz/Projects/miniTRK/Results/01_MRI/GroupTempl/T1w/T_template0sub-672857_T1wRepaired.nii.gz
Dimension = 3
Number of stages = 3
Use Histogram Matching true
Winsorize image intensities true
Lower quantile = 0.01
Upper quantile = 0.99
Stage 1 State
   Image metric = Mattes
     Fixed image = Image (0x56079fd3fad0)
  RTTI typeinfo:   itk::Image<float, 3u>
  Reference Count: 2
  Modified Time: 1721
  Debug: Off
  Object Name: 
  Observers: 
    none
  Source: (none)
  Source output name: (none)
  Release Data: Off
  Data Released: False
  Global Release Data: Off
  PipelineMTime: 0
  UpdateMTime: 1506
  RealTimeStamp: 0 seconds 
  LargestPossibleRegion: 
    Dimension: 3
    Index: [0, 0, 0]
    Size: [192, 256, 256]
  BufferedRegion: 
    Dimension: 3
    Index: [0, 0, 0]
    Size: [192, 256, 256]
  RequestedRegion: 
    Dimension: 3
    Index: [0, 0, 0]
    Size: [192, 256, 256]
  Spacing: [1, 1, 1]
  Origin: [95.0313, 100.538, -154.123]
  Direction: 
-0.999853 -0.014134 -0.00966312
0.014129 -0.9999 0.000586045
-0.00967044 0.000449429 0.999953

  IndexToPointMatrix: 
-0.999853 -0.014134 -0.00966312
0.014129 -0.9999 0.000586045
-0.00967044 0.000449429 0.999953

  PointToIndexMatrix: 
-0.999853 0.014129 -0.00967044
-0.014134 -0.9999 0.000449429
-0.00966312 0.000586045 0.999953

  Inverse Direction: 
-0.999853 0.014129 -0.00967044
-0.014134 -0.9999 0.000449429
-0.00966312 0.000586045 0.999953

  PixelContainer: 
    ImportImageContainer (0x56079fd47c80)
      RTTI typeinfo:   itk::ImportImageContainer<unsigned long, float>
      Reference Count: 1
      Modified Time: 1503
      Debug: Off
      Object Name: 
      Observers: 
        none
      Pointer: 0x7facdd416010
      Container manages memory: true
      Size: 12582912
      Capacity: 12582912

     Moving image = Image (0x56079fd40bc0)
  RTTI typeinfo:   itk::Image<float, 3u>
  Reference Count: 2
  Modified Time: 1722
  Debug: Off
  Object Name: 
  Observers: 
    none
  Source: (none)
  Source output name: (none)
  Release Data: Off
  Data Released: False
  Global Release Data: Off
  PipelineMTime: 0
  UpdateMTime: 1719
  RealTimeStamp: 0 seconds 
  LargestPossibleRegion: 
    Dimension: 3
    Index: [0, 0, 0]
    Size: [192, 256, 256]
  BufferedRegion: 
    Dimension: 3
    Index: [0, 0, 0]
    Size: [192, 256, 256]
  RequestedRegion: 
    Dimension: 3
    Index: [0, 0, 0]
    Size: [192, 256, 256]
  Spacing: [1, 1, 1]
  Origin: [108.501, 82.5541, -156.466]
  Direction: 
-0.997411 -0.0194065 -0.0692468
0.010783 -0.992373 0.122798
-0.0711017 0.121734 0.990013

  IndexToPointMatrix: 
-0.997411 -0.0194065 -0.0692468
0.010783 -0.992373 0.122798
-0.0711017 0.121734 0.990013

  PointToIndexMatrix: 
-0.997411 0.010783 -0.0711017
-0.0194065 -0.992373 0.121734
-0.0692468 0.122798 0.990013

  Inverse Direction: 
-0.997411 0.010783 -0.0711017
-0.0194065 -0.992373 0.121734
-0.0692468 0.122798 0.990013

  PixelContainer: 
    ImportImageContainer (0x56079fd4c100)
      RTTI typeinfo:   itk::ImportImageContainer<unsigned long, float>
      Reference Count: 1
      Modified Time: 1716
      Debug: Off
      Object Name: 
      Observers: 
        none
      Pointer: 0x7facda415010
      Container manages memory: true
      Size: 12582912
      Capacity: 12582912

     Weighting = 1
     Sampling strategy = regular
     Number of bins = 32
     Radius = 4
     Sampling percentage  = 0.25
   Transform = Rigid
     Gradient step = 0.1
     Update field sigma (voxel space) = 0
     Total field sigma (voxel space) = 0
     Update field time sigma = 0
     Total field time sigma  = 0
     Number of time indices = 0
     Number of time point samples = 0
Stage 2 State
   Image metric = Mattes
     Fixed image = Image (0x56079fd58870)
  RTTI typeinfo:   itk::Image<float, 3u>
  Reference Count: 2
  Modified Time: 2149
  Debug: Off
  Object Name: 
  Observers: 
    none
  Source: (none)
  Source output name: (none)
  Release Data: Off
  Data Released: False
  Global Release Data: Off
  PipelineMTime: 0
  UpdateMTime: 1934
  RealTimeStamp: 0 seconds 
  LargestPossibleRegion: 
    Dimension: 3
    Index: [0, 0, 0]
    Size: [192, 256, 256]
  BufferedRegion: 
    Dimension: 3
    Index: [0, 0, 0]
    Size: [192, 256, 256]
  RequestedRegion: 
    Dimension: 3
    Index: [0, 0, 0]
    Size: [192, 256, 256]
  Spacing: [1, 1, 1]
  Origin: [95.0313, 100.538, -154.123]
  Direction: 
-0.999853 -0.014134 -0.00966312
0.014129 -0.9999 0.000586045
-0.00967044 0.000449429 0.999953

  IndexToPointMatrix: 
-0.999853 -0.014134 -0.00966312
0.014129 -0.9999 0.000586045
-0.00967044 0.000449429 0.999953

  PointToIndexMatrix: 
-0.999853 0.014129 -0.00967044
-0.014134 -0.9999 0.000449429
-0.00966312 0.000586045 0.999953

  Inverse Direction: 
-0.999853 0.014129 -0.00967044
-0.014134 -0.9999 0.000449429
-0.00966312 0.000586045 0.999953

  PixelContainer: 
    ImportImageContainer (0x56079fd436d0)
      RTTI typeinfo:   itk::ImportImageContainer<unsigned long, float>
      Reference Count: 1
      Modified Time: 1931
      Debug: Off
      Object Name: 
      Observers: 
        none
      Pointer: 0x7facd7414010
      Container manages memory: true
      Size: 12582912
      Capacity: 12582912

     Moving image = Image (0x56079fd584c0)
  RTTI typeinfo:   itk::Image<float, 3u>
  Reference Count: 2
  Modified Time: 2150
  Debug: Off
  Object Name: 
  Observers: 
    none
  Source: (none)
  Source output name: (none)
  Release Data: Off
  Data Released: False
  Global Release Data: Off
  PipelineMTime: 0
  UpdateMTime: 2147
  RealTimeStamp: 0 seconds 
  LargestPossibleRegion: 
    Dimension: 3
    Index: [0, 0, 0]
    Size: [192, 256, 256]
  BufferedRegion: 
    Dimension: 3
    Index: [0, 0, 0]
    Size: [192, 256, 256]
  RequestedRegion: 
    Dimension: 3
    Index: [0, 0, 0]
    Size: [192, 256, 256]
  Spacing: [1, 1, 1]
  Origin: [108.501, 82.5541, -156.466]
  Direction: 
-0.997411 -0.0194065 -0.0692468
0.010783 -0.992373 0.122798
-0.0711017 0.121734 0.990013

  IndexToPointMatrix: 
-0.997411 -0.0194065 -0.0692468
0.010783 -0.992373 0.122798
-0.0711017 0.121734 0.990013

  PointToIndexMatrix: 
-0.997411 0.010783 -0.0711017
-0.0194065 -0.992373 0.121734
-0.0692468 0.122798 0.990013

  Inverse Direction: 
-0.997411 0.010783 -0.0711017
-0.0194065 -0.992373 0.121734
-0.0692468 0.122798 0.990013

  PixelContainer: 
    ImportImageContainer (0x56079fd598c0)
      RTTI typeinfo:   itk::ImportImageContainer<unsigned long, float>
      Reference Count: 1
      Modified Time: 2144
      Debug: Off
      Object Name: 
      Observers: 
        none
      Pointer: 0x7facd4413010
      Container manages memory: true
      Size: 12582912
      Capacity: 12582912

     Weighting = 1
     Sampling strategy = regular
     Number of bins = 32
     Radius = 4
     Sampling percentage  = 0.25
   Transform = Affine
     Gradient step = 0.1
     Update field sigma (voxel space) = 0
     Total field sigma (voxel space) = 0
     Update field time sigma = 0
     Total field time sigma  = 0
     Number of time indices = 0
     Number of time point samples = 0
Stage 3 State
   Image metric = CC
     Fixed image = Image (0x56079fd5f960)
  RTTI typeinfo:   itk::Image<float, 3u>
  Reference Count: 2
  Modified Time: 2577
  Debug: Off
  Object Name: 
  Observers: 
    none
  Source: (none)
  Source output name: (none)
  Release Data: Off
  Data Released: False
  Global Release Data: Off
  PipelineMTime: 0
  UpdateMTime: 2362
  RealTimeStamp: 0 seconds 
  LargestPossibleRegion: 
    Dimension: 3
    Index: [0, 0, 0]
    Size: [192, 256, 256]
  BufferedRegion: 
    Dimension: 3
    Index: [0, 0, 0]
    Size: [192, 256, 256]
  RequestedRegion: 
    Dimension: 3
    Index: [0, 0, 0]
    Size: [192, 256, 256]
  Spacing: [1, 1, 1]
  Origin: [95.0313, 100.538, -154.123]
  Direction: 
-0.999853 -0.014134 -0.00966312
0.014129 -0.9999 0.000586045
-0.00967044 0.000449429 0.999953

  IndexToPointMatrix: 
-0.999853 -0.014134 -0.00966312
0.014129 -0.9999 0.000586045
-0.00967044 0.000449429 0.999953

  PointToIndexMatrix: 
-0.999853 0.014129 -0.00967044
-0.014134 -0.9999 0.000449429
-0.00966312 0.000586045 0.999953

  Inverse Direction: 
-0.999853 0.014129 -0.00967044
-0.014134 -0.9999 0.000449429
-0.00966312 0.000586045 0.999953

  PixelContainer: 
    ImportImageContainer (0x56079fd40660)
      RTTI typeinfo:   itk::ImportImageContainer<unsigned long, float>
      Reference Count: 1
      Modified Time: 2359
      Debug: Off
      Object Name: 
      Observers: 
        none
      Pointer: 0x7facd1412010
      Container manages memory: true
      Size: 12582912
      Capacity: 12582912

     Moving image = Image (0x56079fd61840)
  RTTI typeinfo:   itk::Image<float, 3u>
  Reference Count: 2
  Modified Time: 2578
  Debug: Off
  Object Name: 
  Observers: 
    none
  Source: (none)
  Source output name: (none)
  Release Data: Off
  Data Released: False
  Global Release Data: Off
  PipelineMTime: 0
  UpdateMTime: 2575
  RealTimeStamp: 0 seconds 
  LargestPossibleRegion: 
    Dimension: 3
    Index: [0, 0, 0]
    Size: [192, 256, 256]
  BufferedRegion: 
    Dimension: 3
    Index: [0, 0, 0]
    Size: [192, 256, 256]
  RequestedRegion: 
    Dimension: 3
    Index: [0, 0, 0]
    Size: [192, 256, 256]
  Spacing: [1, 1, 1]
  Origin: [108.501, 82.5541, -156.466]
  Direction: 
-0.997411 -0.0194065 -0.0692468
0.010783 -0.992373 0.122798
-0.0711017 0.121734 0.990013

  IndexToPointMatrix: 
-0.997411 -0.0194065 -0.0692468
0.010783 -0.992373 0.122798
-0.0711017 0.121734 0.990013

  PointToIndexMatrix: 
-0.997411 0.010783 -0.0711017
-0.0194065 -0.992373 0.121734
-0.0692468 0.122798 0.990013

  Inverse Direction: 
-0.997411 0.010783 -0.0711017
-0.0194065 -0.992373 0.121734
-0.0692468 0.122798 0.990013

  PixelContainer: 
    ImportImageContainer (0x56079fd5e660)
      RTTI typeinfo:   itk::ImportImageContainer<unsigned long, float>
      Reference Count: 1
      Modified Time: 2572
      Debug: Off
      Object Name: 
      Observers: 
        none
      Pointer: 0x7facce411010
      Container manages memory: true
      Size: 12582912
      Capacity: 12582912

     Weighting = 1
     Sampling strategy = none
     Number of bins = 32
     Radius = 4
     Sampling percentage  = 1
   Transform = SyN
     Gradient step = 0.1
     Update field sigma (voxel space) = 3
     Total field sigma (voxel space) = 0
     Update field time sigma = 0
     Total field time sigma  = 0
     Number of time indices = 0
     Number of time point samples = 0
Registration using 3 total stages.

Stage 0
  iterations = 1000x500x250x0
  convergence threshold = 1e-06
  convergence window size = 10
  number of levels = 4
  using the Mattes MI metric (number of bins = 32, weight = 1)
  preprocessing:  winsorizing the image intensities
  preprocessing:  histogram matching the images
  Shrink factors (level 1 out of 4): [6, 6, 6]
  Shrink factors (level 2 out of 4): [4, 4, 4]
  Shrink factors (level 3 out of 4): [2, 2, 2]
  Shrink factors (level 4 out of 4): [1, 1, 1]
  smoothing sigmas per level: [4, 2, 1, 0]
  regular sampling (percentage = 0.25)

*** Running Euler3DTransform registration ***

DIAGNOSTIC,Iteration,metricValue,convergenceValue,ITERATION_TIME_INDEX,SINCE_LAST
 2DIAGNOSTIC,     1, -7.565283179283e-01, inf, 7.4587e-01, 7.4587e-01, 
 2DIAGNOSTIC,     2, -7.601308822632e-01, inf, 7.5455e-01, 8.6770e-03, 
 2DIAGNOSTIC,     3, -7.659479379654e-01, inf, 7.6341e-01, 8.8649e-03, 
 2DIAGNOSTIC,     4, -7.750712633133e-01, inf, 7.7166e-01, 8.2519e-03, 
 2DIAGNOSTIC,     5, -7.887101173401e-01, inf, 7.8024e-01, 8.5788e-03, 
 2DIAGNOSTIC,     6, -8.063964247704e-01, inf, 7.8911e-01, 8.8651e-03, 
 2DIAGNOSTIC,     7, -8.244045376778e-01, inf, 7.9787e-01, 8.7590e-03, 
 2DIAGNOSTIC,     8, -8.321573734283e-01, inf, 8.0632e-01, 8.4522e-03, 
 2DIAGNOSTIC,     9, -8.370886445045e-01, inf, 8.1686e-01, 1.0537e-02, 
 2DIAGNOSTIC,    10, -8.383807539940e-01, 7.888038642704e-03, 8.2530e-01, 8.4441e-03, 
 2DIAGNOSTIC,    11, -8.407430648804e-01, 6.787861231714e-03, 8.3377e-01, 8.4689e-03, 
 2DIAGNOSTIC,    12, -8.456429839134e-01, 5.514276679605e-03, 8.4450e-01, 1.0726e-02, 
 2DIAGNOSTIC,    13, -8.587499856949e-01, 4.452445544302e-03, 8.5711e-01, 1.2609e-02, 
 2DIAGNOSTIC,    14, -8.609573245049e-01, 3.423443064094e-03, 8.6672e-01, 9.6152e-03, 
 2DIAGNOSTIC,    15, -8.609693646431e-01, 2.543716924265e-03, 8.7516e-01, 8.4400e-03, 
 2DIAGNOSTIC,    16, -8.609762191772e-01, 1.927129109390e-03, 8.8348e-01, 8.3208e-03, 
 2DIAGNOSTIC,    17, -8.610275983810e-01, 1.572107197717e-03, 8.9170e-01, 8.2171e-03, 
 2DIAGNOSTIC,    18, -8.611509799957e-01, 1.258067670278e-03, 9.0065e-01, 8.9521e-03, 
 2DIAGNOSTIC,    19, -8.611887097359e-01, 9.519958985038e-04, 9.1257e-01, 1.1922e-02, 
 2DIAGNOSTIC,    20, -8.611978888512e-01, 6.153809954412e-04, 9.2062e-01, 8.0521e-03, 
 2DIAGNOSTIC,    21, -8.611992597580e-01, 2.944579464383e-04, 9.2865e-01, 8.0249e-03, 
 2DIAGNOSTIC,    22, -8.612164855003e-01, 4.748702849611e-05, 9.3781e-01, 9.1631e-03, 
 2DIAGNOSTIC,    23, -8.612548708916e-01, 1.265276296181e-05, 9.4613e-01, 8.3220e-03, 
 2DIAGNOSTIC,    24, -8.612320423126e-01, 1.078703735402e-05, 9.5439e-01, 8.2531e-03, 
 2DIAGNOSTIC,    25, -8.612465858459e-01, 8.602397429058e-06, 9.6281e-01, 8.4250e-03, 
 2DIAGNOSTIC,    26, -8.611766695976e-01, 5.087077170174e-06, 9.7183e-01, 9.0132e-03, 
 2DIAGNOSTIC,    27, -8.611747026443e-01, 2.081851562252e-06, 9.8003e-01, 8.2049e-03, 
DIAGNOSTIC,Iteration,metricValue,convergenceValue,ITERATION_TIME_INDEX,SINCE_LAST
 2DIAGNOSTIC,     1, -6.715616583824e-01, inf, 1.6231e+00, 6.4307e-01, 
 2DIAGNOSTIC,     2, -6.724674701691e-01, inf, 1.6546e+00, 3.1465e-02, 
 2DIAGNOSTIC,     3, -6.734791994095e-01, inf, 1.6862e+00, 3.1671e-02, 
 2DIAGNOSTIC,     4, -6.743307709694e-01, inf, 1.7170e+00, 3.0762e-02, 
 2DIAGNOSTIC,     5, -6.749547719955e-01, inf, 1.7476e+00, 3.0631e-02, 
 2DIAGNOSTIC,     6, -6.757146120071e-01, inf, 1.7783e+00, 3.0623e-02, 
 2DIAGNOSTIC,     7, -6.768491268158e-01, inf, 1.8087e+00, 3.0442e-02, 
 2DIAGNOSTIC,     8, -6.785768270493e-01, inf, 1.8565e+00, 4.7794e-02, 
 2DIAGNOSTIC,     9, -6.788004636765e-01, inf, 1.8914e+00, 3.4940e-02, 
 2DIAGNOSTIC,    10, -6.788666844368e-01, 7.485848618671e-04, 1.9270e+00, 3.5614e-02, 
 2DIAGNOSTIC,    11, -6.791860461235e-01, 6.314113852568e-04, 1.9582e+00, 3.1147e-02, 
 2DIAGNOSTIC,    12, -6.793296337128e-01, 5.128081538714e-04, 1.9934e+00, 3.5230e-02, 
 2DIAGNOSTIC,    13, -6.796597242355e-01, 4.086119006388e-04, 2.0367e+00, 4.3305e-02, 
 2DIAGNOSTIC,    14, -6.798070669174e-01, 3.123542119283e-04, 2.0807e+00, 4.3992e-02, 
 2DIAGNOSTIC,    15, -6.799481511116e-01, 2.226318902103e-04, 2.1116e+00, 3.0884e-02, 
 2DIAGNOSTIC,    16, -6.802640557289e-01, 1.518826466054e-04, 2.1512e+00, 3.9561e-02, 
 2DIAGNOSTIC,    17, -6.802957057953e-01, 1.031116116792e-04, 2.1990e+00, 4.7868e-02, 
 2DIAGNOSTIC,    18, -6.802951693535e-01, 9.064342157217e-05, 2.2345e+00, 3.5472e-02, 
 2DIAGNOSTIC,    19, -6.802861094475e-01, 7.611951878062e-05, 2.2656e+00, 3.1117e-02, 
 2DIAGNOSTIC,    20, -6.802795529366e-01, 5.727545794798e-05, 2.3063e+00, 4.0656e-02, 
 2DIAGNOSTIC,    21, -6.802807450294e-01, 4.137369251112e-05, 2.3417e+00, 3.5466e-02, 
 2DIAGNOSTIC,    22, -6.802711486816e-01, 2.561472501839e-05, 2.3774e+00, 3.5624e-02, 
 2DIAGNOSTIC,    23, -6.802681684494e-01, 1.498097935837e-05, 2.4083e+00, 3.0927e-02, 
 2DIAGNOSTIC,    24, -6.802681088448e-01, 6.541708444274e-06, 2.4440e+00, 3.5707e-02, 
DIAGNOSTIC,Iteration,metricValue,convergenceValue,ITERATION_TIME_INDEX,SINCE_LAST
 2DIAGNOSTIC,     1, -6.074178218842e-01, inf, 3.5041e+00, 1.0601e+00, 
 2DIAGNOSTIC,     2, -6.076245903969e-01, inf, 3.7145e+00, 2.1035e-01, 
 2DIAGNOSTIC,     3, -6.076971292496e-01, inf, 3.9232e+00, 2.0872e-01, 
 2DIAGNOSTIC,     4, -6.077845692635e-01, inf, 4.1313e+00, 2.0815e-01, 
 2DIAGNOSTIC,     5, -6.078874468803e-01, inf, 4.3410e+00, 2.0969e-01, 
 2DIAGNOSTIC,     6, -6.080040335655e-01, inf, 4.6027e+00, 2.6169e-01, 
 2DIAGNOSTIC,     7, -6.080121397972e-01, inf, 4.8360e+00, 2.3329e-01, 
 2DIAGNOSTIC,     8, -6.080770492554e-01, inf, 5.1215e+00, 2.8553e-01, 
 2DIAGNOSTIC,     9, -6.080833673477e-01, inf, 5.3850e+00, 2.6346e-01, 
 2DIAGNOSTIC,    10, -6.081061363220e-01, 7.244256994454e-05, 5.5969e+00, 2.1195e-01, 
 2DIAGNOSTIC,    11, -6.081685423851e-01, 5.393367246143e-05, 5.8622e+00, 2.6523e-01, 
 2DIAGNOSTIC,    12, -6.081755161285e-01, 4.220036862534e-05, 6.1469e+00, 2.8478e-01, 
 2DIAGNOSTIC,    13, -6.081738471985e-01, 3.126541560050e-05, 6.4106e+00, 2.6362e-01, 
 2DIAGNOSTIC,    14, -6.081731319427e-01, 2.214829510194e-05, 6.6503e+00, 2.3976e-01, 
 2DIAGNOSTIC,    15, -6.081717610359e-01, 1.551153764012e-05, 6.9018e+00, 2.5146e-01, 
 2DIAGNOSTIC,    16, -6.081719994545e-01, 1.187514772027e-05, 7.1353e+00, 2.3346e-01, 
 2DIAGNOSTIC,    17, -6.081717014313e-01, 7.921899850771e-06, 7.3668e+00, 2.3158e-01, 
 2DIAGNOSTIC,    18, -6.081722974777e-01, 5.578938726103e-06, 7.6025e+00, 2.3570e-01, 
 2DIAGNOSTIC,    19, -6.081729531288e-01, 3.306480039100e-06, 7.8456e+00, 2.4310e-01, 
 2DIAGNOSTIC,    20, -6.081731915474e-01, 1.607107492418e-06, 8.2222e+00, 3.7657e-01, 
 2DIAGNOSTIC,    21, -6.081730723381e-01, 1.449654973840e-06, 8.4834e+00, 2.6117e-01, 
 2DIAGNOSTIC,    22, -6.081730127335e-01, 1.460292878619e-06, 8.7209e+00, 2.3755e-01, 
 2DIAGNOSTIC,    23, -6.081728935242e-01, 1.432363319509e-06, 8.9587e+00, 2.3776e-01, 
 2DIAGNOSTIC,    24, -6.081730723381e-01, 1.392183776261e-06, 9.2542e+00, 2.9554e-01, 
 2DIAGNOSTIC,    25, -6.081731319427e-01, 1.324191885033e-06, 9.4942e+00, 2.4000e-01, 
 2DIAGNOSTIC,    26, -6.081729531288e-01, 1.258127667825e-06, 9.7417e+00, 2.4747e-01, 
 2DIAGNOSTIC,    27, -6.081725955009e-01, 1.182457253890e-06, 9.9843e+00, 2.4259e-01, 
 2DIAGNOSTIC,    28, -6.081727743149e-01, 1.124619871007e-06, 1.0226e+01, 2.4125e-01, 
 2DIAGNOSTIC,    29, -6.081726551056e-01, 1.080125571207e-06, 1.0470e+01, 2.4444e-01, 
 2DIAGNOSTIC,    30, -6.081727147102e-01, 1.044836608344e-06, 1.0712e+01, 2.4229e-01, 
 2DIAGNOSTIC,    31, -6.081728935242e-01, 1.014313625092e-06, 1.0975e+01, 2.6303e-01, 
DIAGNOSTIC,Iteration,metricValue,convergenceValue,ITERATION_TIME_INDEX,SINCE_LAST
 2DIAGNOSTIC,     1, -5.610299110413e-01, inf, 1.3415e+01, 2.4392e+00, 
  Elapsed time (stage 0): 1.4455e+01


Stage 1
  iterations = 1000x500x250x0
  convergence threshold = 1.0000e-06
  convergence window size = 10
  number of levels = 4
  using the Mattes MI metric (number of bins = 32, weight = 1.0000e+00)
  preprocessing:  winsorizing the image intensities
  preprocessing:  histogram matching the images
  Shrink factors (level 1 out of 4): [6, 6, 6]
  Shrink factors (level 2 out of 4): [4, 4, 4]
  Shrink factors (level 3 out of 4): [2, 2, 2]
  Shrink factors (level 4 out of 4): [1, 1, 1]
  smoothing sigmas per level: [4, 2, 1, 0]
  regular sampling (percentage = 2.5000e-01)

*** Running AffineTransform registration ***

DIAGNOSTIC,Iteration,metricValue,convergenceValue,ITERATION_TIME_INDEX,SINCE_LAST
 2DIAGNOSTIC,     1, -8.694509863853e-01, inf, 7.4561e-01, 7.4561e-01, 
 2DIAGNOSTIC,     2, -8.733419775963e-01, inf, 7.5434e-01, 8.7302e-03, 
 2DIAGNOSTIC,     3, -8.800492286682e-01, inf, 7.6278e-01, 8.4431e-03, 
 2DIAGNOSTIC,     4, -8.912329077721e-01, inf, 7.7116e-01, 8.3742e-03, 
 2DIAGNOSTIC,     5, -9.106473922729e-01, inf, 7.7958e-01, 8.4269e-03, 
 2DIAGNOSTIC,     6, -9.423743486404e-01, inf, 7.8816e-01, 8.5731e-03, 
 2DIAGNOSTIC,     7, -9.871087670326e-01, inf, 7.9774e-01, 9.5840e-03, 
 2DIAGNOSTIC,     8, -1.018758773804e+00, inf, 8.0891e-01, 1.1167e-02, 
 2DIAGNOSTIC,     9, -1.020833373070e+00, inf, 8.1941e-01, 1.0503e-02, 
