
Running N4 for 3-dimensional images.

Mask not read.  Using the entire image as the mask.

Original intensity range:  [0, 918]

***********************************************************
Warning:  Your input image contains nonpositive values
which could cause failure or problematic results.  A
possible workaround would be to:
   1. rescale your image to positive values e.g., [10,100].
   2. run N4 on your rescaled image.
   3. (optional) rescale the N4 output to the original
      intensity range.
***********************************************************

Specified spline distance: 200mm
  original image size:  [192, 256, 256]
  padded image size:  [201, 401, 401]
  number of control points:  [4, 5, 5]

Current level = 1
  Iteration 1 (of 50).   Current convergence value = 0.000625239 (threshold = 1e-08)
  Iteration 2 (of 50).   Current convergence value = 0.000409196 (threshold = 1e-08)
  Iteration 3 (of 50).   Current convergence value = 0.000269897 (threshold = 1e-08)
  Iteration 4 (of 50).   Current convergence value = 0.000182491 (threshold = 1e-08)
  Iteration 5 (of 50).   Current convergence value = 0.000129521 (threshold = 1e-08)
  Iteration 6 (of 50).   Current convergence value = 0.000100658 (threshold = 1e-08)
  Iteration 7 (of 50).   Current convergence value = 8.81541e-05 (threshold = 1e-08)
  Iteration 8 (of 50).   Current convergence value = 8.49767e-05 (threshold = 1e-08)
  Iteration 9 (of 50).   Current convergence value = 8.58649e-05 (threshold = 1e-08)
  Iteration 10 (of 50).   Current convergence value = 8.79916e-05 (threshold = 1e-08)
  Iteration 11 (of 50).   Current convergence value = 9.01704e-05 (threshold = 1e-08)
  Iteration 12 (of 50).   Current convergence value = 9.19958e-05 (threshold = 1e-08)
  Iteration 13 (of 50).   Current convergence value = 9.36216e-05 (threshold = 1e-08)
  Iteration 14 (of 50).   Current convergence value = 9.46671e-05 (threshold = 1e-08)
  Iteration 15 (of 50).   Current convergence value = 9.53946e-05 (threshold = 1e-08)
  Iteration 16 (of 50).   Current convergence value = 9.59593e-05 (threshold = 1e-08)
  Iteration 17 (of 50).   Current convergence value = 9.61824e-05 (threshold = 1e-08)
  Iteration 18 (of 50).   Current convergence value = 9.64669e-05 (threshold = 1e-08)
  Iteration 19 (of 50).   Current convergence value = 9.65652e-05 (threshold = 1e-08)
  Iteration 20 (of 50).   Current convergence value = 9.66902e-05 (threshold = 1e-08)
  Iteration 21 (of 50).   Current convergence value = 9.66191e-05 (threshold = 1e-08)
  Iteration 22 (of 50).   Current convergence value = 9.64853e-05 (threshold = 1e-08)
  Iteration 23 (of 50).   Current convergence value = 9.64114e-05 (threshold = 1e-08)
  Iteration 24 (of 50).   Current convergence value = 9.62393e-05 (threshold = 1e-08)
  Iteration 25 (of 50).   Current convergence value = 9.6145e-05 (threshold = 1e-08)
  Iteration 26 (of 50).   Current convergence value = 9.58856e-05 (threshold = 1e-08)
  Iteration 27 (of 50).   Current convergence value = 9.55834e-05 (threshold = 1e-08)
  Iteration 28 (of 50).   Current convergence value = 9.52708e-05 (threshold = 1e-08)
  Iteration 29 (of 50).   Current convergence value = 9.49384e-05 (threshold = 1e-08)
  Iteration 30 (of 50).   Current convergence value = 9.45539e-05 (threshold = 1e-08)
  Iteration 31 (of 50).   Current convergence value = 9.40931e-05 (threshold = 1e-08)
  Iteration 32 (of 50).   Current convergence value = 9.36197e-05 (threshold = 1e-08)
  Iteration 33 (of 50).   Current convergence value = 9.31627e-05 (threshold = 1e-08)
  Iteration 34 (of 50).   Current convergence value = 9.27604e-05 (threshold = 1e-08)
  Iteration 35 (of 50).   Current convergence value = 9.2311e-05 (threshold = 1e-08)
  Iteration 36 (of 50).   Current convergence value = 9.17946e-05 (threshold = 1e-08)
  Iteration 37 (of 50).   Current convergence value = 9.13577e-05 (threshold = 1e-08)
  Iteration 38 (of 50).   Current convergence value = 9.09495e-05 (threshold = 1e-08)
  Iteration 39 (of 50).   Current convergence value = 9.05673e-05 (threshold = 1e-08)
  Iteration 40 (of 50).   Current convergence value = 9.01425e-05 (threshold = 1e-08)
  Iteration 41 (of 50).   Current convergence value = 8.97438e-05 (threshold = 1e-08)
  Iteration 42 (of 50).   Current convergence value = 8.93295e-05 (threshold = 1e-08)
  Iteration 43 (of 50).   Current convergence value = 8.88446e-05 (threshold = 1e-08)
  Iteration 44 (of 50).   Current convergence value = 8.83771e-05 (threshold = 1e-08)
  Iteration 45 (of 50).   Current convergence value = 8.80455e-05 (threshold = 1e-08)
  Iteration 46 (of 50).   Current convergence value = 8.77289e-05 (threshold = 1e-08)
  Iteration 47 (of 50).   Current convergence value = 8.74338e-05 (threshold = 1e-08)
  Iteration 48 (of 50).   Current convergence value = 8.70138e-05 (threshold = 1e-08)
  Iteration 49 (of 50).   Current convergence value = 8.65756e-05 (threshold = 1e-08)
  Iteration 50 (of 50).   Current convergence value = 8.62617e-05 (threshold = 1e-08)
Current level = 2
  Iteration 1 (of 50).   Current convergence value = 0.000537503 (threshold = 1e-08)
  Iteration 2 (of 50).   Current convergence value = 0.000440167 (threshold = 1e-08)
  Iteration 3 (of 50).   Current convergence value = 0.000374177 (threshold = 1e-08)
  Iteration 4 (of 50).   Current convergence value = 0.00032147 (threshold = 1e-08)
  Iteration 5 (of 50).   Current convergence value = 0.000277834 (threshold = 1e-08)
  Iteration 6 (of 50).   Current convergence value = 0.000242518 (threshold = 1e-08)
  Iteration 7 (of 50).   Current convergence value = 0.000216354 (threshold = 1e-08)
  Iteration 8 (of 50).   Current convergence value = 0.000197853 (threshold = 1e-08)
  Iteration 9 (of 50).   Current convergence value = 0.000177076 (threshold = 1e-08)
  Iteration 10 (of 50).   Current convergence value = 0.000159575 (threshold = 1e-08)
  Iteration 11 (of 50).   Current convergence value = 0.000144504 (threshold = 1e-08)
  Iteration 12 (of 50).   Current convergence value = 0.00013132 (threshold = 1e-08)
  Iteration 13 (of 50).   Current convergence value = 0.000120241 (threshold = 1e-08)
  Iteration 14 (of 50).   Current convergence value = 0.000110613 (threshold = 1e-08)
  Iteration 15 (of 50).   Current convergence value = 0.00010341 (threshold = 1e-08)
  Iteration 16 (of 50).   Current convergence value = 9.96468e-05 (threshold = 1e-08)
  Iteration 17 (of 50).   Current convergence value = 9.67489e-05 (threshold = 1e-08)
  Iteration 18 (of 50).   Current convergence value = 9.44306e-05 (threshold = 1e-08)
  Iteration 19 (of 50).   Current convergence value = 9.2799e-05 (threshold = 1e-08)
  Iteration 20 (of 50).   Current convergence value = 9.14725e-05 (threshold = 1e-08)
  Iteration 21 (of 50).   Current convergence value = 9.028e-05 (threshold = 1e-08)
  Iteration 22 (of 50).   Current convergence value = 8.94719e-05 (threshold = 1e-08)
  Iteration 23 (of 50).   Current convergence value = 8.84715e-05 (threshold = 1e-08)
  Iteration 24 (of 50).   Current convergence value = 8.74667e-05 (threshold = 1e-08)
  Iteration 25 (of 50).   Current convergence value = 8.68484e-05 (threshold = 1e-08)
  Iteration 26 (of 50).   Current convergence value = 8.59607e-05 (threshold = 1e-08)
  Iteration 27 (of 50).   Current convergence value = 8.51405e-05 (threshold = 1e-08)
  Iteration 28 (of 50).   Current convergence value = 8.43497e-05 (threshold = 1e-08)
  Iteration 29 (of 50).   Current convergence value = 8.37912e-05 (threshold = 1e-08)
  Iteration 30 (of 50).   Current convergence value = 8.30635e-05 (threshold = 1e-08)
  Iteration 31 (of 50).   Current convergence value = 8.23385e-05 (threshold = 1e-08)
  Iteration 32 (of 50).   Current convergence value = 8.1665e-05 (threshold = 1e-08)
  Iteration 33 (of 50).   Current convergence value = 8.10773e-05 (threshold = 1e-08)
  Iteration 34 (of 50).   Current convergence value = 8.03776e-05 (threshold = 1e-08)
  Iteration 35 (of 50).   Current convergence value = 7.98716e-05 (threshold = 1e-08)
  Iteration 36 (of 50).   Current convergence value = 7.91509e-05 (threshold = 1e-08)
  Iteration 37 (of 50).   Current convergence value = 7.83296e-05 (threshold = 1e-08)
  Iteration 38 (of 50).   Current convergence value = 7.78176e-05 (threshold = 1e-08)
  Iteration 39 (of 50).   Current convergence value = 7.70292e-05 (threshold = 1e-08)
  Iteration 40 (of 50).   Current convergence value = 7.6248e-05 (threshold = 1e-08)
  Iteration 41 (of 50).   Current convergence value = 7.56204e-05 (threshold = 1e-08)
  Iteration 42 (of 50).   Current convergence value = 7.48097e-05 (threshold = 1e-08)
  Iteration 43 (of 50).   Current convergence value = 7.4084e-05 (threshold = 1e-08)
  Iteration 44 (of 50).   Current convergence value = 7.33779e-05 (threshold = 1e-08)
  Iteration 45 (of 50).   Current convergence value = 7.27559e-05 (threshold = 1e-08)
  Iteration 46 (of 50).   Current convergence value = 7.19156e-05 (threshold = 1e-08)
  Iteration 47 (of 50).   Current convergence value = 7.13168e-05 (threshold = 1e-08)
  Iteration 48 (of 50).   Current convergence value = 7.05143e-05 (threshold = 1e-08)
  Iteration 49 (of 50).   Current convergence value = 6.97938e-05 (threshold = 1e-08)
  Iteration 50 (of 50).   Current convergence value = 6.92941e-05 (threshold = 1e-08)
Current level = 3
  Iteration 1 (of 40).   Current convergence value = 0.00160852 (threshold = 1e-08)
  Iteration 2 (of 40).   Current convergence value = 0.00115826 (threshold = 1e-08)
  Iteration 3 (of 40).   Current convergence value = 0.000917235 (threshold = 1e-08)
  Iteration 4 (of 40).   Current convergence value = 0.000770685 (threshold = 1e-08)
  Iteration 5 (of 40).   Current convergence value = 0.000674256 (threshold = 1e-08)
  Iteration 6 (of 40).   Current convergence value = 0.00059681 (threshold = 1e-08)
  Iteration 7 (of 40).   Current convergence value = 0.000536115 (threshold = 1e-08)
  Iteration 8 (of 40).   Current convergence value = 0.000490413 (threshold = 1e-08)
  Iteration 9 (of 40).   Current convergence value = 0.000455603 (threshold = 1e-08)
  Iteration 10 (of 40).   Current convergence value = 0.000427228 (threshold = 1e-08)
  Iteration 11 (of 40).   Current convergence value = 0.000404274 (threshold = 1e-08)
  Iteration 12 (of 40).   Current convergence value = 0.000385387 (threshold = 1e-08)
  Iteration 13 (of 40).   Current convergence value = 0.000369162 (threshold = 1e-08)
  Iteration 14 (of 40).   Current convergence value = 0.00035532 (threshold = 1e-08)
  Iteration 15 (of 40).   Current convergence value = 0.000343309 (threshold = 1e-08)
  Iteration 16 (of 40).   Current convergence value = 0.000332756 (threshold = 1e-08)
  Iteration 17 (of 40).   Current convergence value = 0.000323468 (threshold = 1e-08)
  Iteration 18 (of 40).   Current convergence value = 0.000315086 (threshold = 1e-08)
  Iteration 19 (of 40).   Current convergence value = 0.000307454 (threshold = 1e-08)
  Iteration 20 (of 40).   Current convergence value = 0.000300508 (threshold = 1e-08)
  Iteration 21 (of 40).   Current convergence value = 0.000294233 (threshold = 1e-08)
  Iteration 22 (of 40).   Current convergence value = 0.000289295 (threshold = 1e-08)
  Iteration 23 (of 40).   Current convergence value = 0.000284714 (threshold = 1e-08)
  Iteration 24 (of 40).   Current convergence value = 0.000280437 (threshold = 1e-08)
  Iteration 25 (of 40).   Current convergence value = 0.000276163 (threshold = 1e-08)
  Iteration 26 (of 40).   Current convergence value = 0.000272243 (threshold = 1e-08)
  Iteration 27 (of 40).   Current convergence value = 0.00026874 (threshold = 1e-08)
  Iteration 28 (of 40).   Current convergence value = 0.000265321 (threshold = 1e-08)
  Iteration 29 (of 40).   Current convergence value = 0.000262147 (threshold = 1e-08)
  Iteration 30 (of 40).   Current convergence value = 0.000259191 (threshold = 1e-08)
  Iteration 31 (of 40).   Current convergence value = 0.000256239 (threshold = 1e-08)
  Iteration 32 (of 40).   Current convergence value = 0.000253563 (threshold = 1e-08)
  Iteration 33 (of 40).   Current convergence value = 0.000251008 (threshold = 1e-08)
  Iteration 34 (of 40).   Current convergence value = 0.000248516 (threshold = 1e-08)
  Iteration 35 (of 40).   Current convergence value = 0.000246246 (threshold = 1e-08)
  Iteration 36 (of 40).   Current convergence value = 0.000243962 (threshold = 1e-08)
  Iteration 37 (of 40).   Current convergence value = 0.000241808 (threshold = 1e-08)
  Iteration 38 (of 40).   Current convergence value = 0.000239764 (threshold = 1e-08)
  Iteration 39 (of 40).   Current convergence value = 0.000237867 (threshold = 1e-08)
  Iteration 40 (of 40).   Current convergence value = 0.000236014 (threshold = 1e-08)
Current level = 4
  Iteration 1 (of 30).   Current convergence value = 0.00188371 (threshold = 1e-08)
  Iteration 2 (of 30).   Current convergence value = 0.00167032 (threshold = 1e-08)
  Iteration 3 (of 30).   Current convergence value = 0.0015873 (threshold = 1e-08)
  Iteration 4 (of 30).   Current convergence value = 0.00153173 (threshold = 1e-08)
  Iteration 5 (of 30).   Current convergence value = 0.00148844 (threshold = 1e-08)
  Iteration 6 (of 30).   Current convergence value = 0.00144859 (threshold = 1e-08)
  Iteration 7 (of 30).   Current convergence value = 0.00141101 (threshold = 1e-08)
  Iteration 8 (of 30).   Current convergence value = 0.00137221 (threshold = 1e-08)
  Iteration 9 (of 30).   Current convergence value = 0.00134323 (threshold = 1e-08)
  Iteration 10 (of 30).   Current convergence value = 0.00131803 (threshold = 1e-08)
  Iteration 11 (of 30).   Current convergence value = 0.00129534 (threshold = 1e-08)
  Iteration 12 (of 30).   Current convergence value = 0.00127366 (threshold = 1e-08)
  Iteration 13 (of 30).   Current convergence value = 0.00125349 (threshold = 1e-08)
  Iteration 14 (of 30).   Current convergence value = 0.00123348 (threshold = 1e-08)
  Iteration 15 (of 30).   Current convergence value = 0.00121299 (threshold = 1e-08)
  Iteration 16 (of 30).   Current convergence value = 0.00119237 (threshold = 1e-08)
  Iteration 17 (of 30).   Current convergence value = 0.00117009 (threshold = 1e-08)
  Iteration 18 (of 30).   Current convergence value = 0.00114594 (threshold = 1e-08)
  Iteration 19 (of 30).   Current convergence value = 0.00112033 (threshold = 1e-08)
  Iteration 20 (of 30).   Current convergence value = 0.00109267 (threshold = 1e-08)
  Iteration 21 (of 30).   Current convergence value = 0.00106276 (threshold = 1e-08)
  Iteration 22 (of 30).   Current convergence value = 0.0010315 (threshold = 1e-08)
  Iteration 23 (of 30).   Current convergence value = 0.000999542 (threshold = 1e-08)
  Iteration 24 (of 30).   Current convergence value = 0.000966354 (threshold = 1e-08)
  Iteration 25 (of 30).   Current convergence value = 0.000932216 (threshold = 1e-08)
  Iteration 26 (of 30).   Current convergence value = 0.000900322 (threshold = 1e-08)
  Iteration 27 (of 30).   Current convergence value = 0.000881461 (threshold = 1e-08)
  Iteration 28 (of 30).   Current convergence value = 0.000860336 (threshold = 1e-08)
  Iteration 29 (of 30).   Current convergence value = 0.0008462 (threshold = 1e-08)
  Iteration 30 (of 30).   Current convergence value = 0.000835923 (threshold = 1e-08)
   N4BiasFieldCorrectionImageFilter (0x562fcca76e20)
     RTTI typeinfo:   itk::N4BiasFieldCorrectionImageFilter<itk::Image<float, 3u>, itk::Image<float, 3u>, itk::Image<float, 3u> >
     Reference Count: 1
     Modified Time: 565
     Debug: Off
     Object Name: 
     Observers: 
       IterationEvent(Command)
     Inputs: 
       ConfidenceImage: (0)
       MaskImage: (0x562fccaa15e0)
       Primary: (0x562fcca9cb30) *
     Indexed Inputs: 
       0: Primary (0x562fcca9cb30)
       1: MaskImage (0x562fccaa15e0)
       2: ConfidenceImage (0)
     Required Input Names: Primary
     NumberOfRequiredInputs: 1
     Outputs: 
       Primary: (0x562fcca86ef0)
     Indexed Outputs: 
       0: Primary (0x562fcca86ef0)
     NumberOfRequiredOutputs: 1
     Number Of Work Units: 32
     ReleaseDataFlag: Off
     ReleaseDataBeforeUpdateFlag: Off
     AbortGenerateData: Off
     Progress: 0
     Multithreader: 
       RTTI typeinfo:   itk::PoolMultiThreader
       Reference Count: 1
       Modified Time: 144
       Debug: Off
       Object Name: 
       Observers: 
         none
       Number of Work Units: 32
       Number of Threads: 8
       Global Maximum Number Of Threads: 128
       Global Default Number Of Threads: 8
       Global Default Threader Type: itk::MultiThreaderBaseEnums::Threader::Pool
       SingleMethod: 0
       SingleData: 0
     DynamicMultiThreading: On
     CoordinateTolerance: 1e-06
     DirectionTolerance: 1e-06
     Use Mask Label: 0
     Mask label: 1
     Number of histogram bins: 200
     Wiener filter noise: 0.01
     Bias field FWHM: 0.15
     Maximum number of iterations: [50, 50, 40, 30]
     Convergence threshold: 1e-08
     Spline order: 3
     Number of fitting levels: [4, 4, 4]
     Number of control points: [4, 5, 5]
     CurrentConvergenceMeasurement: 0.000835923
     CurrentLevel: 4
     ElapsedIterations: 31
     LogBiasFieldControlPointLattice: 
       Image (0x562fd7e11ec0)
         RTTI typeinfo:   itk::Image<itk::Vector<float, 1u>, 3u>
         Reference Count: 1
         Modified Time: 343560
         Debug: Off
         Object Name: 
         Observers: 
           none
         Source: (none)
         Source output name: (none)
         Release Data: Off
         Data Released: False
         Global Release Data: Off
         PipelineMTime: 0
         UpdateMTime: 0
         RealTimeStamp: 0 seconds 
         LargestPossibleRegion: 
           Dimension: 3
           Index: [0, 0, 0]
           Size: [11, 19, 19]
         BufferedRegion: 
           Dimension: 3
           Index: [0, 0, 0]
           Size: [11, 19, 19]
         RequestedRegion: 
           Dimension: 3
           Index: [0, 0, 0]
           Size: [11, 19, 19]
         Spacing: [24.75, 24.875, 24.875]
         Origin: [23.6469, 24.6791, -26.1124]
         Direction: 
-0.999472 0.0288095 0.0150123
-0.02827 -0.998988 0.0349891
0.0160051 0.0345462 0.999275

         IndexToPointMatrix: 
-24.7369 0.716636 0.373431
-0.699682 -24.8498 0.870354
0.396127 0.859337 24.857

         PointToIndexMatrix: 
-0.0403827 -0.00114222 0.000646672
0.00115817 -0.0401603 0.00138879
0.00060351 0.0014066 0.0401719

         Inverse Direction: 
-0.999472 -0.02827 0.0160051
0.0288095 -0.998988 0.0345462
0.0150123 0.0349891 0.999275

         PixelContainer: 
           ImportImageContainer (0x562fd3578150)
             RTTI typeinfo:   itk::ImportImageContainer<unsigned long, itk::Vector<float, 1u> >
             Reference Count: 1
             Modified Time: 343561
             Debug: Off
             Object Name: 
             Observers: 
               none
             Pointer: 0x562fd6c11140
             Container manages memory: true
             Size: 3971
             Capacity: 3971
Elapsed time: 306.71
All_Command_lines_OK
Using single precision for computations.
=============================================================================
The composite transform comprises the following transforms (in order): 
  1. Center of mass alignment using fixed image: /home/mpib/nemecz/Projects/miniTRK/Results/01_MRI/GroupTempl/T1w/T_template0.nii.gz and moving image: /home/mpib/nemecz/Projects/miniTRK/Analysis/01_MRI/Preproc/GroupTempl/T1w/sub-641566_T1w.nii.gz (type = Euler3DTransform)
=============================================================================
  number of levels = 4
  number of levels = 4
  number of levels = 4
  fixed image: /home/mpib/nemecz/Projects/miniTRK/Results/01_MRI/GroupTempl/T1w/T_template0.nii.gz
  moving image: /home/mpib/nemecz/Projects/miniTRK/Results/01_MRI/GroupTempl/T1w/T_template0sub-641566_T1wRepaired.nii.gz
  fixed image: /home/mpib/nemecz/Projects/miniTRK/Results/01_MRI/GroupTempl/T1w/T_template0.nii.gz
  moving image: /home/mpib/nemecz/Projects/miniTRK/Results/01_MRI/GroupTempl/T1w/T_template0sub-641566_T1wRepaired.nii.gz
  fixed image: /home/mpib/nemecz/Projects/miniTRK/Results/01_MRI/GroupTempl/T1w/T_template0.nii.gz
  moving image: /home/mpib/nemecz/Projects/miniTRK/Results/01_MRI/GroupTempl/T1w/T_template0sub-641566_T1wRepaired.nii.gz
Dimension = 3
Number of stages = 3
Use Histogram Matching true
Winsorize image intensities true
Lower quantile = 0.01
Upper quantile = 0.99
Stage 1 State
   Image metric = Mattes
     Fixed image = Image (0x555d24432ad0)
  RTTI typeinfo:   itk::Image<float, 3u>
  Reference Count: 2
  Modified Time: 1721
  Debug: Off
  Object Name: 
  Observers: 
    none
  Source: (none)
  Source output name: (none)
  Release Data: Off
  Data Released: False
  Global Release Data: Off
  PipelineMTime: 0
  UpdateMTime: 1506
  RealTimeStamp: 0 seconds 
  LargestPossibleRegion: 
    Dimension: 3
    Index: [0, 0, 0]
    Size: [192, 256, 256]
  BufferedRegion: 
    Dimension: 3
    Index: [0, 0, 0]
    Size: [192, 256, 256]
  RequestedRegion: 
    Dimension: 3
    Index: [0, 0, 0]
    Size: [192, 256, 256]
  Spacing: [1, 1, 1]
  Origin: [95.0313, 100.538, -154.123]
  Direction: 
-0.999853 -0.014134 -0.00966312
0.014129 -0.9999 0.000586045
-0.00967044 0.000449429 0.999953

  IndexToPointMatrix: 
-0.999853 -0.014134 -0.00966312
0.014129 -0.9999 0.000586045
-0.00967044 0.000449429 0.999953

  PointToIndexMatrix: 
-0.999853 0.014129 -0.00967044
-0.014134 -0.9999 0.000449429
-0.00966312 0.000586045 0.999953

  Inverse Direction: 
-0.999853 0.014129 -0.00967044
-0.014134 -0.9999 0.000449429
-0.00966312 0.000586045 0.999953

  PixelContainer: 
    ImportImageContainer (0x555d2443ac80)
      RTTI typeinfo:   itk::ImportImageContainer<unsigned long, float>
      Reference Count: 1
      Modified Time: 1503
      Debug: Off
      Object Name: 
      Observers: 
        none
      Pointer: 0x7fc2ad616010
      Container manages memory: true
      Size: 12582912
      Capacity: 12582912

     Moving image = Image (0x555d24433bc0)
  RTTI typeinfo:   itk::Image<float, 3u>
  Reference Count: 2
  Modified Time: 1722
  Debug: Off
  Object Name: 
  Observers: 
    none
  Source: (none)
  Source output name: (none)
  Release Data: Off
  Data Released: False
  Global Release Data: Off
  PipelineMTime: 0
  UpdateMTime: 1719
  RealTimeStamp: 0 seconds 
  LargestPossibleRegion: 
    Dimension: 3
    Index: [0, 0, 0]
    Size: [192, 256, 256]
  BufferedRegion: 
    Dimension: 3
    Index: [0, 0, 0]
    Size: [192, 256, 256]
  RequestedRegion: 
    Dimension: 3
    Index: [0, 0, 0]
    Size: [192, 256, 256]
  Spacing: [1, 1, 1]
  Origin: [88.6966, 94.9972, -154.979]
  Direction: 
-0.999472 0.0288095 0.0150123
-0.02827 -0.998988 0.0349891
0.0160051 0.0345462 0.999275

  IndexToPointMatrix: 
-0.999472 0.0288095 0.0150123
-0.02827 -0.998988 0.0349891
0.0160051 0.0345462 0.999275

  PointToIndexMatrix: 
-0.999472 -0.02827 0.0160051
0.0288095 -0.998988 0.0345462
0.0150123 0.0349891 0.999275

  Inverse Direction: 
-0.999472 -0.02827 0.0160051
0.0288095 -0.998988 0.0345462
0.0150123 0.0349891 0.999275

  PixelContainer: 
    ImportImageContainer (0x555d2443f100)
      RTTI typeinfo:   itk::ImportImageContainer<unsigned long, float>
      Reference Count: 1
      Modified Time: 1716
      Debug: Off
      Object Name: 
      Observers: 
        none
      Pointer: 0x7fc2aa615010
      Container manages memory: true
      Size: 12582912
      Capacity: 12582912

     Weighting = 1
     Sampling strategy = regular
     Number of bins = 32
     Radius = 4
     Sampling percentage  = 0.25
   Transform = Rigid
     Gradient step = 0.1
     Update field sigma (voxel space) = 0
     Total field sigma (voxel space) = 0
     Update field time sigma = 0
     Total field time sigma  = 0
     Number of time indices = 0
     Number of time point samples = 0
Stage 2 State
   Image metric = Mattes
     Fixed image = Image (0x555d2444b870)
  RTTI typeinfo:   itk::Image<float, 3u>
  Reference Count: 2
  Modified Time: 2149
  Debug: Off
  Object Name: 
  Observers: 
    none
  Source: (none)
  Source output name: (none)
  Release Data: Off
  Data Released: False
  Global Release Data: Off
  PipelineMTime: 0
  UpdateMTime: 1934
  RealTimeStamp: 0 seconds 
  LargestPossibleRegion: 
    Dimension: 3
    Index: [0, 0, 0]
    Size: [192, 256, 256]
  BufferedRegion: 
    Dimension: 3
    Index: [0, 0, 0]
    Size: [192, 256, 256]
  RequestedRegion: 
    Dimension: 3
    Index: [0, 0, 0]
    Size: [192, 256, 256]
  Spacing: [1, 1, 1]
  Origin: [95.0313, 100.538, -154.123]
  Direction: 
-0.999853 -0.014134 -0.00966312
0.014129 -0.9999 0.000586045
-0.00967044 0.000449429 0.999953

  IndexToPointMatrix: 
-0.999853 -0.014134 -0.00966312
0.014129 -0.9999 0.000586045
-0.00967044 0.000449429 0.999953

  PointToIndexMatrix: 
-0.999853 0.014129 -0.00967044
-0.014134 -0.9999 0.000449429
-0.00966312 0.000586045 0.999953

  Inverse Direction: 
-0.999853 0.014129 -0.00967044
-0.014134 -0.9999 0.000449429
-0.00966312 0.000586045 0.999953

  PixelContainer: 
    ImportImageContainer (0x555d244366d0)
      RTTI typeinfo:   itk::ImportImageContainer<unsigned long, float>
      Reference Count: 1
      Modified Time: 1931
      Debug: Off
      Object Name: 
      Observers: 
        none
      Pointer: 0x7fc2a7614010
      Container manages memory: true
      Size: 12582912
      Capacity: 12582912

     Moving image = Image (0x555d2444b4c0)
  RTTI typeinfo:   itk::Image<float, 3u>
  Reference Count: 2
  Modified Time: 2150
  Debug: Off
  Object Name: 
  Observers: 
    none
  Source: (none)
  Source output name: (none)
  Release Data: Off
  Data Released: False
  Global Release Data: Off
  PipelineMTime: 0
  UpdateMTime: 2147
  RealTimeStamp: 0 seconds 
  LargestPossibleRegion: 
    Dimension: 3
    Index: [0, 0, 0]
    Size: [192, 256, 256]
  BufferedRegion: 
    Dimension: 3
    Index: [0, 0, 0]
    Size: [192, 256, 256]
  RequestedRegion: 
    Dimension: 3
    Index: [0, 0, 0]
    Size: [192, 256, 256]
  Spacing: [1, 1, 1]
  Origin: [88.6966, 94.9972, -154.979]
  Direction: 
-0.999472 0.0288095 0.0150123
-0.02827 -0.998988 0.0349891
0.0160051 0.0345462 0.999275

  IndexToPointMatrix: 
-0.999472 0.0288095 0.0150123
-0.02827 -0.998988 0.0349891
0.0160051 0.0345462 0.999275

  PointToIndexMatrix: 
-0.999472 -0.02827 0.0160051
0.0288095 -0.998988 0.0345462
0.0150123 0.0349891 0.999275

  Inverse Direction: 
-0.999472 -0.02827 0.0160051
0.0288095 -0.998988 0.0345462
0.0150123 0.0349891 0.999275

  PixelContainer: 
    ImportImageContainer (0x555d2444c8c0)
      RTTI typeinfo:   itk::ImportImageContainer<unsigned long, float>
      Reference Count: 1
      Modified Time: 2144
      Debug: Off
      Object Name: 
      Observers: 
        none
      Pointer: 0x7fc2a4613010
      Container manages memory: true
      Size: 12582912
      Capacity: 12582912

     Weighting = 1
     Sampling strategy = regular
     Number of bins = 32
     Radius = 4
     Sampling percentage  = 0.25
   Transform = Affine
     Gradient step = 0.1
     Update field sigma (voxel space) = 0
     Total field sigma (voxel space) = 0
     Update field time sigma = 0
     Total field time sigma  = 0
     Number of time indices = 0
     Number of time point samples = 0
Stage 3 State
   Image metric = CC
     Fixed image = Image (0x555d24452960)
  RTTI typeinfo:   itk::Image<float, 3u>
  Reference Count: 2
  Modified Time: 2577
  Debug: Off
  Object Name: 
  Observers: 
    none
  Source: (none)
  Source output name: (none)
  Release Data: Off
  Data Released: False
  Global Release Data: Off
  PipelineMTime: 0
  UpdateMTime: 2362
  RealTimeStamp: 0 seconds 
  LargestPossibleRegion: 
    Dimension: 3
    Index: [0, 0, 0]
    Size: [192, 256, 256]
  BufferedRegion: 
    Dimension: 3
    Index: [0, 0, 0]
    Size: [192, 256, 256]
  RequestedRegion: 
    Dimension: 3
    Index: [0, 0, 0]
    Size: [192, 256, 256]
  Spacing: [1, 1, 1]
  Origin: [95.0313, 100.538, -154.123]
  Direction: 
-0.999853 -0.014134 -0.00966312
0.014129 -0.9999 0.000586045
-0.00967044 0.000449429 0.999953

  IndexToPointMatrix: 
-0.999853 -0.014134 -0.00966312
0.014129 -0.9999 0.000586045
-0.00967044 0.000449429 0.999953

  PointToIndexMatrix: 
-0.999853 0.014129 -0.00967044
-0.014134 -0.9999 0.000449429
-0.00966312 0.000586045 0.999953

  Inverse Direction: 
-0.999853 0.014129 -0.00967044
-0.014134 -0.9999 0.000449429
-0.00966312 0.000586045 0.999953

  PixelContainer: 
    ImportImageContainer (0x555d24433660)
      RTTI typeinfo:   itk::ImportImageContainer<unsigned long, float>
      Reference Count: 1
      Modified Time: 2359
      Debug: Off
      Object Name: 
      Observers: 
        none
      Pointer: 0x7fc2a1612010
      Container manages memory: true
      Size: 12582912
      Capacity: 12582912

     Moving image = Image (0x555d24454840)
  RTTI typeinfo:   itk::Image<float, 3u>
  Reference Count: 2
  Modified Time: 2578
  Debug: Off
  Object Name: 
  Observers: 
    none
  Source: (none)
  Source output name: (none)
  Release Data: Off
  Data Released: False
  Global Release Data: Off
  PipelineMTime: 0
  UpdateMTime: 2575
  RealTimeStamp: 0 seconds 
  LargestPossibleRegion: 
    Dimension: 3
    Index: [0, 0, 0]
    Size: [192, 256, 256]
  BufferedRegion: 
    Dimension: 3
    Index: [0, 0, 0]
    Size: [192, 256, 256]
  RequestedRegion: 
    Dimension: 3
    Index: [0, 0, 0]
    Size: [192, 256, 256]
  Spacing: [1, 1, 1]
  Origin: [88.6966, 94.9972, -154.979]
  Direction: 
-0.999472 0.0288095 0.0150123
-0.02827 -0.998988 0.0349891
0.0160051 0.0345462 0.999275

  IndexToPointMatrix: 
-0.999472 0.0288095 0.0150123
-0.02827 -0.998988 0.0349891
0.0160051 0.0345462 0.999275

  PointToIndexMatrix: 
-0.999472 -0.02827 0.0160051
0.0288095 -0.998988 0.0345462
0.0150123 0.0349891 0.999275

  Inverse Direction: 
-0.999472 -0.02827 0.0160051
0.0288095 -0.998988 0.0345462
0.0150123 0.0349891 0.999275

  PixelContainer: 
    ImportImageContainer (0x555d24451660)
      RTTI typeinfo:   itk::ImportImageContainer<unsigned long, float>
      Reference Count: 1
      Modified Time: 2572
      Debug: Off
      Object Name: 
      Observers: 
        none
      Pointer: 0x7fc29e611010
      Container manages memory: true
      Size: 12582912
      Capacity: 12582912

     Weighting = 1
     Sampling strategy = none
     Number of bins = 32
     Radius = 4
     Sampling percentage  = 1
   Transform = SyN
     Gradient step = 0.1
     Update field sigma (voxel space) = 3
     Total field sigma (voxel space) = 0
     Update field time sigma = 0
     Total field time sigma  = 0
     Number of time indices = 0
     Number of time point samples = 0
Registration using 3 total stages.

Stage 0
  iterations = 1000x500x250x0
  convergence threshold = 1e-06
  convergence window size = 10
  number of levels = 4
  using the Mattes MI metric (number of bins = 32, weight = 1)
  preprocessing:  winsorizing the image intensities
  preprocessing:  histogram matching the images
  Shrink factors (level 1 out of 4): [6, 6, 6]
  Shrink factors (level 2 out of 4): [4, 4, 4]
  Shrink factors (level 3 out of 4): [2, 2, 2]
  Shrink factors (level 4 out of 4): [1, 1, 1]
  smoothing sigmas per level: [4, 2, 1, 0]
  regular sampling (percentage = 0.25)

*** Running Euler3DTransform registration ***

DIAGNOSTIC,Iteration,metricValue,convergenceValue,ITERATION_TIME_INDEX,SINCE_LAST
 2DIAGNOSTIC,     1, -8.139663338661e-01, inf, 7.8757e-01, 7.8757e-01, 
 2DIAGNOSTIC,     2, -8.157175779343e-01, inf, 7.9598e-01, 8.4119e-03, 
 2DIAGNOSTIC,     3, -8.184215426445e-01, inf, 8.0442e-01, 8.4410e-03, 
 2DIAGNOSTIC,     4, -8.223546147346e-01, inf, 8.1285e-01, 8.4279e-03, 
 2DIAGNOSTIC,     5, -8.267441987991e-01, inf, 8.2151e-01, 8.6589e-03, 
 2DIAGNOSTIC,     6, -8.304277062416e-01, inf, 8.3002e-01, 8.5061e-03, 
 2DIAGNOSTIC,     7, -8.338597416878e-01, inf, 8.3837e-01, 8.3530e-03, 
 2DIAGNOSTIC,     8, -8.389309048653e-01, inf, 8.4682e-01, 8.4479e-03, 
 2DIAGNOSTIC,     9, -8.499647974968e-01, inf, 8.5557e-01, 8.7569e-03, 
 2DIAGNOSTIC,    10, -8.699048757553e-01, 3.632030216977e-03, 8.7135e-01, 1.5779e-02, 
 2DIAGNOSTIC,    11, -8.705505132675e-01, 3.882207674906e-03, 8.7967e-01, 8.3160e-03, 
 2DIAGNOSTIC,    12, -8.708789944649e-01, 3.811046481133e-03, 8.8762e-01, 7.9510e-03, 
 2DIAGNOSTIC,    13, -8.718925118446e-01, 3.509473986924e-03, 8.9562e-01, 7.9980e-03, 
 2DIAGNOSTIC,    14, -8.745957016945e-01, 3.086092881858e-03, 9.0553e-01, 9.9170e-03, 
 2DIAGNOSTIC,    15, -8.748195767403e-01, 2.534160856158e-03, 9.1500e-01, 9.4681e-03, 
 2DIAGNOSTIC,    16, -8.754622340202e-01, 1.914427964948e-03, 9.2678e-01, 1.1776e-02, 
 2DIAGNOSTIC,    17, -8.761546015739e-01, 1.281794393435e-03, 9.3584e-01, 9.0592e-03, 
 2DIAGNOSTIC,    18, -8.765656948090e-01, 7.033844012767e-04, 9.4511e-01, 9.2750e-03, 
 2DIAGNOSTIC,    19, -8.777385950089e-01, 3.264315600973e-04, 9.5573e-01, 1.0618e-02, 
 2DIAGNOSTIC,    20, -8.785743713379e-01, 3.035598201677e-04, 9.6586e-01, 1.0126e-02, 
 2DIAGNOSTIC,    21, -8.804121613503e-01, 2.946065505967e-04, 9.7452e-01, 8.6589e-03, 
 2DIAGNOSTIC,    22, -8.807518482208e-01, 2.687665692065e-04, 9.8312e-01, 8.6081e-03, 
 2DIAGNOSTIC,    23, -8.808388113976e-01, 2.353744785069e-04, 9.9185e-01, 8.7261e-03, 
 2DIAGNOSTIC,    24, -8.808689713478e-01, 2.209343947470e-04, 1.0019e+00, 1.0077e-02, 
 2DIAGNOSTIC,    25, -8.808636665344e-01, 1.896702160593e-04, 1.0113e+00, 9.4118e-03, 
 2DIAGNOSTIC,    26, -8.808437585831e-01, 1.507178531028e-04, 1.0206e+00, 9.2340e-03, 
 2DIAGNOSTIC,    27, -8.807659745216e-01, 1.082212984329e-04, 1.0290e+00, 8.3811e-03, 
 2DIAGNOSTIC,    28, -8.807621598244e-01, 6.360840052366e-05, 1.0381e+00, 9.1159e-03, 
 2DIAGNOSTIC,    29, -8.807471394539e-01, 2.943298932223e-05, 1.0461e+00, 8.0781e-03, 
 2DIAGNOSTIC,    30, -8.807406425476e-01, 3.490260496619e-06, 1.0563e+00, 1.0163e-02, 
DIAGNOSTIC,Iteration,metricValue,convergenceValue,ITERATION_TIME_INDEX,SINCE_LAST
 2DIAGNOSTIC,     1, -6.783001422882e-01, inf, 1.8528e+00, 7.9653e-01, 
 2DIAGNOSTIC,     2, -6.789633035660e-01, inf, 1.8889e+00, 3.6037e-02, 
 2DIAGNOSTIC,     3, -6.797005534172e-01, inf, 1.9221e+00, 3.3186e-02, 
 2DIAGNOSTIC,     4, -6.806619763374e-01, inf, 1.9545e+00, 3.2413e-02, 
 2DIAGNOSTIC,     5, -6.816948056221e-01, inf, 1.9863e+00, 3.1857e-02, 
 2DIAGNOSTIC,     6, -6.823641657829e-01, inf, 2.0182e+00, 3.1832e-02, 
 2DIAGNOSTIC,     7, -6.830731630325e-01, inf, 2.0548e+00, 3.6621e-02, 
 2DIAGNOSTIC,     8, -6.835958957672e-01, inf, 2.0954e+00, 4.0601e-02, 
 2DIAGNOSTIC,     9, -6.836782097816e-01, inf, 2.1304e+00, 3.5038e-02, 
 2DIAGNOSTIC,    10, -6.837565898895e-01, 5.680620670319e-04, 2.1753e+00, 4.4890e-02, 
 2DIAGNOSTIC,    11, -6.837780475616e-01, 4.379706515465e-04, 2.2085e+00, 3.3188e-02, 
 2DIAGNOSTIC,    12, -6.838219165802e-01, 3.149127296638e-04, 2.2459e+00, 3.7425e-02, 
 2DIAGNOSTIC,    13, -6.838813424110e-01, 2.076768141706e-04, 2.2790e+00, 3.3111e-02, 
 2DIAGNOSTIC,    14, -6.839051246643e-01, 1.260467251996e-04, 2.3167e+00, 3.7671e-02, 
 2DIAGNOSTIC,    15, -6.839202046394e-01, 7.304095925065e-05, 2.3542e+00, 3.7522e-02, 
 2DIAGNOSTIC,    16, -6.839462518692e-01, 3.794354779529e-05, 2.4017e+00, 4.7454e-02, 
 2DIAGNOSTIC,    17, -6.839498877525e-01, 2.078870784317e-05, 2.4395e+00, 3.7812e-02, 
 2DIAGNOSTIC,    18, -6.839458346367e-01, 1.575110036356e-05, 2.4769e+00, 3.7447e-02, 
 2DIAGNOSTIC,    19, -6.839403510094e-01, 1.160279953183e-05, 2.5099e+00, 3.2919e-02, 
 2DIAGNOSTIC,    20, -6.839423775673e-01, 8.634056030132e-06, 2.5475e+00, 3.7635e-02, 
 2DIAGNOSTIC,    21, -6.839436292648e-01, 5.725888968300e-06, 2.5849e+00, 3.7446e-02, 
 2DIAGNOSTIC,    22, -6.839382052422e-01, 3.390141500859e-06, 2.6178e+00, 3.2895e-02, 
 2DIAGNOSTIC,    23, -6.839396953583e-01, 2.182077651014e-06, 2.6555e+00, 3.7670e-02, 
 2DIAGNOSTIC,    24, -6.839544177055e-01, 1.666979187576e-06, 2.6885e+00, 3.2999e-02, 
 2DIAGNOSTIC,    25, -6.839488744736e-01, 1.298714096265e-06, 2.7219e+00, 3.3395e-02, 
 2DIAGNOSTIC,    26, -6.839519739151e-01, 1.424724700883e-06, 2.7550e+00, 3.3129e-02, 
 2DIAGNOSTIC,    27, -6.839568614960e-01, 1.657773282204e-06, 2.7934e+00, 3.8339e-02, 
 2DIAGNOSTIC,    28, -6.839660406113e-01, 1.904470991576e-06, 2.8262e+00, 3.2853e-02, 
 2DIAGNOSTIC,    29, -6.839904189110e-01, 2.325333980480e-06, 2.8592e+00, 3.3017e-02, 
 2DIAGNOSTIC,    30, -6.840357780457e-01, 3.251450607422e-06, 2.9015e+00, 4.2227e-02, 
 2DIAGNOSTIC,    31, -6.840404272079e-01, 3.983073384006e-06, 2.9395e+00, 3.8032e-02, 
 2DIAGNOSTIC,    32, -6.840394139290e-01, 4.314607849665e-06, 2.9770e+00, 3.7513e-02, 
 2DIAGNOSTIC,    33, -6.840378046036e-01, 4.311213615438e-06, 3.0146e+00, 3.7560e-02, 
 2DIAGNOSTIC,    34, -6.840214729309e-01, 3.967851625930e-06, 3.0526e+00, 3.7997e-02, 
 2DIAGNOSTIC,    35, -6.840175986290e-01, 3.240354089940e-06, 3.0855e+00, 3.2922e-02, 
 2DIAGNOSTIC,    36, -6.840203404427e-01, 2.399309551038e-06, 3.1277e+00, 4.2178e-02, 
 2DIAGNOSTIC,    37, -6.840225458145e-01, 1.543676148685e-06, 3.1655e+00, 3.7821e-02, 
DIAGNOSTIC,Iteration,metricValue,convergenceValue,ITERATION_TIME_INDEX,SINCE_LAST
 2DIAGNOSTIC,     1, -6.065119504929e-01, inf, 4.2712e+00, 1.1057e+00, 
 2DIAGNOSTIC,     2, -6.067827939987e-01, inf, 4.4896e+00, 2.1839e-01, 
 2DIAGNOSTIC,     3, -6.069242358208e-01, inf, 4.6963e+00, 2.0667e-01, 
 2DIAGNOSTIC,     4, -6.070144772530e-01, inf, 4.9112e+00, 2.1494e-01, 
 2DIAGNOSTIC,     5, -6.071347594261e-01, inf, 5.1260e+00, 2.1472e-01, 
 2DIAGNOSTIC,     6, -6.073148250580e-01, inf, 5.3472e+00, 2.2128e-01, 
 2DIAGNOSTIC,     7, -6.075295209885e-01, inf, 5.6461e+00, 2.9890e-01, 
 2DIAGNOSTIC,     8, -6.075811386108e-01, inf, 5.9779e+00, 3.3174e-01, 
 2DIAGNOSTIC,     9, -6.075871586800e-01, inf, 6.1928e+00, 2.1486e-01, 
 2DIAGNOSTIC,    10, -6.076176762581e-01, 1.220624981215e-04, 6.4079e+00, 2.1515e-01, 
 2DIAGNOSTIC,    11, -6.076419353485e-01, 9.270785085391e-05, 6.6239e+00, 2.1603e-01, 
 2DIAGNOSTIC,    12, -6.076646447182e-01, 7.142116373871e-05, 6.8406e+00, 2.1664e-01, 
 2DIAGNOSTIC,    13, -6.076941490173e-01, 5.336462709238e-05, 7.0561e+00, 2.1553e-01, 
 2DIAGNOSTIC,    14, -6.077270507812e-01, 3.743542038137e-05, 7.3567e+00, 3.0059e-01, 
 2DIAGNOSTIC,    15, -6.077328920364e-01, 2.427555591566e-05, 7.5817e+00, 2.2505e-01, 
 2DIAGNOSTIC,    16, -6.077430248260e-01, 1.613645508769e-05, 7.7976e+00, 2.1588e-01, 
 2DIAGNOSTIC,    17, -6.077518463135e-01, 1.377267108182e-05, 8.0450e+00, 2.4735e-01, 
 2DIAGNOSTIC,    18, -6.077660918236e-01, 1.228041492141e-05, 8.2887e+00, 2.4375e-01, 
 2DIAGNOSTIC,    19, -6.077640652657e-01, 1.004403929983e-05, 8.5339e+00, 2.4513e-01, 
 2DIAGNOSTIC,    20, -6.077662110329e-01, 8.021877874853e-06, 8.8063e+00, 2.7246e-01, 
 2DIAGNOSTIC,    21, -6.077667474747e-01, 6.149360615382e-06, 9.0223e+00, 2.1599e-01, 
 2DIAGNOSTIC,    22, -6.077672839165e-01, 4.495707798924e-06, 9.2664e+00, 2.4405e-01, 
 2DIAGNOSTIC,    23, -6.077707409859e-01, 3.351809937158e-06, 9.4822e+00, 2.1580e-01, 
 2DIAGNOSTIC,    24, -6.077721714973e-01, 2.787768835333e-06, 9.7266e+00, 2.4441e-01, 
 2DIAGNOSTIC,    25, -6.077727079391e-01, 2.251454361613e-06, 9.9433e+00, 2.1674e-01, 
 2DIAGNOSTIC,    26, -6.077765226364e-01, 1.913974529089e-06, 1.0160e+01, 2.1688e-01, 
 2DIAGNOSTIC,    27, -6.077827215195e-01, 1.788058852981e-06, 1.0412e+01, 2.5184e-01, 
 2DIAGNOSTIC,    28, -6.077870726585e-01, 1.922750925587e-06, 1.0657e+01, 2.4520e-01, 
 2DIAGNOSTIC,    29, -6.077847480774e-01, 1.902532517306e-06, 1.0903e+01, 2.4616e-01, 
 2DIAGNOSTIC,    30, -6.077859997749e-01, 1.864219939307e-06, 1.1175e+01, 2.7209e-01, 
 2DIAGNOSTIC,    31, -6.077843904495e-01, 1.735635350997e-06, 1.1447e+01, 2.7110e-01, 
 2DIAGNOSTIC,    32, -6.077841520309e-01, 1.549541593704e-06, 1.1690e+01, 2.4383e-01, 
 2DIAGNOSTIC,    33, -6.077841520309e-01, 1.370334189232e-06, 1.1993e+01, 3.0218e-01, 
