All_Command_lines_OK
Using single precision for computations.
=============================================================================
The composite transform comprises the following transforms (in order): 
  1. Center of mass alignment using fixed image: /home/mpib/nemecz/Projects/miniTRK/Results/01_MRI/GroupTempl/T1w/T_template0.nii.gz and moving image: /home/mpib/nemecz/Projects/miniTRK/Analysis/01_MRI/Preproc/GroupTempl/T1w/sub-449900_T1w.nii.gz (type = Euler3DTransform)
=============================================================================
  number of levels = 4
  fixed image: /home/mpib/nemecz/Projects/miniTRK/Results/01_MRI/GroupTempl/T1w/T_template0.nii.gz
  moving image: /home/mpib/nemecz/Projects/miniTRK/Analysis/01_MRI/Preproc/GroupTempl/T1w/sub-449900_T1w.nii.gz
Dimension = 3
Number of stages = 1
Use Histogram Matching true
Winsorize image intensities true
Lower quantile = 0.01
Upper quantile = 0.99
Stage 1 State
   Image metric = Mattes
     Fixed image = Image (0x559f550cdfe0)
  RTTI typeinfo:   itk::Image<float, 3u>
  Reference Count: 2
  Modified Time: 1667
  Debug: Off
  Object Name: 
  Observers: 
    none
  Source: (none)
  Source output name: (none)
  Release Data: Off
  Data Released: False
  Global Release Data: Off
  PipelineMTime: 0
  UpdateMTime: 1452
  RealTimeStamp: 0 seconds 
  LargestPossibleRegion: 
    Dimension: 3
    Index: [0, 0, 0]
    Size: [192, 256, 256]
  BufferedRegion: 
    Dimension: 3
    Index: [0, 0, 0]
    Size: [192, 256, 256]
  RequestedRegion: 
    Dimension: 3
    Index: [0, 0, 0]
    Size: [192, 256, 256]
  Spacing: [1, 1, 1]
  Origin: [95.0313, 100.538, -154.123]
  Direction: 
-0.999853 -0.014134 -0.00966312
0.014129 -0.9999 0.000586045
-0.00967044 0.000449429 0.999953

  IndexToPointMatrix: 
-0.999853 -0.014134 -0.00966312
0.014129 -0.9999 0.000586045
-0.00967044 0.000449429 0.999953

  PointToIndexMatrix: 
-0.999853 0.014129 -0.00967044
-0.014134 -0.9999 0.000449429
-0.00966312 0.000586045 0.999953

  Inverse Direction: 
-0.999853 0.014129 -0.00967044
-0.014134 -0.9999 0.000449429
-0.00966312 0.000586045 0.999953

  PixelContainer: 
    ImportImageContainer (0x559f550da970)
      RTTI typeinfo:   itk::ImportImageContainer<unsigned long, float>
      Reference Count: 1
      Modified Time: 1449
      Debug: Off
      Object Name: 
      Observers: 
        none
      Pointer: 0x7f679ac16010
      Container manages memory: true
      Size: 12582912
      Capacity: 12582912

     Moving image = Image (0x559f550da450)
  RTTI typeinfo:   itk::Image<float, 3u>
  Reference Count: 2
  Modified Time: 1668
  Debug: Off
  Object Name: 
  Observers: 
    none
  Source: (none)
  Source output name: (none)
  Release Data: Off
  Data Released: False
  Global Release Data: Off
  PipelineMTime: 0
  UpdateMTime: 1665
  RealTimeStamp: 0 seconds 
  LargestPossibleRegion: 
    Dimension: 3
    Index: [0, 0, 0]
    Size: [192, 256, 256]
  BufferedRegion: 
    Dimension: 3
    Index: [0, 0, 0]
    Size: [192, 256, 256]
  RequestedRegion: 
    Dimension: 3
    Index: [0, 0, 0]
    Size: [192, 256, 256]
  Spacing: [1, 1, 1]
  Origin: [103.265, 74.7231, -171.779]
  Direction: 
-0.998711 -0.0460974 -0.0212455
0.042647 -0.989056 0.141245
-0.027524 0.140157 0.989747

  IndexToPointMatrix: 
-0.998711 -0.0460974 -0.0212455
0.042647 -0.989056 0.141245
-0.027524 0.140157 0.989747

  PointToIndexMatrix: 
-0.998711 0.042647 -0.027524
-0.0460974 -0.989056 0.140157
-0.0212455 0.141245 0.989747

  Inverse Direction: 
-0.998711 0.042647 -0.027524
-0.0460974 -0.989056 0.140157
-0.0212455 0.141245 0.989747

  PixelContainer: 
    ImportImageContainer (0x559f550cf1a0)
      RTTI typeinfo:   itk::ImportImageContainer<unsigned long, float>
      Reference Count: 1
      Modified Time: 1662
      Debug: Off
      Object Name: 
      Observers: 
        none
      Pointer: 0x7f6797c15010
      Container manages memory: true
      Size: 12582912
      Capacity: 12582912

     Weighting = 1
     Sampling strategy = regular
     Number of bins = 32
     Radius = 4
     Sampling percentage  = 0.25
   Transform = Rigid
     Gradient step = 0.1
     Update field sigma (voxel space) = 0
     Total field sigma (voxel space) = 0
     Update field time sigma = 0
     Total field time sigma  = 0
     Number of time indices = 0
     Number of time point samples = 0
Registration using 1 total stages.

Stage 0
  iterations = 1000x500x250x0
  convergence threshold = 1e-06
  convergence window size = 10
  number of levels = 4
  using the Mattes MI metric (number of bins = 32, weight = 1)
  preprocessing:  winsorizing the image intensities
  preprocessing:  histogram matching the images
  Shrink factors (level 1 out of 4): [6, 6, 6]
  Shrink factors (level 2 out of 4): [4, 4, 4]
  Shrink factors (level 3 out of 4): [2, 2, 2]
  Shrink factors (level 4 out of 4): [1, 1, 1]
  smoothing sigmas per level: [3, 2, 1, 0]
  regular sampling (percentage = 0.25)

*** Running Euler3DTransform registration ***

DIAGNOSTIC,Iteration,metricValue,convergenceValue,ITERATION_TIME_INDEX,SINCE_LAST
 2DIAGNOSTIC,     1, -9.046168923378e-01, inf, 6.4092e-01, 6.4092e-01, 
 2DIAGNOSTIC,     2, -9.064022898674e-01, inf, 6.4929e-01, 8.3671e-03, 
 2DIAGNOSTIC,     3, -9.091511964798e-01, inf, 6.5727e-01, 7.9868e-03, 
 2DIAGNOSTIC,     4, -9.128980636597e-01, inf, 6.6518e-01, 7.9021e-03, 
 2DIAGNOSTIC,     5, -9.169450402260e-01, inf, 6.7311e-01, 7.9331e-03, 
 2DIAGNOSTIC,     6, -9.193360209465e-01, inf, 6.8096e-01, 7.8521e-03, 
 2DIAGNOSTIC,     7, -9.206873774529e-01, inf, 6.8887e-01, 7.9060e-03, 
 2DIAGNOSTIC,     8, -9.230532646179e-01, inf, 6.9721e-01, 8.3430e-03, 
 2DIAGNOSTIC,     9, -9.256569147110e-01, inf, 7.1066e-01, 1.3447e-02, 
 2DIAGNOSTIC,    10, -9.265319108963e-01, 1.632054569200e-03, 7.1880e-01, 8.1420e-03, 
 2DIAGNOSTIC,    11, -9.269633889198e-01, 1.348391990177e-03, 7.2686e-01, 8.0600e-03, 
 2DIAGNOSTIC,    12, -9.274767041206e-01, 1.051990082487e-03, 7.3475e-01, 7.8890e-03, 
 2DIAGNOSTIC,    13, -9.282013773918e-01, 7.878637989052e-04, 7.4363e-01, 8.8801e-03, 
 2DIAGNOSTIC,    14, -9.312391877174e-01, 6.372918142006e-04, 7.5573e-01, 1.2103e-02, 
 2DIAGNOSTIC,    15, -9.322488307953e-01, 5.508669419214e-04, 7.6812e-01, 1.2388e-02, 
 2DIAGNOSTIC,    16, -9.322609901428e-01, 4.721730365418e-04, 7.7579e-01, 7.6740e-03, 
 2DIAGNOSTIC,    17, -9.322065114975e-01, 3.835729148705e-04, 7.8364e-01, 7.8459e-03, 
 2DIAGNOSTIC,    18, -9.321494102478e-01, 3.080869500991e-04, 7.9241e-01, 8.7688e-03, 
 2DIAGNOSTIC,    19, -9.321201443672e-01, 2.528661862016e-04, 8.0026e-01, 7.8492e-03, 
 2DIAGNOSTIC,    20, -9.320935606956e-01, 1.925799879245e-04, 8.0795e-01, 7.6880e-03, 
 2DIAGNOSTIC,    21, -9.321053624153e-01, 1.273699454032e-04, 8.1672e-01, 8.7731e-03, 
 2DIAGNOSTIC,    22, -9.321096539497e-01, 6.407725595636e-05, 8.2451e-01, 7.7920e-03, 
 2DIAGNOSTIC,    23, -9.320800900459e-01, 8.776938557276e-06, 8.3235e-01, 7.8399e-03, 
DIAGNOSTIC,Iteration,metricValue,convergenceValue,ITERATION_TIME_INDEX,SINCE_LAST
 2DIAGNOSTIC,     1, -7.922385334969e-01, inf, 1.4902e+00, 6.5788e-01, 
 2DIAGNOSTIC,     2, -7.924355864525e-01, inf, 1.5235e+00, 3.3303e-02, 
 2DIAGNOSTIC,     3, -7.925049662590e-01, inf, 1.5549e+00, 3.1407e-02, 
 2DIAGNOSTIC,     4, -7.925857901573e-01, inf, 1.5959e+00, 4.0993e-02, 
 2DIAGNOSTIC,     5, -7.925943136215e-01, inf, 1.6374e+00, 4.1445e-02, 
 2DIAGNOSTIC,     6, -7.925856709480e-01, inf, 1.6740e+00, 3.6625e-02, 
 2DIAGNOSTIC,     7, -7.925824522972e-01, inf, 1.7103e+00, 3.6320e-02, 
 2DIAGNOSTIC,     8, -7.925780415535e-01, inf, 1.7422e+00, 3.1911e-02, 
 2DIAGNOSTIC,     9, -7.925761938095e-01, inf, 1.7786e+00, 3.6405e-02, 
 2DIAGNOSTIC,    10, -7.925730347633e-01, 2.131478504452e-05, 1.8156e+00, 3.6963e-02, 
 2DIAGNOSTIC,    11, -7.925699949265e-01, 8.727633030503e-06, 1.8518e+00, 3.6207e-02, 
 2DIAGNOSTIC,    12, -7.925676107407e-01, 3.510181613819e-06, 1.8887e+00, 3.6854e-02, 
DIAGNOSTIC,Iteration,metricValue,convergenceValue,ITERATION_TIME_INDEX,SINCE_LAST
 2DIAGNOSTIC,     1, -6.874904036522e-01, inf, 2.8072e+00, 9.1849e-01, 
 2DIAGNOSTIC,     2, -6.877369880676e-01, inf, 3.0107e+00, 2.0358e-01, 
 2DIAGNOSTIC,     3, -6.877880096436e-01, inf, 3.2142e+00, 2.0342e-01, 
 2DIAGNOSTIC,     4, -6.878153085709e-01, inf, 3.4189e+00, 2.0472e-01, 
 2DIAGNOSTIC,     5, -6.878435611725e-01, inf, 3.7289e+00, 3.0998e-01, 
 2DIAGNOSTIC,     6, -6.878451704979e-01, inf, 3.9800e+00, 2.5117e-01, 
 2DIAGNOSTIC,     7, -6.878451704979e-01, inf, 4.2321e+00, 2.5205e-01, 
 2DIAGNOSTIC,     8, -6.878444552422e-01, inf, 4.4587e+00, 2.2661e-01, 
 2DIAGNOSTIC,     9, -6.878435015678e-01, inf, 4.6854e+00, 2.2672e-01, 
 2DIAGNOSTIC,    10, -6.878445148468e-01, 2.388349821558e-05, 4.9117e+00, 2.2628e-01, 
 2DIAGNOSTIC,    11, -6.878455281258e-01, 9.582984603185e-06, 5.1926e+00, 2.8092e-01, 
 2DIAGNOSTIC,    12, -6.878460049629e-01, 5.549201887334e-06, 5.4199e+00, 2.2734e-01, 
 2DIAGNOSTIC,    13, -6.878455877304e-01, 3.470613364698e-06, 5.6202e+00, 2.0027e-01, 
 2DIAGNOSTIC,    14, -6.878455281258e-01, 2.378099452471e-06, 5.8504e+00, 2.3016e-01, 
 2DIAGNOSTIC,    15, -6.878448724747e-01, 2.179879402320e-06, 6.0761e+00, 2.2577e-01, 
 2DIAGNOSTIC,    16, -6.878449320793e-01, 2.043198946922e-06, 6.3039e+00, 2.2778e-01, 
 2DIAGNOSTIC,    17, -6.878452301025e-01, 1.924895286720e-06, 6.5260e+00, 2.2213e-01, 
 2DIAGNOSTIC,    18, -6.878442764282e-01, 1.777460170160e-06, 6.7573e+00, 2.3123e-01, 
 2DIAGNOSTIC,    19, -6.878439784050e-01, 1.617986868041e-06, 6.9781e+00, 2.2083e-01, 
 2DIAGNOSTIC,    20, -6.878443360329e-01, 1.507660385869e-06, 7.2282e+00, 2.5013e-01, 
 2DIAGNOSTIC,    21, -6.878442168236e-01, 1.432198246221e-06, 7.4551e+00, 2.2689e-01, 
 2DIAGNOSTIC,    22, -6.878436207771e-01, 1.369104779769e-06, 7.6552e+00, 2.0004e-01, 
 2DIAGNOSTIC,    23, -6.878439784050e-01, 1.318197405453e-06, 7.9073e+00, 2.5212e-01, 
 2DIAGNOSTIC,    24, -6.878441572189e-01, 1.279879256799e-06, 8.1608e+00, 2.5352e-01, 
 2DIAGNOSTIC,    25, -6.878440976143e-01, 1.236610955857e-06, 8.3606e+00, 1.9979e-01, 
 2DIAGNOSTIC,    26, -6.878438591957e-01, 1.197003484776e-06, 8.5908e+00, 2.3024e-01, 
 2DIAGNOSTIC,    27, -6.878442168236e-01, 1.173589680548e-06, 8.8271e+00, 2.3633e-01, 
 2DIAGNOSTIC,    28, -6.878439784050e-01, 1.134577132689e-06, 9.0528e+00, 2.2561e-01, 
 2DIAGNOSTIC,    29, -6.878441572189e-01, 1.096439405046e-06, 9.3042e+00, 2.5147e-01, 
 2DIAGNOSTIC,    30, -6.878439188004e-01, 1.062547767106e-06, 9.5564e+00, 2.5220e-01, 
 2DIAGNOSTIC,    31, -6.878440380096e-01, 1.031066062751e-06, 9.7872e+00, 2.3080e-01, 
DIAGNOSTIC,Iteration,metricValue,convergenceValue,ITERATION_TIME_INDEX,SINCE_LAST
 2DIAGNOSTIC,     1, -6.091797947884e-01, inf, 1.2201e+01, 2.4135e+00, 
  Elapsed time (stage 0): 1.3330e+01


Total elapsed time: 1.3330e+01
Using single precision for computations.
Input scalar image: /home/mpib/nemecz/Projects/miniTRK/Analysis/01_MRI/Preproc/GroupTempl/T1w/sub-449900_T1w.nii.gz
Reference image: /home/mpib/nemecz/Projects/miniTRK/Results/01_MRI/GroupTempl/T1w/T_template0.nii.gz
=============================================================================
The composite transform comprises the following transforms (in order): 
  1. /home/mpib/nemecz/Projects/miniTRK/Results/01_MRI/GroupTempl/T1w/rigid12_0GenericAffine.mat (type = AffineTransform)
=============================================================================
Default pixel value: 0
Interpolation type: LinearInterpolateImageFunction
Output warped image: /home/mpib/nemecz/Projects/miniTRK/Results/01_MRI/GroupTempl/T1w/rigid12_0_sub-449900_T1w.nii.gz
