
Running N4 for 3-dimensional images.

Mask not read.  Using the entire image as the mask.

Original intensity range:  [0, 822]

***********************************************************
Warning:  Your input image contains nonpositive values
which could cause failure or problematic results.  A
possible workaround would be to:
   1. rescale your image to positive values e.g., [10,100].
   2. run N4 on your rescaled image.
   3. (optional) rescale the N4 output to the original
      intensity range.
***********************************************************

Specified spline distance: 200mm
  original image size:  [192, 256, 256]
  padded image size:  [201, 401, 401]
  number of control points:  [4, 5, 5]

Current level = 1
  Iteration 1 (of 50).   Current convergence value = 0.00020511 (threshold = 1e-08)
  Iteration 2 (of 50).   Current convergence value = 0.000189652 (threshold = 1e-08)
  Iteration 3 (of 50).   Current convergence value = 0.000181806 (threshold = 1e-08)
  Iteration 4 (of 50).   Current convergence value = 0.000176308 (threshold = 1e-08)
  Iteration 5 (of 50).   Current convergence value = 0.0001717 (threshold = 1e-08)
  Iteration 6 (of 50).   Current convergence value = 0.000167655 (threshold = 1e-08)
  Iteration 7 (of 50).   Current convergence value = 0.000163991 (threshold = 1e-08)
  Iteration 8 (of 50).   Current convergence value = 0.000160443 (threshold = 1e-08)
  Iteration 9 (of 50).   Current convergence value = 0.000157022 (threshold = 1e-08)
  Iteration 10 (of 50).   Current convergence value = 0.000153677 (threshold = 1e-08)
  Iteration 11 (of 50).   Current convergence value = 0.000150589 (threshold = 1e-08)
  Iteration 12 (of 50).   Current convergence value = 0.000147672 (threshold = 1e-08)
  Iteration 13 (of 50).   Current convergence value = 0.000144786 (threshold = 1e-08)
  Iteration 14 (of 50).   Current convergence value = 0.000141799 (threshold = 1e-08)
  Iteration 15 (of 50).   Current convergence value = 0.000139152 (threshold = 1e-08)
  Iteration 16 (of 50).   Current convergence value = 0.000136543 (threshold = 1e-08)
  Iteration 17 (of 50).   Current convergence value = 0.000134041 (threshold = 1e-08)
  Iteration 18 (of 50).   Current convergence value = 0.000131642 (threshold = 1e-08)
  Iteration 19 (of 50).   Current convergence value = 0.000129403 (threshold = 1e-08)
  Iteration 20 (of 50).   Current convergence value = 0.000127227 (threshold = 1e-08)
  Iteration 21 (of 50).   Current convergence value = 0.00012522 (threshold = 1e-08)
  Iteration 22 (of 50).   Current convergence value = 0.000123344 (threshold = 1e-08)
  Iteration 23 (of 50).   Current convergence value = 0.000121426 (threshold = 1e-08)
  Iteration 24 (of 50).   Current convergence value = 0.000119607 (threshold = 1e-08)
  Iteration 25 (of 50).   Current convergence value = 0.000117899 (threshold = 1e-08)
  Iteration 26 (of 50).   Current convergence value = 0.000116243 (threshold = 1e-08)
  Iteration 27 (of 50).   Current convergence value = 0.000114723 (threshold = 1e-08)
  Iteration 28 (of 50).   Current convergence value = 0.000113229 (threshold = 1e-08)
  Iteration 29 (of 50).   Current convergence value = 0.000111889 (threshold = 1e-08)
  Iteration 30 (of 50).   Current convergence value = 0.000110531 (threshold = 1e-08)
  Iteration 31 (of 50).   Current convergence value = 0.000109247 (threshold = 1e-08)
  Iteration 32 (of 50).   Current convergence value = 0.000107982 (threshold = 1e-08)
  Iteration 33 (of 50).   Current convergence value = 0.000106765 (threshold = 1e-08)
  Iteration 34 (of 50).   Current convergence value = 0.000105532 (threshold = 1e-08)
  Iteration 35 (of 50).   Current convergence value = 0.000104448 (threshold = 1e-08)
  Iteration 36 (of 50).   Current convergence value = 0.000103389 (threshold = 1e-08)
  Iteration 37 (of 50).   Current convergence value = 0.000102476 (threshold = 1e-08)
  Iteration 38 (of 50).   Current convergence value = 0.00010151 (threshold = 1e-08)
  Iteration 39 (of 50).   Current convergence value = 0.000100601 (threshold = 1e-08)
  Iteration 40 (of 50).   Current convergence value = 9.96985e-05 (threshold = 1e-08)
  Iteration 41 (of 50).   Current convergence value = 9.87559e-05 (threshold = 1e-08)
  Iteration 42 (of 50).   Current convergence value = 9.79893e-05 (threshold = 1e-08)
  Iteration 43 (of 50).   Current convergence value = 9.72098e-05 (threshold = 1e-08)
  Iteration 44 (of 50).   Current convergence value = 9.647e-05 (threshold = 1e-08)
  Iteration 45 (of 50).   Current convergence value = 9.5658e-05 (threshold = 1e-08)
  Iteration 46 (of 50).   Current convergence value = 9.49807e-05 (threshold = 1e-08)
  Iteration 47 (of 50).   Current convergence value = 9.43345e-05 (threshold = 1e-08)
  Iteration 48 (of 50).   Current convergence value = 9.36843e-05 (threshold = 1e-08)
  Iteration 49 (of 50).   Current convergence value = 9.30628e-05 (threshold = 1e-08)
  Iteration 50 (of 50).   Current convergence value = 9.24485e-05 (threshold = 1e-08)
Current level = 2
  Iteration 1 (of 50).   Current convergence value = 0.000452623 (threshold = 1e-08)
  Iteration 2 (of 50).   Current convergence value = 0.00036774 (threshold = 1e-08)
  Iteration 3 (of 50).   Current convergence value = 0.000309138 (threshold = 1e-08)
  Iteration 4 (of 50).   Current convergence value = 0.000264241 (threshold = 1e-08)
  Iteration 5 (of 50).   Current convergence value = 0.000224598 (threshold = 1e-08)
  Iteration 6 (of 50).   Current convergence value = 0.000192435 (threshold = 1e-08)
  Iteration 7 (of 50).   Current convergence value = 0.000174237 (threshold = 1e-08)
  Iteration 8 (of 50).   Current convergence value = 0.000170234 (threshold = 1e-08)
  Iteration 9 (of 50).   Current convergence value = 0.000161535 (threshold = 1e-08)
  Iteration 10 (of 50).   Current convergence value = 0.000150615 (threshold = 1e-08)
  Iteration 11 (of 50).   Current convergence value = 0.000140051 (threshold = 1e-08)
  Iteration 12 (of 50).   Current convergence value = 0.000131376 (threshold = 1e-08)
  Iteration 13 (of 50).   Current convergence value = 0.000123806 (threshold = 1e-08)
  Iteration 14 (of 50).   Current convergence value = 0.000116798 (threshold = 1e-08)
  Iteration 15 (of 50).   Current convergence value = 0.000110428 (threshold = 1e-08)
  Iteration 16 (of 50).   Current convergence value = 0.000105072 (threshold = 1e-08)
  Iteration 17 (of 50).   Current convergence value = 0.000105776 (threshold = 1e-08)
  Iteration 18 (of 50).   Current convergence value = 0.000106982 (threshold = 1e-08)
  Iteration 19 (of 50).   Current convergence value = 0.000108222 (threshold = 1e-08)
  Iteration 20 (of 50).   Current convergence value = 0.000108896 (threshold = 1e-08)
  Iteration 21 (of 50).   Current convergence value = 0.000109701 (threshold = 1e-08)
  Iteration 22 (of 50).   Current convergence value = 0.000110219 (threshold = 1e-08)
  Iteration 23 (of 50).   Current convergence value = 0.00011041 (threshold = 1e-08)
  Iteration 24 (of 50).   Current convergence value = 0.000110665 (threshold = 1e-08)
  Iteration 25 (of 50).   Current convergence value = 0.000110599 (threshold = 1e-08)
  Iteration 26 (of 50).   Current convergence value = 0.000110374 (threshold = 1e-08)
  Iteration 27 (of 50).   Current convergence value = 0.000110229 (threshold = 1e-08)
  Iteration 28 (of 50).   Current convergence value = 0.000109781 (threshold = 1e-08)
  Iteration 29 (of 50).   Current convergence value = 0.000109415 (threshold = 1e-08)
  Iteration 30 (of 50).   Current convergence value = 0.000109048 (threshold = 1e-08)
  Iteration 31 (of 50).   Current convergence value = 0.000108498 (threshold = 1e-08)
  Iteration 32 (of 50).   Current convergence value = 0.000107993 (threshold = 1e-08)
  Iteration 33 (of 50).   Current convergence value = 0.000107359 (threshold = 1e-08)
  Iteration 34 (of 50).   Current convergence value = 0.000106791 (threshold = 1e-08)
  Iteration 35 (of 50).   Current convergence value = 0.00010619 (threshold = 1e-08)
  Iteration 36 (of 50).   Current convergence value = 0.000105694 (threshold = 1e-08)
  Iteration 37 (of 50).   Current convergence value = 0.000104858 (threshold = 1e-08)
  Iteration 38 (of 50).   Current convergence value = 0.000104198 (threshold = 1e-08)
  Iteration 39 (of 50).   Current convergence value = 0.000103597 (threshold = 1e-08)
  Iteration 40 (of 50).   Current convergence value = 0.000102917 (threshold = 1e-08)
  Iteration 41 (of 50).   Current convergence value = 0.000102258 (threshold = 1e-08)
  Iteration 42 (of 50).   Current convergence value = 0.000101525 (threshold = 1e-08)
  Iteration 43 (of 50).   Current convergence value = 0.000100877 (threshold = 1e-08)
  Iteration 44 (of 50).   Current convergence value = 0.00010006 (threshold = 1e-08)
  Iteration 45 (of 50).   Current convergence value = 9.94229e-05 (threshold = 1e-08)
  Iteration 46 (of 50).   Current convergence value = 9.8804e-05 (threshold = 1e-08)
  Iteration 47 (of 50).   Current convergence value = 9.80382e-05 (threshold = 1e-08)
  Iteration 48 (of 50).   Current convergence value = 9.73874e-05 (threshold = 1e-08)
  Iteration 49 (of 50).   Current convergence value = 9.6765e-05 (threshold = 1e-08)
  Iteration 50 (of 50).   Current convergence value = 9.61841e-05 (threshold = 1e-08)
Current level = 3
  Iteration 1 (of 40).   Current convergence value = 0.00173396 (threshold = 1e-08)
  Iteration 2 (of 40).   Current convergence value = 0.00127898 (threshold = 1e-08)
  Iteration 3 (of 40).   Current convergence value = 0.00105296 (threshold = 1e-08)
  Iteration 4 (of 40).   Current convergence value = 0.000913266 (threshold = 1e-08)
  Iteration 5 (of 40).   Current convergence value = 0.000822394 (threshold = 1e-08)
  Iteration 6 (of 40).   Current convergence value = 0.000766755 (threshold = 1e-08)
  Iteration 7 (of 40).   Current convergence value = 0.000733201 (threshold = 1e-08)
  Iteration 8 (of 40).   Current convergence value = 0.000704253 (threshold = 1e-08)
  Iteration 9 (of 40).   Current convergence value = 0.000679574 (threshold = 1e-08)
  Iteration 10 (of 40).   Current convergence value = 0.000658736 (threshold = 1e-08)
  Iteration 11 (of 40).   Current convergence value = 0.000639814 (threshold = 1e-08)
  Iteration 12 (of 40).   Current convergence value = 0.000622847 (threshold = 1e-08)
  Iteration 13 (of 40).   Current convergence value = 0.000608322 (threshold = 1e-08)
  Iteration 14 (of 40).   Current convergence value = 0.00059618 (threshold = 1e-08)
  Iteration 15 (of 40).   Current convergence value = 0.000585719 (threshold = 1e-08)
  Iteration 16 (of 40).   Current convergence value = 0.000576883 (threshold = 1e-08)
  Iteration 17 (of 40).   Current convergence value = 0.000569423 (threshold = 1e-08)
  Iteration 18 (of 40).   Current convergence value = 0.000563147 (threshold = 1e-08)
  Iteration 19 (of 40).   Current convergence value = 0.000556609 (threshold = 1e-08)
  Iteration 20 (of 40).   Current convergence value = 0.000532811 (threshold = 1e-08)
  Iteration 21 (of 40).   Current convergence value = 0.000503674 (threshold = 1e-08)
  Iteration 22 (of 40).   Current convergence value = 0.000478292 (threshold = 1e-08)
  Iteration 23 (of 40).   Current convergence value = 0.000455893 (threshold = 1e-08)
  Iteration 24 (of 40).   Current convergence value = 0.000435879 (threshold = 1e-08)
  Iteration 25 (of 40).   Current convergence value = 0.00041787 (threshold = 1e-08)
  Iteration 26 (of 40).   Current convergence value = 0.000401562 (threshold = 1e-08)
  Iteration 27 (of 40).   Current convergence value = 0.000386653 (threshold = 1e-08)
  Iteration 28 (of 40).   Current convergence value = 0.000372898 (threshold = 1e-08)
  Iteration 29 (of 40).   Current convergence value = 0.000360322 (threshold = 1e-08)
  Iteration 30 (of 40).   Current convergence value = 0.000348966 (threshold = 1e-08)
  Iteration 31 (of 40).   Current convergence value = 0.000338461 (threshold = 1e-08)
  Iteration 32 (of 40).   Current convergence value = 0.000328736 (threshold = 1e-08)
  Iteration 33 (of 40).   Current convergence value = 0.000319691 (threshold = 1e-08)
  Iteration 34 (of 40).   Current convergence value = 0.000311297 (threshold = 1e-08)
  Iteration 35 (of 40).   Current convergence value = 0.000303438 (threshold = 1e-08)
  Iteration 36 (of 40).   Current convergence value = 0.000296103 (threshold = 1e-08)
  Iteration 37 (of 40).   Current convergence value = 0.000289276 (threshold = 1e-08)
  Iteration 38 (of 40).   Current convergence value = 0.000282901 (threshold = 1e-08)
  Iteration 39 (of 40).   Current convergence value = 0.000276819 (threshold = 1e-08)
  Iteration 40 (of 40).   Current convergence value = 0.000270987 (threshold = 1e-08)
Current level = 4
  Iteration 1 (of 30).   Current convergence value = 0.00213304 (threshold = 1e-08)
  Iteration 2 (of 30).   Current convergence value = 0.00187958 (threshold = 1e-08)
  Iteration 3 (of 30).   Current convergence value = 0.00178853 (threshold = 1e-08)
  Iteration 4 (of 30).   Current convergence value = 0.00171411 (threshold = 1e-08)
  Iteration 5 (of 30).   Current convergence value = 0.00165794 (threshold = 1e-08)
  Iteration 6 (of 30).   Current convergence value = 0.00161251 (threshold = 1e-08)
  Iteration 7 (of 30).   Current convergence value = 0.00157045 (threshold = 1e-08)
  Iteration 8 (of 30).   Current convergence value = 0.00153696 (threshold = 1e-08)
  Iteration 9 (of 30).   Current convergence value = 0.00150526 (threshold = 1e-08)
  Iteration 10 (of 30).   Current convergence value = 0.00147246 (threshold = 1e-08)
  Iteration 11 (of 30).   Current convergence value = 0.00144166 (threshold = 1e-08)
  Iteration 12 (of 30).   Current convergence value = 0.00140956 (threshold = 1e-08)
  Iteration 13 (of 30).   Current convergence value = 0.00137581 (threshold = 1e-08)
  Iteration 14 (of 30).   Current convergence value = 0.00134202 (threshold = 1e-08)
  Iteration 15 (of 30).   Current convergence value = 0.00130653 (threshold = 1e-08)
  Iteration 16 (of 30).   Current convergence value = 0.00127096 (threshold = 1e-08)
  Iteration 17 (of 30).   Current convergence value = 0.00123852 (threshold = 1e-08)
  Iteration 18 (of 30).   Current convergence value = 0.00120327 (threshold = 1e-08)
  Iteration 19 (of 30).   Current convergence value = 0.00116928 (threshold = 1e-08)
  Iteration 20 (of 30).   Current convergence value = 0.00113362 (threshold = 1e-08)
  Iteration 21 (of 30).   Current convergence value = 0.00109556 (threshold = 1e-08)
  Iteration 22 (of 30).   Current convergence value = 0.00105486 (threshold = 1e-08)
  Iteration 23 (of 30).   Current convergence value = 0.00101114 (threshold = 1e-08)
  Iteration 24 (of 30).   Current convergence value = 0.000962363 (threshold = 1e-08)
  Iteration 25 (of 30).   Current convergence value = 0.000910016 (threshold = 1e-08)
  Iteration 26 (of 30).   Current convergence value = 0.000787861 (threshold = 1e-08)
  Iteration 27 (of 30).   Current convergence value = 0.000658625 (threshold = 1e-08)
  Iteration 28 (of 30).   Current convergence value = 0.000577154 (threshold = 1e-08)
  Iteration 29 (of 30).   Current convergence value = 0.000521784 (threshold = 1e-08)
  Iteration 30 (of 30).   Current convergence value = 0.000481534 (threshold = 1e-08)
   N4BiasFieldCorrectionImageFilter (0x56341d92ce20)
     RTTI typeinfo:   itk::N4BiasFieldCorrectionImageFilter<itk::Image<float, 3u>, itk::Image<float, 3u>, itk::Image<float, 3u> >
     Reference Count: 1
     Modified Time: 565
     Debug: Off
     Object Name: 
     Observers: 
       IterationEvent(Command)
     Inputs: 
       ConfidenceImage: (0)
       MaskImage: (0x56341d9575c0)
       Primary: (0x56341d952a40) *
     Indexed Inputs: 
       0: Primary (0x56341d952a40)
       1: MaskImage (0x56341d9575c0)
       2: ConfidenceImage (0)
     Required Input Names: Primary
     NumberOfRequiredInputs: 1
     Outputs: 
       Primary: (0x56341d93cef0)
     Indexed Outputs: 
       0: Primary (0x56341d93cef0)
     NumberOfRequiredOutputs: 1
     Number Of Work Units: 32
     ReleaseDataFlag: Off
     ReleaseDataBeforeUpdateFlag: Off
     AbortGenerateData: Off
     Progress: 0
     Multithreader: 
       RTTI typeinfo:   itk::PoolMultiThreader
       Reference Count: 1
       Modified Time: 144
       Debug: Off
       Object Name: 
       Observers: 
         none
       Number of Work Units: 32
       Number of Threads: 8
       Global Maximum Number Of Threads: 128
       Global Default Number Of Threads: 8
       Global Default Threader Type: itk::MultiThreaderBaseEnums::Threader::Pool
       SingleMethod: 0
       SingleData: 0
     DynamicMultiThreading: On
     CoordinateTolerance: 1e-06
     DirectionTolerance: 1e-06
     Use Mask Label: 0
     Mask label: 1
     Number of histogram bins: 200
     Wiener filter noise: 0.01
     Bias field FWHM: 0.15
     Maximum number of iterations: [50, 50, 40, 30]
     Convergence threshold: 1e-08
     Spline order: 3
     Number of fitting levels: [4, 4, 4]
     Number of control points: [4, 5, 5]
     CurrentConvergenceMeasurement: 0.000481534
     CurrentLevel: 4
     ElapsedIterations: 31
     LogBiasFieldControlPointLattice: 
       Image (0x563427ad4380)
         RTTI typeinfo:   itk::Image<itk::Vector<float, 1u>, 3u>
         Reference Count: 1
         Modified Time: 343560
         Debug: Off
         Object Name: 
         Observers: 
           none
         Source: (none)
         Source output name: (none)
         Release Data: Off
         Data Released: False
         Global Release Data: Off
         PipelineMTime: 0
         UpdateMTime: 0
         RealTimeStamp: 0 seconds 
         LargestPossibleRegion: 
           Dimension: 3
           Index: [0, 0, 0]
           Size: [11, 19, 19]
         BufferedRegion: 
           Dimension: 3
           Index: [0, 0, 0]
           Size: [11, 19, 19]
         RequestedRegion: 
           Dimension: 3
           Index: [0, 0, 0]
           Size: [11, 19, 19]
         Spacing: [24.75, 24.875, 24.875]
         Origin: [27.3951, 19.6044, -26.7445]
         Direction: 
-0.996464 -0.0322875 -0.0775647
0.0180379 -0.983896 0.177831
-0.0820573 0.175803 0.980999

         IndexToPointMatrix: 
-24.6625 -0.803151 -1.92942
0.446438 -24.4744 4.42355
-2.03092 4.3731 24.4024

         PointToIndexMatrix: 
-0.0402612 0.000728804 -0.00331545
-0.00129799 -0.0395536 0.00706747
-0.00311818 0.00714898 0.0394372

         Inverse Direction: 
-0.996464 0.0180379 -0.0820573
-0.0322875 -0.983896 0.175803
-0.0775647 0.177831 0.980999

         PixelContainer: 
           ImportImageContainer (0x56342ab56a60)
             RTTI typeinfo:   itk::ImportImageContainer<unsigned long, itk::Vector<float, 1u> >
             Reference Count: 1
             Modified Time: 343561
             Debug: Off
             Object Name: 
             Observers: 
               none
             Pointer: 0x563427ad0560
             Container manages memory: true
             Size: 3971
             Capacity: 3971
Elapsed time: 271.468
All_Command_lines_OK
Using single precision for computations.
=============================================================================
The composite transform comprises the following transforms (in order): 
  1. Center of mass alignment using fixed image: /home/mpib/nemecz/Projects/miniTRK/Results/01_MRI/GroupTempl/T1w/T_template0.nii.gz and moving image: /home/mpib/nemecz/Projects/miniTRK/Analysis/01_MRI/Preproc/GroupTempl/T1w/sub-652844_T1w.nii.gz (type = Euler3DTransform)
=============================================================================
  number of levels = 4
  number of levels = 4
  number of levels = 4
  fixed image: /home/mpib/nemecz/Projects/miniTRK/Results/01_MRI/GroupTempl/T1w/T_template0.nii.gz
  moving image: /home/mpib/nemecz/Projects/miniTRK/Results/01_MRI/GroupTempl/T1w/T_template0sub-652844_T1wRepaired.nii.gz
  fixed image: /home/mpib/nemecz/Projects/miniTRK/Results/01_MRI/GroupTempl/T1w/T_template0.nii.gz
  moving image: /home/mpib/nemecz/Projects/miniTRK/Results/01_MRI/GroupTempl/T1w/T_template0sub-652844_T1wRepaired.nii.gz
  fixed image: /home/mpib/nemecz/Projects/miniTRK/Results/01_MRI/GroupTempl/T1w/T_template0.nii.gz
  moving image: /home/mpib/nemecz/Projects/miniTRK/Results/01_MRI/GroupTempl/T1w/T_template0sub-652844_T1wRepaired.nii.gz
Dimension = 3
Number of stages = 3
Use Histogram Matching true
Winsorize image intensities true
Lower quantile = 0.01
Upper quantile = 0.99
Stage 1 State
   Image metric = Mattes
     Fixed image = Image (0x560f31673ad0)
  RTTI typeinfo:   itk::Image<float, 3u>
  Reference Count: 2
  Modified Time: 1721
  Debug: Off
  Object Name: 
  Observers: 
    none
  Source: (none)
  Source output name: (none)
  Release Data: Off
  Data Released: False
  Global Release Data: Off
  PipelineMTime: 0
  UpdateMTime: 1506
  RealTimeStamp: 0 seconds 
  LargestPossibleRegion: 
    Dimension: 3
    Index: [0, 0, 0]
    Size: [192, 256, 256]
  BufferedRegion: 
    Dimension: 3
    Index: [0, 0, 0]
    Size: [192, 256, 256]
  RequestedRegion: 
    Dimension: 3
    Index: [0, 0, 0]
    Size: [192, 256, 256]
  Spacing: [1, 1, 1]
  Origin: [95.0313, 100.538, -154.123]
  Direction: 
-0.999853 -0.014134 -0.00966312
0.014129 -0.9999 0.000586045
-0.00967044 0.000449429 0.999953

  IndexToPointMatrix: 
-0.999853 -0.014134 -0.00966312
0.014129 -0.9999 0.000586045
-0.00967044 0.000449429 0.999953

  PointToIndexMatrix: 
-0.999853 0.014129 -0.00967044
-0.014134 -0.9999 0.000449429
-0.00966312 0.000586045 0.999953

  Inverse Direction: 
-0.999853 0.014129 -0.00967044
-0.014134 -0.9999 0.000449429
-0.00966312 0.000586045 0.999953

  PixelContainer: 
    ImportImageContainer (0x560f3167bc80)
      RTTI typeinfo:   itk::ImportImageContainer<unsigned long, float>
      Reference Count: 1
      Modified Time: 1503
      Debug: Off
      Object Name: 
      Observers: 
        none
      Pointer: 0x7f5527016010
      Container manages memory: true
      Size: 12582912
      Capacity: 12582912

     Moving image = Image (0x560f31674bc0)
  RTTI typeinfo:   itk::Image<float, 3u>
  Reference Count: 2
  Modified Time: 1722
  Debug: Off
  Object Name: 
  Observers: 
    none
  Source: (none)
  Source output name: (none)
  Release Data: Off
  Data Released: False
  Global Release Data: Off
  PipelineMTime: 0
  UpdateMTime: 1719
  RealTimeStamp: 0 seconds 
  LargestPossibleRegion: 
    Dimension: 3
    Index: [0, 0, 0]
    Size: [192, 256, 256]
  BufferedRegion: 
    Dimension: 3
    Index: [0, 0, 0]
    Size: [192, 256, 256]
  RequestedRegion: 
    Dimension: 3
    Index: [0, 0, 0]
    Size: [192, 256, 256]
  Spacing: [1, 1, 1]
  Origin: [107.044, 69.5572, -162.373]
  Direction: 
-0.996464 -0.0322875 -0.0775647
0.0180379 -0.983896 0.177831
-0.0820573 0.175803 0.980999

  IndexToPointMatrix: 
-0.996464 -0.0322875 -0.0775647
0.0180379 -0.983896 0.177831
-0.0820573 0.175803 0.980999

  PointToIndexMatrix: 
-0.996464 0.0180379 -0.0820573
-0.0322875 -0.983896 0.175803
-0.0775647 0.177831 0.980999

  Inverse Direction: 
-0.996464 0.0180379 -0.0820573
-0.0322875 -0.983896 0.175803
-0.0775647 0.177831 0.980999

  PixelContainer: 
    ImportImageContainer (0x560f31680100)
      RTTI typeinfo:   itk::ImportImageContainer<unsigned long, float>
      Reference Count: 1
      Modified Time: 1716
      Debug: Off
      Object Name: 
      Observers: 
        none
      Pointer: 0x7f5524015010
      Container manages memory: true
      Size: 12582912
      Capacity: 12582912

     Weighting = 1
     Sampling strategy = regular
     Number of bins = 32
     Radius = 4
     Sampling percentage  = 0.25
   Transform = Rigid
     Gradient step = 0.1
     Update field sigma (voxel space) = 0
     Total field sigma (voxel space) = 0
     Update field time sigma = 0
     Total field time sigma  = 0
     Number of time indices = 0
     Number of time point samples = 0
Stage 2 State
   Image metric = Mattes
     Fixed image = Image (0x560f3168c870)
  RTTI typeinfo:   itk::Image<float, 3u>
  Reference Count: 2
  Modified Time: 2149
  Debug: Off
  Object Name: 
  Observers: 
    none
  Source: (none)
  Source output name: (none)
  Release Data: Off
  Data Released: False
  Global Release Data: Off
  PipelineMTime: 0
  UpdateMTime: 1934
  RealTimeStamp: 0 seconds 
  LargestPossibleRegion: 
    Dimension: 3
    Index: [0, 0, 0]
    Size: [192, 256, 256]
  BufferedRegion: 
    Dimension: 3
    Index: [0, 0, 0]
    Size: [192, 256, 256]
  RequestedRegion: 
    Dimension: 3
    Index: [0, 0, 0]
    Size: [192, 256, 256]
  Spacing: [1, 1, 1]
  Origin: [95.0313, 100.538, -154.123]
  Direction: 
-0.999853 -0.014134 -0.00966312
0.014129 -0.9999 0.000586045
-0.00967044 0.000449429 0.999953

  IndexToPointMatrix: 
-0.999853 -0.014134 -0.00966312
0.014129 -0.9999 0.000586045
-0.00967044 0.000449429 0.999953

  PointToIndexMatrix: 
-0.999853 0.014129 -0.00967044
-0.014134 -0.9999 0.000449429
-0.00966312 0.000586045 0.999953

  Inverse Direction: 
-0.999853 0.014129 -0.00967044
-0.014134 -0.9999 0.000449429
-0.00966312 0.000586045 0.999953

  PixelContainer: 
    ImportImageContainer (0x560f316776d0)
      RTTI typeinfo:   itk::ImportImageContainer<unsigned long, float>
      Reference Count: 1
      Modified Time: 1931
      Debug: Off
      Object Name: 
      Observers: 
        none
      Pointer: 0x7f5521014010
      Container manages memory: true
      Size: 12582912
      Capacity: 12582912

     Moving image = Image (0x560f3168c4c0)
  RTTI typeinfo:   itk::Image<float, 3u>
  Reference Count: 2
  Modified Time: 2150
  Debug: Off
  Object Name: 
  Observers: 
    none
  Source: (none)
  Source output name: (none)
  Release Data: Off
  Data Released: False
  Global Release Data: Off
  PipelineMTime: 0
  UpdateMTime: 2147
  RealTimeStamp: 0 seconds 
  LargestPossibleRegion: 
    Dimension: 3
    Index: [0, 0, 0]
    Size: [192, 256, 256]
  BufferedRegion: 
    Dimension: 3
    Index: [0, 0, 0]
    Size: [192, 256, 256]
  RequestedRegion: 
    Dimension: 3
    Index: [0, 0, 0]
    Size: [192, 256, 256]
  Spacing: [1, 1, 1]
  Origin: [107.044, 69.5572, -162.373]
  Direction: 
-0.996464 -0.0322875 -0.0775647
0.0180379 -0.983896 0.177831
-0.0820573 0.175803 0.980999

  IndexToPointMatrix: 
-0.996464 -0.0322875 -0.0775647
0.0180379 -0.983896 0.177831
-0.0820573 0.175803 0.980999

  PointToIndexMatrix: 
-0.996464 0.0180379 -0.0820573
-0.0322875 -0.983896 0.175803
-0.0775647 0.177831 0.980999

  Inverse Direction: 
-0.996464 0.0180379 -0.0820573
-0.0322875 -0.983896 0.175803
-0.0775647 0.177831 0.980999

  PixelContainer: 
    ImportImageContainer (0x560f3168d8c0)
      RTTI typeinfo:   itk::ImportImageContainer<unsigned long, float>
      Reference Count: 1
      Modified Time: 2144
      Debug: Off
      Object Name: 
      Observers: 
        none
      Pointer: 0x7f551e013010
      Container manages memory: true
      Size: 12582912
      Capacity: 12582912

     Weighting = 1
     Sampling strategy = regular
     Number of bins = 32
     Radius = 4
     Sampling percentage  = 0.25
   Transform = Affine
     Gradient step = 0.1
     Update field sigma (voxel space) = 0
     Total field sigma (voxel space) = 0
     Update field time sigma = 0
     Total field time sigma  = 0
     Number of time indices = 0
     Number of time point samples = 0
Stage 3 State
   Image metric = CC
     Fixed image = Image (0x560f31693960)
  RTTI typeinfo:   itk::Image<float, 3u>
  Reference Count: 2
  Modified Time: 2577
  Debug: Off
  Object Name: 
  Observers: 
    none
  Source: (none)
  Source output name: (none)
  Release Data: Off
  Data Released: False
  Global Release Data: Off
  PipelineMTime: 0
  UpdateMTime: 2362
  RealTimeStamp: 0 seconds 
  LargestPossibleRegion: 
    Dimension: 3
    Index: [0, 0, 0]
    Size: [192, 256, 256]
  BufferedRegion: 
    Dimension: 3
    Index: [0, 0, 0]
    Size: [192, 256, 256]
  RequestedRegion: 
    Dimension: 3
    Index: [0, 0, 0]
    Size: [192, 256, 256]
  Spacing: [1, 1, 1]
  Origin: [95.0313, 100.538, -154.123]
  Direction: 
-0.999853 -0.014134 -0.00966312
0.014129 -0.9999 0.000586045
-0.00967044 0.000449429 0.999953

  IndexToPointMatrix: 
-0.999853 -0.014134 -0.00966312
0.014129 -0.9999 0.000586045
-0.00967044 0.000449429 0.999953

  PointToIndexMatrix: 
-0.999853 0.014129 -0.00967044
-0.014134 -0.9999 0.000449429
-0.00966312 0.000586045 0.999953

  Inverse Direction: 
-0.999853 0.014129 -0.00967044
-0.014134 -0.9999 0.000449429
-0.00966312 0.000586045 0.999953

  PixelContainer: 
    ImportImageContainer (0x560f31674660)
      RTTI typeinfo:   itk::ImportImageContainer<unsigned long, float>
      Reference Count: 1
      Modified Time: 2359
      Debug: Off
      Object Name: 
      Observers: 
        none
      Pointer: 0x7f551b012010
      Container manages memory: true
      Size: 12582912
      Capacity: 12582912

     Moving image = Image (0x560f31695840)
  RTTI typeinfo:   itk::Image<float, 3u>
  Reference Count: 2
  Modified Time: 2578
  Debug: Off
  Object Name: 
  Observers: 
    none
  Source: (none)
  Source output name: (none)
  Release Data: Off
  Data Released: False
  Global Release Data: Off
  PipelineMTime: 0
  UpdateMTime: 2575
  RealTimeStamp: 0 seconds 
  LargestPossibleRegion: 
    Dimension: 3
    Index: [0, 0, 0]
    Size: [192, 256, 256]
  BufferedRegion: 
    Dimension: 3
    Index: [0, 0, 0]
    Size: [192, 256, 256]
  RequestedRegion: 
    Dimension: 3
    Index: [0, 0, 0]
    Size: [192, 256, 256]
  Spacing: [1, 1, 1]
  Origin: [107.044, 69.5572, -162.373]
  Direction: 
-0.996464 -0.0322875 -0.0775647
0.0180379 -0.983896 0.177831
-0.0820573 0.175803 0.980999

  IndexToPointMatrix: 
-0.996464 -0.0322875 -0.0775647
0.0180379 -0.983896 0.177831
-0.0820573 0.175803 0.980999

  PointToIndexMatrix: 
-0.996464 0.0180379 -0.0820573
-0.0322875 -0.983896 0.175803
-0.0775647 0.177831 0.980999

  Inverse Direction: 
-0.996464 0.0180379 -0.0820573
-0.0322875 -0.983896 0.175803
-0.0775647 0.177831 0.980999

  PixelContainer: 
    ImportImageContainer (0x560f31692660)
      RTTI typeinfo:   itk::ImportImageContainer<unsigned long, float>
      Reference Count: 1
      Modified Time: 2572
      Debug: Off
      Object Name: 
      Observers: 
        none
      Pointer: 0x7f5518011010
      Container manages memory: true
      Size: 12582912
      Capacity: 12582912

     Weighting = 1
     Sampling strategy = none
     Number of bins = 32
     Radius = 4
     Sampling percentage  = 1
   Transform = SyN
     Gradient step = 0.1
     Update field sigma (voxel space) = 3
     Total field sigma (voxel space) = 0
     Update field time sigma = 0
     Total field time sigma  = 0
     Number of time indices = 0
     Number of time point samples = 0
Registration using 3 total stages.

Stage 0
  iterations = 1000x500x250x0
  convergence threshold = 1e-06
  convergence window size = 10
  number of levels = 4
  using the Mattes MI metric (number of bins = 32, weight = 1)
  preprocessing:  winsorizing the image intensities
  preprocessing:  histogram matching the images
  Shrink factors (level 1 out of 4): [6, 6, 6]
  Shrink factors (level 2 out of 4): [4, 4, 4]
  Shrink factors (level 3 out of 4): [2, 2, 2]
  Shrink factors (level 4 out of 4): [1, 1, 1]
  smoothing sigmas per level: [4, 2, 1, 0]
  regular sampling (percentage = 0.25)

*** Running Euler3DTransform registration ***

DIAGNOSTIC,Iteration,metricValue,convergenceValue,ITERATION_TIME_INDEX,SINCE_LAST
 2DIAGNOSTIC,     1, -9.786475300789e-01, inf, 6.1508e-01, 6.1508e-01, 
 2DIAGNOSTIC,     2, -9.802349805832e-01, inf, 6.2416e-01, 9.0878e-03, 
 2DIAGNOSTIC,     3, -9.823729395866e-01, inf, 6.3342e-01, 9.2540e-03, 
 2DIAGNOSTIC,     4, -9.856126308441e-01, inf, 6.4296e-01, 9.5389e-03, 
 2DIAGNOSTIC,     5, -9.900589585304e-01, inf, 6.5187e-01, 8.9180e-03, 
 2DIAGNOSTIC,     6, -9.955801367760e-01, inf, 6.6125e-01, 9.3780e-03, 
 2DIAGNOSTIC,     7, -1.003692388535e+00, inf, 6.7026e-01, 9.0110e-03, 
 2DIAGNOSTIC,     8, -1.026483416557e+00, inf, 6.8147e-01, 1.1206e-02, 
 2DIAGNOSTIC,     9, -1.027468800545e+00, inf, 6.9442e-01, 1.2954e-02, 
 2DIAGNOSTIC,    10, -1.027446031570e+00, 3.709823824465e-03, 7.0297e-01, 8.5440e-03, 
 2DIAGNOSTIC,    11, -1.028735756874e+00, 3.498298581690e-03, 7.1112e-01, 8.1480e-03, 
 2DIAGNOSTIC,    12, -1.030097365379e+00, 3.074280451983e-03, 7.1936e-01, 8.2428e-03, 
 2DIAGNOSTIC,    13, -1.030508399010e+00, 2.486994257197e-03, 7.2836e-01, 9.0060e-03, 
 2DIAGNOSTIC,    14, -1.030711531639e+00, 1.829343847930e-03, 7.3799e-01, 9.6231e-03, 
 2DIAGNOSTIC,    15, -1.030969619751e+00, 1.188965514302e-03, 7.4751e-01, 9.5251e-03, 
 2DIAGNOSTIC,    16, -1.031300187111e+00, 6.248691934161e-04, 7.6311e-01, 1.5595e-02, 
 2DIAGNOSTIC,    17, -1.031451106071e+00, 1.964113907889e-04, 7.7231e-01, 9.2030e-03, 
 2DIAGNOSTIC,    18, -1.031466603279e+00, 1.535073097330e-04, 7.8288e-01, 1.0567e-02, 
 2DIAGNOSTIC,    19, -1.031473636627e+00, 1.163621564046e-04, 7.9101e-01, 8.1332e-03, 
 2DIAGNOSTIC,    20, -1.031443238258e+00, 7.135202031350e-05, 8.0040e-01, 9.3899e-03, 
 2DIAGNOSTIC,    21, -1.031407475471e+00, 4.041606371175e-05, 8.0874e-01, 8.3380e-03, 
 2DIAGNOSTIC,    22, -1.031415700912e+00, 2.600602419989e-05, 8.1802e-01, 9.2809e-03, 
 2DIAGNOSTIC,    23, -1.031423330307e+00, 1.566479113535e-05, 8.2612e-01, 8.1012e-03, 
 2DIAGNOSTIC,    24, -1.031393647194e+00, 6.858266715426e-06, 8.3415e-01, 8.0340e-03, 
 2DIAGNOSTIC,    25, -1.031404852867e+00, 1.189575641547e-06, 8.4366e-01, 9.5100e-03, 
DIAGNOSTIC,Iteration,metricValue,convergenceValue,ITERATION_TIME_INDEX,SINCE_LAST
 2DIAGNOSTIC,     1, -8.137046098709e-01, inf, 1.3422e+00, 4.9855e-01, 
 2DIAGNOSTIC,     2, -8.143851757050e-01, inf, 1.3715e+00, 2.9281e-02, 
 2DIAGNOSTIC,     3, -8.149713277817e-01, inf, 1.4003e+00, 2.8829e-02, 
 2DIAGNOSTIC,     4, -8.154527544975e-01, inf, 1.4304e+00, 3.0083e-02, 
 2DIAGNOSTIC,     5, -8.161002397537e-01, inf, 1.4604e+00, 2.9980e-02, 
 2DIAGNOSTIC,     6, -8.171266317368e-01, inf, 1.4930e+00, 3.2623e-02, 
 2DIAGNOSTIC,     7, -8.174170851707e-01, inf, 1.5375e+00, 4.4526e-02, 
 2DIAGNOSTIC,     8, -8.176651000977e-01, inf, 1.5677e+00, 3.0162e-02, 
 2DIAGNOSTIC,     9, -8.177633285522e-01, inf, 1.6010e+00, 3.3327e-02, 
 2DIAGNOSTIC,    10, -8.178499341011e-01, 3.539676545188e-04, 1.6395e+00, 3.8518e-02, 
 2DIAGNOSTIC,    11, -8.179131150246e-01, 2.701138146222e-04, 1.6735e+00, 3.3957e-02, 
 2DIAGNOSTIC,    12, -8.180112242699e-01, 1.986179704545e-04, 1.7071e+00, 3.3601e-02, 
 2DIAGNOSTIC,    13, -8.181380629539e-01, 1.396538136760e-04, 1.7392e+00, 3.2075e-02, 
 2DIAGNOSTIC,    14, -8.181802034378e-01, 8.953619544627e-05, 1.7735e+00, 3.4344e-02, 
 2DIAGNOSTIC,    15, -8.181893229485e-01, 5.286535815685e-05, 1.8084e+00, 3.4903e-02, 
 2DIAGNOSTIC,    16, -8.181926608086e-01, 3.845345418085e-05, 1.8403e+00, 3.1926e-02, 
 2DIAGNOSTIC,    17, -8.181927800179e-01, 2.820236113621e-05, 1.8759e+00, 3.5542e-02, 
 2DIAGNOSTIC,    18, -8.182042837143e-01, 2.161245174648e-05, 1.9148e+00, 3.8915e-02, 
 2DIAGNOSTIC,    19, -8.181936740875e-01, 1.545283521409e-05, 1.9455e+00, 3.0668e-02, 
 2DIAGNOSTIC,    20, -8.181934952736e-01, 1.015986890707e-05, 1.9811e+00, 3.5581e-02, 
 2DIAGNOSTIC,    21, -8.181875348091e-01, 5.510790288099e-06, 2.0156e+00, 3.4595e-02, 
 2DIAGNOSTIC,    22, -8.181846737862e-01, 2.369371031818e-06, 2.0475e+00, 3.1869e-02, 
 2DIAGNOSTIC,    23, -8.181766271591e-01, 1.193151319967e-06, 2.0819e+00, 3.4403e-02, 
 2DIAGNOSTIC,    24, -8.181952834129e-01, 1.014036342895e-06, 2.1169e+00, 3.5026e-02, 
DIAGNOSTIC,Iteration,metricValue,convergenceValue,ITERATION_TIME_INDEX,SINCE_LAST
 2DIAGNOSTIC,     1, -7.107218503952e-01, inf, 3.0549e+00, 9.3800e-01, 
 2DIAGNOSTIC,     2, -7.109221816063e-01, inf, 3.2867e+00, 2.3172e-01, 
 2DIAGNOSTIC,     3, -7.110008001328e-01, inf, 3.5174e+00, 2.3071e-01, 
 2DIAGNOSTIC,     4, -7.111249566078e-01, inf, 3.7474e+00, 2.3000e-01, 
 2DIAGNOSTIC,     5, -7.113407850266e-01, inf, 3.9732e+00, 2.2585e-01, 
 2DIAGNOSTIC,     6, -7.115409970284e-01, inf, 4.3227e+00, 3.4952e-01, 
 2DIAGNOSTIC,     7, -7.116159796715e-01, inf, 4.5486e+00, 2.2584e-01, 
 2DIAGNOSTIC,     8, -7.116762399673e-01, inf, 4.8073e+00, 2.5875e-01, 
 2DIAGNOSTIC,     9, -7.118725180626e-01, inf, 5.0617e+00, 2.5435e-01, 
 2DIAGNOSTIC,    10, -7.118986248970e-01, 1.127917348640e-04, 5.3819e+00, 3.2022e-01, 
 2DIAGNOSTIC,    11, -7.119023799896e-01, 9.217750630341e-05, 5.7651e+00, 3.8323e-01, 
 2DIAGNOSTIC,    12, -7.119031548500e-01, 7.382138574030e-05, 6.0216e+00, 2.5647e-01, 
 2DIAGNOSTIC,    13, -7.119022011757e-01, 5.427380528999e-05, 6.3673e+00, 3.4564e-01, 
 2DIAGNOSTIC,    14, -7.119022011757e-01, 3.618179471232e-05, 6.6244e+00, 2.5716e-01, 
 2DIAGNOSTIC,    15, -7.119023203850e-01, 2.302366192453e-05, 6.9349e+00, 3.1044e-01, 
 2DIAGNOSTIC,    16, -7.119024991989e-01, 1.463659191359e-05, 7.2215e+00, 2.8670e-01, 
 2DIAGNOSTIC,    17, -7.119024395943e-01, 7.856974661991e-06, 7.4781e+00, 2.5651e-01, 
 2DIAGNOSTIC,    18, -7.119022011757e-01, 2.493725560271e-06, 7.7920e+00, 3.1394e-01, 
 2DIAGNOSTIC,    19, -7.119022011757e-01, 1.739533331602e-06, 8.0448e+00, 2.5280e-01, 
 2DIAGNOSTIC,    20, -7.119021415710e-01, 1.572505652803e-06, 8.2968e+00, 2.5203e-01, 
 2DIAGNOSTIC,    21, -7.119020819664e-01, 1.492657020208e-06, 8.5804e+00, 2.8360e-01, 
 2DIAGNOSTIC,    22, -7.119020223618e-01, 1.435739591216e-06, 8.8328e+00, 2.5239e-01, 
 2DIAGNOSTIC,    23, -7.119019627571e-01, 1.367325808133e-06, 9.1171e+00, 2.8429e-01, 
 2DIAGNOSTIC,    24, -7.119019031525e-01, 1.305119894823e-06, 9.3728e+00, 2.5567e-01, 
 2DIAGNOSTIC,    25, -7.119018435478e-01, 1.250652758245e-06, 9.6340e+00, 2.6118e-01, 
 2DIAGNOSTIC,    26, -7.119018435478e-01, 1.205208377542e-06, 9.8958e+00, 2.6179e-01, 
 2DIAGNOSTIC,    27, -7.119017839432e-01, 1.163203364740e-06, 1.0147e+01, 2.5166e-01, 
 2DIAGNOSTIC,    28, -7.119017839432e-01, 1.122246203522e-06, 1.0400e+01, 2.5261e-01, 
 2DIAGNOSTIC,    29, -7.119019031525e-01, 1.087100258701e-06, 1.0656e+01, 2.5568e-01, 
 2DIAGNOSTIC,    30, -7.119018435478e-01, 1.053622099789e-06, 1.0912e+01, 2.5587e-01, 
 2DIAGNOSTIC,    31, -7.119018435478e-01, 1.022242940962e-06, 1.1167e+01, 2.5510e-01, 
DIAGNOSTIC,Iteration,metricValue,convergenceValue,ITERATION_TIME_INDEX,SINCE_LAST
 2DIAGNOSTIC,     1, -6.371850967407e-01, inf, 1.3673e+01, 2.5068e+00, 
  Elapsed time (stage 0): 1.5011e+01


Stage 1
  iterations = 1000x500x250x0
  convergence threshold = 1.0000e-06
  convergence window size = 10
  number of levels = 4
  using the Mattes MI metric (number of bins = 32, weight = 1.0000e+00)
  preprocessing:  winsorizing the image intensities
  preprocessing:  histogram matching the images
  Shrink factors (level 1 out of 4): [6, 6, 6]
  Shrink factors (level 2 out of 4): [4, 4, 4]
  Shrink factors (level 3 out of 4): [2, 2, 2]
  Shrink factors (level 4 out of 4): [1, 1, 1]
  smoothing sigmas per level: [4, 2, 1, 0]
  regular sampling (percentage = 2.5000e-01)

*** Running AffineTransform registration ***

DIAGNOSTIC,Iteration,metricValue,convergenceValue,ITERATION_TIME_INDEX,SINCE_LAST
 2DIAGNOSTIC,     1, -1.028655409813e+00, inf, 5.9096e-01, 5.9096e-01, 
 2DIAGNOSTIC,     2, -1.030586004257e+00, inf, 6.0140e-01, 1.0446e-02, 
 2DIAGNOSTIC,     3, -1.033244967461e+00, inf, 6.1203e-01, 1.0626e-02, 
 2DIAGNOSTIC,     4, -1.036990165710e+00, inf, 6.2239e-01, 1.0365e-02, 
 2DIAGNOSTIC,     5, -1.041675925255e+00, inf, 6.3269e-01, 1.0300e-02, 
 2DIAGNOSTIC,     6, -1.047939419746e+00, inf, 6.4258e-01, 9.8872e-03, 
 2DIAGNOSTIC,     7, -1.051673054695e+00, inf, 6.5395e-01, 1.1371e-02, 
 2DIAGNOSTIC,     8, -1.053296685219e+00, inf, 6.6532e-01, 1.1366e-02, 
 2DIAGNOSTIC,     9, -1.053280591965e+00, inf, 6.7529e-01, 9.9702e-03, 
 2DIAGNOSTIC,    10, -1.053309202194e+00, 1.813739538193e-03, 6.8469e-01, 9.3980e-03, 
 2DIAGNOSTIC,    11, -1.053439736366e+00, 1.434869831428e-03, 6.9454e-01, 9.8579e-03, 
