
Running N4 for 3-dimensional images.

Mask not read.  Using the entire image as the mask.

Original intensity range:  [0, 930]

***********************************************************
Warning:  Your input image contains nonpositive values
which could cause failure or problematic results.  A
possible workaround would be to:
   1. rescale your image to positive values e.g., [10,100].
   2. run N4 on your rescaled image.
   3. (optional) rescale the N4 output to the original
      intensity range.
***********************************************************

Specified spline distance: 200mm
  original image size:  [192, 256, 256]
  padded image size:  [201, 401, 401]
  number of control points:  [4, 5, 5]

Current level = 1
  Iteration 1 (of 50).   Current convergence value = 0.000516795 (threshold = 1e-08)
  Iteration 2 (of 50).   Current convergence value = 0.000330384 (threshold = 1e-08)
  Iteration 3 (of 50).   Current convergence value = 0.000217509 (threshold = 1e-08)
  Iteration 4 (of 50).   Current convergence value = 0.000150885 (threshold = 1e-08)
  Iteration 5 (of 50).   Current convergence value = 0.000112044 (threshold = 1e-08)
  Iteration 6 (of 50).   Current convergence value = 9.17113e-05 (threshold = 1e-08)
  Iteration 7 (of 50).   Current convergence value = 8.24664e-05 (threshold = 1e-08)
  Iteration 8 (of 50).   Current convergence value = 7.89568e-05 (threshold = 1e-08)
  Iteration 9 (of 50).   Current convergence value = 7.80021e-05 (threshold = 1e-08)
  Iteration 10 (of 50).   Current convergence value = 7.83498e-05 (threshold = 1e-08)
  Iteration 11 (of 50).   Current convergence value = 7.87373e-05 (threshold = 1e-08)
  Iteration 12 (of 50).   Current convergence value = 7.90873e-05 (threshold = 1e-08)
  Iteration 13 (of 50).   Current convergence value = 7.9271e-05 (threshold = 1e-08)
  Iteration 14 (of 50).   Current convergence value = 7.92516e-05 (threshold = 1e-08)
  Iteration 15 (of 50).   Current convergence value = 7.92082e-05 (threshold = 1e-08)
  Iteration 16 (of 50).   Current convergence value = 7.90723e-05 (threshold = 1e-08)
  Iteration 17 (of 50).   Current convergence value = 7.88362e-05 (threshold = 1e-08)
  Iteration 18 (of 50).   Current convergence value = 7.85156e-05 (threshold = 1e-08)
  Iteration 19 (of 50).   Current convergence value = 7.81766e-05 (threshold = 1e-08)
  Iteration 20 (of 50).   Current convergence value = 7.78806e-05 (threshold = 1e-08)
  Iteration 21 (of 50).   Current convergence value = 7.76243e-05 (threshold = 1e-08)
  Iteration 22 (of 50).   Current convergence value = 7.72765e-05 (threshold = 1e-08)
  Iteration 23 (of 50).   Current convergence value = 7.69369e-05 (threshold = 1e-08)
  Iteration 24 (of 50).   Current convergence value = 7.66385e-05 (threshold = 1e-08)
  Iteration 25 (of 50).   Current convergence value = 7.63869e-05 (threshold = 1e-08)
  Iteration 26 (of 50).   Current convergence value = 7.62252e-05 (threshold = 1e-08)
  Iteration 27 (of 50).   Current convergence value = 7.6056e-05 (threshold = 1e-08)
  Iteration 28 (of 50).   Current convergence value = 7.59234e-05 (threshold = 1e-08)
  Iteration 29 (of 50).   Current convergence value = 7.56933e-05 (threshold = 1e-08)
  Iteration 30 (of 50).   Current convergence value = 7.55226e-05 (threshold = 1e-08)
  Iteration 31 (of 50).   Current convergence value = 7.53431e-05 (threshold = 1e-08)
  Iteration 32 (of 50).   Current convergence value = 7.51557e-05 (threshold = 1e-08)
  Iteration 33 (of 50).   Current convergence value = 7.49937e-05 (threshold = 1e-08)
  Iteration 34 (of 50).   Current convergence value = 7.48427e-05 (threshold = 1e-08)
  Iteration 35 (of 50).   Current convergence value = 7.46619e-05 (threshold = 1e-08)
  Iteration 36 (of 50).   Current convergence value = 7.43944e-05 (threshold = 1e-08)
  Iteration 37 (of 50).   Current convergence value = 7.41884e-05 (threshold = 1e-08)
  Iteration 38 (of 50).   Current convergence value = 7.40151e-05 (threshold = 1e-08)
  Iteration 39 (of 50).   Current convergence value = 7.37986e-05 (threshold = 1e-08)
  Iteration 40 (of 50).   Current convergence value = 7.36503e-05 (threshold = 1e-08)
  Iteration 41 (of 50).   Current convergence value = 7.35079e-05 (threshold = 1e-08)
  Iteration 42 (of 50).   Current convergence value = 7.33417e-05 (threshold = 1e-08)
  Iteration 43 (of 50).   Current convergence value = 7.31862e-05 (threshold = 1e-08)
  Iteration 44 (of 50).   Current convergence value = 7.30747e-05 (threshold = 1e-08)
  Iteration 45 (of 50).   Current convergence value = 7.2881e-05 (threshold = 1e-08)
  Iteration 46 (of 50).   Current convergence value = 7.27593e-05 (threshold = 1e-08)
  Iteration 47 (of 50).   Current convergence value = 7.25982e-05 (threshold = 1e-08)
  Iteration 48 (of 50).   Current convergence value = 7.24784e-05 (threshold = 1e-08)
  Iteration 49 (of 50).   Current convergence value = 7.23221e-05 (threshold = 1e-08)
  Iteration 50 (of 50).   Current convergence value = 7.21785e-05 (threshold = 1e-08)
Current level = 2
  Iteration 1 (of 50).   Current convergence value = 0.000470732 (threshold = 1e-08)
  Iteration 2 (of 50).   Current convergence value = 0.000382114 (threshold = 1e-08)
  Iteration 3 (of 50).   Current convergence value = 0.000319715 (threshold = 1e-08)
  Iteration 4 (of 50).   Current convergence value = 0.000268658 (threshold = 1e-08)
  Iteration 5 (of 50).   Current convergence value = 0.00022836 (threshold = 1e-08)
  Iteration 6 (of 50).   Current convergence value = 0.00019766 (threshold = 1e-08)
  Iteration 7 (of 50).   Current convergence value = 0.000175771 (threshold = 1e-08)
  Iteration 8 (of 50).   Current convergence value = 0.000152846 (threshold = 1e-08)
  Iteration 9 (of 50).   Current convergence value = 0.000133755 (threshold = 1e-08)
  Iteration 10 (of 50).   Current convergence value = 0.000117454 (threshold = 1e-08)
  Iteration 11 (of 50).   Current convergence value = 0.000103796 (threshold = 1e-08)
  Iteration 12 (of 50).   Current convergence value = 9.25228e-05 (threshold = 1e-08)
  Iteration 13 (of 50).   Current convergence value = 8.32193e-05 (threshold = 1e-08)
  Iteration 14 (of 50).   Current convergence value = 7.63579e-05 (threshold = 1e-08)
  Iteration 15 (of 50).   Current convergence value = 7.207e-05 (threshold = 1e-08)
  Iteration 16 (of 50).   Current convergence value = 6.91429e-05 (threshold = 1e-08)
  Iteration 17 (of 50).   Current convergence value = 6.71472e-05 (threshold = 1e-08)
  Iteration 18 (of 50).   Current convergence value = 6.58644e-05 (threshold = 1e-08)
  Iteration 19 (of 50).   Current convergence value = 6.51218e-05 (threshold = 1e-08)
  Iteration 20 (of 50).   Current convergence value = 6.45942e-05 (threshold = 1e-08)
  Iteration 21 (of 50).   Current convergence value = 6.43787e-05 (threshold = 1e-08)
  Iteration 22 (of 50).   Current convergence value = 6.44149e-05 (threshold = 1e-08)
  Iteration 23 (of 50).   Current convergence value = 6.44167e-05 (threshold = 1e-08)
  Iteration 24 (of 50).   Current convergence value = 6.43207e-05 (threshold = 1e-08)
  Iteration 25 (of 50).   Current convergence value = 6.44121e-05 (threshold = 1e-08)
  Iteration 26 (of 50).   Current convergence value = 6.41936e-05 (threshold = 1e-08)
  Iteration 27 (of 50).   Current convergence value = 6.43426e-05 (threshold = 1e-08)
  Iteration 28 (of 50).   Current convergence value = 6.43168e-05 (threshold = 1e-08)
  Iteration 29 (of 50).   Current convergence value = 6.41767e-05 (threshold = 1e-08)
  Iteration 30 (of 50).   Current convergence value = 6.40295e-05 (threshold = 1e-08)
  Iteration 31 (of 50).   Current convergence value = 6.39409e-05 (threshold = 1e-08)
  Iteration 32 (of 50).   Current convergence value = 6.37318e-05 (threshold = 1e-08)
  Iteration 33 (of 50).   Current convergence value = 6.36637e-05 (threshold = 1e-08)
  Iteration 34 (of 50).   Current convergence value = 6.33181e-05 (threshold = 1e-08)
  Iteration 35 (of 50).   Current convergence value = 6.32015e-05 (threshold = 1e-08)
  Iteration 36 (of 50).   Current convergence value = 6.29028e-05 (threshold = 1e-08)
  Iteration 37 (of 50).   Current convergence value = 6.25123e-05 (threshold = 1e-08)
  Iteration 38 (of 50).   Current convergence value = 6.23165e-05 (threshold = 1e-08)
  Iteration 39 (of 50).   Current convergence value = 6.19574e-05 (threshold = 1e-08)
  Iteration 40 (of 50).   Current convergence value = 6.17616e-05 (threshold = 1e-08)
  Iteration 41 (of 50).   Current convergence value = 6.14181e-05 (threshold = 1e-08)
  Iteration 42 (of 50).   Current convergence value = 6.10931e-05 (threshold = 1e-08)
  Iteration 43 (of 50).   Current convergence value = 6.0862e-05 (threshold = 1e-08)
  Iteration 44 (of 50).   Current convergence value = 6.04835e-05 (threshold = 1e-08)
  Iteration 45 (of 50).   Current convergence value = 6.02646e-05 (threshold = 1e-08)
  Iteration 46 (of 50).   Current convergence value = 5.9797e-05 (threshold = 1e-08)
  Iteration 47 (of 50).   Current convergence value = 5.93683e-05 (threshold = 1e-08)
  Iteration 48 (of 50).   Current convergence value = 5.9134e-05 (threshold = 1e-08)
  Iteration 49 (of 50).   Current convergence value = 5.87221e-05 (threshold = 1e-08)
  Iteration 50 (of 50).   Current convergence value = 5.84711e-05 (threshold = 1e-08)
Current level = 3
  Iteration 1 (of 40).   Current convergence value = 0.00150367 (threshold = 1e-08)
  Iteration 2 (of 40).   Current convergence value = 0.00101914 (threshold = 1e-08)
  Iteration 3 (of 40).   Current convergence value = 0.000791896 (threshold = 1e-08)
  Iteration 4 (of 40).   Current convergence value = 0.000660693 (threshold = 1e-08)
  Iteration 5 (of 40).   Current convergence value = 0.00057045 (threshold = 1e-08)
  Iteration 6 (of 40).   Current convergence value = 0.000507958 (threshold = 1e-08)
  Iteration 7 (of 40).   Current convergence value = 0.000465968 (threshold = 1e-08)
  Iteration 8 (of 40).   Current convergence value = 0.00043626 (threshold = 1e-08)
  Iteration 9 (of 40).   Current convergence value = 0.000413946 (threshold = 1e-08)
  Iteration 10 (of 40).   Current convergence value = 0.000395758 (threshold = 1e-08)
  Iteration 11 (of 40).   Current convergence value = 0.000380588 (threshold = 1e-08)
  Iteration 12 (of 40).   Current convergence value = 0.000367785 (threshold = 1e-08)
  Iteration 13 (of 40).   Current convergence value = 0.000356107 (threshold = 1e-08)
  Iteration 14 (of 40).   Current convergence value = 0.000345718 (threshold = 1e-08)
  Iteration 15 (of 40).   Current convergence value = 0.000336264 (threshold = 1e-08)
  Iteration 16 (of 40).   Current convergence value = 0.000327695 (threshold = 1e-08)
  Iteration 17 (of 40).   Current convergence value = 0.000319857 (threshold = 1e-08)
  Iteration 18 (of 40).   Current convergence value = 0.000312652 (threshold = 1e-08)
  Iteration 19 (of 40).   Current convergence value = 0.000306509 (threshold = 1e-08)
  Iteration 20 (of 40).   Current convergence value = 0.000300798 (threshold = 1e-08)
  Iteration 21 (of 40).   Current convergence value = 0.000295479 (threshold = 1e-08)
  Iteration 22 (of 40).   Current convergence value = 0.000290449 (threshold = 1e-08)
  Iteration 23 (of 40).   Current convergence value = 0.000285708 (threshold = 1e-08)
  Iteration 24 (of 40).   Current convergence value = 0.000281425 (threshold = 1e-08)
  Iteration 25 (of 40).   Current convergence value = 0.000277114 (threshold = 1e-08)
  Iteration 26 (of 40).   Current convergence value = 0.000272984 (threshold = 1e-08)
  Iteration 27 (of 40).   Current convergence value = 0.00026898 (threshold = 1e-08)
  Iteration 28 (of 40).   Current convergence value = 0.000265042 (threshold = 1e-08)
  Iteration 29 (of 40).   Current convergence value = 0.000261379 (threshold = 1e-08)
  Iteration 30 (of 40).   Current convergence value = 0.000257712 (threshold = 1e-08)
  Iteration 31 (of 40).   Current convergence value = 0.000254202 (threshold = 1e-08)
  Iteration 32 (of 40).   Current convergence value = 0.000250813 (threshold = 1e-08)
  Iteration 33 (of 40).   Current convergence value = 0.000247566 (threshold = 1e-08)
  Iteration 34 (of 40).   Current convergence value = 0.000244567 (threshold = 1e-08)
  Iteration 35 (of 40).   Current convergence value = 0.000241733 (threshold = 1e-08)
  Iteration 36 (of 40).   Current convergence value = 0.000238997 (threshold = 1e-08)
  Iteration 37 (of 40).   Current convergence value = 0.000236298 (threshold = 1e-08)
  Iteration 38 (of 40).   Current convergence value = 0.000233664 (threshold = 1e-08)
  Iteration 39 (of 40).   Current convergence value = 0.000231044 (threshold = 1e-08)
  Iteration 40 (of 40).   Current convergence value = 0.000228583 (threshold = 1e-08)
Current level = 4
  Iteration 1 (of 30).   Current convergence value = 0.00182386 (threshold = 1e-08)
  Iteration 2 (of 30).   Current convergence value = 0.00164413 (threshold = 1e-08)
  Iteration 3 (of 30).   Current convergence value = 0.00157621 (threshold = 1e-08)
  Iteration 4 (of 30).   Current convergence value = 0.00146641 (threshold = 1e-08)
  Iteration 5 (of 30).   Current convergence value = 0.00137246 (threshold = 1e-08)
  Iteration 6 (of 30).   Current convergence value = 0.00129154 (threshold = 1e-08)
  Iteration 7 (of 30).   Current convergence value = 0.00120694 (threshold = 1e-08)
  Iteration 8 (of 30).   Current convergence value = 0.0011328 (threshold = 1e-08)
  Iteration 9 (of 30).   Current convergence value = 0.0010773 (threshold = 1e-08)
  Iteration 10 (of 30).   Current convergence value = 0.00103122 (threshold = 1e-08)
  Iteration 11 (of 30).   Current convergence value = 0.000993304 (threshold = 1e-08)
  Iteration 12 (of 30).   Current convergence value = 0.000959275 (threshold = 1e-08)
  Iteration 13 (of 30).   Current convergence value = 0.000928349 (threshold = 1e-08)
  Iteration 14 (of 30).   Current convergence value = 0.000900498 (threshold = 1e-08)
  Iteration 15 (of 30).   Current convergence value = 0.00087506 (threshold = 1e-08)
  Iteration 16 (of 30).   Current convergence value = 0.000852174 (threshold = 1e-08)
  Iteration 17 (of 30).   Current convergence value = 0.000832376 (threshold = 1e-08)
  Iteration 18 (of 30).   Current convergence value = 0.000780024 (threshold = 1e-08)
  Iteration 19 (of 30).   Current convergence value = 0.00072765 (threshold = 1e-08)
  Iteration 20 (of 30).   Current convergence value = 0.000686926 (threshold = 1e-08)
  Iteration 21 (of 30).   Current convergence value = 0.000653301 (threshold = 1e-08)
  Iteration 22 (of 30).   Current convergence value = 0.000622448 (threshold = 1e-08)
  Iteration 23 (of 30).   Current convergence value = 0.000593948 (threshold = 1e-08)
  Iteration 24 (of 30).   Current convergence value = 0.000567607 (threshold = 1e-08)
  Iteration 25 (of 30).   Current convergence value = 0.000543364 (threshold = 1e-08)
  Iteration 26 (of 30).   Current convergence value = 0.000520656 (threshold = 1e-08)
  Iteration 27 (of 30).   Current convergence value = 0.000499524 (threshold = 1e-08)
  Iteration 28 (of 30).   Current convergence value = 0.000479837 (threshold = 1e-08)
  Iteration 29 (of 30).   Current convergence value = 0.000461658 (threshold = 1e-08)
  Iteration 30 (of 30).   Current convergence value = 0.000444632 (threshold = 1e-08)
   N4BiasFieldCorrectionImageFilter (0x563d4b8a0e20)
     RTTI typeinfo:   itk::N4BiasFieldCorrectionImageFilter<itk::Image<float, 3u>, itk::Image<float, 3u>, itk::Image<float, 3u> >
     Reference Count: 1
     Modified Time: 565
     Debug: Off
     Object Name: 
     Observers: 
       IterationEvent(Command)
     Inputs: 
       ConfidenceImage: (0)
       MaskImage: (0x563d4b8cb5e0)
       Primary: (0x563d4b8c6a40) *
     Indexed Inputs: 
       0: Primary (0x563d4b8c6a40)
       1: MaskImage (0x563d4b8cb5e0)
       2: ConfidenceImage (0)
     Required Input Names: Primary
     NumberOfRequiredInputs: 1
     Outputs: 
       Primary: (0x563d4b8b0ef0)
     Indexed Outputs: 
       0: Primary (0x563d4b8b0ef0)
     NumberOfRequiredOutputs: 1
     Number Of Work Units: 32
     ReleaseDataFlag: Off
     ReleaseDataBeforeUpdateFlag: Off
     AbortGenerateData: Off
     Progress: 0
     Multithreader: 
       RTTI typeinfo:   itk::PoolMultiThreader
       Reference Count: 1
       Modified Time: 144
       Debug: Off
       Object Name: 
       Observers: 
         none
       Number of Work Units: 32
       Number of Threads: 8
       Global Maximum Number Of Threads: 128
       Global Default Number Of Threads: 8
       Global Default Threader Type: itk::MultiThreaderBaseEnums::Threader::Pool
       SingleMethod: 0
       SingleData: 0
     DynamicMultiThreading: On
     CoordinateTolerance: 1e-06
     DirectionTolerance: 1e-06
     Use Mask Label: 0
     Mask label: 1
     Number of histogram bins: 200
     Wiener filter noise: 0.01
     Bias field FWHM: 0.15
     Maximum number of iterations: [50, 50, 40, 30]
     Convergence threshold: 1e-08
     Spline order: 3
     Number of fitting levels: [4, 4, 4]
     Number of control points: [4, 5, 5]
     CurrentConvergenceMeasurement: 0.000444632
     CurrentLevel: 4
     ElapsedIterations: 31
     LogBiasFieldControlPointLattice: 
       Image (0x563d523a9390)
         RTTI typeinfo:   itk::Image<itk::Vector<float, 1u>, 3u>
         Reference Count: 1
         Modified Time: 343560
         Debug: Off
         Object Name: 
         Observers: 
           none
         Source: (none)
         Source output name: (none)
         Release Data: Off
         Data Released: False
         Global Release Data: Off
         PipelineMTime: 0
         UpdateMTime: 0
         RealTimeStamp: 0 seconds 
         LargestPossibleRegion: 
           Dimension: 3
           Index: [0, 0, 0]
           Size: [11, 19, 19]
         BufferedRegion: 
           Dimension: 3
           Index: [0, 0, 0]
           Size: [11, 19, 19]
         RequestedRegion: 
           Dimension: 3
           Index: [0, 0, 0]
           Size: [11, 19, 19]
         Spacing: [24.75, 24.875, 24.875]
         Origin: [25.0285, 26.1694, -23.2127]
         Direction: 
-0.99985 0.00517974 -0.0165267
-0.00436602 -0.998794 -0.0488987
-0.0167601 -0.0488192 0.998667

         IndexToPointMatrix: 
-24.7463 0.128846 -0.411102
-0.108059 -24.845 -1.21636
-0.414811 -1.21438 24.8418

         PointToIndexMatrix: 
-0.040398 -0.000176405 -0.000677174
0.000208231 -0.0401525 -0.00196258
-0.00066439 -0.00196578 0.0401474

         Inverse Direction: 
-0.99985 -0.00436602 -0.0167601
0.00517974 -0.998794 -0.0488192
-0.0165267 -0.0488987 0.998667

         PixelContainer: 
           ImportImageContainer (0x563d59a11390)
             RTTI typeinfo:   itk::ImportImageContainer<unsigned long, itk::Vector<float, 1u> >
             Reference Count: 1
             Modified Time: 343561
             Debug: Off
             Object Name: 
             Observers: 
               none
             Pointer: 0x563d55a39a30
             Container manages memory: true
             Size: 3971
             Capacity: 3971
Elapsed time: 267.275
All_Command_lines_OK
Using single precision for computations.
=============================================================================
The composite transform comprises the following transforms (in order): 
  1. Center of mass alignment using fixed image: /home/mpib/nemecz/Projects/miniTRK/Results/01_MRI/GroupTempl/T1w/T_template0.nii.gz and moving image: /home/mpib/nemecz/Projects/miniTRK/Analysis/01_MRI/Preproc/GroupTempl/T1w/sub-982595_T1w.nii.gz (type = Euler3DTransform)
=============================================================================
  number of levels = 4
  number of levels = 4
  number of levels = 4
  fixed image: /home/mpib/nemecz/Projects/miniTRK/Results/01_MRI/GroupTempl/T1w/T_template0.nii.gz
  moving image: /home/mpib/nemecz/Projects/miniTRK/Results/01_MRI/GroupTempl/T1w/T_template0sub-982595_T1wRepaired.nii.gz
  fixed image: /home/mpib/nemecz/Projects/miniTRK/Results/01_MRI/GroupTempl/T1w/T_template0.nii.gz
  moving image: /home/mpib/nemecz/Projects/miniTRK/Results/01_MRI/GroupTempl/T1w/T_template0sub-982595_T1wRepaired.nii.gz
  fixed image: /home/mpib/nemecz/Projects/miniTRK/Results/01_MRI/GroupTempl/T1w/T_template0.nii.gz
  moving image: /home/mpib/nemecz/Projects/miniTRK/Results/01_MRI/GroupTempl/T1w/T_template0sub-982595_T1wRepaired.nii.gz
Dimension = 3
Number of stages = 3
Use Histogram Matching true
Winsorize image intensities true
Lower quantile = 0.01
Upper quantile = 0.99
Stage 1 State
   Image metric = Mattes
     Fixed image = Image (0x55ed20e61ad0)
  RTTI typeinfo:   itk::Image<float, 3u>
  Reference Count: 2
  Modified Time: 1721
  Debug: Off
  Object Name: 
  Observers: 
    none
  Source: (none)
  Source output name: (none)
  Release Data: Off
  Data Released: False
  Global Release Data: Off
  PipelineMTime: 0
  UpdateMTime: 1506
  RealTimeStamp: 0 seconds 
  LargestPossibleRegion: 
    Dimension: 3
    Index: [0, 0, 0]
    Size: [192, 256, 256]
  BufferedRegion: 
    Dimension: 3
    Index: [0, 0, 0]
    Size: [192, 256, 256]
  RequestedRegion: 
    Dimension: 3
    Index: [0, 0, 0]
    Size: [192, 256, 256]
  Spacing: [1, 1, 1]
  Origin: [95.0313, 100.538, -154.123]
  Direction: 
-0.999853 -0.014134 -0.00966312
0.014129 -0.9999 0.000586045
-0.00967044 0.000449429 0.999953

  IndexToPointMatrix: 
-0.999853 -0.014134 -0.00966312
0.014129 -0.9999 0.000586045
-0.00967044 0.000449429 0.999953

  PointToIndexMatrix: 
-0.999853 0.014129 -0.00967044
-0.014134 -0.9999 0.000449429
-0.00966312 0.000586045 0.999953

  Inverse Direction: 
-0.999853 0.014129 -0.00967044
-0.014134 -0.9999 0.000449429
-0.00966312 0.000586045 0.999953

  PixelContainer: 
    ImportImageContainer (0x55ed20e69c80)
      RTTI typeinfo:   itk::ImportImageContainer<unsigned long, float>
      Reference Count: 1
      Modified Time: 1503
      Debug: Off
      Object Name: 
      Observers: 
        none
      Pointer: 0x7f1d29016010
      Container manages memory: true
      Size: 12582912
      Capacity: 12582912

     Moving image = Image (0x55ed20e62bc0)
  RTTI typeinfo:   itk::Image<float, 3u>
  Reference Count: 2
  Modified Time: 1722
  Debug: Off
  Object Name: 
  Observers: 
    none
  Source: (none)
  Source output name: (none)
  Release Data: Off
  Data Released: False
  Global Release Data: Off
  PipelineMTime: 0
  UpdateMTime: 1719
  RealTimeStamp: 0 seconds 
  LargestPossibleRegion: 
    Dimension: 3
    Index: [0, 0, 0]
    Size: [192, 256, 256]
  BufferedRegion: 
    Dimension: 3
    Index: [0, 0, 0]
    Size: [192, 256, 256]
  RequestedRegion: 
    Dimension: 3
    Index: [0, 0, 0]
    Size: [192, 256, 256]
  Spacing: [1, 1, 1]
  Origin: [95.672, 106.877, -136.802]
  Direction: 
-0.99985 0.00517974 -0.0165267
-0.00436602 -0.998794 -0.0488987
-0.0167601 -0.0488192 0.998667

  IndexToPointMatrix: 
-0.99985 0.00517974 -0.0165267
-0.00436602 -0.998794 -0.0488987
-0.0167601 -0.0488192 0.998667

  PointToIndexMatrix: 
-0.99985 -0.00436602 -0.0167601
0.00517974 -0.998794 -0.0488192
-0.0165267 -0.0488987 0.998667

  Inverse Direction: 
-0.99985 -0.00436602 -0.0167601
0.00517974 -0.998794 -0.0488192
-0.0165267 -0.0488987 0.998667

  PixelContainer: 
    ImportImageContainer (0x55ed20e6e100)
      RTTI typeinfo:   itk::ImportImageContainer<unsigned long, float>
      Reference Count: 1
      Modified Time: 1716
      Debug: Off
      Object Name: 
      Observers: 
        none
      Pointer: 0x7f1d26015010
      Container manages memory: true
      Size: 12582912
      Capacity: 12582912

     Weighting = 1
     Sampling strategy = regular
     Number of bins = 32
     Radius = 4
     Sampling percentage  = 0.25
   Transform = Rigid
     Gradient step = 0.1
     Update field sigma (voxel space) = 0
     Total field sigma (voxel space) = 0
     Update field time sigma = 0
     Total field time sigma  = 0
     Number of time indices = 0
     Number of time point samples = 0
Stage 2 State
   Image metric = Mattes
     Fixed image = Image (0x55ed20e7a870)
  RTTI typeinfo:   itk::Image<float, 3u>
  Reference Count: 2
  Modified Time: 2149
  Debug: Off
  Object Name: 
  Observers: 
    none
  Source: (none)
  Source output name: (none)
  Release Data: Off
  Data Released: False
  Global Release Data: Off
  PipelineMTime: 0
  UpdateMTime: 1934
  RealTimeStamp: 0 seconds 
  LargestPossibleRegion: 
    Dimension: 3
    Index: [0, 0, 0]
    Size: [192, 256, 256]
  BufferedRegion: 
    Dimension: 3
    Index: [0, 0, 0]
    Size: [192, 256, 256]
  RequestedRegion: 
    Dimension: 3
    Index: [0, 0, 0]
    Size: [192, 256, 256]
  Spacing: [1, 1, 1]
  Origin: [95.0313, 100.538, -154.123]
  Direction: 
-0.999853 -0.014134 -0.00966312
0.014129 -0.9999 0.000586045
-0.00967044 0.000449429 0.999953

  IndexToPointMatrix: 
-0.999853 -0.014134 -0.00966312
0.014129 -0.9999 0.000586045
-0.00967044 0.000449429 0.999953

  PointToIndexMatrix: 
-0.999853 0.014129 -0.00967044
-0.014134 -0.9999 0.000449429
-0.00966312 0.000586045 0.999953

  Inverse Direction: 
-0.999853 0.014129 -0.00967044
-0.014134 -0.9999 0.000449429
-0.00966312 0.000586045 0.999953

  PixelContainer: 
    ImportImageContainer (0x55ed20e656d0)
      RTTI typeinfo:   itk::ImportImageContainer<unsigned long, float>
      Reference Count: 1
      Modified Time: 1931
      Debug: Off
      Object Name: 
      Observers: 
        none
      Pointer: 0x7f1d23014010
      Container manages memory: true
      Size: 12582912
      Capacity: 12582912

     Moving image = Image (0x55ed20e7a4c0)
  RTTI typeinfo:   itk::Image<float, 3u>
  Reference Count: 2
  Modified Time: 2150
  Debug: Off
  Object Name: 
  Observers: 
    none
  Source: (none)
  Source output name: (none)
  Release Data: Off
  Data Released: False
  Global Release Data: Off
  PipelineMTime: 0
  UpdateMTime: 2147
  RealTimeStamp: 0 seconds 
  LargestPossibleRegion: 
    Dimension: 3
    Index: [0, 0, 0]
    Size: [192, 256, 256]
  BufferedRegion: 
    Dimension: 3
    Index: [0, 0, 0]
    Size: [192, 256, 256]
  RequestedRegion: 
    Dimension: 3
    Index: [0, 0, 0]
    Size: [192, 256, 256]
  Spacing: [1, 1, 1]
  Origin: [95.672, 106.877, -136.802]
  Direction: 
-0.99985 0.00517974 -0.0165267
-0.00436602 -0.998794 -0.0488987
-0.0167601 -0.0488192 0.998667

  IndexToPointMatrix: 
-0.99985 0.00517974 -0.0165267
-0.00436602 -0.998794 -0.0488987
-0.0167601 -0.0488192 0.998667

  PointToIndexMatrix: 
-0.99985 -0.00436602 -0.0167601
0.00517974 -0.998794 -0.0488192
-0.0165267 -0.0488987 0.998667

  Inverse Direction: 
-0.99985 -0.00436602 -0.0167601
0.00517974 -0.998794 -0.0488192
-0.0165267 -0.0488987 0.998667

  PixelContainer: 
    ImportImageContainer (0x55ed20e7b8c0)
      RTTI typeinfo:   itk::ImportImageContainer<unsigned long, float>
      Reference Count: 1
      Modified Time: 2144
      Debug: Off
      Object Name: 
      Observers: 
        none
      Pointer: 0x7f1d20013010
      Container manages memory: true
      Size: 12582912
      Capacity: 12582912

     Weighting = 1
     Sampling strategy = regular
     Number of bins = 32
     Radius = 4
     Sampling percentage  = 0.25
   Transform = Affine
     Gradient step = 0.1
     Update field sigma (voxel space) = 0
     Total field sigma (voxel space) = 0
     Update field time sigma = 0
     Total field time sigma  = 0
     Number of time indices = 0
     Number of time point samples = 0
Stage 3 State
   Image metric = CC
     Fixed image = Image (0x55ed20e81960)
  RTTI typeinfo:   itk::Image<float, 3u>
  Reference Count: 2
  Modified Time: 2577
  Debug: Off
  Object Name: 
  Observers: 
    none
  Source: (none)
  Source output name: (none)
  Release Data: Off
  Data Released: False
  Global Release Data: Off
  PipelineMTime: 0
  UpdateMTime: 2362
  RealTimeStamp: 0 seconds 
  LargestPossibleRegion: 
    Dimension: 3
    Index: [0, 0, 0]
    Size: [192, 256, 256]
  BufferedRegion: 
    Dimension: 3
    Index: [0, 0, 0]
    Size: [192, 256, 256]
  RequestedRegion: 
    Dimension: 3
    Index: [0, 0, 0]
    Size: [192, 256, 256]
  Spacing: [1, 1, 1]
  Origin: [95.0313, 100.538, -154.123]
  Direction: 
-0.999853 -0.014134 -0.00966312
0.014129 -0.9999 0.000586045
-0.00967044 0.000449429 0.999953

  IndexToPointMatrix: 
-0.999853 -0.014134 -0.00966312
0.014129 -0.9999 0.000586045
-0.00967044 0.000449429 0.999953

  PointToIndexMatrix: 
-0.999853 0.014129 -0.00967044
-0.014134 -0.9999 0.000449429
-0.00966312 0.000586045 0.999953

  Inverse Direction: 
-0.999853 0.014129 -0.00967044
-0.014134 -0.9999 0.000449429
-0.00966312 0.000586045 0.999953

  PixelContainer: 
    ImportImageContainer (0x55ed20e62660)
      RTTI typeinfo:   itk::ImportImageContainer<unsigned long, float>
      Reference Count: 1
      Modified Time: 2359
      Debug: Off
      Object Name: 
      Observers: 
        none
      Pointer: 0x7f1d1d012010
      Container manages memory: true
      Size: 12582912
      Capacity: 12582912

     Moving image = Image (0x55ed20e83840)
  RTTI typeinfo:   itk::Image<float, 3u>
  Reference Count: 2
  Modified Time: 2578
  Debug: Off
  Object Name: 
  Observers: 
    none
  Source: (none)
  Source output name: (none)
  Release Data: Off
  Data Released: False
  Global Release Data: Off
  PipelineMTime: 0
  UpdateMTime: 2575
  RealTimeStamp: 0 seconds 
  LargestPossibleRegion: 
    Dimension: 3
    Index: [0, 0, 0]
    Size: [192, 256, 256]
  BufferedRegion: 
    Dimension: 3
    Index: [0, 0, 0]
    Size: [192, 256, 256]
  RequestedRegion: 
    Dimension: 3
    Index: [0, 0, 0]
    Size: [192, 256, 256]
  Spacing: [1, 1, 1]
  Origin: [95.672, 106.877, -136.802]
  Direction: 
-0.99985 0.00517974 -0.0165267
-0.00436602 -0.998794 -0.0488987
-0.0167601 -0.0488192 0.998667

  IndexToPointMatrix: 
-0.99985 0.00517974 -0.0165267
-0.00436602 -0.998794 -0.0488987
-0.0167601 -0.0488192 0.998667

  PointToIndexMatrix: 
-0.99985 -0.00436602 -0.0167601
0.00517974 -0.998794 -0.0488192
-0.0165267 -0.0488987 0.998667

  Inverse Direction: 
-0.99985 -0.00436602 -0.0167601
0.00517974 -0.998794 -0.0488192
-0.0165267 -0.0488987 0.998667

  PixelContainer: 
    ImportImageContainer (0x55ed20e80660)
      RTTI typeinfo:   itk::ImportImageContainer<unsigned long, float>
      Reference Count: 1
      Modified Time: 2572
      Debug: Off
      Object Name: 
      Observers: 
        none
      Pointer: 0x7f1d1a011010
      Container manages memory: true
      Size: 12582912
      Capacity: 12582912

     Weighting = 1
     Sampling strategy = none
     Number of bins = 32
     Radius = 4
     Sampling percentage  = 1
   Transform = SyN
     Gradient step = 0.1
     Update field sigma (voxel space) = 3
     Total field sigma (voxel space) = 0
     Update field time sigma = 0
     Total field time sigma  = 0
     Number of time indices = 0
     Number of time point samples = 0
Registration using 3 total stages.

Stage 0
  iterations = 1000x500x250x0
  convergence threshold = 1e-06
  convergence window size = 10
  number of levels = 4
  using the Mattes MI metric (number of bins = 32, weight = 1)
  preprocessing:  winsorizing the image intensities
  preprocessing:  histogram matching the images
  Shrink factors (level 1 out of 4): [6, 6, 6]
  Shrink factors (level 2 out of 4): [4, 4, 4]
  Shrink factors (level 3 out of 4): [2, 2, 2]
  Shrink factors (level 4 out of 4): [1, 1, 1]
  smoothing sigmas per level: [4, 2, 1, 0]
  regular sampling (percentage = 0.25)

*** Running Euler3DTransform registration ***

DIAGNOSTIC,Iteration,metricValue,convergenceValue,ITERATION_TIME_INDEX,SINCE_LAST
 2DIAGNOSTIC,     1, -7.481762170792e-01, inf, 6.9125e-01, 6.9124e-01, 
 2DIAGNOSTIC,     2, -7.494632601738e-01, inf, 7.0075e-01, 9.5069e-03, 
 2DIAGNOSTIC,     3, -7.515276074409e-01, inf, 7.1019e-01, 9.4399e-03, 
 2DIAGNOSTIC,     4, -7.546228766441e-01, inf, 7.1952e-01, 9.3291e-03, 
 2DIAGNOSTIC,     5, -7.589200139046e-01, inf, 7.2839e-01, 8.8670e-03, 
 2DIAGNOSTIC,     6, -7.629287838936e-01, inf, 7.3689e-01, 8.5011e-03, 
 2DIAGNOSTIC,     7, -7.659317851067e-01, inf, 7.4634e-01, 9.4461e-03, 
 2DIAGNOSTIC,     8, -7.699251770973e-01, inf, 7.5644e-01, 1.0109e-02, 
 2DIAGNOSTIC,     9, -7.743265032768e-01, inf, 7.6718e-01, 1.0731e-02, 
 2DIAGNOSTIC,    10, -7.819643020630e-01, 2.777736866847e-03, 7.7662e-01, 9.4452e-03, 
 2DIAGNOSTIC,    11, -7.858003377914e-01, 2.789481310174e-03, 7.9194e-01, 1.5318e-02, 
 2DIAGNOSTIC,    12, -7.858213782310e-01, 2.591074444354e-03, 7.9996e-01, 8.0252e-03, 
 2DIAGNOSTIC,    13, -7.860586047173e-01, 2.259155502543e-03, 8.0884e-01, 8.8761e-03, 
 2DIAGNOSTIC,    14, -7.860774993896e-01, 1.851032488048e-03, 8.1957e-01, 1.0735e-02, 
 2DIAGNOSTIC,    15, -7.860442996025e-01, 1.430696342140e-03, 8.2831e-01, 8.7399e-03, 
 2DIAGNOSTIC,    16, -7.860071063042e-01, 1.023374381475e-03, 8.3701e-01, 8.6989e-03, 
 2DIAGNOSTIC,    17, -7.860509157181e-01, 6.379903061315e-04, 8.4576e-01, 8.7500e-03, 
 2DIAGNOSTIC,    18, -7.860369086266e-01, 3.192571457475e-04, 8.5354e-01, 7.7739e-03, 
 2DIAGNOSTIC,    19, -7.860202789307e-01, 8.670963870827e-05, 8.6256e-01, 9.0239e-03, 
 2DIAGNOSTIC,    20, -7.860239148140e-01, 8.290730875160e-06, 8.7114e-01, 8.5819e-03, 
 2DIAGNOSTIC,    21, -7.860738635063e-01, 4.784029897564e-06, 8.7872e-01, 7.5741e-03, 
 2DIAGNOSTIC,    22, -7.861333489418e-01, 2.484667902536e-06, 8.8636e-01, 7.6439e-03, 
 2DIAGNOSTIC,    23, -7.861755490303e-01, 4.706191703008e-06, 8.9403e-01, 7.6642e-03, 
 2DIAGNOSTIC,    24, -7.862433195114e-01, 7.781595741108e-06, 9.0287e-01, 8.8489e-03, 
 2DIAGNOSTIC,    25, -7.862604856491e-01, 9.779268111743e-06, 9.1251e-01, 9.6400e-03, 
 2DIAGNOSTIC,    26, -7.862616777420e-01, 1.029172199196e-05, 9.2216e-01, 9.6452e-03, 
 2DIAGNOSTIC,    27, -7.862486839294e-01, 1.033339049172e-05, 9.3076e-01, 8.5990e-03, 
 2DIAGNOSTIC,    28, -7.861841320992e-01, 8.495106158080e-06, 9.4040e-01, 9.6381e-03, 
 2DIAGNOSTIC,    29, -7.861633300781e-01, 5.642601536238e-06, 9.4910e-01, 8.7051e-03, 
 2DIAGNOSTIC,    30, -7.861406207085e-01, 2.309672026968e-06, 9.5794e-01, 8.8420e-03, 
DIAGNOSTIC,Iteration,metricValue,convergenceValue,ITERATION_TIME_INDEX,SINCE_LAST
 2DIAGNOSTIC,     1, -5.948210954666e-01, inf, 1.5600e+00, 6.0206e-01, 
 2DIAGNOSTIC,     2, -5.948472023010e-01, inf, 1.5933e+00, 3.3334e-02, 
 2DIAGNOSTIC,     3, -5.949661135674e-01, inf, 1.6284e+00, 3.5028e-02, 
 2DIAGNOSTIC,     4, -5.950748920441e-01, inf, 1.6592e+00, 3.0790e-02, 
 2DIAGNOSTIC,     5, -5.951921343803e-01, inf, 1.6897e+00, 3.0570e-02, 
 2DIAGNOSTIC,     6, -5.955978631973e-01, inf, 1.7200e+00, 3.0223e-02, 
 2DIAGNOSTIC,     7, -5.964691638947e-01, inf, 1.7586e+00, 3.8660e-02, 
 2DIAGNOSTIC,     8, -5.967029333115e-01, inf, 1.7888e+00, 3.0203e-02, 
 2DIAGNOSTIC,     9, -5.977276563644e-01, inf, 1.8190e+00, 3.0211e-02, 
 2DIAGNOSTIC,    10, -5.999695062637e-01, 4.609568277374e-04, 1.8706e+00, 5.1606e-02, 
 2DIAGNOSTIC,    11, -5.999427437782e-01, 5.304050864652e-04, 1.9100e+00, 3.9394e-02, 
 2DIAGNOSTIC,    12, -5.998856425285e-01, 5.407951539382e-04, 1.9454e+00, 3.5356e-02, 
 2DIAGNOSTIC,    13, -5.998924374580e-01, 5.067732417956e-04, 1.9810e+00, 3.5603e-02, 
 2DIAGNOSTIC,    14, -5.998973846436e-01, 4.352944379207e-04, 2.0117e+00, 3.0724e-02, 
 2DIAGNOSTIC,    15, -5.999283194542e-01, 3.373005019967e-04, 2.0421e+00, 3.0424e-02, 
 2DIAGNOSTIC,    16, -5.999696850777e-01, 2.337521582376e-04, 2.0734e+00, 3.1235e-02, 
 2DIAGNOSTIC,    17, -6.000193357468e-01, 1.480503415223e-04, 2.1035e+00, 3.0140e-02, 
 2DIAGNOSTIC,    18, -6.001764535904e-01, 6.864524038974e-05, 2.1336e+00, 3.0049e-02, 
 2DIAGNOSTIC,    19, -6.004050970078e-01, 2.106125248247e-05, 2.1643e+00, 3.0762e-02, 
 2DIAGNOSTIC,    20, -6.005511879921e-01, 3.308639497845e-05, 2.1948e+00, 3.0478e-02, 
 2DIAGNOSTIC,    21, -6.008794307709e-01, 4.789166632690e-05, 2.2725e+00, 7.7704e-02, 
 2DIAGNOSTIC,    22, -6.008852720261e-01, 5.579937715083e-05, 2.3107e+00, 3.8171e-02, 
 2DIAGNOSTIC,    23, -6.008723974228e-01, 5.787693953607e-05, 2.3447e+00, 3.3984e-02, 
 2DIAGNOSTIC,    24, -6.008701920509e-01, 5.456463259179e-05, 2.3755e+00, 3.0811e-02, 
 2DIAGNOSTIC,    25, -6.008688807487e-01, 4.703375452664e-05, 2.4109e+00, 3.5454e-02, 
 2DIAGNOSTIC,    26, -6.008520126343e-01, 3.619014751166e-05, 2.4455e+00, 3.4574e-02, 
 2DIAGNOSTIC,    27, -6.008563041687e-01, 2.380407750024e-05, 2.4797e+00, 3.4166e-02, 
 2DIAGNOSTIC,    28, -6.008652448654e-01, 1.299361065321e-05, 2.5102e+00, 3.0507e-02, 
 2DIAGNOSTIC,    29, -6.008608937263e-01, 5.473039891513e-06, 2.5454e+00, 3.5188e-02, 
DIAGNOSTIC,Iteration,metricValue,convergenceValue,ITERATION_TIME_INDEX,SINCE_LAST
 2DIAGNOSTIC,     1, -5.371000766754e-01, inf, 3.5537e+00, 1.0084e+00, 
 2DIAGNOSTIC,     2, -5.375894904137e-01, inf, 3.7870e+00, 2.3327e-01, 
 2DIAGNOSTIC,     3, -5.382289290428e-01, inf, 4.0205e+00, 2.3347e-01, 
 2DIAGNOSTIC,     4, -5.391340255737e-01, inf, 4.2536e+00, 2.3315e-01, 
 2DIAGNOSTIC,     5, -5.399792194366e-01, inf, 4.4838e+00, 2.3022e-01, 
 2DIAGNOSTIC,     6, -5.406449437141e-01, inf, 4.7123e+00, 2.2842e-01, 
 2DIAGNOSTIC,     7, -5.409281253815e-01, inf, 5.2522e+00, 5.3990e-01, 
 2DIAGNOSTIC,     8, -5.409282445908e-01, inf, 5.5753e+00, 3.2310e-01, 
 2DIAGNOSTIC,     9, -5.409255623817e-01, inf, 5.8988e+00, 3.2352e-01, 
 2DIAGNOSTIC,    10, -5.409259200096e-01, 5.078915855847e-04, 6.2839e+00, 3.8508e-01, 
 2DIAGNOSTIC,    11, -5.409259200096e-01, 3.590475535020e-04, 6.5432e+00, 2.5939e-01, 
 2DIAGNOSTIC,    12, -5.409258008003e-01, 2.245562209282e-04, 6.8690e+00, 3.2574e-01, 
 2DIAGNOSTIC,    13, -5.409257411957e-01, 1.164090208476e-04, 7.1292e+00, 2.6020e-01, 
 2DIAGNOSTIC,    14, -5.409256219864e-01, 4.697556869360e-05, 7.3933e+00, 2.6409e-01, 
 2DIAGNOSTIC,    15, -5.409254431725e-01, 1.183039148600e-05, 7.6632e+00, 2.6996e-01, 
 2DIAGNOSTIC,    16, -5.409254431725e-01, 1.820378088269e-06, 7.9300e+00, 2.6681e-01, 
 2DIAGNOSTIC,    17, -5.409255027771e-01, 1.770738208506e-06, 8.1956e+00, 2.6554e-01, 
 2DIAGNOSTIC,    18, -5.409253835678e-01, 1.738436139931e-06, 8.4574e+00, 2.6186e-01, 
 2DIAGNOSTIC,    19, -5.409253835678e-01, 1.638013827687e-06, 8.7210e+00, 2.6356e-01, 
 2DIAGNOSTIC,    20, -5.409253835678e-01, 1.560625491948e-06, 8.9836e+00, 2.6260e-01, 
 2DIAGNOSTIC,    21, -5.409253239632e-01, 1.492063461228e-06, 9.2450e+00, 2.6136e-01, 
 2DIAGNOSTIC,    22, -5.409253239632e-01, 1.429134499631e-06, 9.5385e+00, 2.9355e-01, 
 2DIAGNOSTIC,    23, -5.409253239632e-01, 1.372088945573e-06, 9.8027e+00, 2.6419e-01, 
 2DIAGNOSTIC,    24, -5.409252643585e-01, 1.317166493209e-06, 1.0066e+01, 2.6300e-01, 
 2DIAGNOSTIC,    25, -5.409253239632e-01, 1.265046762455e-06, 1.0329e+01, 2.6308e-01, 
 2DIAGNOSTIC,    26, -5.409253239632e-01, 1.217652879859e-06, 1.0592e+01, 2.6292e-01, 
 2DIAGNOSTIC,    27, -5.409252643585e-01, 1.174491103484e-06, 1.0855e+01, 2.6347e-01, 
 2DIAGNOSTIC,    28, -5.409253835678e-01, 1.134893750532e-06, 1.1151e+01, 2.9541e-01, 
 2DIAGNOSTIC,    29, -5.409253239632e-01, 1.097077188206e-06, 1.1416e+01, 2.6535e-01, 
 2DIAGNOSTIC,    30, -5.409253239632e-01, 1.061905891220e-06, 1.1678e+01, 2.6252e-01, 
 2DIAGNOSTIC,    31, -5.409253239632e-01, 1.027929215525e-06, 1.1943e+01, 2.6446e-01, 
DIAGNOSTIC,Iteration,metricValue,convergenceValue,ITERATION_TIME_INDEX,SINCE_LAST
 2DIAGNOSTIC,     1, -5.001998543739e-01, inf, 1.4473e+01, 2.5297e+00, 
  Elapsed time (stage 0): 1.5552e+01


Stage 1
  iterations = 1000x500x250x0
  convergence threshold = 1.0000e-06
  convergence window size = 10
  number of levels = 4
  using the Mattes MI metric (number of bins = 32, weight = 1.0000e+00)
  preprocessing:  winsorizing the image intensities
  preprocessing:  histogram matching the images
  Shrink factors (level 1 out of 4): [6, 6, 6]
  Shrink factors (level 2 out of 4): [4, 4, 4]
  Shrink factors (level 3 out of 4): [2, 2, 2]
  Shrink factors (level 4 out of 4): [1, 1, 1]
  smoothing sigmas per level: [4, 2, 1, 0]
  regular sampling (percentage = 2.5000e-01)

