All_Command_lines_OK
Using single precision for computations.
=============================================================================
The composite transform comprises the following transforms (in order): 
  1. Center of mass alignment using fixed image: /home/mpib/nemecz/Projects/miniTRK/Results/01_MRI/GroupTempl/T1w/T_template0.nii.gz and moving image: /home/mpib/nemecz/Projects/miniTRK/Analysis/01_MRI/Preproc/GroupTempl/T1w/sub-205693_T1w.nii.gz (type = Euler3DTransform)
=============================================================================
  number of levels = 4
  fixed image: /home/mpib/nemecz/Projects/miniTRK/Results/01_MRI/GroupTempl/T1w/T_template0.nii.gz
  moving image: /home/mpib/nemecz/Projects/miniTRK/Analysis/01_MRI/Preproc/GroupTempl/T1w/sub-205693_T1w.nii.gz
Dimension = 3
Number of stages = 1
Use Histogram Matching true
Winsorize image intensities true
Lower quantile = 0.01
Upper quantile = 0.99
Stage 1 State
   Image metric = Mattes
     Fixed image = Image (0x562edb6e8fe0)
  RTTI typeinfo:   itk::Image<float, 3u>
  Reference Count: 2
  Modified Time: 1667
  Debug: Off
  Object Name: 
  Observers: 
    none
  Source: (none)
  Source output name: (none)
  Release Data: Off
  Data Released: False
  Global Release Data: Off
  PipelineMTime: 0
  UpdateMTime: 1452
  RealTimeStamp: 0 seconds 
  LargestPossibleRegion: 
    Dimension: 3
    Index: [0, 0, 0]
    Size: [192, 256, 256]
  BufferedRegion: 
    Dimension: 3
    Index: [0, 0, 0]
    Size: [192, 256, 256]
  RequestedRegion: 
    Dimension: 3
    Index: [0, 0, 0]
    Size: [192, 256, 256]
  Spacing: [1, 1, 1]
  Origin: [95.0313, 100.538, -154.123]
  Direction: 
-0.999853 -0.014134 -0.00966312
0.014129 -0.9999 0.000586045
-0.00967044 0.000449429 0.999953

  IndexToPointMatrix: 
-0.999853 -0.014134 -0.00966312
0.014129 -0.9999 0.000586045
-0.00967044 0.000449429 0.999953

  PointToIndexMatrix: 
-0.999853 0.014129 -0.00967044
-0.014134 -0.9999 0.000449429
-0.00966312 0.000586045 0.999953

  Inverse Direction: 
-0.999853 0.014129 -0.00967044
-0.014134 -0.9999 0.000449429
-0.00966312 0.000586045 0.999953

  PixelContainer: 
    ImportImageContainer (0x562edb6f5970)
      RTTI typeinfo:   itk::ImportImageContainer<unsigned long, float>
      Reference Count: 1
      Modified Time: 1449
      Debug: Off
      Object Name: 
      Observers: 
        none
      Pointer: 0x7fb1a5816010
      Container manages memory: true
      Size: 12582912
      Capacity: 12582912

     Moving image = Image (0x562edb6ea230)
  RTTI typeinfo:   itk::Image<float, 3u>
  Reference Count: 2
  Modified Time: 1668
  Debug: Off
  Object Name: 
  Observers: 
    none
  Source: (none)
  Source output name: (none)
  Release Data: Off
  Data Released: False
  Global Release Data: Off
  PipelineMTime: 0
  UpdateMTime: 1665
  RealTimeStamp: 0 seconds 
  LargestPossibleRegion: 
    Dimension: 3
    Index: [0, 0, 0]
    Size: [192, 256, 256]
  BufferedRegion: 
    Dimension: 3
    Index: [0, 0, 0]
    Size: [192, 256, 256]
  RequestedRegion: 
    Dimension: 3
    Index: [0, 0, 0]
    Size: [192, 256, 256]
  Spacing: [1, 1, 1]
  Origin: [111.603, 84.6504, -151.519]
  Direction: 
-0.994236 -0.0191072 -0.105498
0.00900504 -0.995397 0.0954152
-0.106836 0.0939152 0.989831

  IndexToPointMatrix: 
-0.994236 -0.0191072 -0.105498
0.00900504 -0.995397 0.0954152
-0.106836 0.0939152 0.989831

  PointToIndexMatrix: 
-0.994236 0.00900504 -0.106836
-0.0191072 -0.995397 0.0939152
-0.105498 0.0954152 0.989831

  Inverse Direction: 
-0.994236 0.00900504 -0.106836
-0.0191072 -0.995397 0.0939152
-0.105498 0.0954152 0.989831

  PixelContainer: 
    ImportImageContainer (0x562edb562bf0)
      RTTI typeinfo:   itk::ImportImageContainer<unsigned long, float>
      Reference Count: 1
      Modified Time: 1662
      Debug: Off
      Object Name: 
      Observers: 
        none
      Pointer: 0x7fb1a2815010
      Container manages memory: true
      Size: 12582912
      Capacity: 12582912

     Weighting = 1
     Sampling strategy = regular
     Number of bins = 32
     Radius = 4
     Sampling percentage  = 0.25
   Transform = Rigid
     Gradient step = 0.1
     Update field sigma (voxel space) = 0
     Total field sigma (voxel space) = 0
     Update field time sigma = 0
     Total field time sigma  = 0
     Number of time indices = 0
     Number of time point samples = 0
Registration using 1 total stages.

Stage 0
  iterations = 1000x500x250x0
  convergence threshold = 1e-06
  convergence window size = 10
  number of levels = 4
  using the Mattes MI metric (number of bins = 32, weight = 1)
  preprocessing:  winsorizing the image intensities
  preprocessing:  histogram matching the images
  Shrink factors (level 1 out of 4): [6, 6, 6]
  Shrink factors (level 2 out of 4): [4, 4, 4]
  Shrink factors (level 3 out of 4): [2, 2, 2]
  Shrink factors (level 4 out of 4): [1, 1, 1]
  smoothing sigmas per level: [3, 2, 1, 0]
  regular sampling (percentage = 0.25)

*** Running Euler3DTransform registration ***

DIAGNOSTIC,Iteration,metricValue,convergenceValue,ITERATION_TIME_INDEX,SINCE_LAST
 2DIAGNOSTIC,     1, -7.830190658569e-01, inf, 6.7947e-01, 6.7947e-01, 
 2DIAGNOSTIC,     2, -7.847027182579e-01, inf, 6.9124e-01, 1.1772e-02, 
 2DIAGNOSTIC,     3, -7.876477241516e-01, inf, 7.0064e-01, 9.3961e-03, 
 2DIAGNOSTIC,     4, -7.923103570938e-01, inf, 7.1060e-01, 9.9649e-03, 
 2DIAGNOSTIC,     5, -7.991815209389e-01, inf, 7.1885e-01, 8.2440e-03, 
 2DIAGNOSTIC,     6, -8.063805699348e-01, inf, 7.2717e-01, 8.3232e-03, 
 2DIAGNOSTIC,     7, -8.117559552193e-01, inf, 7.3561e-01, 8.4422e-03, 
 2DIAGNOSTIC,     8, -8.156996965408e-01, inf, 7.5128e-01, 1.5673e-02, 
 2DIAGNOSTIC,     9, -8.252969384193e-01, inf, 7.6287e-01, 1.1581e-02, 
 2DIAGNOSTIC,    10, -8.268189430237e-01, 3.867715829983e-03, 7.7210e-01, 9.2330e-03, 
 2DIAGNOSTIC,    11, -8.272552490234e-01, 3.484407439828e-03, 7.8131e-01, 9.2101e-03, 
 2DIAGNOSTIC,    12, -8.275820016861e-01, 2.917320933193e-03, 7.9468e-01, 1.3376e-02, 
 2DIAGNOSTIC,    13, -8.278319835663e-01, 2.262180903926e-03, 8.0284e-01, 8.1511e-03, 
 2DIAGNOSTIC,    14, -8.282729387283e-01, 1.620534574613e-03, 8.1071e-01, 7.8731e-03, 
 2DIAGNOSTIC,    15, -8.285183310509e-01, 1.081457943656e-03, 8.1853e-01, 7.8239e-03, 
 2DIAGNOSTIC,    16, -8.286161422729e-01, 6.725885905325e-04, 8.2618e-01, 7.6489e-03, 
 2DIAGNOSTIC,    17, -8.287189006805e-01, 3.641814109869e-04, 8.3407e-01, 7.8862e-03, 
 2DIAGNOSTIC,    18, -8.289500474930e-01, 1.332208339591e-04, 8.4401e-01, 9.9430e-03, 
 2DIAGNOSTIC,    19, -8.289971351624e-01, 9.095256245928e-05, 8.5568e-01, 1.1670e-02, 
 2DIAGNOSTIC,    20, -8.290155529976e-01, 7.139318768168e-05, 8.6356e-01, 7.8831e-03, 
 2DIAGNOSTIC,    21, -8.290781378746e-01, 5.552744914894e-05, 8.7140e-01, 7.8380e-03, 
 2DIAGNOSTIC,    22, -8.292340636253e-01, 4.369373345980e-05, 8.7923e-01, 7.8318e-03, 
 2DIAGNOSTIC,    23, -8.292913436890e-01, 3.335815563332e-05, 8.8790e-01, 8.6651e-03, 
 2DIAGNOSTIC,    24, -8.293190002441e-01, 2.761809082585e-05, 8.9663e-01, 8.7299e-03, 
 2DIAGNOSTIC,    25, -8.293218016624e-01, 2.337904879823e-05, 9.0637e-01, 9.7401e-03, 
 2DIAGNOSTIC,    26, -8.293225169182e-01, 1.870990308817e-05, 9.1524e-01, 8.8670e-03, 
 2DIAGNOSTIC,    27, -8.293226957321e-01, 1.396086190653e-05, 9.2473e-01, 9.4900e-03, 
 2DIAGNOSTIC,    28, -8.293226361275e-01, 1.119165062846e-05, 9.3462e-01, 9.8939e-03, 
 2DIAGNOSTIC,    29, -8.293548226357e-01, 8.640005944471e-06, 9.4449e-01, 9.8660e-03, 
 2DIAGNOSTIC,    30, -8.293551206589e-01, 5.764095931227e-06, 9.5438e-01, 9.8901e-03, 
 2DIAGNOSTIC,    31, -8.293554186821e-01, 3.301015794932e-06, 9.6302e-01, 8.6410e-03, 
 2DIAGNOSTIC,    32, -8.293561935425e-01, 2.466332944095e-06, 9.7305e-01, 1.0037e-02, 
 2DIAGNOSTIC,    33, -8.293573260307e-01, 2.147512304873e-06, 9.8185e-01, 8.8010e-03, 
 2DIAGNOSTIC,    34, -8.293282389641e-01, 1.715247890388e-06, 9.8977e-01, 7.9150e-03, 
 2DIAGNOSTIC,    35, -8.293994069099e-01, 1.972784275495e-06, 9.9785e-01, 8.0831e-03, 
 2DIAGNOSTIC,    36, -8.294361829758e-01, 2.457844402670e-06, 1.0069e+00, 9.0420e-03, 
 2DIAGNOSTIC,    37, -8.294399976730e-01, 2.802021072057e-06, 1.0159e+00, 9.0311e-03, 
 2DIAGNOSTIC,    38, -8.295736908913e-01, 4.165283826296e-06, 1.0288e+00, 1.2896e-02, 
 2DIAGNOSTIC,    39, -8.295767903328e-01, 5.428113581729e-06, 1.0376e+00, 8.7609e-03, 
 2DIAGNOSTIC,    40, -8.295458555222e-01, 5.926759513386e-06, 1.0463e+00, 8.7428e-03, 
 2DIAGNOSTIC,    41, -8.295451402664e-01, 5.922865511820e-06, 1.0552e+00, 8.8902e-03, 
 2DIAGNOSTIC,    42, -8.295453786850e-01, 5.434833383333e-06, 1.0645e+00, 9.3141e-03, 
 2DIAGNOSTIC,    43, -8.295457959175e-01, 4.531823833531e-06, 1.0740e+00, 9.4368e-03, 
 2DIAGNOSTIC,    44, -8.295773863792e-01, 3.312282160550e-06, 1.0840e+00, 1.0075e-02, 
 2DIAGNOSTIC,    45, -8.295774459839e-01, 2.452700528011e-06, 1.0941e+00, 1.0084e-02, 
 2DIAGNOSTIC,    46, -8.295773267746e-01, 1.754776690177e-06, 1.1033e+00, 9.1610e-03, 
DIAGNOSTIC,Iteration,metricValue,convergenceValue,ITERATION_TIME_INDEX,SINCE_LAST
 2DIAGNOSTIC,     1, -7.197078466415e-01, inf, 1.5922e+00, 4.8889e-01, 
 2DIAGNOSTIC,     2, -7.203353047371e-01, inf, 1.6240e+00, 3.1861e-02, 
 2DIAGNOSTIC,     3, -7.206959128380e-01, inf, 1.6528e+00, 2.8798e-02, 
 2DIAGNOSTIC,     4, -7.209045886993e-01, inf, 1.6795e+00, 2.6708e-02, 
 2DIAGNOSTIC,     5, -7.209856510162e-01, inf, 1.7068e+00, 2.7264e-02, 
 2DIAGNOSTIC,     6, -7.211497426033e-01, inf, 1.7360e+00, 2.9215e-02, 
 2DIAGNOSTIC,     7, -7.213654518127e-01, inf, 1.7715e+00, 3.5526e-02, 
 2DIAGNOSTIC,     8, -7.214944958687e-01, inf, 1.8135e+00, 4.1996e-02, 
 2DIAGNOSTIC,     9, -7.216668725014e-01, inf, 1.8482e+00, 3.4620e-02, 
 2DIAGNOSTIC,    10, -7.217566370964e-01, 1.614466164028e-04, 1.8837e+00, 3.5503e-02, 
 2DIAGNOSTIC,    11, -7.219268083572e-01, 1.220857520821e-04, 1.9194e+00, 3.5723e-02, 
 2DIAGNOSTIC,    12, -7.221317291260e-01, 1.055385873769e-04, 1.9552e+00, 3.5798e-02, 
 2DIAGNOSTIC,    13, -7.223456501961e-01, 9.941199823515e-05, 1.9901e+00, 3.4916e-02, 
 2DIAGNOSTIC,    14, -7.224756479263e-01, 9.484541078564e-05, 2.0255e+00, 3.5403e-02, 
 2DIAGNOSTIC,    15, -7.231569290161e-01, 1.024371813401e-04, 2.0570e+00, 3.1496e-02, 
 2DIAGNOSTIC,    16, -7.231820821762e-01, 1.040408096742e-04, 2.1062e+00, 4.9195e-02, 
 2DIAGNOSTIC,    17, -7.232155799866e-01, 1.019399060169e-04, 2.1389e+00, 3.2721e-02, 
 2DIAGNOSTIC,    18, -7.232344746590e-01, 9.416442480870e-05, 2.1740e+00, 3.5086e-02, 
 2DIAGNOSTIC,    19, -7.232555747032e-01, 8.260605682153e-05, 2.2117e+00, 3.7733e-02, 
 2DIAGNOSTIC,    20, -7.232431173325e-01, 6.599494372495e-05, 2.2431e+00, 3.1319e-02, 
 2DIAGNOSTIC,    21, -7.232380509377e-01, 4.800147871720e-05, 2.2785e+00, 3.5481e-02, 
 2DIAGNOSTIC,    22, -7.232323884964e-01, 3.098192973994e-05, 2.3103e+00, 3.1808e-02, 
 2DIAGNOSTIC,    23, -7.232193946838e-01, 1.619322210900e-05, 2.3465e+00, 3.6118e-02, 
 2DIAGNOSTIC,    24, -7.232379317284e-01, 3.377439725227e-06, 2.3776e+00, 3.1177e-02, 
 2DIAGNOSTIC,    25, -7.232445478439e-01, 2.214694859504e-06, 2.4120e+00, 3.4357e-02, 
 2DIAGNOSTIC,    26, -7.232507467270e-01, 1.521351805422e-06, 2.4467e+00, 3.4682e-02, 
 2DIAGNOSTIC,    27, -7.232511043549e-01, 1.343173607893e-06, 2.4772e+00, 3.0556e-02, 
 2DIAGNOSTIC,    28, -7.232601046562e-01, 1.547370629851e-06, 2.5125e+00, 3.5271e-02, 
 2DIAGNOSTIC,    29, -7.232844233513e-01, 2.311768867003e-06, 2.5476e+00, 3.5071e-02, 
 2DIAGNOSTIC,    30, -7.232751250267e-01, 2.613016022224e-06, 2.5792e+00, 3.1626e-02, 
 2DIAGNOSTIC,    31, -7.232921123505e-01, 2.910444891313e-06, 2.6149e+00, 3.5672e-02, 
 2DIAGNOSTIC,    32, -7.233020067215e-01, 3.068258820349e-06, 2.6503e+00, 3.5416e-02, 
 2DIAGNOSTIC,    33, -7.232847809792e-01, 2.649793259479e-06, 2.6866e+00, 3.6270e-02, 
 2DIAGNOSTIC,    34, -7.232868075371e-01, 2.338243803024e-06, 2.7230e+00, 3.6429e-02, 
 2DIAGNOSTIC,    35, -7.232687473297e-01, 1.781272089829e-06, 2.7551e+00, 3.2147e-02, 
 2DIAGNOSTIC,    36, -7.232545614243e-01, 1.090236764867e-06, 2.7880e+00, 3.2834e-02, 
DIAGNOSTIC,Iteration,metricValue,convergenceValue,ITERATION_TIME_INDEX,SINCE_LAST
 2DIAGNOSTIC,     1, -6.229244470596e-01, inf, 3.7718e+00, 9.8378e-01, 
 2DIAGNOSTIC,     2, -6.231199502945e-01, inf, 4.0059e+00, 2.3420e-01, 
 2DIAGNOSTIC,     3, -6.232510805130e-01, inf, 4.2585e+00, 2.5252e-01, 
 2DIAGNOSTIC,     4, -6.234046220779e-01, inf, 4.4967e+00, 2.3825e-01, 
 2DIAGNOSTIC,     5, -6.236631870270e-01, inf, 4.8176e+00, 3.2092e-01, 
 2DIAGNOSTIC,     6, -6.236907839775e-01, inf, 5.0506e+00, 2.3299e-01, 
 2DIAGNOSTIC,     7, -6.237630248070e-01, inf, 5.2797e+00, 2.2905e-01, 
 2DIAGNOSTIC,     8, -6.239179372787e-01, inf, 5.5365e+00, 2.5681e-01, 
 2DIAGNOSTIC,     9, -6.239582896233e-01, inf, 5.7649e+00, 2.2839e-01, 
 2DIAGNOSTIC,    10, -6.241364479065e-01, 1.209731562994e-04, 6.0867e+00, 3.2183e-01, 
 2DIAGNOSTIC,    11, -6.242243051529e-01, 1.022164142341e-04, 6.3136e+00, 2.2691e-01, 
 2DIAGNOSTIC,    12, -6.242710947990e-01, 8.691013499629e-05, 6.5392e+00, 2.2557e-01, 
 2DIAGNOSTIC,    13, -6.243860125542e-01, 7.493268640246e-05, 6.7665e+00, 2.2735e-01, 
 2DIAGNOSTIC,    14, -6.245393753052e-01, 6.777422095183e-05, 7.0255e+00, 2.5897e-01, 
 2DIAGNOSTIC,    15, -6.246947050095e-01, 6.806651072111e-05, 7.3803e+00, 3.5484e-01, 
 2DIAGNOSTIC,    16, -6.247910261154e-01, 6.572893471457e-05, 7.6396e+00, 2.5922e-01, 
 2DIAGNOSTIC,    17, -6.248139739037e-01, 6.032317469362e-05, 7.8650e+00, 2.2545e-01, 
 2DIAGNOSTIC,    18, -6.248820424080e-01, 5.583123856923e-05, 8.0947e+00, 2.2970e-01, 
 2DIAGNOSTIC,    19, -6.249900460243e-01, 5.019120726502e-05, 8.3573e+00, 2.6262e-01, 
 2DIAGNOSTIC,    20, -6.250454187393e-01, 4.579903907143e-05, 8.6157e+00, 2.5837e-01, 
 2DIAGNOSTIC,    21, -6.251630187035e-01, 4.218569665682e-05, 8.8734e+00, 2.5773e-01, 
 2DIAGNOSTIC,    22, -6.252306699753e-01, 3.745491630980e-05, 9.1309e+00, 2.5748e-01, 
 2DIAGNOSTIC,    23, -6.255270838737e-01, 3.786476736423e-05, 9.3898e+00, 2.5892e-01, 
 2DIAGNOSTIC,    24, -6.265577673912e-01, 5.706729280064e-05, 9.6464e+00, 2.5657e-01, 
 2DIAGNOSTIC,    25, -6.265622973442e-01, 7.189640746219e-05, 9.9083e+00, 2.6188e-01, 
 2DIAGNOSTIC,    26, -6.265664100647e-01, 8.098816761049e-05, 1.0169e+01, 2.6056e-01, 
 2DIAGNOSTIC,    27, -6.265614628792e-01, 8.243656338891e-05, 1.0465e+01, 2.9613e-01, 
 2DIAGNOSTIC,    28, -6.265583634377e-01, 7.702114817221e-05, 1.0771e+01, 3.0612e-01, 
 2DIAGNOSTIC,    29, -6.265555620193e-01, 6.619063060498e-05, 1.1065e+01, 2.9418e-01, 
 2DIAGNOSTIC,    30, -6.265554428101e-01, 5.074172077002e-05, 1.1488e+01, 4.2262e-01, 
 2DIAGNOSTIC,    31, -6.265556812286e-01, 3.358745743753e-05, 1.1754e+01, 2.6592e-01, 
 2DIAGNOSTIC,    32, -6.265553832054e-01, 1.543767939438e-05, 1.2035e+01, 2.8090e-01, 
DIAGNOSTIC,Iteration,metricValue,convergenceValue,ITERATION_TIME_INDEX,SINCE_LAST
 2DIAGNOSTIC,     1, -5.566417574883e-01, inf, 1.4726e+01, 2.6910e+00, 
  Elapsed time (stage 0): 1.6018e+01


Total elapsed time: 1.6018e+01
Using single precision for computations.
Input scalar image: /home/mpib/nemecz/Projects/miniTRK/Analysis/01_MRI/Preproc/GroupTempl/T1w/sub-205693_T1w.nii.gz
Reference image: /home/mpib/nemecz/Projects/miniTRK/Results/01_MRI/GroupTempl/T1w/T_template0.nii.gz
=============================================================================
The composite transform comprises the following transforms (in order): 
  1. /home/mpib/nemecz/Projects/miniTRK/Results/01_MRI/GroupTempl/T1w/rigid3_0GenericAffine.mat (type = AffineTransform)
=============================================================================
Default pixel value: 0
Interpolation type: LinearInterpolateImageFunction
Output warped image: /home/mpib/nemecz/Projects/miniTRK/Results/01_MRI/GroupTempl/T1w/rigid3_0_sub-205693_T1w.nii.gz
