
Running N4 for 3-dimensional images.

Mask not read.  Using the entire image as the mask.

Original intensity range:  [0, 846]

***********************************************************
Warning:  Your input image contains nonpositive values
which could cause failure or problematic results.  A
possible workaround would be to:
   1. rescale your image to positive values e.g., [10,100].
   2. run N4 on your rescaled image.
   3. (optional) rescale the N4 output to the original
      intensity range.
***********************************************************

Specified spline distance: 200mm
  original image size:  [192, 256, 256]
  padded image size:  [201, 401, 401]
  number of control points:  [4, 5, 5]

Current level = 1
  Iteration 1 (of 50).   Current convergence value = 0.000586762 (threshold = 1e-08)
  Iteration 2 (of 50).   Current convergence value = 0.000404507 (threshold = 1e-08)
  Iteration 3 (of 50).   Current convergence value = 0.00027669 (threshold = 1e-08)
  Iteration 4 (of 50).   Current convergence value = 0.000188459 (threshold = 1e-08)
  Iteration 5 (of 50).   Current convergence value = 0.000129502 (threshold = 1e-08)
  Iteration 6 (of 50).   Current convergence value = 9.1888e-05 (threshold = 1e-08)
  Iteration 7 (of 50).   Current convergence value = 7.05564e-05 (threshold = 1e-08)
  Iteration 8 (of 50).   Current convergence value = 6.08963e-05 (threshold = 1e-08)
  Iteration 9 (of 50).   Current convergence value = 5.82385e-05 (threshold = 1e-08)
  Iteration 10 (of 50).   Current convergence value = 5.87326e-05 (threshold = 1e-08)
  Iteration 11 (of 50).   Current convergence value = 6.03794e-05 (threshold = 1e-08)
  Iteration 12 (of 50).   Current convergence value = 6.19959e-05 (threshold = 1e-08)
  Iteration 13 (of 50).   Current convergence value = 6.62338e-05 (threshold = 1e-08)
  Iteration 14 (of 50).   Current convergence value = 7.06648e-05 (threshold = 1e-08)
  Iteration 15 (of 50).   Current convergence value = 7.43925e-05 (threshold = 1e-08)
  Iteration 16 (of 50).   Current convergence value = 7.76151e-05 (threshold = 1e-08)
  Iteration 17 (of 50).   Current convergence value = 7.91155e-05 (threshold = 1e-08)
  Iteration 18 (of 50).   Current convergence value = 7.76133e-05 (threshold = 1e-08)
  Iteration 19 (of 50).   Current convergence value = 7.6517e-05 (threshold = 1e-08)
  Iteration 20 (of 50).   Current convergence value = 7.57792e-05 (threshold = 1e-08)
  Iteration 21 (of 50).   Current convergence value = 7.5227e-05 (threshold = 1e-08)
  Iteration 22 (of 50).   Current convergence value = 7.48032e-05 (threshold = 1e-08)
  Iteration 23 (of 50).   Current convergence value = 7.45857e-05 (threshold = 1e-08)
  Iteration 24 (of 50).   Current convergence value = 7.44319e-05 (threshold = 1e-08)
  Iteration 25 (of 50).   Current convergence value = 7.43689e-05 (threshold = 1e-08)
  Iteration 26 (of 50).   Current convergence value = 7.43207e-05 (threshold = 1e-08)
  Iteration 27 (of 50).   Current convergence value = 7.42913e-05 (threshold = 1e-08)
  Iteration 28 (of 50).   Current convergence value = 7.43453e-05 (threshold = 1e-08)
  Iteration 29 (of 50).   Current convergence value = 7.43199e-05 (threshold = 1e-08)
  Iteration 30 (of 50).   Current convergence value = 7.43029e-05 (threshold = 1e-08)
  Iteration 31 (of 50).   Current convergence value = 7.42871e-05 (threshold = 1e-08)
  Iteration 32 (of 50).   Current convergence value = 7.42422e-05 (threshold = 1e-08)
  Iteration 33 (of 50).   Current convergence value = 7.43107e-05 (threshold = 1e-08)
  Iteration 34 (of 50).   Current convergence value = 7.42714e-05 (threshold = 1e-08)
  Iteration 35 (of 50).   Current convergence value = 7.42164e-05 (threshold = 1e-08)
  Iteration 36 (of 50).   Current convergence value = 7.41842e-05 (threshold = 1e-08)
  Iteration 37 (of 50).   Current convergence value = 7.41738e-05 (threshold = 1e-08)
  Iteration 38 (of 50).   Current convergence value = 7.41769e-05 (threshold = 1e-08)
  Iteration 39 (of 50).   Current convergence value = 7.41837e-05 (threshold = 1e-08)
  Iteration 40 (of 50).   Current convergence value = 7.42296e-05 (threshold = 1e-08)
  Iteration 41 (of 50).   Current convergence value = 7.42236e-05 (threshold = 1e-08)
  Iteration 42 (of 50).   Current convergence value = 7.42642e-05 (threshold = 1e-08)
  Iteration 43 (of 50).   Current convergence value = 7.42136e-05 (threshold = 1e-08)
  Iteration 44 (of 50).   Current convergence value = 7.42198e-05 (threshold = 1e-08)
  Iteration 45 (of 50).   Current convergence value = 7.41407e-05 (threshold = 1e-08)
  Iteration 46 (of 50).   Current convergence value = 7.40785e-05 (threshold = 1e-08)
  Iteration 47 (of 50).   Current convergence value = 7.40257e-05 (threshold = 1e-08)
  Iteration 48 (of 50).   Current convergence value = 7.40428e-05 (threshold = 1e-08)
  Iteration 49 (of 50).   Current convergence value = 7.39498e-05 (threshold = 1e-08)
  Iteration 50 (of 50).   Current convergence value = 7.3874e-05 (threshold = 1e-08)
Current level = 2
  Iteration 1 (of 50).   Current convergence value = 0.000442363 (threshold = 1e-08)
  Iteration 2 (of 50).   Current convergence value = 0.00037076 (threshold = 1e-08)
  Iteration 3 (of 50).   Current convergence value = 0.000318566 (threshold = 1e-08)
  Iteration 4 (of 50).   Current convergence value = 0.000273129 (threshold = 1e-08)
  Iteration 5 (of 50).   Current convergence value = 0.000236404 (threshold = 1e-08)
  Iteration 6 (of 50).   Current convergence value = 0.000208037 (threshold = 1e-08)
  Iteration 7 (of 50).   Current convergence value = 0.000188987 (threshold = 1e-08)
  Iteration 8 (of 50).   Current convergence value = 0.000172575 (threshold = 1e-08)
  Iteration 9 (of 50).   Current convergence value = 0.000156751 (threshold = 1e-08)
  Iteration 10 (of 50).   Current convergence value = 0.0001433 (threshold = 1e-08)
  Iteration 11 (of 50).   Current convergence value = 0.000131678 (threshold = 1e-08)
  Iteration 12 (of 50).   Current convergence value = 0.000121858 (threshold = 1e-08)
  Iteration 13 (of 50).   Current convergence value = 0.000113203 (threshold = 1e-08)
  Iteration 14 (of 50).   Current convergence value = 0.000105865 (threshold = 1e-08)
  Iteration 15 (of 50).   Current convergence value = 9.9633e-05 (threshold = 1e-08)
  Iteration 16 (of 50).   Current convergence value = 9.42819e-05 (threshold = 1e-08)
  Iteration 17 (of 50).   Current convergence value = 9.1737e-05 (threshold = 1e-08)
  Iteration 18 (of 50).   Current convergence value = 9.10724e-05 (threshold = 1e-08)
  Iteration 19 (of 50).   Current convergence value = 9.08304e-05 (threshold = 1e-08)
  Iteration 20 (of 50).   Current convergence value = 9.06689e-05 (threshold = 1e-08)
  Iteration 21 (of 50).   Current convergence value = 9.08446e-05 (threshold = 1e-08)
  Iteration 22 (of 50).   Current convergence value = 9.10627e-05 (threshold = 1e-08)
  Iteration 23 (of 50).   Current convergence value = 9.11586e-05 (threshold = 1e-08)
  Iteration 24 (of 50).   Current convergence value = 9.13544e-05 (threshold = 1e-08)
  Iteration 25 (of 50).   Current convergence value = 9.14897e-05 (threshold = 1e-08)
  Iteration 26 (of 50).   Current convergence value = 9.21103e-05 (threshold = 1e-08)
  Iteration 27 (of 50).   Current convergence value = 9.27152e-05 (threshold = 1e-08)
  Iteration 28 (of 50).   Current convergence value = 9.28535e-05 (threshold = 1e-08)
  Iteration 29 (of 50).   Current convergence value = 9.31928e-05 (threshold = 1e-08)
  Iteration 30 (of 50).   Current convergence value = 9.33245e-05 (threshold = 1e-08)
  Iteration 31 (of 50).   Current convergence value = 9.32312e-05 (threshold = 1e-08)
  Iteration 32 (of 50).   Current convergence value = 9.31016e-05 (threshold = 1e-08)
  Iteration 33 (of 50).   Current convergence value = 9.30654e-05 (threshold = 1e-08)
  Iteration 34 (of 50).   Current convergence value = 9.28141e-05 (threshold = 1e-08)
  Iteration 35 (of 50).   Current convergence value = 9.26581e-05 (threshold = 1e-08)
  Iteration 36 (of 50).   Current convergence value = 9.23184e-05 (threshold = 1e-08)
  Iteration 37 (of 50).   Current convergence value = 9.19455e-05 (threshold = 1e-08)
  Iteration 38 (of 50).   Current convergence value = 9.1716e-05 (threshold = 1e-08)
  Iteration 39 (of 50).   Current convergence value = 9.14009e-05 (threshold = 1e-08)
  Iteration 40 (of 50).   Current convergence value = 9.11251e-05 (threshold = 1e-08)
  Iteration 41 (of 50).   Current convergence value = 9.0698e-05 (threshold = 1e-08)
  Iteration 42 (of 50).   Current convergence value = 9.03066e-05 (threshold = 1e-08)
  Iteration 43 (of 50).   Current convergence value = 8.99897e-05 (threshold = 1e-08)
  Iteration 44 (of 50).   Current convergence value = 8.98145e-05 (threshold = 1e-08)
  Iteration 45 (of 50).   Current convergence value = 8.94494e-05 (threshold = 1e-08)
  Iteration 46 (of 50).   Current convergence value = 8.92336e-05 (threshold = 1e-08)
  Iteration 47 (of 50).   Current convergence value = 8.89037e-05 (threshold = 1e-08)
  Iteration 48 (of 50).   Current convergence value = 8.84556e-05 (threshold = 1e-08)
  Iteration 49 (of 50).   Current convergence value = 8.80759e-05 (threshold = 1e-08)
  Iteration 50 (of 50).   Current convergence value = 8.7828e-05 (threshold = 1e-08)
Current level = 3
  Iteration 1 (of 40).   Current convergence value = 0.0013505 (threshold = 1e-08)
  Iteration 2 (of 40).   Current convergence value = 0.00110463 (threshold = 1e-08)
  Iteration 3 (of 40).   Current convergence value = 0.000949308 (threshold = 1e-08)
  Iteration 4 (of 40).   Current convergence value = 0.000842018 (threshold = 1e-08)
  Iteration 5 (of 40).   Current convergence value = 0.000759667 (threshold = 1e-08)
  Iteration 6 (of 40).   Current convergence value = 0.000694626 (threshold = 1e-08)
  Iteration 7 (of 40).   Current convergence value = 0.00064623 (threshold = 1e-08)
  Iteration 8 (of 40).   Current convergence value = 0.000610392 (threshold = 1e-08)
  Iteration 9 (of 40).   Current convergence value = 0.000577016 (threshold = 1e-08)
  Iteration 10 (of 40).   Current convergence value = 0.000551532 (threshold = 1e-08)
  Iteration 11 (of 40).   Current convergence value = 0.000530925 (threshold = 1e-08)
  Iteration 12 (of 40).   Current convergence value = 0.000513413 (threshold = 1e-08)
  Iteration 13 (of 40).   Current convergence value = 0.000498427 (threshold = 1e-08)
  Iteration 14 (of 40).   Current convergence value = 0.000485001 (threshold = 1e-08)
  Iteration 15 (of 40).   Current convergence value = 0.000473008 (threshold = 1e-08)
  Iteration 16 (of 40).   Current convergence value = 0.00046232 (threshold = 1e-08)
  Iteration 17 (of 40).   Current convergence value = 0.000452403 (threshold = 1e-08)
  Iteration 18 (of 40).   Current convergence value = 0.000443382 (threshold = 1e-08)
  Iteration 19 (of 40).   Current convergence value = 0.00043485 (threshold = 1e-08)
  Iteration 20 (of 40).   Current convergence value = 0.000427039 (threshold = 1e-08)
  Iteration 21 (of 40).   Current convergence value = 0.000419519 (threshold = 1e-08)
  Iteration 22 (of 40).   Current convergence value = 0.000412497 (threshold = 1e-08)
  Iteration 23 (of 40).   Current convergence value = 0.000405691 (threshold = 1e-08)
  Iteration 24 (of 40).   Current convergence value = 0.00039934 (threshold = 1e-08)
  Iteration 25 (of 40).   Current convergence value = 0.000393032 (threshold = 1e-08)
  Iteration 26 (of 40).   Current convergence value = 0.000387057 (threshold = 1e-08)
  Iteration 27 (of 40).   Current convergence value = 0.000381231 (threshold = 1e-08)
  Iteration 28 (of 40).   Current convergence value = 0.000375593 (threshold = 1e-08)
  Iteration 29 (of 40).   Current convergence value = 0.000370063 (threshold = 1e-08)
  Iteration 30 (of 40).   Current convergence value = 0.000364635 (threshold = 1e-08)
  Iteration 31 (of 40).   Current convergence value = 0.00035933 (threshold = 1e-08)
  Iteration 32 (of 40).   Current convergence value = 0.000354051 (threshold = 1e-08)
  Iteration 33 (of 40).   Current convergence value = 0.000348841 (threshold = 1e-08)
  Iteration 34 (of 40).   Current convergence value = 0.000343711 (threshold = 1e-08)
  Iteration 35 (of 40).   Current convergence value = 0.000338557 (threshold = 1e-08)
  Iteration 36 (of 40).   Current convergence value = 0.000333446 (threshold = 1e-08)
  Iteration 37 (of 40).   Current convergence value = 0.000328435 (threshold = 1e-08)
  Iteration 38 (of 40).   Current convergence value = 0.000323652 (threshold = 1e-08)
  Iteration 39 (of 40).   Current convergence value = 0.000318712 (threshold = 1e-08)
  Iteration 40 (of 40).   Current convergence value = 0.000313742 (threshold = 1e-08)
Current level = 4
  Iteration 1 (of 30).   Current convergence value = 0.00227504 (threshold = 1e-08)
  Iteration 2 (of 30).   Current convergence value = 0.00202958 (threshold = 1e-08)
  Iteration 3 (of 30).   Current convergence value = 0.0019083 (threshold = 1e-08)
  Iteration 4 (of 30).   Current convergence value = 0.00181295 (threshold = 1e-08)
  Iteration 5 (of 30).   Current convergence value = 0.00172218 (threshold = 1e-08)
  Iteration 6 (of 30).   Current convergence value = 0.00158103 (threshold = 1e-08)
  Iteration 7 (of 30).   Current convergence value = 0.00149471 (threshold = 1e-08)
  Iteration 8 (of 30).   Current convergence value = 0.0014516 (threshold = 1e-08)
  Iteration 9 (of 30).   Current convergence value = 0.00141768 (threshold = 1e-08)
  Iteration 10 (of 30).   Current convergence value = 0.00145892 (threshold = 1e-08)
  Iteration 11 (of 30).   Current convergence value = 0.00161375 (threshold = 1e-08)
  Iteration 12 (of 30).   Current convergence value = 0.0018103 (threshold = 1e-08)
  Iteration 13 (of 30).   Current convergence value = 0.00201471 (threshold = 1e-08)
  Iteration 14 (of 30).   Current convergence value = 0.00187741 (threshold = 1e-08)
  Iteration 15 (of 30).   Current convergence value = 0.00169801 (threshold = 1e-08)
  Iteration 16 (of 30).   Current convergence value = 0.00155325 (threshold = 1e-08)
  Iteration 17 (of 30).   Current convergence value = 0.00141953 (threshold = 1e-08)
  Iteration 18 (of 30).   Current convergence value = 0.00126849 (threshold = 1e-08)
  Iteration 19 (of 30).   Current convergence value = 0.00122076 (threshold = 1e-08)
  Iteration 20 (of 30).   Current convergence value = 0.00157674 (threshold = 1e-08)
  Iteration 21 (of 30).   Current convergence value = 0.00155978 (threshold = 1e-08)
  Iteration 22 (of 30).   Current convergence value = 0.00135894 (threshold = 1e-08)
  Iteration 23 (of 30).   Current convergence value = 0.00116338 (threshold = 1e-08)
  Iteration 24 (of 30).   Current convergence value = 0.00094937 (threshold = 1e-08)
  Iteration 25 (of 30).   Current convergence value = 0.000863613 (threshold = 1e-08)
  Iteration 26 (of 30).   Current convergence value = 0.00081442 (threshold = 1e-08)
  Iteration 27 (of 30).   Current convergence value = 0.000780443 (threshold = 1e-08)
  Iteration 28 (of 30).   Current convergence value = 0.000753992 (threshold = 1e-08)
  Iteration 29 (of 30).   Current convergence value = 0.000732593 (threshold = 1e-08)
  Iteration 30 (of 30).   Current convergence value = 0.000714776 (threshold = 1e-08)
   N4BiasFieldCorrectionImageFilter (0x5641495cae20)
     RTTI typeinfo:   itk::N4BiasFieldCorrectionImageFilter<itk::Image<float, 3u>, itk::Image<float, 3u>, itk::Image<float, 3u> >
     Reference Count: 1
     Modified Time: 565
     Debug: Off
     Object Name: 
     Observers: 
       IterationEvent(Command)
     Inputs: 
       ConfidenceImage: (0)
       MaskImage: (0x5641495f5610)
       Primary: (0x5641495f0ae0) *
     Indexed Inputs: 
       0: Primary (0x5641495f0ae0)
       1: MaskImage (0x5641495f5610)
       2: ConfidenceImage (0)
     Required Input Names: Primary
     NumberOfRequiredInputs: 1
     Outputs: 
       Primary: (0x5641495daef0)
     Indexed Outputs: 
       0: Primary (0x5641495daef0)
     NumberOfRequiredOutputs: 1
     Number Of Work Units: 32
     ReleaseDataFlag: Off
     ReleaseDataBeforeUpdateFlag: Off
     AbortGenerateData: Off
     Progress: 0
     Multithreader: 
       RTTI typeinfo:   itk::PoolMultiThreader
       Reference Count: 1
       Modified Time: 144
       Debug: Off
       Object Name: 
       Observers: 
         none
       Number of Work Units: 32
       Number of Threads: 8
       Global Maximum Number Of Threads: 128
       Global Default Number Of Threads: 8
       Global Default Threader Type: itk::MultiThreaderBaseEnums::Threader::Pool
       SingleMethod: 0
       SingleData: 0
     DynamicMultiThreading: On
     CoordinateTolerance: 1e-06
     DirectionTolerance: 1e-06
     Use Mask Label: 0
     Mask label: 1
     Number of histogram bins: 200
     Wiener filter noise: 0.01
     Bias field FWHM: 0.15
     Maximum number of iterations: [50, 50, 40, 30]
     Convergence threshold: 1e-08
     Spline order: 3
     Number of fitting levels: [4, 4, 4]
     Number of control points: [4, 5, 5]
     CurrentConvergenceMeasurement: 0.000714776
     CurrentLevel: 4
     ElapsedIterations: 31
     LogBiasFieldControlPointLattice: 
       Image (0x5641500dbf20)
         RTTI typeinfo:   itk::Image<itk::Vector<float, 1u>, 3u>
         Reference Count: 1
         Modified Time: 343560
         Debug: Off
         Object Name: 
         Observers: 
           none
         Source: (none)
         Source output name: (none)
         Release Data: Off
         Data Released: False
         Global Release Data: Off
         PipelineMTime: 0
         UpdateMTime: 0
         RealTimeStamp: 0 seconds 
         LargestPossibleRegion: 
           Dimension: 3
           Index: [0, 0, 0]
           Size: [11, 19, 19]
         BufferedRegion: 
           Dimension: 3
           Index: [0, 0, 0]
           Size: [11, 19, 19]
         RequestedRegion: 
           Dimension: 3
           Index: [0, 0, 0]
           Size: [11, 19, 19]
         Spacing: [24.75, 24.875, 24.875]
         Origin: [23.1951, 21.5451, -29.1185]
         Direction: 
-0.999029 0.0259476 0.0355963
-0.020576 -0.989402 0.143738
0.0389487 0.142866 0.988975

         IndexToPointMatrix: 
-24.726 0.645446 0.885458
-0.509257 -24.6114 3.57548
0.963981 3.55379 24.6008

         PointToIndexMatrix: 
-0.0403648 -0.000831355 0.00157369
0.00104312 -0.0397749 0.00574336
0.00143101 0.00577841 0.0397578

         Inverse Direction: 
-0.999029 -0.020576 0.0389487
0.0259476 -0.989402 0.142866
0.0355963 0.143738 0.988975

         PixelContainer: 
           ImportImageContainer (0x564153a20350)
             RTTI typeinfo:   itk::ImportImageContainer<unsigned long, itk::Vector<float, 1u> >
             Reference Count: 1
             Modified Time: 343561
             Debug: Off
             Object Name: 
             Observers: 
               none
             Pointer: 0x564153764ac0
             Container manages memory: true
             Size: 3971
             Capacity: 3971
Elapsed time: 267.67
All_Command_lines_OK
Using single precision for computations.
=============================================================================
The composite transform comprises the following transforms (in order): 
  1. Center of mass alignment using fixed image: /home/mpib/nemecz/Projects/miniTRK/Results/01_MRI/GroupTempl/T1w/T_template0.nii.gz and moving image: /home/mpib/nemecz/Projects/miniTRK/Analysis/01_MRI/Preproc/GroupTempl/T1w/sub-351677_T1w.nii.gz (type = Euler3DTransform)
=============================================================================
  number of levels = 4
  number of levels = 4
  number of levels = 4
  fixed image: /home/mpib/nemecz/Projects/miniTRK/Results/01_MRI/GroupTempl/T1w/T_template0.nii.gz
  moving image: /home/mpib/nemecz/Projects/miniTRK/Results/01_MRI/GroupTempl/T1w/T_template0sub-351677_T1wRepaired.nii.gz
  fixed image: /home/mpib/nemecz/Projects/miniTRK/Results/01_MRI/GroupTempl/T1w/T_template0.nii.gz
  moving image: /home/mpib/nemecz/Projects/miniTRK/Results/01_MRI/GroupTempl/T1w/T_template0sub-351677_T1wRepaired.nii.gz
  fixed image: /home/mpib/nemecz/Projects/miniTRK/Results/01_MRI/GroupTempl/T1w/T_template0.nii.gz
  moving image: /home/mpib/nemecz/Projects/miniTRK/Results/01_MRI/GroupTempl/T1w/T_template0sub-351677_T1wRepaired.nii.gz
Dimension = 3
Number of stages = 3
Use Histogram Matching true
Winsorize image intensities true
Lower quantile = 0.01
Upper quantile = 0.99
Stage 1 State
   Image metric = Mattes
     Fixed image = Image (0x55ab5af59ad0)
  RTTI typeinfo:   itk::Image<float, 3u>
  Reference Count: 2
  Modified Time: 1721
  Debug: Off
  Object Name: 
  Observers: 
    none
  Source: (none)
  Source output name: (none)
  Release Data: Off
  Data Released: False
  Global Release Data: Off
  PipelineMTime: 0
  UpdateMTime: 1506
  RealTimeStamp: 0 seconds 
  LargestPossibleRegion: 
    Dimension: 3
    Index: [0, 0, 0]
    Size: [192, 256, 256]
  BufferedRegion: 
    Dimension: 3
    Index: [0, 0, 0]
    Size: [192, 256, 256]
  RequestedRegion: 
    Dimension: 3
    Index: [0, 0, 0]
    Size: [192, 256, 256]
  Spacing: [1, 1, 1]
  Origin: [95.0313, 100.538, -154.123]
  Direction: 
-0.999853 -0.014134 -0.00966312
0.014129 -0.9999 0.000586045
-0.00967044 0.000449429 0.999953

  IndexToPointMatrix: 
-0.999853 -0.014134 -0.00966312
0.014129 -0.9999 0.000586045
-0.00967044 0.000449429 0.999953

  PointToIndexMatrix: 
-0.999853 0.014129 -0.00967044
-0.014134 -0.9999 0.000449429
-0.00966312 0.000586045 0.999953

  Inverse Direction: 
-0.999853 0.014129 -0.00967044
-0.014134 -0.9999 0.000449429
-0.00966312 0.000586045 0.999953

  PixelContainer: 
    ImportImageContainer (0x55ab5af61c80)
      RTTI typeinfo:   itk::ImportImageContainer<unsigned long, float>
      Reference Count: 1
      Modified Time: 1503
      Debug: Off
      Object Name: 
      Observers: 
        none
      Pointer: 0x7f8e3b016010
      Container manages memory: true
      Size: 12582912
      Capacity: 12582912

     Moving image = Image (0x55ab5af5abc0)
  RTTI typeinfo:   itk::Image<float, 3u>
  Reference Count: 2
  Modified Time: 1722
  Debug: Off
  Object Name: 
  Observers: 
    none
  Source: (none)
  Source output name: (none)
  Release Data: Off
  Data Released: False
  Global Release Data: Off
  PipelineMTime: 0
  UpdateMTime: 1719
  RealTimeStamp: 0 seconds 
  LargestPossibleRegion: 
    Dimension: 3
    Index: [0, 0, 0]
    Size: [192, 256, 256]
  BufferedRegion: 
    Dimension: 3
    Index: [0, 0, 0]
    Size: [192, 256, 256]
  RequestedRegion: 
    Dimension: 3
    Index: [0, 0, 0]
    Size: [192, 256, 256]
  Spacing: [1, 1, 1]
  Origin: [86.6862, 84.0973, -165.855]
  Direction: 
-0.999029 0.0259476 0.0355963
-0.020576 -0.989402 0.143738
0.0389487 0.142866 0.988975

  IndexToPointMatrix: 
-0.999029 0.0259476 0.0355963
-0.020576 -0.989402 0.143738
0.0389487 0.142866 0.988975

  PointToIndexMatrix: 
-0.999029 -0.020576 0.0389487
0.0259476 -0.989402 0.142866
0.0355963 0.143738 0.988975

  Inverse Direction: 
-0.999029 -0.020576 0.0389487
0.0259476 -0.989402 0.142866
0.0355963 0.143738 0.988975

  PixelContainer: 
    ImportImageContainer (0x55ab5af66100)
      RTTI typeinfo:   itk::ImportImageContainer<unsigned long, float>
      Reference Count: 1
      Modified Time: 1716
      Debug: Off
      Object Name: 
      Observers: 
        none
      Pointer: 0x7f8e38015010
      Container manages memory: true
      Size: 12582912
      Capacity: 12582912

     Weighting = 1
     Sampling strategy = regular
     Number of bins = 32
     Radius = 4
     Sampling percentage  = 0.25
   Transform = Rigid
     Gradient step = 0.1
     Update field sigma (voxel space) = 0
     Total field sigma (voxel space) = 0
     Update field time sigma = 0
     Total field time sigma  = 0
     Number of time indices = 0
     Number of time point samples = 0
Stage 2 State
   Image metric = Mattes
     Fixed image = Image (0x55ab5af72870)
  RTTI typeinfo:   itk::Image<float, 3u>
  Reference Count: 2
  Modified Time: 2149
  Debug: Off
  Object Name: 
  Observers: 
    none
  Source: (none)
  Source output name: (none)
  Release Data: Off
  Data Released: False
  Global Release Data: Off
  PipelineMTime: 0
  UpdateMTime: 1934
  RealTimeStamp: 0 seconds 
  LargestPossibleRegion: 
    Dimension: 3
    Index: [0, 0, 0]
    Size: [192, 256, 256]
  BufferedRegion: 
    Dimension: 3
    Index: [0, 0, 0]
    Size: [192, 256, 256]
  RequestedRegion: 
    Dimension: 3
    Index: [0, 0, 0]
    Size: [192, 256, 256]
  Spacing: [1, 1, 1]
  Origin: [95.0313, 100.538, -154.123]
  Direction: 
-0.999853 -0.014134 -0.00966312
0.014129 -0.9999 0.000586045
-0.00967044 0.000449429 0.999953

  IndexToPointMatrix: 
-0.999853 -0.014134 -0.00966312
0.014129 -0.9999 0.000586045
-0.00967044 0.000449429 0.999953

  PointToIndexMatrix: 
-0.999853 0.014129 -0.00967044
-0.014134 -0.9999 0.000449429
-0.00966312 0.000586045 0.999953

  Inverse Direction: 
-0.999853 0.014129 -0.00967044
-0.014134 -0.9999 0.000449429
-0.00966312 0.000586045 0.999953

  PixelContainer: 
    ImportImageContainer (0x55ab5af5d6d0)
      RTTI typeinfo:   itk::ImportImageContainer<unsigned long, float>
      Reference Count: 1
      Modified Time: 1931
      Debug: Off
      Object Name: 
      Observers: 
        none
      Pointer: 0x7f8e35014010
      Container manages memory: true
      Size: 12582912
      Capacity: 12582912

     Moving image = Image (0x55ab5af724c0)
  RTTI typeinfo:   itk::Image<float, 3u>
  Reference Count: 2
  Modified Time: 2150
  Debug: Off
  Object Name: 
  Observers: 
    none
  Source: (none)
  Source output name: (none)
  Release Data: Off
  Data Released: False
  Global Release Data: Off
  PipelineMTime: 0
  UpdateMTime: 2147
  RealTimeStamp: 0 seconds 
  LargestPossibleRegion: 
    Dimension: 3
    Index: [0, 0, 0]
    Size: [192, 256, 256]
  BufferedRegion: 
    Dimension: 3
    Index: [0, 0, 0]
    Size: [192, 256, 256]
  RequestedRegion: 
    Dimension: 3
    Index: [0, 0, 0]
    Size: [192, 256, 256]
  Spacing: [1, 1, 1]
  Origin: [86.6862, 84.0973, -165.855]
  Direction: 
-0.999029 0.0259476 0.0355963
-0.020576 -0.989402 0.143738
0.0389487 0.142866 0.988975

  IndexToPointMatrix: 
-0.999029 0.0259476 0.0355963
-0.020576 -0.989402 0.143738
0.0389487 0.142866 0.988975

  PointToIndexMatrix: 
-0.999029 -0.020576 0.0389487
0.0259476 -0.989402 0.142866
0.0355963 0.143738 0.988975

  Inverse Direction: 
-0.999029 -0.020576 0.0389487
0.0259476 -0.989402 0.142866
0.0355963 0.143738 0.988975

  PixelContainer: 
    ImportImageContainer (0x55ab5af738c0)
      RTTI typeinfo:   itk::ImportImageContainer<unsigned long, float>
      Reference Count: 1
      Modified Time: 2144
      Debug: Off
      Object Name: 
      Observers: 
        none
      Pointer: 0x7f8e32013010
      Container manages memory: true
      Size: 12582912
      Capacity: 12582912

     Weighting = 1
     Sampling strategy = regular
     Number of bins = 32
     Radius = 4
     Sampling percentage  = 0.25
   Transform = Affine
     Gradient step = 0.1
     Update field sigma (voxel space) = 0
     Total field sigma (voxel space) = 0
     Update field time sigma = 0
     Total field time sigma  = 0
     Number of time indices = 0
     Number of time point samples = 0
Stage 3 State
   Image metric = CC
     Fixed image = Image (0x55ab5af79960)
  RTTI typeinfo:   itk::Image<float, 3u>
  Reference Count: 2
  Modified Time: 2577
  Debug: Off
  Object Name: 
  Observers: 
    none
  Source: (none)
  Source output name: (none)
  Release Data: Off
  Data Released: False
  Global Release Data: Off
  PipelineMTime: 0
  UpdateMTime: 2362
  RealTimeStamp: 0 seconds 
  LargestPossibleRegion: 
    Dimension: 3
    Index: [0, 0, 0]
    Size: [192, 256, 256]
  BufferedRegion: 
    Dimension: 3
    Index: [0, 0, 0]
    Size: [192, 256, 256]
  RequestedRegion: 
    Dimension: 3
    Index: [0, 0, 0]
    Size: [192, 256, 256]
  Spacing: [1, 1, 1]
  Origin: [95.0313, 100.538, -154.123]
  Direction: 
-0.999853 -0.014134 -0.00966312
0.014129 -0.9999 0.000586045
-0.00967044 0.000449429 0.999953

  IndexToPointMatrix: 
-0.999853 -0.014134 -0.00966312
0.014129 -0.9999 0.000586045
-0.00967044 0.000449429 0.999953

  PointToIndexMatrix: 
-0.999853 0.014129 -0.00967044
-0.014134 -0.9999 0.000449429
-0.00966312 0.000586045 0.999953

  Inverse Direction: 
-0.999853 0.014129 -0.00967044
-0.014134 -0.9999 0.000449429
-0.00966312 0.000586045 0.999953

  PixelContainer: 
    ImportImageContainer (0x55ab5af5a660)
      RTTI typeinfo:   itk::ImportImageContainer<unsigned long, float>
      Reference Count: 1
      Modified Time: 2359
      Debug: Off
      Object Name: 
      Observers: 
        none
      Pointer: 0x7f8e2f012010
      Container manages memory: true
      Size: 12582912
      Capacity: 12582912

     Moving image = Image (0x55ab5af7b840)
  RTTI typeinfo:   itk::Image<float, 3u>
  Reference Count: 2
  Modified Time: 2578
  Debug: Off
  Object Name: 
  Observers: 
    none
  Source: (none)
  Source output name: (none)
  Release Data: Off
  Data Released: False
  Global Release Data: Off
  PipelineMTime: 0
  UpdateMTime: 2575
  RealTimeStamp: 0 seconds 
  LargestPossibleRegion: 
    Dimension: 3
    Index: [0, 0, 0]
    Size: [192, 256, 256]
  BufferedRegion: 
    Dimension: 3
    Index: [0, 0, 0]
    Size: [192, 256, 256]
  RequestedRegion: 
    Dimension: 3
    Index: [0, 0, 0]
    Size: [192, 256, 256]
  Spacing: [1, 1, 1]
  Origin: [86.6862, 84.0973, -165.855]
  Direction: 
-0.999029 0.0259476 0.0355963
-0.020576 -0.989402 0.143738
0.0389487 0.142866 0.988975

  IndexToPointMatrix: 
-0.999029 0.0259476 0.0355963
-0.020576 -0.989402 0.143738
0.0389487 0.142866 0.988975

  PointToIndexMatrix: 
-0.999029 -0.020576 0.0389487
0.0259476 -0.989402 0.142866
0.0355963 0.143738 0.988975

  Inverse Direction: 
-0.999029 -0.020576 0.0389487
0.0259476 -0.989402 0.142866
0.0355963 0.143738 0.988975

  PixelContainer: 
    ImportImageContainer (0x55ab5af78660)
      RTTI typeinfo:   itk::ImportImageContainer<unsigned long, float>
      Reference Count: 1
      Modified Time: 2572
      Debug: Off
      Object Name: 
      Observers: 
        none
      Pointer: 0x7f8e2c011010
      Container manages memory: true
      Size: 12582912
      Capacity: 12582912

     Weighting = 1
     Sampling strategy = none
     Number of bins = 32
     Radius = 4
     Sampling percentage  = 1
   Transform = SyN
     Gradient step = 0.1
     Update field sigma (voxel space) = 3
     Total field sigma (voxel space) = 0
     Update field time sigma = 0
     Total field time sigma  = 0
     Number of time indices = 0
     Number of time point samples = 0
Registration using 3 total stages.

Stage 0
  iterations = 1000x500x250x0
  convergence threshold = 1e-06
  convergence window size = 10
  number of levels = 4
  using the Mattes MI metric (number of bins = 32, weight = 1)
  preprocessing:  winsorizing the image intensities
  preprocessing:  histogram matching the images
  Shrink factors (level 1 out of 4): [6, 6, 6]
  Shrink factors (level 2 out of 4): [4, 4, 4]
  Shrink factors (level 3 out of 4): [2, 2, 2]
  Shrink factors (level 4 out of 4): [1, 1, 1]
  smoothing sigmas per level: [4, 2, 1, 0]
  regular sampling (percentage = 0.25)

*** Running Euler3DTransform registration ***

DIAGNOSTIC,Iteration,metricValue,convergenceValue,ITERATION_TIME_INDEX,SINCE_LAST
 2DIAGNOSTIC,     1, -7.808268666267e-01, inf, 4.6011e-01, 4.6011e-01, 
 2DIAGNOSTIC,     2, -7.847585082054e-01, inf, 4.6983e-01, 9.7160e-03, 
 2DIAGNOSTIC,     3, -7.911767959595e-01, inf, 4.7949e-01, 9.6579e-03, 
 2DIAGNOSTIC,     4, -8.019732832909e-01, inf, 4.8890e-01, 9.4121e-03, 
 2DIAGNOSTIC,     5, -8.178786635399e-01, inf, 4.9816e-01, 9.2580e-03, 
 2DIAGNOSTIC,     6, -8.365111947060e-01, inf, 5.0681e-01, 8.6520e-03, 
 2DIAGNOSTIC,     7, -8.493896126747e-01, inf, 5.1487e-01, 8.0562e-03, 
 2DIAGNOSTIC,     8, -8.542241454124e-01, inf, 5.2270e-01, 7.8330e-03, 
 2DIAGNOSTIC,     9, -8.579525351524e-01, inf, 5.3158e-01, 8.8770e-03, 
 2DIAGNOSTIC,    10, -8.586100339890e-01, 7.293973583728e-03, 5.4294e-01, 1.1367e-02, 
 2DIAGNOSTIC,    11, -8.590757846832e-01, 5.992822349072e-03, 5.5104e-01, 8.0941e-03, 
 2DIAGNOSTIC,    12, -8.613631725311e-01, 4.556292667985e-03, 5.6005e-01, 9.0139e-03, 
 2DIAGNOSTIC,    13, -8.626658320427e-01, 3.140988526866e-03, 5.6844e-01, 8.3930e-03, 
 2DIAGNOSTIC,    14, -8.627876639366e-01, 1.913523417898e-03, 5.7840e-01, 9.9568e-03, 
 2DIAGNOSTIC,    15, -8.631391525269e-01, 1.042927731760e-03, 5.8591e-01, 7.5099e-03, 
 2DIAGNOSTIC,    16, -8.632083535194e-01, 5.802513915114e-04, 5.9446e-01, 8.5499e-03, 
 2DIAGNOSTIC,    17, -8.632606863976e-01, 3.755090874620e-04, 6.0211e-01, 7.6509e-03, 
 2DIAGNOSTIC,    18, -8.633827567101e-01, 2.505579905119e-04, 6.0974e-01, 7.6301e-03, 
 2DIAGNOSTIC,    19, -8.635659217834e-01, 1.858264586190e-04, 6.1925e-01, 9.5081e-03, 
 2DIAGNOSTIC,    20, -8.636727333069e-01, 1.239605044248e-04, 6.3004e-01, 1.0786e-02, 
 2DIAGNOSTIC,    21, -8.637070059776e-01, 6.396669778042e-05, 6.3762e-01, 7.5819e-03, 
 2DIAGNOSTIC,    22, -8.643121719360e-01, 4.751961751026e-05, 6.4641e-01, 8.7929e-03, 
 2DIAGNOSTIC,    23, -8.647150993347e-01, 5.291273191688e-05, 6.5685e-01, 1.0441e-02, 
 2DIAGNOSTIC,    24, -8.647543191910e-01, 5.505246372195e-05, 6.6437e-01, 7.5140e-03, 
 2DIAGNOSTIC,    25, -8.648800253868e-01, 5.853763650521e-05, 6.7285e-01, 8.4860e-03, 
 2DIAGNOSTIC,    26, -8.648875355721e-01, 5.739956031903e-05, 6.8067e-01, 7.8142e-03, 
 2DIAGNOSTIC,    27, -8.648942708969e-01, 5.167754716240e-05, 6.8840e-01, 7.7331e-03, 
 2DIAGNOSTIC,    28, -8.649042844772e-01, 4.306521805120e-05, 6.9605e-01, 7.6480e-03, 
 2DIAGNOSTIC,    29, -8.648918271065e-01, 3.312280387036e-05, 7.0367e-01, 7.6230e-03, 
 2DIAGNOSTIC,    30, -8.649383187294e-01, 2.266282353958e-05, 7.1252e-01, 8.8551e-03, 
 2DIAGNOSTIC,    31, -8.649469017982e-01, 1.116011662816e-05, 7.2308e-01, 1.0551e-02, 
 2DIAGNOSTIC,    32, -8.649526238441e-01, 5.709506694984e-06, 7.3271e-01, 9.6362e-03, 
 2DIAGNOSTIC,    33, -8.649539947510e-01, 4.248684035701e-06, 7.4147e-01, 8.7590e-03, 
 2DIAGNOSTIC,    34, -8.649272322655e-01, 2.655310936461e-06, 7.5021e-01, 8.7349e-03, 
 2DIAGNOSTIC,    35, -8.649279475212e-01, 2.198097490691e-06, 7.5806e-01, 7.8549e-03, 
 2DIAGNOSTIC,    36, -8.649289608002e-01, 1.715615212561e-06, 7.6675e-01, 8.6868e-03, 
 2DIAGNOSTIC,    37, -8.649299144745e-01, 1.248447233593e-06, 7.7555e-01, 8.8069e-03, 
DIAGNOSTIC,Iteration,metricValue,convergenceValue,ITERATION_TIME_INDEX,SINCE_LAST
 2DIAGNOSTIC,     1, -6.766694188118e-01, inf, 1.2657e+00, 4.9019e-01, 
 2DIAGNOSTIC,     2, -6.773843169212e-01, inf, 1.2998e+00, 3.4027e-02, 
 2DIAGNOSTIC,     3, -6.782655715942e-01, inf, 1.3328e+00, 3.3025e-02, 
 2DIAGNOSTIC,     4, -6.791368126869e-01, inf, 1.3659e+00, 3.3095e-02, 
 2DIAGNOSTIC,     5, -6.796285510063e-01, inf, 1.3961e+00, 3.0226e-02, 
 2DIAGNOSTIC,     6, -6.798517107964e-01, inf, 1.4269e+00, 3.0811e-02, 
 2DIAGNOSTIC,     7, -6.800161004066e-01, inf, 1.4566e+00, 2.9717e-02, 
 2DIAGNOSTIC,     8, -6.802961826324e-01, inf, 1.5081e+00, 5.1494e-02, 
 2DIAGNOSTIC,     9, -6.803454160690e-01, inf, 1.5388e+00, 3.0629e-02, 
 2DIAGNOSTIC,    10, -6.803582310677e-01, 3.441679582465e-04, 1.5699e+00, 3.1177e-02, 
 2DIAGNOSTIC,    11, -6.803812980652e-01, 2.315803139936e-04, 1.6007e+00, 3.0731e-02, 
 2DIAGNOSTIC,    12, -6.804351806641e-01, 1.436942693545e-04, 1.6433e+00, 4.2658e-02, 
 2DIAGNOSTIC,    13, -6.804662346840e-01, 8.526071178494e-05, 1.6735e+00, 3.0149e-02, 
 2DIAGNOSTIC,    14, -6.804839372635e-01, 5.390684964368e-05, 1.7163e+00, 4.2812e-02, 
 2DIAGNOSTIC,    15, -6.804882287979e-01, 3.586610182538e-05, 1.7515e+00, 3.5172e-02, 
 2DIAGNOSTIC,    16, -6.804878711700e-01, 2.279697764607e-05, 1.7822e+00, 3.0755e-02, 
 2DIAGNOSTIC,    17, -6.804847717285e-01, 1.312232052442e-05, 1.8176e+00, 3.5366e-02, 
 2DIAGNOSTIC,    18, -6.804985404015e-01, 1.027488724503e-05, 1.8518e+00, 3.4229e-02, 
 2DIAGNOSTIC,    19, -6.805016398430e-01, 8.089136827039e-06, 1.8817e+00, 2.9929e-02, 
 2DIAGNOSTIC,    20, -6.805094480515e-01, 5.965359378024e-06, 1.9199e+00, 3.8114e-02, 
 2DIAGNOSTIC,    21, -6.805196404457e-01, 4.281956989871e-06, 1.9550e+00, 3.5148e-02, 
 2DIAGNOSTIC,    22, -6.805250644684e-01, 3.606083964769e-06, 1.9858e+00, 3.0773e-02, 
 2DIAGNOSTIC,    23, -6.805173158646e-01, 3.199727871106e-06, 2.0166e+00, 3.0864e-02, 
 2DIAGNOSTIC,    24, -6.805307269096e-01, 3.201420668120e-06, 2.0517e+00, 3.5091e-02, 
 2DIAGNOSTIC,    25, -6.805390119553e-01, 3.230955826439e-06, 2.0864e+00, 3.4652e-02, 
 2DIAGNOSTIC,    26, -6.805419921875e-01, 3.114374067081e-06, 2.1211e+00, 3.4727e-02, 
 2DIAGNOSTIC,    27, -6.805300712585e-01, 2.594411853352e-06, 2.1551e+00, 3.3936e-02, 
 2DIAGNOSTIC,    28, -6.805254220963e-01, 2.125336095560e-06, 2.1901e+00, 3.5022e-02, 
 2DIAGNOSTIC,    29, -6.805251836777e-01, 1.633592773942e-06, 2.2208e+00, 3.0729e-02, 
 2DIAGNOSTIC,    30, -6.805378794670e-01, 1.398485778736e-06, 2.2559e+00, 3.5073e-02, 
 2DIAGNOSTIC,    31, -6.805353760719e-01, 1.243418637387e-06, 2.2910e+00, 3.5130e-02, 
 2DIAGNOSTIC,    32, -6.805362105370e-01, 1.171622784568e-06, 2.3305e+00, 3.9538e-02, 
 2DIAGNOSTIC,    33, -6.805385351181e-01, 1.019230808197e-06, 2.3661e+00, 3.5566e-02, 
DIAGNOSTIC,Iteration,metricValue,convergenceValue,ITERATION_TIME_INDEX,SINCE_LAST
 2DIAGNOSTIC,     1, -6.010186672211e-01, inf, 3.1426e+00, 7.7647e-01, 
 2DIAGNOSTIC,     2, -6.016150712967e-01, inf, 3.3555e+00, 2.1289e-01, 
 2DIAGNOSTIC,     3, -6.022389531136e-01, inf, 3.5684e+00, 2.1295e-01, 
 2DIAGNOSTIC,     4, -6.027686595917e-01, inf, 3.7817e+00, 2.1329e-01, 
 2DIAGNOSTIC,     5, -6.030784845352e-01, inf, 4.0233e+00, 2.4154e-01, 
 2DIAGNOSTIC,     6, -6.030837893486e-01, inf, 4.2652e+00, 2.4191e-01, 
 2DIAGNOSTIC,     7, -6.030912995338e-01, inf, 4.5086e+00, 2.4347e-01, 
 2DIAGNOSTIC,     8, -6.030954122543e-01, inf, 4.8073e+00, 2.9866e-01, 
 2DIAGNOSTIC,     9, -6.030968427658e-01, inf, 5.0490e+00, 2.4171e-01, 
 2DIAGNOSTIC,    10, -6.030979752541e-01, 1.978036307264e-04, 5.2627e+00, 2.1371e-01, 
 2DIAGNOSTIC,    11, -6.030983328819e-01, 1.089268844225e-04, 5.5042e+00, 2.4147e-01, 
 2DIAGNOSTIC,    12, -6.030983924866e-01, 4.854631333728e-05, 5.7455e+00, 2.4132e-01, 
 2DIAGNOSTIC,    13, -6.030988693237e-01, 1.554868686071e-05, 6.0158e+00, 2.7028e-01, 
 2DIAGNOSTIC,    14, -6.030975580215e-01, 3.579452823033e-06, 6.2588e+00, 2.4307e-01, 
 2DIAGNOSTIC,    15, -6.030984520912e-01, 2.855435013771e-06, 6.4721e+00, 2.1325e-01, 
 2DIAGNOSTIC,    16, -6.031002402306e-01, 2.358202891628e-06, 6.6838e+00, 2.1171e-01, 
 2DIAGNOSTIC,    17, -6.031007766724e-01, 2.104571649397e-06, 6.9531e+00, 2.6933e-01, 
 2DIAGNOSTIC,    18, -6.031011939049e-01, 1.976195562747e-06, 7.1952e+00, 2.4207e-01, 
 2DIAGNOSTIC,    19, -6.031008362770e-01, 1.869001721388e-06, 7.4363e+00, 2.4112e-01, 
 2DIAGNOSTIC,    20, -6.031011343002e-01, 1.788342046893e-06, 7.6773e+00, 2.4103e-01, 
 2DIAGNOSTIC,    21, -6.031020283699e-01, 1.723771902107e-06, 7.8905e+00, 2.1311e-01, 
 2DIAGNOSTIC,    22, -6.031020283699e-01, 1.645603333600e-06, 8.1048e+00, 2.1435e-01, 
 2DIAGNOSTIC,    23, -6.031036973000e-01, 1.601330382073e-06, 8.3465e+00, 2.4170e-01, 
 2DIAGNOSTIC,    24, -6.031051874161e-01, 1.543348389532e-06, 8.5885e+00, 2.4194e-01, 
 2DIAGNOSTIC,    25, -6.031034588814e-01, 1.452576952943e-06, 8.8298e+00, 2.4136e-01, 
 2DIAGNOSTIC,    26, -6.031038165092e-01, 1.391913883708e-06, 9.0710e+00, 2.4120e-01, 
 2DIAGNOSTIC,    27, -6.031057834625e-01, 1.363133605992e-06, 9.3135e+00, 2.4249e-01, 
 2DIAGNOSTIC,    28, -6.031054854393e-01, 1.319563807556e-06, 9.5559e+00, 2.4240e-01, 
 2DIAGNOSTIC,    29, -6.031055450439e-01, 1.257107101083e-06, 9.7962e+00, 2.4031e-01, 
 2DIAGNOSTIC,    30, -6.031053066254e-01, 1.185426754091e-06, 1.0033e+01, 2.3672e-01, 
