
Running N4 for 3-dimensional images.

Mask not read.  Using the entire image as the mask.

Original intensity range:  [0, 800]

***********************************************************
Warning:  Your input image contains nonpositive values
which could cause failure or problematic results.  A
possible workaround would be to:
   1. rescale your image to positive values e.g., [10,100].
   2. run N4 on your rescaled image.
   3. (optional) rescale the N4 output to the original
      intensity range.
***********************************************************

Specified spline distance: 200mm
  original image size:  [192, 256, 256]
  padded image size:  [201, 401, 401]
  number of control points:  [4, 5, 5]

Current level = 1
  Iteration 1 (of 50).   Current convergence value = 0.000171477 (threshold = 1e-08)
  Iteration 2 (of 50).   Current convergence value = 0.000139666 (threshold = 1e-08)
  Iteration 3 (of 50).   Current convergence value = 0.000128991 (threshold = 1e-08)
  Iteration 4 (of 50).   Current convergence value = 0.000127362 (threshold = 1e-08)
  Iteration 5 (of 50).   Current convergence value = 0.000128784 (threshold = 1e-08)
  Iteration 6 (of 50).   Current convergence value = 0.000130469 (threshold = 1e-08)
  Iteration 7 (of 50).   Current convergence value = 0.00013141 (threshold = 1e-08)
  Iteration 8 (of 50).   Current convergence value = 0.00013137 (threshold = 1e-08)
  Iteration 9 (of 50).   Current convergence value = 0.000130575 (threshold = 1e-08)
  Iteration 10 (of 50).   Current convergence value = 0.000129118 (threshold = 1e-08)
  Iteration 11 (of 50).   Current convergence value = 0.000127375 (threshold = 1e-08)
  Iteration 12 (of 50).   Current convergence value = 0.000125353 (threshold = 1e-08)
  Iteration 13 (of 50).   Current convergence value = 0.00012354 (threshold = 1e-08)
  Iteration 14 (of 50).   Current convergence value = 0.000121516 (threshold = 1e-08)
  Iteration 15 (of 50).   Current convergence value = 0.0001197 (threshold = 1e-08)
  Iteration 16 (of 50).   Current convergence value = 0.000117889 (threshold = 1e-08)
  Iteration 17 (of 50).   Current convergence value = 0.000116163 (threshold = 1e-08)
  Iteration 18 (of 50).   Current convergence value = 0.000114598 (threshold = 1e-08)
  Iteration 19 (of 50).   Current convergence value = 0.000113052 (threshold = 1e-08)
  Iteration 20 (of 50).   Current convergence value = 0.0001115 (threshold = 1e-08)
  Iteration 21 (of 50).   Current convergence value = 0.000110141 (threshold = 1e-08)
  Iteration 22 (of 50).   Current convergence value = 0.000108653 (threshold = 1e-08)
  Iteration 23 (of 50).   Current convergence value = 0.000107137 (threshold = 1e-08)
  Iteration 24 (of 50).   Current convergence value = 0.000105842 (threshold = 1e-08)
  Iteration 25 (of 50).   Current convergence value = 0.000104558 (threshold = 1e-08)
  Iteration 26 (of 50).   Current convergence value = 0.000103345 (threshold = 1e-08)
  Iteration 27 (of 50).   Current convergence value = 0.000102111 (threshold = 1e-08)
  Iteration 28 (of 50).   Current convergence value = 0.000100972 (threshold = 1e-08)
  Iteration 29 (of 50).   Current convergence value = 9.99149e-05 (threshold = 1e-08)
  Iteration 30 (of 50).   Current convergence value = 9.8946e-05 (threshold = 1e-08)
  Iteration 31 (of 50).   Current convergence value = 9.80022e-05 (threshold = 1e-08)
  Iteration 32 (of 50).   Current convergence value = 9.70826e-05 (threshold = 1e-08)
  Iteration 33 (of 50).   Current convergence value = 9.61099e-05 (threshold = 1e-08)
  Iteration 34 (of 50).   Current convergence value = 9.53452e-05 (threshold = 1e-08)
  Iteration 35 (of 50).   Current convergence value = 9.45253e-05 (threshold = 1e-08)
  Iteration 36 (of 50).   Current convergence value = 9.36648e-05 (threshold = 1e-08)
  Iteration 37 (of 50).   Current convergence value = 9.2852e-05 (threshold = 1e-08)
  Iteration 38 (of 50).   Current convergence value = 9.20004e-05 (threshold = 1e-08)
  Iteration 39 (of 50).   Current convergence value = 9.13523e-05 (threshold = 1e-08)
  Iteration 40 (of 50).   Current convergence value = 9.06863e-05 (threshold = 1e-08)
  Iteration 41 (of 50).   Current convergence value = 9.02053e-05 (threshold = 1e-08)
  Iteration 42 (of 50).   Current convergence value = 8.94234e-05 (threshold = 1e-08)
  Iteration 43 (of 50).   Current convergence value = 8.86861e-05 (threshold = 1e-08)
  Iteration 44 (of 50).   Current convergence value = 8.80622e-05 (threshold = 1e-08)
  Iteration 45 (of 50).   Current convergence value = 8.7519e-05 (threshold = 1e-08)
  Iteration 46 (of 50).   Current convergence value = 8.70038e-05 (threshold = 1e-08)
  Iteration 47 (of 50).   Current convergence value = 8.65014e-05 (threshold = 1e-08)
  Iteration 48 (of 50).   Current convergence value = 8.5858e-05 (threshold = 1e-08)
  Iteration 49 (of 50).   Current convergence value = 8.53101e-05 (threshold = 1e-08)
  Iteration 50 (of 50).   Current convergence value = 8.4636e-05 (threshold = 1e-08)
Current level = 2
  Iteration 1 (of 50).   Current convergence value = 0.000529379 (threshold = 1e-08)
  Iteration 2 (of 50).   Current convergence value = 0.000432366 (threshold = 1e-08)
  Iteration 3 (of 50).   Current convergence value = 0.000365513 (threshold = 1e-08)
  Iteration 4 (of 50).   Current convergence value = 0.000312737 (threshold = 1e-08)
  Iteration 5 (of 50).   Current convergence value = 0.000267087 (threshold = 1e-08)
  Iteration 6 (of 50).   Current convergence value = 0.00022986 (threshold = 1e-08)
  Iteration 7 (of 50).   Current convergence value = 0.000202725 (threshold = 1e-08)
  Iteration 8 (of 50).   Current convergence value = 0.000186634 (threshold = 1e-08)
  Iteration 9 (of 50).   Current convergence value = 0.000166443 (threshold = 1e-08)
  Iteration 10 (of 50).   Current convergence value = 0.000148377 (threshold = 1e-08)
  Iteration 11 (of 50).   Current convergence value = 0.000133216 (threshold = 1e-08)
  Iteration 12 (of 50).   Current convergence value = 0.000120147 (threshold = 1e-08)
  Iteration 13 (of 50).   Current convergence value = 0.000108738 (threshold = 1e-08)
  Iteration 14 (of 50).   Current convergence value = 9.90746e-05 (threshold = 1e-08)
  Iteration 15 (of 50).   Current convergence value = 9.0853e-05 (threshold = 1e-08)
  Iteration 16 (of 50).   Current convergence value = 8.3875e-05 (threshold = 1e-08)
  Iteration 17 (of 50).   Current convergence value = 7.89791e-05 (threshold = 1e-08)
  Iteration 18 (of 50).   Current convergence value = 7.65164e-05 (threshold = 1e-08)
  Iteration 19 (of 50).   Current convergence value = 7.44791e-05 (threshold = 1e-08)
  Iteration 20 (of 50).   Current convergence value = 7.31241e-05 (threshold = 1e-08)
  Iteration 21 (of 50).   Current convergence value = 7.20307e-05 (threshold = 1e-08)
  Iteration 22 (of 50).   Current convergence value = 7.1283e-05 (threshold = 1e-08)
  Iteration 23 (of 50).   Current convergence value = 7.05876e-05 (threshold = 1e-08)
  Iteration 24 (of 50).   Current convergence value = 6.99396e-05 (threshold = 1e-08)
  Iteration 25 (of 50).   Current convergence value = 6.94277e-05 (threshold = 1e-08)
  Iteration 26 (of 50).   Current convergence value = 6.90425e-05 (threshold = 1e-08)
  Iteration 27 (of 50).   Current convergence value = 6.84855e-05 (threshold = 1e-08)
  Iteration 28 (of 50).   Current convergence value = 6.8044e-05 (threshold = 1e-08)
  Iteration 29 (of 50).   Current convergence value = 6.74294e-05 (threshold = 1e-08)
  Iteration 30 (of 50).   Current convergence value = 6.7073e-05 (threshold = 1e-08)
  Iteration 31 (of 50).   Current convergence value = 6.67398e-05 (threshold = 1e-08)
  Iteration 32 (of 50).   Current convergence value = 6.6098e-05 (threshold = 1e-08)
  Iteration 33 (of 50).   Current convergence value = 6.56698e-05 (threshold = 1e-08)
  Iteration 34 (of 50).   Current convergence value = 6.50892e-05 (threshold = 1e-08)
  Iteration 35 (of 50).   Current convergence value = 6.48086e-05 (threshold = 1e-08)
  Iteration 36 (of 50).   Current convergence value = 6.42966e-05 (threshold = 1e-08)
  Iteration 37 (of 50).   Current convergence value = 6.38792e-05 (threshold = 1e-08)
  Iteration 38 (of 50).   Current convergence value = 6.3335e-05 (threshold = 1e-08)
  Iteration 39 (of 50).   Current convergence value = 6.29176e-05 (threshold = 1e-08)
  Iteration 40 (of 50).   Current convergence value = 6.25932e-05 (threshold = 1e-08)
  Iteration 41 (of 50).   Current convergence value = 6.23053e-05 (threshold = 1e-08)
  Iteration 42 (of 50).   Current convergence value = 6.17921e-05 (threshold = 1e-08)
  Iteration 43 (of 50).   Current convergence value = 6.14826e-05 (threshold = 1e-08)
  Iteration 44 (of 50).   Current convergence value = 6.09358e-05 (threshold = 1e-08)
  Iteration 45 (of 50).   Current convergence value = 6.05136e-05 (threshold = 1e-08)
  Iteration 46 (of 50).   Current convergence value = 6.02362e-05 (threshold = 1e-08)
  Iteration 47 (of 50).   Current convergence value = 5.9801e-05 (threshold = 1e-08)
  Iteration 48 (of 50).   Current convergence value = 5.94137e-05 (threshold = 1e-08)
  Iteration 49 (of 50).   Current convergence value = 5.8944e-05 (threshold = 1e-08)
  Iteration 50 (of 50).   Current convergence value = 5.8514e-05 (threshold = 1e-08)
Current level = 3
  Iteration 1 (of 40).   Current convergence value = 0.00179984 (threshold = 1e-08)
  Iteration 2 (of 40).   Current convergence value = 0.00121262 (threshold = 1e-08)
  Iteration 3 (of 40).   Current convergence value = 0.000916093 (threshold = 1e-08)
  Iteration 4 (of 40).   Current convergence value = 0.000746953 (threshold = 1e-08)
  Iteration 5 (of 40).   Current convergence value = 0.000642343 (threshold = 1e-08)
  Iteration 6 (of 40).   Current convergence value = 0.00056181 (threshold = 1e-08)
  Iteration 7 (of 40).   Current convergence value = 0.00050213 (threshold = 1e-08)
  Iteration 8 (of 40).   Current convergence value = 0.000462735 (threshold = 1e-08)
  Iteration 9 (of 40).   Current convergence value = 0.000432523 (threshold = 1e-08)
  Iteration 10 (of 40).   Current convergence value = 0.000409154 (threshold = 1e-08)
  Iteration 11 (of 40).   Current convergence value = 0.000390448 (threshold = 1e-08)
  Iteration 12 (of 40).   Current convergence value = 0.000374851 (threshold = 1e-08)
  Iteration 13 (of 40).   Current convergence value = 0.000361951 (threshold = 1e-08)
  Iteration 14 (of 40).   Current convergence value = 0.000350924 (threshold = 1e-08)
  Iteration 15 (of 40).   Current convergence value = 0.000341339 (threshold = 1e-08)
  Iteration 16 (of 40).   Current convergence value = 0.000332996 (threshold = 1e-08)
  Iteration 17 (of 40).   Current convergence value = 0.000325655 (threshold = 1e-08)
  Iteration 18 (of 40).   Current convergence value = 0.000319169 (threshold = 1e-08)
  Iteration 19 (of 40).   Current convergence value = 0.000313274 (threshold = 1e-08)
  Iteration 20 (of 40).   Current convergence value = 0.000307913 (threshold = 1e-08)
  Iteration 21 (of 40).   Current convergence value = 0.000303122 (threshold = 1e-08)
  Iteration 22 (of 40).   Current convergence value = 0.000298845 (threshold = 1e-08)
  Iteration 23 (of 40).   Current convergence value = 0.000295023 (threshold = 1e-08)
  Iteration 24 (of 40).   Current convergence value = 0.000291734 (threshold = 1e-08)
  Iteration 25 (of 40).   Current convergence value = 0.000288794 (threshold = 1e-08)
  Iteration 26 (of 40).   Current convergence value = 0.000286204 (threshold = 1e-08)
  Iteration 27 (of 40).   Current convergence value = 0.000283912 (threshold = 1e-08)
  Iteration 28 (of 40).   Current convergence value = 0.000282002 (threshold = 1e-08)
  Iteration 29 (of 40).   Current convergence value = 0.000280196 (threshold = 1e-08)
  Iteration 30 (of 40).   Current convergence value = 0.000278627 (threshold = 1e-08)
  Iteration 31 (of 40).   Current convergence value = 0.0002773 (threshold = 1e-08)
  Iteration 32 (of 40).   Current convergence value = 0.00027622 (threshold = 1e-08)
  Iteration 33 (of 40).   Current convergence value = 0.000275337 (threshold = 1e-08)
  Iteration 34 (of 40).   Current convergence value = 0.000274629 (threshold = 1e-08)
  Iteration 35 (of 40).   Current convergence value = 0.000274108 (threshold = 1e-08)
  Iteration 36 (of 40).   Current convergence value = 0.000267829 (threshold = 1e-08)
  Iteration 37 (of 40).   Current convergence value = 0.00025992 (threshold = 1e-08)
  Iteration 38 (of 40).   Current convergence value = 0.000252829 (threshold = 1e-08)
  Iteration 39 (of 40).   Current convergence value = 0.000246034 (threshold = 1e-08)
  Iteration 40 (of 40).   Current convergence value = 0.000238659 (threshold = 1e-08)
Current level = 4
  Iteration 1 (of 30).   Current convergence value = 0.00197446 (threshold = 1e-08)
  Iteration 2 (of 30).   Current convergence value = 0.00169318 (threshold = 1e-08)
  Iteration 3 (of 30).   Current convergence value = 0.00159063 (threshold = 1e-08)
  Iteration 4 (of 30).   Current convergence value = 0.00149343 (threshold = 1e-08)
  Iteration 5 (of 30).   Current convergence value = 0.00137599 (threshold = 1e-08)
  Iteration 6 (of 30).   Current convergence value = 0.00129876 (threshold = 1e-08)
  Iteration 7 (of 30).   Current convergence value = 0.00124159 (threshold = 1e-08)
  Iteration 8 (of 30).   Current convergence value = 0.00119894 (threshold = 1e-08)
  Iteration 9 (of 30).   Current convergence value = 0.00116749 (threshold = 1e-08)
  Iteration 10 (of 30).   Current convergence value = 0.00111999 (threshold = 1e-08)
  Iteration 11 (of 30).   Current convergence value = 0.00103904 (threshold = 1e-08)
  Iteration 12 (of 30).   Current convergence value = 0.000972903 (threshold = 1e-08)
  Iteration 13 (of 30).   Current convergence value = 0.000916607 (threshold = 1e-08)
  Iteration 14 (of 30).   Current convergence value = 0.000865913 (threshold = 1e-08)
  Iteration 15 (of 30).   Current convergence value = 0.000819481 (threshold = 1e-08)
  Iteration 16 (of 30).   Current convergence value = 0.000777221 (threshold = 1e-08)
  Iteration 17 (of 30).   Current convergence value = 0.000738034 (threshold = 1e-08)
  Iteration 18 (of 30).   Current convergence value = 0.000701558 (threshold = 1e-08)
  Iteration 19 (of 30).   Current convergence value = 0.000667793 (threshold = 1e-08)
  Iteration 20 (of 30).   Current convergence value = 0.000635821 (threshold = 1e-08)
  Iteration 21 (of 30).   Current convergence value = 0.000605795 (threshold = 1e-08)
  Iteration 22 (of 30).   Current convergence value = 0.000577697 (threshold = 1e-08)
  Iteration 23 (of 30).   Current convergence value = 0.000550896 (threshold = 1e-08)
  Iteration 24 (of 30).   Current convergence value = 0.000531347 (threshold = 1e-08)
  Iteration 25 (of 30).   Current convergence value = 0.000531 (threshold = 1e-08)
  Iteration 26 (of 30).   Current convergence value = 0.000523667 (threshold = 1e-08)
  Iteration 27 (of 30).   Current convergence value = 0.000514601 (threshold = 1e-08)
  Iteration 28 (of 30).   Current convergence value = 0.000502563 (threshold = 1e-08)
  Iteration 29 (of 30).   Current convergence value = 0.000489507 (threshold = 1e-08)
  Iteration 30 (of 30).   Current convergence value = 0.000476426 (threshold = 1e-08)
   N4BiasFieldCorrectionImageFilter (0x55d0a85cee20)
     RTTI typeinfo:   itk::N4BiasFieldCorrectionImageFilter<itk::Image<float, 3u>, itk::Image<float, 3u>, itk::Image<float, 3u> >
     Reference Count: 1
     Modified Time: 565
     Debug: Off
     Object Name: 
     Observers: 
       IterationEvent(Command)
     Inputs: 
       ConfidenceImage: (0)
       MaskImage: (0x55d0a85f95e0)
       Primary: (0x55d0a85f4b30) *
     Indexed Inputs: 
       0: Primary (0x55d0a85f4b30)
       1: MaskImage (0x55d0a85f95e0)
       2: ConfidenceImage (0)
     Required Input Names: Primary
     NumberOfRequiredInputs: 1
     Outputs: 
       Primary: (0x55d0a85deef0)
     Indexed Outputs: 
       0: Primary (0x55d0a85deef0)
     NumberOfRequiredOutputs: 1
     Number Of Work Units: 32
     ReleaseDataFlag: Off
     ReleaseDataBeforeUpdateFlag: Off
     AbortGenerateData: Off
     Progress: 0
     Multithreader: 
       RTTI typeinfo:   itk::PoolMultiThreader
       Reference Count: 1
       Modified Time: 144
       Debug: Off
       Object Name: 
       Observers: 
         none
       Number of Work Units: 32
       Number of Threads: 8
       Global Maximum Number Of Threads: 128
       Global Default Number Of Threads: 8
       Global Default Threader Type: itk::MultiThreaderBaseEnums::Threader::Pool
       SingleMethod: 0
       SingleData: 0
     DynamicMultiThreading: On
     CoordinateTolerance: 1e-06
     DirectionTolerance: 1e-06
     Use Mask Label: 0
     Mask label: 1
     Number of histogram bins: 200
     Wiener filter noise: 0.01
     Bias field FWHM: 0.15
     Maximum number of iterations: [50, 50, 40, 30]
     Convergence threshold: 1e-08
     Spline order: 3
     Number of fitting levels: [4, 4, 4]
     Number of control points: [4, 5, 5]
     CurrentConvergenceMeasurement: 0.000476426
     CurrentLevel: 4
     ElapsedIterations: 31
     LogBiasFieldControlPointLattice: 
       Image (0x55d0b4576e00)
         RTTI typeinfo:   itk::Image<itk::Vector<float, 1u>, 3u>
         Reference Count: 1
         Modified Time: 343560
         Debug: Off
         Object Name: 
         Observers: 
           none
         Source: (none)
         Source output name: (none)
         Release Data: Off
         Data Released: False
         Global Release Data: Off
         PipelineMTime: 0
         UpdateMTime: 0
         RealTimeStamp: 0 seconds 
         LargestPossibleRegion: 
           Dimension: 3
           Index: [0, 0, 0]
           Size: [11, 19, 19]
         BufferedRegion: 
           Dimension: 3
           Index: [0, 0, 0]
           Size: [11, 19, 19]
         RequestedRegion: 
           Dimension: 3
           Index: [0, 0, 0]
           Size: [11, 19, 19]
         Spacing: [24.75, 24.875, 24.875]
         Origin: [25.3383, 24.5082, -24.6457]
         Direction: 
-0.999853 -0.014134 -0.00966312
0.014129 -0.9999 0.000586045
-0.00967044 0.000449429 0.999953

         IndexToPointMatrix: 
-24.7464 -0.351583 -0.24037
0.349693 -24.8725 0.0145779
-0.239343 0.0111795 24.8738

         PointToIndexMatrix: 
-0.0403981 0.000570868 -0.000390725
-0.000568201 -0.040197 1.80675e-05
-0.000388467 2.35596e-05 0.0401991

         Inverse Direction: 
-0.999853 0.014129 -0.00967044
-0.014134 -0.9999 0.000449429
-0.00966312 0.000586045 0.999953

         PixelContainer: 
           ImportImageContainer (0x55d0b27959f0)
             RTTI typeinfo:   itk::ImportImageContainer<unsigned long, itk::Vector<float, 1u> >
             Reference Count: 1
             Modified Time: 343561
             Debug: Off
             Object Name: 
             Observers: 
               none
             Pointer: 0x55d0b276b3e0
             Container manages memory: true
             Size: 3971
             Capacity: 3971
Elapsed time: 313.605
All_Command_lines_OK
Using single precision for computations.
=============================================================================
The composite transform comprises the following transforms (in order): 
  1. Center of mass alignment using fixed image: /home/mpib/nemecz/Projects/miniTRK/Results/01_MRI/GroupTempl/T1w/T_template0.nii.gz and moving image: /home/mpib/nemecz/Projects/miniTRK/Analysis/01_MRI/Preproc/GroupTempl/T1w/sub-067534_T1w.nii.gz (type = Euler3DTransform)
=============================================================================
  number of levels = 4
  number of levels = 4
  number of levels = 4
  fixed image: /home/mpib/nemecz/Projects/miniTRK/Results/01_MRI/GroupTempl/T1w/T_template0.nii.gz
  moving image: /home/mpib/nemecz/Projects/miniTRK/Results/01_MRI/GroupTempl/T1w/T_template0sub-067534_T1wRepaired.nii.gz
  fixed image: /home/mpib/nemecz/Projects/miniTRK/Results/01_MRI/GroupTempl/T1w/T_template0.nii.gz
  moving image: /home/mpib/nemecz/Projects/miniTRK/Results/01_MRI/GroupTempl/T1w/T_template0sub-067534_T1wRepaired.nii.gz
  fixed image: /home/mpib/nemecz/Projects/miniTRK/Results/01_MRI/GroupTempl/T1w/T_template0.nii.gz
  moving image: /home/mpib/nemecz/Projects/miniTRK/Results/01_MRI/GroupTempl/T1w/T_template0sub-067534_T1wRepaired.nii.gz
Dimension = 3
Number of stages = 3
Use Histogram Matching true
Winsorize image intensities true
Lower quantile = 0.01
Upper quantile = 0.99
Stage 1 State
   Image metric = Mattes
     Fixed image = Image (0x5565a5a65ad0)
  RTTI typeinfo:   itk::Image<float, 3u>
  Reference Count: 2
  Modified Time: 1721
  Debug: Off
  Object Name: 
  Observers: 
    none
  Source: (none)
  Source output name: (none)
  Release Data: Off
  Data Released: False
  Global Release Data: Off
  PipelineMTime: 0
  UpdateMTime: 1506
  RealTimeStamp: 0 seconds 
  LargestPossibleRegion: 
    Dimension: 3
    Index: [0, 0, 0]
    Size: [192, 256, 256]
  BufferedRegion: 
    Dimension: 3
    Index: [0, 0, 0]
    Size: [192, 256, 256]
  RequestedRegion: 
    Dimension: 3
    Index: [0, 0, 0]
    Size: [192, 256, 256]
  Spacing: [1, 1, 1]
  Origin: [95.0313, 100.538, -154.123]
  Direction: 
-0.999853 -0.014134 -0.00966312
0.014129 -0.9999 0.000586045
-0.00967044 0.000449429 0.999953

  IndexToPointMatrix: 
-0.999853 -0.014134 -0.00966312
0.014129 -0.9999 0.000586045
-0.00967044 0.000449429 0.999953

  PointToIndexMatrix: 
-0.999853 0.014129 -0.00967044
-0.014134 -0.9999 0.000449429
-0.00966312 0.000586045 0.999953

  Inverse Direction: 
-0.999853 0.014129 -0.00967044
-0.014134 -0.9999 0.000449429
-0.00966312 0.000586045 0.999953

  PixelContainer: 
    ImportImageContainer (0x5565a5a6dc80)
      RTTI typeinfo:   itk::ImportImageContainer<unsigned long, float>
      Reference Count: 1
      Modified Time: 1503
      Debug: Off
      Object Name: 
      Observers: 
        none
      Pointer: 0x7f9976c16010
      Container manages memory: true
      Size: 12582912
      Capacity: 12582912

     Moving image = Image (0x5565a5a66b40)
  RTTI typeinfo:   itk::Image<float, 3u>
  Reference Count: 2
  Modified Time: 1722
  Debug: Off
  Object Name: 
  Observers: 
    none
  Source: (none)
  Source output name: (none)
  Release Data: Off
  Data Released: False
  Global Release Data: Off
  PipelineMTime: 0
  UpdateMTime: 1719
  RealTimeStamp: 0 seconds 
  LargestPossibleRegion: 
    Dimension: 3
    Index: [0, 0, 0]
    Size: [192, 256, 256]
  BufferedRegion: 
    Dimension: 3
    Index: [0, 0, 0]
    Size: [192, 256, 256]
  RequestedRegion: 
    Dimension: 3
    Index: [0, 0, 0]
    Size: [192, 256, 256]
  Spacing: [1, 1, 1]
  Origin: [95.0313, 100.538, -154.123]
  Direction: 
-0.999853 -0.014134 -0.00966312
0.014129 -0.9999 0.000586045
-0.00967044 0.000449429 0.999953

  IndexToPointMatrix: 
-0.999853 -0.014134 -0.00966312
0.014129 -0.9999 0.000586045
-0.00967044 0.000449429 0.999953

  PointToIndexMatrix: 
-0.999853 0.014129 -0.00967044
-0.014134 -0.9999 0.000449429
-0.00966312 0.000586045 0.999953

  Inverse Direction: 
-0.999853 0.014129 -0.00967044
-0.014134 -0.9999 0.000449429
-0.00966312 0.000586045 0.999953

  PixelContainer: 
    ImportImageContainer (0x5565a58dabf0)
      RTTI typeinfo:   itk::ImportImageContainer<unsigned long, float>
      Reference Count: 1
      Modified Time: 1716
      Debug: Off
      Object Name: 
      Observers: 
        none
      Pointer: 0x7f9973c15010
      Container manages memory: true
      Size: 12582912
      Capacity: 12582912

     Weighting = 1
     Sampling strategy = regular
     Number of bins = 32
     Radius = 4
     Sampling percentage  = 0.25
   Transform = Rigid
     Gradient step = 0.1
     Update field sigma (voxel space) = 0
     Total field sigma (voxel space) = 0
     Update field time sigma = 0
     Total field time sigma  = 0
     Number of time indices = 0
     Number of time point samples = 0
Stage 2 State
   Image metric = Mattes
     Fixed image = Image (0x5565a5a7e8a0)
  RTTI typeinfo:   itk::Image<float, 3u>
  Reference Count: 2
  Modified Time: 2149
  Debug: Off
  Object Name: 
  Observers: 
    none
  Source: (none)
  Source output name: (none)
  Release Data: Off
  Data Released: False
  Global Release Data: Off
  PipelineMTime: 0
  UpdateMTime: 1934
  RealTimeStamp: 0 seconds 
  LargestPossibleRegion: 
    Dimension: 3
    Index: [0, 0, 0]
    Size: [192, 256, 256]
  BufferedRegion: 
    Dimension: 3
    Index: [0, 0, 0]
    Size: [192, 256, 256]
  RequestedRegion: 
    Dimension: 3
    Index: [0, 0, 0]
    Size: [192, 256, 256]
  Spacing: [1, 1, 1]
  Origin: [95.0313, 100.538, -154.123]
  Direction: 
-0.999853 -0.014134 -0.00966312
0.014129 -0.9999 0.000586045
-0.00967044 0.000449429 0.999953

  IndexToPointMatrix: 
-0.999853 -0.014134 -0.00966312
0.014129 -0.9999 0.000586045
-0.00967044 0.000449429 0.999953

  PointToIndexMatrix: 
-0.999853 0.014129 -0.00967044
-0.014134 -0.9999 0.000449429
-0.00966312 0.000586045 0.999953

  Inverse Direction: 
-0.999853 0.014129 -0.00967044
-0.014134 -0.9999 0.000449429
-0.00966312 0.000586045 0.999953

  PixelContainer: 
    ImportImageContainer (0x5565a5a6bd60)
      RTTI typeinfo:   itk::ImportImageContainer<unsigned long, float>
      Reference Count: 1
      Modified Time: 1931
      Debug: Off
      Object Name: 
      Observers: 
        none
      Pointer: 0x7f9970c14010
      Container manages memory: true
      Size: 12582912
      Capacity: 12582912

     Moving image = Image (0x5565a5a7e4a0)
  RTTI typeinfo:   itk::Image<float, 3u>
  Reference Count: 2
  Modified Time: 2150
  Debug: Off
  Object Name: 
  Observers: 
    none
  Source: (none)
  Source output name: (none)
  Release Data: Off
  Data Released: False
  Global Release Data: Off
  PipelineMTime: 0
  UpdateMTime: 2147
  RealTimeStamp: 0 seconds 
  LargestPossibleRegion: 
    Dimension: 3
    Index: [0, 0, 0]
    Size: [192, 256, 256]
  BufferedRegion: 
    Dimension: 3
    Index: [0, 0, 0]
    Size: [192, 256, 256]
  RequestedRegion: 
    Dimension: 3
    Index: [0, 0, 0]
    Size: [192, 256, 256]
  Spacing: [1, 1, 1]
  Origin: [95.0313, 100.538, -154.123]
  Direction: 
-0.999853 -0.014134 -0.00966312
0.014129 -0.9999 0.000586045
-0.00967044 0.000449429 0.999953

  IndexToPointMatrix: 
-0.999853 -0.014134 -0.00966312
0.014129 -0.9999 0.000586045
-0.00967044 0.000449429 0.999953

  PointToIndexMatrix: 
-0.999853 0.014129 -0.00967044
-0.014134 -0.9999 0.000449429
-0.00966312 0.000586045 0.999953

  Inverse Direction: 
-0.999853 0.014129 -0.00967044
-0.014134 -0.9999 0.000449429
-0.00966312 0.000586045 0.999953

  PixelContainer: 
    ImportImageContainer (0x5565a5a837d0)
      RTTI typeinfo:   itk::ImportImageContainer<unsigned long, float>
      Reference Count: 1
      Modified Time: 2144
      Debug: Off
      Object Name: 
      Observers: 
        none
      Pointer: 0x7f996dc13010
      Container manages memory: true
      Size: 12582912
      Capacity: 12582912

     Weighting = 1
     Sampling strategy = regular
     Number of bins = 32
     Radius = 4
     Sampling percentage  = 0.25
   Transform = Affine
     Gradient step = 0.1
     Update field sigma (voxel space) = 0
     Total field sigma (voxel space) = 0
     Update field time sigma = 0
     Total field time sigma  = 0
     Number of time indices = 0
     Number of time point samples = 0
Stage 3 State
   Image metric = CC
     Fixed image = Image (0x5565a5a859f0)
  RTTI typeinfo:   itk::Image<float, 3u>
  Reference Count: 2
  Modified Time: 2577
  Debug: Off
  Object Name: 
  Observers: 
    none
  Source: (none)
  Source output name: (none)
  Release Data: Off
  Data Released: False
  Global Release Data: Off
  PipelineMTime: 0
  UpdateMTime: 2362
  RealTimeStamp: 0 seconds 
  LargestPossibleRegion: 
    Dimension: 3
    Index: [0, 0, 0]
    Size: [192, 256, 256]
  BufferedRegion: 
    Dimension: 3
    Index: [0, 0, 0]
    Size: [192, 256, 256]
  RequestedRegion: 
    Dimension: 3
    Index: [0, 0, 0]
    Size: [192, 256, 256]
  Spacing: [1, 1, 1]
  Origin: [95.0313, 100.538, -154.123]
  Direction: 
-0.999853 -0.014134 -0.00966312
0.014129 -0.9999 0.000586045
-0.00967044 0.000449429 0.999953

  IndexToPointMatrix: 
-0.999853 -0.014134 -0.00966312
0.014129 -0.9999 0.000586045
-0.00967044 0.000449429 0.999953

  PointToIndexMatrix: 
-0.999853 0.014129 -0.00967044
-0.014134 -0.9999 0.000449429
-0.00966312 0.000586045 0.999953

  Inverse Direction: 
-0.999853 0.014129 -0.00967044
-0.014134 -0.9999 0.000449429
-0.00966312 0.000586045 0.999953

  PixelContainer: 
    ImportImageContainer (0x5565a5a66040)
      RTTI typeinfo:   itk::ImportImageContainer<unsigned long, float>
      Reference Count: 1
      Modified Time: 2359
      Debug: Off
      Object Name: 
      Observers: 
        none
      Pointer: 0x7f996ac12010
      Container manages memory: true
      Size: 12582912
      Capacity: 12582912

     Moving image = Image (0x5565a5a87800)
  RTTI typeinfo:   itk::Image<float, 3u>
  Reference Count: 2
  Modified Time: 2578
  Debug: Off
  Object Name: 
  Observers: 
    none
  Source: (none)
  Source output name: (none)
  Release Data: Off
  Data Released: False
  Global Release Data: Off
  PipelineMTime: 0
  UpdateMTime: 2575
  RealTimeStamp: 0 seconds 
  LargestPossibleRegion: 
    Dimension: 3
    Index: [0, 0, 0]
    Size: [192, 256, 256]
  BufferedRegion: 
    Dimension: 3
    Index: [0, 0, 0]
    Size: [192, 256, 256]
  RequestedRegion: 
    Dimension: 3
    Index: [0, 0, 0]
    Size: [192, 256, 256]
  Spacing: [1, 1, 1]
  Origin: [95.0313, 100.538, -154.123]
  Direction: 
-0.999853 -0.014134 -0.00966312
0.014129 -0.9999 0.000586045
-0.00967044 0.000449429 0.999953

  IndexToPointMatrix: 
-0.999853 -0.014134 -0.00966312
0.014129 -0.9999 0.000586045
-0.00967044 0.000449429 0.999953

  PointToIndexMatrix: 
-0.999853 0.014129 -0.00967044
-0.014134 -0.9999 0.000449429
-0.00966312 0.000586045 0.999953

  Inverse Direction: 
-0.999853 0.014129 -0.00967044
-0.014134 -0.9999 0.000449429
-0.00966312 0.000586045 0.999953

  PixelContainer: 
    ImportImageContainer (0x5565a5a7d260)
      RTTI typeinfo:   itk::ImportImageContainer<unsigned long, float>
      Reference Count: 1
      Modified Time: 2572
      Debug: Off
      Object Name: 
      Observers: 
        none
      Pointer: 0x7f9967c11010
      Container manages memory: true
      Size: 12582912
      Capacity: 12582912

     Weighting = 1
     Sampling strategy = none
     Number of bins = 32
     Radius = 4
     Sampling percentage  = 1
   Transform = SyN
     Gradient step = 0.1
     Update field sigma (voxel space) = 3
     Total field sigma (voxel space) = 0
     Update field time sigma = 0
     Total field time sigma  = 0
     Number of time indices = 0
     Number of time point samples = 0
Registration using 3 total stages.

Stage 0
  iterations = 1000x500x250x0
  convergence threshold = 1e-06
  convergence window size = 10
  number of levels = 4
  using the Mattes MI metric (number of bins = 32, weight = 1)
  preprocessing:  winsorizing the image intensities
  preprocessing:  histogram matching the images
  Shrink factors (level 1 out of 4): [6, 6, 6]
  Shrink factors (level 2 out of 4): [4, 4, 4]
  Shrink factors (level 3 out of 4): [2, 2, 2]
  Shrink factors (level 4 out of 4): [1, 1, 1]
  smoothing sigmas per level: [4, 2, 1, 0]
  regular sampling (percentage = 0.25)

*** Running Euler3DTransform registration ***

DIAGNOSTIC,Iteration,metricValue,convergenceValue,ITERATION_TIME_INDEX,SINCE_LAST
 2DIAGNOSTIC,     1, -8.855898380280e-01, inf, 4.8431e-01, 4.8431e-01, 
 2DIAGNOSTIC,     2, -8.873512148857e-01, inf, 4.9286e-01, 8.5480e-03, 
 2DIAGNOSTIC,     3, -8.894798755646e-01, inf, 5.0120e-01, 8.3411e-03, 
 2DIAGNOSTIC,     4, -8.922250866890e-01, inf, 5.1119e-01, 9.9971e-03, 
 2DIAGNOSTIC,     5, -8.947509527206e-01, inf, 5.2077e-01, 9.5758e-03, 
 2DIAGNOSTIC,     6, -8.972563743591e-01, inf, 5.2942e-01, 8.6460e-03, 
 2DIAGNOSTIC,     7, -9.005659222603e-01, inf, 5.3829e-01, 8.8780e-03, 
 2DIAGNOSTIC,     8, -9.049491286278e-01, inf, 5.4804e-01, 9.7489e-03, 
 2DIAGNOSTIC,     9, -9.100322723389e-01, inf, 5.6127e-01, 1.3226e-02, 
 2DIAGNOSTIC,    10, -9.116407632828e-01, 1.936189015396e-03, 5.7070e-01, 9.4330e-03, 
 2DIAGNOSTIC,    11, -9.124379158020e-01, 1.792665570974e-03, 5.8113e-01, 1.0427e-02, 
 2DIAGNOSTIC,    12, -9.179387688637e-01, 1.703672111034e-03, 5.9298e-01, 1.1848e-02, 
 2DIAGNOSTIC,    13, -9.238533377647e-01, 1.663747359999e-03, 6.0290e-01, 9.9232e-03, 
 2DIAGNOSTIC,    14, -9.273576736450e-01, 1.614773180336e-03, 6.1239e-01, 9.4910e-03, 
 2DIAGNOSTIC,    15, -9.274960756302e-01, 1.482331543230e-03, 6.2664e-01, 1.4249e-02, 
 2DIAGNOSTIC,    16, -9.275158047676e-01, 1.283399877138e-03, 6.3548e-01, 8.8391e-03, 
 2DIAGNOSTIC,    17, -9.275341629982e-01, 1.050025457516e-03, 6.4514e-01, 9.6569e-03, 
 2DIAGNOSTIC,    18, -9.275144338608e-01, 8.179168216884e-04, 6.5458e-01, 9.4399e-03, 
 2DIAGNOSTIC,    19, -9.275116324425e-01, 6.182025535963e-04, 6.6356e-01, 8.9881e-03, 
 2DIAGNOSTIC,    20, -9.274898171425e-01, 4.082800296601e-04, 6.7260e-01, 9.0408e-03, 
 2DIAGNOSTIC,    21, -9.274625778198e-01, 1.918266789289e-04, 6.8082e-01, 8.2130e-03, 
 2DIAGNOSTIC,    22, -9.274402856827e-01, 5.341196811059e-05, 6.8903e-01, 8.2099e-03, 
 2DIAGNOSTIC,    23, -9.274595379829e-01, 1.331533553639e-06, 6.9835e-01, 9.3250e-03, 
DIAGNOSTIC,Iteration,metricValue,convergenceValue,ITERATION_TIME_INDEX,SINCE_LAST
 2DIAGNOSTIC,     1, -7.256754040718e-01, inf, 1.2031e+00, 5.0474e-01, 
 2DIAGNOSTIC,     2, -7.265490889549e-01, inf, 1.2357e+00, 3.2559e-02, 
 2DIAGNOSTIC,     3, -7.274969816208e-01, inf, 1.2655e+00, 2.9822e-02, 
 2DIAGNOSTIC,     4, -7.280480861664e-01, inf, 1.2999e+00, 3.4373e-02, 
 2DIAGNOSTIC,     5, -7.281234264374e-01, inf, 1.3347e+00, 3.4848e-02, 
 2DIAGNOSTIC,     6, -7.281521558762e-01, inf, 1.3685e+00, 3.3780e-02, 
 2DIAGNOSTIC,     7, -7.281619310379e-01, inf, 1.3987e+00, 3.0183e-02, 
 2DIAGNOSTIC,     8, -7.281851768494e-01, inf, 1.4405e+00, 4.1811e-02, 
 2DIAGNOSTIC,     9, -7.281781435013e-01, inf, 1.4746e+00, 3.4148e-02, 
 2DIAGNOSTIC,    10, -7.281703352928e-01, 1.773446419975e-04, 1.5171e+00, 4.2517e-02, 
 2DIAGNOSTIC,    11, -7.281743884087e-01, 8.580547728343e-05, 1.5510e+00, 3.3890e-02, 
 2DIAGNOSTIC,    12, -7.281622290611e-01, 2.948461042251e-05, 1.5859e+00, 3.4907e-02, 
 2DIAGNOSTIC,    13, -7.281650304794e-01, 7.531242772529e-06, 1.6166e+00, 3.0696e-02, 
 2DIAGNOSTIC,    14, -7.281605005264e-01, 3.450436906860e-06, 1.6545e+00, 3.7882e-02, 
 2DIAGNOSTIC,    15, -7.281629443169e-01, 1.825713525250e-06, 1.6894e+00, 3.4877e-02, 
DIAGNOSTIC,Iteration,metricValue,convergenceValue,ITERATION_TIME_INDEX,SINCE_LAST
 2DIAGNOSTIC,     1, -6.314451098442e-01, inf, 2.4895e+00, 8.0015e-01, 
 2DIAGNOSTIC,     2, -6.317218542099e-01, inf, 2.7135e+00, 2.2394e-01, 
 2DIAGNOSTIC,     3, -6.318925023079e-01, inf, 2.9262e+00, 2.1272e-01, 
 2DIAGNOSTIC,     4, -6.319717168808e-01, inf, 3.1390e+00, 2.1279e-01, 
 2DIAGNOSTIC,     5, -6.320222616196e-01, inf, 3.4088e+00, 2.6977e-01, 
 2DIAGNOSTIC,     6, -6.320386528969e-01, inf, 3.6336e+00, 2.2485e-01, 
 2DIAGNOSTIC,     7, -6.320438981056e-01, inf, 3.8694e+00, 2.3576e-01, 
 2DIAGNOSTIC,     8, -6.320430636406e-01, inf, 4.1887e+00, 3.1933e-01, 
 2DIAGNOSTIC,     9, -6.320488452911e-01, inf, 4.4594e+00, 2.7066e-01, 
 2DIAGNOSTIC,    10, -6.320472359657e-01, 4.950097354595e-05, 4.6996e+00, 2.4028e-01, 
 2DIAGNOSTIC,    11, -6.320466399193e-01, 2.434462476231e-05, 5.0986e+00, 3.9895e-01, 
 2DIAGNOSTIC,    12, -6.320464611053e-01, 1.170455561805e-05, 5.3361e+00, 2.3756e-01, 
 2DIAGNOSTIC,    13, -6.320456862450e-01, 6.018511157890e-06, 5.5774e+00, 2.4123e-01, 
 2DIAGNOSTIC,    14, -6.320450305939e-01, 3.304105348434e-06, 5.8151e+00, 2.3769e-01, 
 2DIAGNOSTIC,    15, -6.320446133614e-01, 2.348201178393e-06, 6.0507e+00, 2.3562e-01, 
 2DIAGNOSTIC,    16, -6.320435404778e-01, 1.919890337376e-06, 6.2893e+00, 2.3867e-01, 
 2DIAGNOSTIC,    17, -6.320440769196e-01, 1.703618750071e-06, 6.5275e+00, 2.3812e-01, 
 2DIAGNOSTIC,    18, -6.320440173149e-01, 1.499198106103e-06, 6.7660e+00, 2.3855e-01, 
 2DIAGNOSTIC,    19, -6.320432424545e-01, 1.460658154429e-06, 6.9755e+00, 2.0948e-01, 
 2DIAGNOSTIC,    20, -6.320425868034e-01, 1.395937715643e-06, 7.2359e+00, 2.6042e-01, 
 2DIAGNOSTIC,    21, -6.320434808731e-01, 1.362140096717e-06, 7.4728e+00, 2.3690e-01, 
 2DIAGNOSTIC,    22, -6.320438385010e-01, 1.348445493932e-06, 7.6831e+00, 2.1028e-01, 
 2DIAGNOSTIC,    23, -6.320437788963e-01, 1.328521875621e-06, 7.9469e+00, 2.6383e-01, 
 2DIAGNOSTIC,    24, -6.320421099663e-01, 1.272650592909e-06, 8.1847e+00, 2.3778e-01, 
 2DIAGNOSTIC,    25, -6.320419907570e-01, 1.218357283506e-06, 8.4290e+00, 2.4428e-01, 
 2DIAGNOSTIC,    26, -6.320424079895e-01, 1.160947135759e-06, 8.6688e+00, 2.3978e-01, 
 2DIAGNOSTIC,    27, -6.320420503616e-01, 1.115530722018e-06, 8.8792e+00, 2.1043e-01, 
 2DIAGNOSTIC,    28, -6.320417523384e-01, 1.074301621884e-06, 9.1307e+00, 2.5152e-01, 
 2DIAGNOSTIC,    29, -6.320414543152e-01, 1.026286440720e-06, 9.3779e+00, 2.4718e-01, 
DIAGNOSTIC,Iteration,metricValue,convergenceValue,ITERATION_TIME_INDEX,SINCE_LAST
 2DIAGNOSTIC,     1, -5.623798966408e-01, inf, 1.1883e+01, 2.5050e+00, 
  Elapsed time (stage 0): 1.3009e+01


Stage 1
  iterations = 1000x500x250x0
  convergence threshold = 1.0000e-06
  convergence window size = 10
  number of levels = 4
  using the Mattes MI metric (number of bins = 32, weight = 1.0000e+00)
  preprocessing:  winsorizing the image intensities
  preprocessing:  histogram matching the images
  Shrink factors (level 1 out of 4): [6, 6, 6]
  Shrink factors (level 2 out of 4): [4, 4, 4]
  Shrink factors (level 3 out of 4): [2, 2, 2]
  Shrink factors (level 4 out of 4): [1, 1, 1]
  smoothing sigmas per level: [4, 2, 1, 0]
  regular sampling (percentage = 2.5000e-01)

*** Running AffineTransform registration ***

DIAGNOSTIC,Iteration,metricValue,convergenceValue,ITERATION_TIME_INDEX,SINCE_LAST
 2DIAGNOSTIC,     1, -9.222292304039e-01, inf, 4.3961e-01, 4.3961e-01, 
 2DIAGNOSTIC,     2, -9.254359006882e-01, inf, 4.4816e-01, 8.5418e-03, 
 2DIAGNOSTIC,     3, -9.306192994118e-01, inf, 4.5720e-01, 9.0401e-03, 
 2DIAGNOSTIC,     4, -9.378844499588e-01, inf, 4.6653e-01, 9.3350e-03, 
 2DIAGNOSTIC,     5, -9.487761855125e-01, inf, 4.7539e-01, 8.8642e-03, 
 2DIAGNOSTIC,     6, -9.637356400490e-01, inf, 4.8403e-01, 8.6300e-03, 
 2DIAGNOSTIC,     7, -9.813952445984e-01, inf, 4.9309e-01, 9.0601e-03, 
 2DIAGNOSTIC,     8, -9.987634420395e-01, inf, 5.0452e-01, 1.1433e-02, 
 2DIAGNOSTIC,     9, -1.004728198051e+00, inf, 5.1621e-01, 1.1693e-02, 
 2DIAGNOSTIC,    10, -1.007922053337e+00, 6.667005363852e-03, 5.2504e-01, 8.8272e-03, 
 2DIAGNOSTIC,    11, -1.009587049484e+00, 6.014548242092e-03, 5.3505e-01, 1.0016e-02, 
 2DIAGNOSTIC,    12, -1.011162757874e+00, 5.049076396972e-03, 5.4379e-01, 8.7330e-03, 
 2DIAGNOSTIC,    13, -1.012122750282e+00, 3.917221445590e-03, 5.5363e-01, 9.8422e-03, 
 2DIAGNOSTIC,    14, -1.012246131897e+00, 2.752017928287e-03, 5.6362e-01, 9.9940e-03, 
 2DIAGNOSTIC,    15, -1.012315273285e+00, 1.709676696919e-03, 5.7350e-01, 9.8760e-03, 
 2DIAGNOSTIC,    16, -1.012367963791e+00, 9.133151033893e-04, 5.8240e-01, 8.8999e-03, 
 2DIAGNOSTIC,    17, -1.012515306473e+00, 4.257674736436e-04, 5.9090e-01, 8.5020e-03, 
 2DIAGNOSTIC,    18, -1.012629389763e+00, 2.332214062335e-04, 6.0064e-01, 9.7389e-03, 
 2DIAGNOSTIC,    19, -1.012687683105e+00, 1.306883641519e-04, 6.1251e-01, 1.1872e-02, 
 2DIAGNOSTIC,    20, -1.012760043144e+00, 7.354339322774e-05, 6.2117e-01, 8.6529e-03, 
 2DIAGNOSTIC,    21, -1.012768626213e+00, 3.775290315389e-05, 6.2988e-01, 8.7161e-03, 
 2DIAGNOSTIC,    22, -1.012782931328e+00, 2.233150735265e-05, 6.3870e-01, 8.8229e-03, 
 2DIAGNOSTIC,    23, -1.012794137001e+00, 1.840349432314e-05, 6.4986e-01, 1.1153e-02, 
