
Running N4 for 3-dimensional images.

Mask not read.  Using the entire image as the mask.

Original intensity range:  [0, 776]

***********************************************************
Warning:  Your input image contains nonpositive values
which could cause failure or problematic results.  A
possible workaround would be to:
   1. rescale your image to positive values e.g., [10,100].
   2. run N4 on your rescaled image.
   3. (optional) rescale the N4 output to the original
      intensity range.
***********************************************************

Specified spline distance: 200mm
  original image size:  [192, 256, 256]
  padded image size:  [201, 401, 401]
  number of control points:  [4, 5, 5]

Current level = 1
  Iteration 1 (of 50).   Current convergence value = 0.000394401 (threshold = 1e-08)
  Iteration 2 (of 50).   Current convergence value = 0.00029511 (threshold = 1e-08)
  Iteration 3 (of 50).   Current convergence value = 0.000234529 (threshold = 1e-08)
  Iteration 4 (of 50).   Current convergence value = 0.000169501 (threshold = 1e-08)
  Iteration 5 (of 50).   Current convergence value = 0.000119779 (threshold = 1e-08)
  Iteration 6 (of 50).   Current convergence value = 8.48547e-05 (threshold = 1e-08)
  Iteration 7 (of 50).   Current convergence value = 6.21187e-05 (threshold = 1e-08)
  Iteration 8 (of 50).   Current convergence value = 4.81095e-05 (threshold = 1e-08)
  Iteration 9 (of 50).   Current convergence value = 4.02581e-05 (threshold = 1e-08)
  Iteration 10 (of 50).   Current convergence value = 3.60446e-05 (threshold = 1e-08)
  Iteration 11 (of 50).   Current convergence value = 3.35651e-05 (threshold = 1e-08)
  Iteration 12 (of 50).   Current convergence value = 3.17623e-05 (threshold = 1e-08)
  Iteration 13 (of 50).   Current convergence value = 3.02368e-05 (threshold = 1e-08)
  Iteration 14 (of 50).   Current convergence value = 2.88671e-05 (threshold = 1e-08)
  Iteration 15 (of 50).   Current convergence value = 2.76455e-05 (threshold = 1e-08)
  Iteration 16 (of 50).   Current convergence value = 2.65015e-05 (threshold = 1e-08)
  Iteration 17 (of 50).   Current convergence value = 2.54805e-05 (threshold = 1e-08)
  Iteration 18 (of 50).   Current convergence value = 2.45674e-05 (threshold = 1e-08)
  Iteration 19 (of 50).   Current convergence value = 2.38452e-05 (threshold = 1e-08)
  Iteration 20 (of 50).   Current convergence value = 2.3278e-05 (threshold = 1e-08)
  Iteration 21 (of 50).   Current convergence value = 2.28642e-05 (threshold = 1e-08)
  Iteration 22 (of 50).   Current convergence value = 2.24997e-05 (threshold = 1e-08)
  Iteration 23 (of 50).   Current convergence value = 2.2274e-05 (threshold = 1e-08)
  Iteration 24 (of 50).   Current convergence value = 2.22168e-05 (threshold = 1e-08)
  Iteration 25 (of 50).   Current convergence value = 2.22519e-05 (threshold = 1e-08)
  Iteration 26 (of 50).   Current convergence value = 2.22654e-05 (threshold = 1e-08)
  Iteration 27 (of 50).   Current convergence value = 2.23155e-05 (threshold = 1e-08)
  Iteration 28 (of 50).   Current convergence value = 2.247e-05 (threshold = 1e-08)
  Iteration 29 (of 50).   Current convergence value = 2.27128e-05 (threshold = 1e-08)
  Iteration 30 (of 50).   Current convergence value = 2.29243e-05 (threshold = 1e-08)
  Iteration 31 (of 50).   Current convergence value = 2.32699e-05 (threshold = 1e-08)
  Iteration 32 (of 50).   Current convergence value = 2.35479e-05 (threshold = 1e-08)
  Iteration 33 (of 50).   Current convergence value = 2.39648e-05 (threshold = 1e-08)
  Iteration 34 (of 50).   Current convergence value = 2.43222e-05 (threshold = 1e-08)
  Iteration 35 (of 50).   Current convergence value = 2.46041e-05 (threshold = 1e-08)
  Iteration 36 (of 50).   Current convergence value = 2.50098e-05 (threshold = 1e-08)
  Iteration 37 (of 50).   Current convergence value = 2.52919e-05 (threshold = 1e-08)
  Iteration 38 (of 50).   Current convergence value = 2.57032e-05 (threshold = 1e-08)
  Iteration 39 (of 50).   Current convergence value = 2.60958e-05 (threshold = 1e-08)
  Iteration 40 (of 50).   Current convergence value = 2.65722e-05 (threshold = 1e-08)
  Iteration 41 (of 50).   Current convergence value = 2.7047e-05 (threshold = 1e-08)
  Iteration 42 (of 50).   Current convergence value = 2.74885e-05 (threshold = 1e-08)
  Iteration 43 (of 50).   Current convergence value = 2.79418e-05 (threshold = 1e-08)
  Iteration 44 (of 50).   Current convergence value = 2.8433e-05 (threshold = 1e-08)
  Iteration 45 (of 50).   Current convergence value = 2.8949e-05 (threshold = 1e-08)
  Iteration 46 (of 50).   Current convergence value = 2.94739e-05 (threshold = 1e-08)
  Iteration 47 (of 50).   Current convergence value = 2.99517e-05 (threshold = 1e-08)
  Iteration 48 (of 50).   Current convergence value = 3.03966e-05 (threshold = 1e-08)
  Iteration 49 (of 50).   Current convergence value = 3.08715e-05 (threshold = 1e-08)
  Iteration 50 (of 50).   Current convergence value = 3.14e-05 (threshold = 1e-08)
Current level = 2
  Iteration 1 (of 50).   Current convergence value = 0.000301649 (threshold = 1e-08)
  Iteration 2 (of 50).   Current convergence value = 0.00028633 (threshold = 1e-08)
  Iteration 3 (of 50).   Current convergence value = 0.00027564 (threshold = 1e-08)
  Iteration 4 (of 50).   Current convergence value = 0.000271926 (threshold = 1e-08)
  Iteration 5 (of 50).   Current convergence value = 0.000268916 (threshold = 1e-08)
  Iteration 6 (of 50).   Current convergence value = 0.000264946 (threshold = 1e-08)
  Iteration 7 (of 50).   Current convergence value = 0.00026173 (threshold = 1e-08)
  Iteration 8 (of 50).   Current convergence value = 0.000257095 (threshold = 1e-08)
  Iteration 9 (of 50).   Current convergence value = 0.000252038 (threshold = 1e-08)
  Iteration 10 (of 50).   Current convergence value = 0.000248667 (threshold = 1e-08)
  Iteration 11 (of 50).   Current convergence value = 0.000245737 (threshold = 1e-08)
  Iteration 12 (of 50).   Current convergence value = 0.000242937 (threshold = 1e-08)
  Iteration 13 (of 50).   Current convergence value = 0.000238215 (threshold = 1e-08)
  Iteration 14 (of 50).   Current convergence value = 0.000232402 (threshold = 1e-08)
  Iteration 15 (of 50).   Current convergence value = 0.00022702 (threshold = 1e-08)
  Iteration 16 (of 50).   Current convergence value = 0.000222191 (threshold = 1e-08)
  Iteration 17 (of 50).   Current convergence value = 0.000217742 (threshold = 1e-08)
  Iteration 18 (of 50).   Current convergence value = 0.000213697 (threshold = 1e-08)
  Iteration 19 (of 50).   Current convergence value = 0.000209932 (threshold = 1e-08)
  Iteration 20 (of 50).   Current convergence value = 0.000206379 (threshold = 1e-08)
  Iteration 21 (of 50).   Current convergence value = 0.000203065 (threshold = 1e-08)
  Iteration 22 (of 50).   Current convergence value = 0.000200047 (threshold = 1e-08)
  Iteration 23 (of 50).   Current convergence value = 0.000197152 (threshold = 1e-08)
  Iteration 24 (of 50).   Current convergence value = 0.000194273 (threshold = 1e-08)
  Iteration 25 (of 50).   Current convergence value = 0.00019154 (threshold = 1e-08)
  Iteration 26 (of 50).   Current convergence value = 0.000189108 (threshold = 1e-08)
  Iteration 27 (of 50).   Current convergence value = 0.000186828 (threshold = 1e-08)
  Iteration 28 (of 50).   Current convergence value = 0.000184656 (threshold = 1e-08)
  Iteration 29 (of 50).   Current convergence value = 0.000182506 (threshold = 1e-08)
  Iteration 30 (of 50).   Current convergence value = 0.000180414 (threshold = 1e-08)
  Iteration 31 (of 50).   Current convergence value = 0.000178366 (threshold = 1e-08)
  Iteration 32 (of 50).   Current convergence value = 0.00017639 (threshold = 1e-08)
  Iteration 33 (of 50).   Current convergence value = 0.000174583 (threshold = 1e-08)
  Iteration 34 (of 50).   Current convergence value = 0.000172789 (threshold = 1e-08)
  Iteration 35 (of 50).   Current convergence value = 0.000171056 (threshold = 1e-08)
  Iteration 36 (of 50).   Current convergence value = 0.000169357 (threshold = 1e-08)
  Iteration 37 (of 50).   Current convergence value = 0.00016767 (threshold = 1e-08)
  Iteration 38 (of 50).   Current convergence value = 0.000165956 (threshold = 1e-08)
  Iteration 39 (of 50).   Current convergence value = 0.000164321 (threshold = 1e-08)
  Iteration 40 (of 50).   Current convergence value = 0.000162797 (threshold = 1e-08)
  Iteration 41 (of 50).   Current convergence value = 0.000161269 (threshold = 1e-08)
  Iteration 42 (of 50).   Current convergence value = 0.000159848 (threshold = 1e-08)
  Iteration 43 (of 50).   Current convergence value = 0.000158496 (threshold = 1e-08)
  Iteration 44 (of 50).   Current convergence value = 0.000157124 (threshold = 1e-08)
  Iteration 45 (of 50).   Current convergence value = 0.000155791 (threshold = 1e-08)
  Iteration 46 (of 50).   Current convergence value = 0.000154472 (threshold = 1e-08)
  Iteration 47 (of 50).   Current convergence value = 0.000153094 (threshold = 1e-08)
  Iteration 48 (of 50).   Current convergence value = 0.000151201 (threshold = 1e-08)
  Iteration 49 (of 50).   Current convergence value = 0.000149399 (threshold = 1e-08)
  Iteration 50 (of 50).   Current convergence value = 0.000147645 (threshold = 1e-08)
Current level = 3
  Iteration 1 (of 40).   Current convergence value = 0.001404 (threshold = 1e-08)
  Iteration 2 (of 40).   Current convergence value = 0.00129491 (threshold = 1e-08)
  Iteration 3 (of 40).   Current convergence value = 0.00125357 (threshold = 1e-08)
  Iteration 4 (of 40).   Current convergence value = 0.00123469 (threshold = 1e-08)
  Iteration 5 (of 40).   Current convergence value = 0.00121108 (threshold = 1e-08)
  Iteration 6 (of 40).   Current convergence value = 0.00119826 (threshold = 1e-08)
  Iteration 7 (of 40).   Current convergence value = 0.00119155 (threshold = 1e-08)
  Iteration 8 (of 40).   Current convergence value = 0.00118417 (threshold = 1e-08)
  Iteration 9 (of 40).   Current convergence value = 0.00116711 (threshold = 1e-08)
  Iteration 10 (of 40).   Current convergence value = 0.00112321 (threshold = 1e-08)
  Iteration 11 (of 40).   Current convergence value = 0.00106066 (threshold = 1e-08)
  Iteration 12 (of 40).   Current convergence value = 0.0010058 (threshold = 1e-08)
  Iteration 13 (of 40).   Current convergence value = 0.000960518 (threshold = 1e-08)
  Iteration 14 (of 40).   Current convergence value = 0.000923739 (threshold = 1e-08)
  Iteration 15 (of 40).   Current convergence value = 0.000894005 (threshold = 1e-08)
  Iteration 16 (of 40).   Current convergence value = 0.000870204 (threshold = 1e-08)
  Iteration 17 (of 40).   Current convergence value = 0.000851321 (threshold = 1e-08)
  Iteration 18 (of 40).   Current convergence value = 0.000836188 (threshold = 1e-08)
  Iteration 19 (of 40).   Current convergence value = 0.00082457 (threshold = 1e-08)
  Iteration 20 (of 40).   Current convergence value = 0.000816113 (threshold = 1e-08)
  Iteration 21 (of 40).   Current convergence value = 0.000810482 (threshold = 1e-08)
  Iteration 22 (of 40).   Current convergence value = 0.000807486 (threshold = 1e-08)
  Iteration 23 (of 40).   Current convergence value = 0.00080696 (threshold = 1e-08)
  Iteration 24 (of 40).   Current convergence value = 0.000807456 (threshold = 1e-08)
  Iteration 25 (of 40).   Current convergence value = 0.000809542 (threshold = 1e-08)
  Iteration 26 (of 40).   Current convergence value = 0.00079078 (threshold = 1e-08)
  Iteration 27 (of 40).   Current convergence value = 0.000747498 (threshold = 1e-08)
  Iteration 28 (of 40).   Current convergence value = 0.000712151 (threshold = 1e-08)
  Iteration 29 (of 40).   Current convergence value = 0.000682366 (threshold = 1e-08)
  Iteration 30 (of 40).   Current convergence value = 0.000654172 (threshold = 1e-08)
  Iteration 31 (of 40).   Current convergence value = 0.000618477 (threshold = 1e-08)
  Iteration 32 (of 40).   Current convergence value = 0.000588913 (threshold = 1e-08)
  Iteration 33 (of 40).   Current convergence value = 0.00056392 (threshold = 1e-08)
  Iteration 34 (of 40).   Current convergence value = 0.000542352 (threshold = 1e-08)
  Iteration 35 (of 40).   Current convergence value = 0.000523829 (threshold = 1e-08)
  Iteration 36 (of 40).   Current convergence value = 0.000507953 (threshold = 1e-08)
  Iteration 37 (of 40).   Current convergence value = 0.000494041 (threshold = 1e-08)
  Iteration 38 (of 40).   Current convergence value = 0.00048178 (threshold = 1e-08)
  Iteration 39 (of 40).   Current convergence value = 0.000471259 (threshold = 1e-08)
  Iteration 40 (of 40).   Current convergence value = 0.000462466 (threshold = 1e-08)
Current level = 4
  Iteration 1 (of 30).   Current convergence value = 0.00176065 (threshold = 1e-08)
  Iteration 2 (of 30).   Current convergence value = 0.00159392 (threshold = 1e-08)
  Iteration 3 (of 30).   Current convergence value = 0.00154073 (threshold = 1e-08)
  Iteration 4 (of 30).   Current convergence value = 0.00153863 (threshold = 1e-08)
  Iteration 5 (of 30).   Current convergence value = 0.00140347 (threshold = 1e-08)
  Iteration 6 (of 30).   Current convergence value = 0.00128063 (threshold = 1e-08)
  Iteration 7 (of 30).   Current convergence value = 0.00119297 (threshold = 1e-08)
  Iteration 8 (of 30).   Current convergence value = 0.00111952 (threshold = 1e-08)
  Iteration 9 (of 30).   Current convergence value = 0.00103263 (threshold = 1e-08)
  Iteration 10 (of 30).   Current convergence value = 0.000965914 (threshold = 1e-08)
  Iteration 11 (of 30).   Current convergence value = 0.000913514 (threshold = 1e-08)
  Iteration 12 (of 30).   Current convergence value = 0.000871938 (threshold = 1e-08)
  Iteration 13 (of 30).   Current convergence value = 0.000839341 (threshold = 1e-08)
  Iteration 14 (of 30).   Current convergence value = 0.000815201 (threshold = 1e-08)
  Iteration 15 (of 30).   Current convergence value = 0.000798446 (threshold = 1e-08)
  Iteration 16 (of 30).   Current convergence value = 0.000788844 (threshold = 1e-08)
  Iteration 17 (of 30).   Current convergence value = 0.00078518 (threshold = 1e-08)
  Iteration 18 (of 30).   Current convergence value = 0.00078828 (threshold = 1e-08)
  Iteration 19 (of 30).   Current convergence value = 0.000797571 (threshold = 1e-08)
  Iteration 20 (of 30).   Current convergence value = 0.000810864 (threshold = 1e-08)
  Iteration 21 (of 30).   Current convergence value = 0.000733749 (threshold = 1e-08)
  Iteration 22 (of 30).   Current convergence value = 0.000675488 (threshold = 1e-08)
  Iteration 23 (of 30).   Current convergence value = 0.000630255 (threshold = 1e-08)
  Iteration 24 (of 30).   Current convergence value = 0.000593736 (threshold = 1e-08)
  Iteration 25 (of 30).   Current convergence value = 0.000564318 (threshold = 1e-08)
  Iteration 26 (of 30).   Current convergence value = 0.000539269 (threshold = 1e-08)
  Iteration 27 (of 30).   Current convergence value = 0.000517797 (threshold = 1e-08)
  Iteration 28 (of 30).   Current convergence value = 0.00049953 (threshold = 1e-08)
  Iteration 29 (of 30).   Current convergence value = 0.00048418 (threshold = 1e-08)
  Iteration 30 (of 30).   Current convergence value = 0.000471016 (threshold = 1e-08)
   N4BiasFieldCorrectionImageFilter (0x55965007ae20)
     RTTI typeinfo:   itk::N4BiasFieldCorrectionImageFilter<itk::Image<float, 3u>, itk::Image<float, 3u>, itk::Image<float, 3u> >
     Reference Count: 1
     Modified Time: 565
     Debug: Off
     Object Name: 
     Observers: 
       IterationEvent(Command)
     Inputs: 
       ConfidenceImage: (0)
       MaskImage: (0x5596500a55e0)
       Primary: (0x5596500a0a40) *
     Indexed Inputs: 
       0: Primary (0x5596500a0a40)
       1: MaskImage (0x5596500a55e0)
       2: ConfidenceImage (0)
     Required Input Names: Primary
     NumberOfRequiredInputs: 1
     Outputs: 
       Primary: (0x55965008aef0)
     Indexed Outputs: 
       0: Primary (0x55965008aef0)
     NumberOfRequiredOutputs: 1
     Number Of Work Units: 32
     ReleaseDataFlag: Off
     ReleaseDataBeforeUpdateFlag: Off
     AbortGenerateData: Off
     Progress: 0
     Multithreader: 
       RTTI typeinfo:   itk::PoolMultiThreader
       Reference Count: 1
       Modified Time: 144
       Debug: Off
       Object Name: 
       Observers: 
         none
       Number of Work Units: 32
       Number of Threads: 8
       Global Maximum Number Of Threads: 128
       Global Default Number Of Threads: 8
       Global Default Threader Type: itk::MultiThreaderBaseEnums::Threader::Pool
       SingleMethod: 0
       SingleData: 0
     DynamicMultiThreading: On
     CoordinateTolerance: 1e-06
     DirectionTolerance: 1e-06
     Use Mask Label: 0
     Mask label: 1
     Number of histogram bins: 200
     Wiener filter noise: 0.01
     Bias field FWHM: 0.15
     Maximum number of iterations: [50, 50, 40, 30]
     Convergence threshold: 1e-08
     Spline order: 3
     Number of fitting levels: [4, 4, 4]
     Number of control points: [4, 5, 5]
     CurrentConvergenceMeasurement: 0.000471016
     CurrentLevel: 4
     ElapsedIterations: 31
     LogBiasFieldControlPointLattice: 
       Image (0x559656b812e0)
         RTTI typeinfo:   itk::Image<itk::Vector<float, 1u>, 3u>
         Reference Count: 1
         Modified Time: 343560
         Debug: Off
         Object Name: 
         Observers: 
           none
         Source: (none)
         Source output name: (none)
         Release Data: Off
         Data Released: False
         Global Release Data: Off
         PipelineMTime: 0
         UpdateMTime: 0
         RealTimeStamp: 0 seconds 
         LargestPossibleRegion: 
           Dimension: 3
           Index: [0, 0, 0]
           Size: [11, 19, 19]
         BufferedRegion: 
           Dimension: 3
           Index: [0, 0, 0]
           Size: [11, 19, 19]
         RequestedRegion: 
           Dimension: 3
           Index: [0, 0, 0]
           Size: [11, 19, 19]
         Spacing: [24.75, 24.875, 24.875]
         Origin: [26.8912, 21.3638, -25.8949]
         Direction: 
-0.997411 -0.0194065 -0.0692468
0.010783 -0.992373 0.122798
-0.0711017 0.121734 0.990013

         IndexToPointMatrix: 
-24.6859 -0.482737 -1.72251
0.266879 -24.6853 3.0546
-1.75977 3.02813 24.6266

         PointToIndexMatrix: 
-0.0402994 0.000435677 -0.0028728
-0.000780159 -0.0398944 0.0048938
-0.00278379 0.00493663 0.0397995

         Inverse Direction: 
-0.997411 0.010783 -0.0711017
-0.0194065 -0.992373 0.121733
-0.0692468 0.122799 0.990013

         PixelContainer: 
           ImportImageContainer (0x55965d2a5260)
             RTTI typeinfo:   itk::ImportImageContainer<unsigned long, itk::Vector<float, 1u> >
             Reference Count: 1
             Modified Time: 343561
             Debug: Off
             Object Name: 
             Observers: 
               none
             Pointer: 0x55965a241640
             Container manages memory: true
             Size: 3971
             Capacity: 3971
Elapsed time: 303.558
All_Command_lines_OK
Using single precision for computations.
=============================================================================
The composite transform comprises the following transforms (in order): 
  1. Center of mass alignment using fixed image: /home/mpib/nemecz/Projects/miniTRK/Results/01_MRI/GroupTempl/T1w/T_template0.nii.gz and moving image: /home/mpib/nemecz/Projects/miniTRK/Analysis/01_MRI/Preproc/GroupTempl/T1w/sub-672857_T1w.nii.gz (type = Euler3DTransform)
=============================================================================
  number of levels = 4
  number of levels = 4
  number of levels = 4
  fixed image: /home/mpib/nemecz/Projects/miniTRK/Results/01_MRI/GroupTempl/T1w/T_template0.nii.gz
  moving image: /home/mpib/nemecz/Projects/miniTRK/Results/01_MRI/GroupTempl/T1w/T_template0sub-672857_T1wRepaired.nii.gz
  fixed image: /home/mpib/nemecz/Projects/miniTRK/Results/01_MRI/GroupTempl/T1w/T_template0.nii.gz
  moving image: /home/mpib/nemecz/Projects/miniTRK/Results/01_MRI/GroupTempl/T1w/T_template0sub-672857_T1wRepaired.nii.gz
  fixed image: /home/mpib/nemecz/Projects/miniTRK/Results/01_MRI/GroupTempl/T1w/T_template0.nii.gz
  moving image: /home/mpib/nemecz/Projects/miniTRK/Results/01_MRI/GroupTempl/T1w/T_template0sub-672857_T1wRepaired.nii.gz
Dimension = 3
Number of stages = 3
Use Histogram Matching true
Winsorize image intensities true
Lower quantile = 0.01
Upper quantile = 0.99
Stage 1 State
   Image metric = Mattes
     Fixed image = Image (0x55e72f65fad0)
  RTTI typeinfo:   itk::Image<float, 3u>
  Reference Count: 2
  Modified Time: 1721
  Debug: Off
  Object Name: 
  Observers: 
    none
  Source: (none)
  Source output name: (none)
  Release Data: Off
  Data Released: False
  Global Release Data: Off
  PipelineMTime: 0
  UpdateMTime: 1506
  RealTimeStamp: 0 seconds 
  LargestPossibleRegion: 
    Dimension: 3
    Index: [0, 0, 0]
    Size: [192, 256, 256]
  BufferedRegion: 
    Dimension: 3
    Index: [0, 0, 0]
    Size: [192, 256, 256]
  RequestedRegion: 
    Dimension: 3
    Index: [0, 0, 0]
    Size: [192, 256, 256]
  Spacing: [1, 1, 1]
  Origin: [95.0313, 100.538, -154.123]
  Direction: 
-0.999853 -0.014134 -0.00966312
0.014129 -0.9999 0.000586045
-0.00967044 0.000449429 0.999953

  IndexToPointMatrix: 
-0.999853 -0.014134 -0.00966312
0.014129 -0.9999 0.000586045
-0.00967044 0.000449429 0.999953

  PointToIndexMatrix: 
-0.999853 0.014129 -0.00967044
-0.014134 -0.9999 0.000449429
-0.00966312 0.000586045 0.999953

  Inverse Direction: 
-0.999853 0.014129 -0.00967044
-0.014134 -0.9999 0.000449429
-0.00966312 0.000586045 0.999953

  PixelContainer: 
    ImportImageContainer (0x55e72f667c80)
      RTTI typeinfo:   itk::ImportImageContainer<unsigned long, float>
      Reference Count: 1
      Modified Time: 1503
      Debug: Off
      Object Name: 
      Observers: 
        none
      Pointer: 0x7f29da416010
      Container manages memory: true
      Size: 12582912
      Capacity: 12582912

     Moving image = Image (0x55e72f660bc0)
  RTTI typeinfo:   itk::Image<float, 3u>
  Reference Count: 2
  Modified Time: 1722
  Debug: Off
  Object Name: 
  Observers: 
    none
  Source: (none)
  Source output name: (none)
  Release Data: Off
  Data Released: False
  Global Release Data: Off
  PipelineMTime: 0
  UpdateMTime: 1719
  RealTimeStamp: 0 seconds 
  LargestPossibleRegion: 
    Dimension: 3
    Index: [0, 0, 0]
    Size: [192, 256, 256]
  BufferedRegion: 
    Dimension: 3
    Index: [0, 0, 0]
    Size: [192, 256, 256]
  RequestedRegion: 
    Dimension: 3
    Index: [0, 0, 0]
    Size: [192, 256, 256]
  Spacing: [1, 1, 1]
  Origin: [108.501, 82.5541, -156.466]
  Direction: 
-0.997411 -0.0194065 -0.0692468
0.010783 -0.992373 0.122798
-0.0711017 0.121734 0.990013

  IndexToPointMatrix: 
-0.997411 -0.0194065 -0.0692468
0.010783 -0.992373 0.122798
-0.0711017 0.121734 0.990013

  PointToIndexMatrix: 
-0.997411 0.010783 -0.0711017
-0.0194065 -0.992373 0.121734
-0.0692468 0.122798 0.990013

  Inverse Direction: 
-0.997411 0.010783 -0.0711017
-0.0194065 -0.992373 0.121734
-0.0692468 0.122798 0.990013

  PixelContainer: 
    ImportImageContainer (0x55e72f66c100)
      RTTI typeinfo:   itk::ImportImageContainer<unsigned long, float>
      Reference Count: 1
      Modified Time: 1716
      Debug: Off
      Object Name: 
      Observers: 
        none
      Pointer: 0x7f29d7415010
      Container manages memory: true
      Size: 12582912
      Capacity: 12582912

     Weighting = 1
     Sampling strategy = regular
     Number of bins = 32
     Radius = 4
     Sampling percentage  = 0.25
   Transform = Rigid
     Gradient step = 0.1
     Update field sigma (voxel space) = 0
     Total field sigma (voxel space) = 0
     Update field time sigma = 0
     Total field time sigma  = 0
     Number of time indices = 0
     Number of time point samples = 0
Stage 2 State
   Image metric = Mattes
     Fixed image = Image (0x55e72f678870)
  RTTI typeinfo:   itk::Image<float, 3u>
  Reference Count: 2
  Modified Time: 2149
  Debug: Off
  Object Name: 
  Observers: 
    none
  Source: (none)
  Source output name: (none)
  Release Data: Off
  Data Released: False
  Global Release Data: Off
  PipelineMTime: 0
  UpdateMTime: 1934
  RealTimeStamp: 0 seconds 
  LargestPossibleRegion: 
    Dimension: 3
    Index: [0, 0, 0]
    Size: [192, 256, 256]
  BufferedRegion: 
    Dimension: 3
    Index: [0, 0, 0]
    Size: [192, 256, 256]
  RequestedRegion: 
    Dimension: 3
    Index: [0, 0, 0]
    Size: [192, 256, 256]
  Spacing: [1, 1, 1]
  Origin: [95.0313, 100.538, -154.123]
  Direction: 
-0.999853 -0.014134 -0.00966312
0.014129 -0.9999 0.000586045
-0.00967044 0.000449429 0.999953

  IndexToPointMatrix: 
-0.999853 -0.014134 -0.00966312
0.014129 -0.9999 0.000586045
-0.00967044 0.000449429 0.999953

  PointToIndexMatrix: 
-0.999853 0.014129 -0.00967044
-0.014134 -0.9999 0.000449429
-0.00966312 0.000586045 0.999953

  Inverse Direction: 
-0.999853 0.014129 -0.00967044
-0.014134 -0.9999 0.000449429
-0.00966312 0.000586045 0.999953

  PixelContainer: 
    ImportImageContainer (0x55e72f6636d0)
      RTTI typeinfo:   itk::ImportImageContainer<unsigned long, float>
      Reference Count: 1
      Modified Time: 1931
      Debug: Off
      Object Name: 
      Observers: 
        none
      Pointer: 0x7f29d4414010
      Container manages memory: true
      Size: 12582912
      Capacity: 12582912

     Moving image = Image (0x55e72f6784c0)
  RTTI typeinfo:   itk::Image<float, 3u>
  Reference Count: 2
  Modified Time: 2150
  Debug: Off
  Object Name: 
  Observers: 
    none
  Source: (none)
  Source output name: (none)
  Release Data: Off
  Data Released: False
  Global Release Data: Off
  PipelineMTime: 0
  UpdateMTime: 2147
  RealTimeStamp: 0 seconds 
  LargestPossibleRegion: 
    Dimension: 3
    Index: [0, 0, 0]
    Size: [192, 256, 256]
  BufferedRegion: 
    Dimension: 3
    Index: [0, 0, 0]
    Size: [192, 256, 256]
  RequestedRegion: 
    Dimension: 3
    Index: [0, 0, 0]
    Size: [192, 256, 256]
  Spacing: [1, 1, 1]
  Origin: [108.501, 82.5541, -156.466]
  Direction: 
-0.997411 -0.0194065 -0.0692468
0.010783 -0.992373 0.122798
-0.0711017 0.121734 0.990013

  IndexToPointMatrix: 
-0.997411 -0.0194065 -0.0692468
0.010783 -0.992373 0.122798
-0.0711017 0.121734 0.990013

  PointToIndexMatrix: 
-0.997411 0.010783 -0.0711017
-0.0194065 -0.992373 0.121734
-0.0692468 0.122798 0.990013

  Inverse Direction: 
-0.997411 0.010783 -0.0711017
-0.0194065 -0.992373 0.121734
-0.0692468 0.122798 0.990013

  PixelContainer: 
    ImportImageContainer (0x55e72f6798c0)
      RTTI typeinfo:   itk::ImportImageContainer<unsigned long, float>
      Reference Count: 1
      Modified Time: 2144
      Debug: Off
      Object Name: 
      Observers: 
        none
      Pointer: 0x7f29d1413010
      Container manages memory: true
      Size: 12582912
      Capacity: 12582912

     Weighting = 1
     Sampling strategy = regular
     Number of bins = 32
     Radius = 4
     Sampling percentage  = 0.25
   Transform = Affine
     Gradient step = 0.1
     Update field sigma (voxel space) = 0
     Total field sigma (voxel space) = 0
     Update field time sigma = 0
     Total field time sigma  = 0
     Number of time indices = 0
     Number of time point samples = 0
Stage 3 State
   Image metric = CC
     Fixed image = Image (0x55e72f67f960)
  RTTI typeinfo:   itk::Image<float, 3u>
  Reference Count: 2
  Modified Time: 2577
  Debug: Off
  Object Name: 
  Observers: 
    none
  Source: (none)
  Source output name: (none)
  Release Data: Off
  Data Released: False
  Global Release Data: Off
  PipelineMTime: 0
  UpdateMTime: 2362
  RealTimeStamp: 0 seconds 
  LargestPossibleRegion: 
    Dimension: 3
    Index: [0, 0, 0]
    Size: [192, 256, 256]
  BufferedRegion: 
    Dimension: 3
    Index: [0, 0, 0]
    Size: [192, 256, 256]
  RequestedRegion: 
    Dimension: 3
    Index: [0, 0, 0]
    Size: [192, 256, 256]
  Spacing: [1, 1, 1]
  Origin: [95.0313, 100.538, -154.123]
  Direction: 
-0.999853 -0.014134 -0.00966312
0.014129 -0.9999 0.000586045
-0.00967044 0.000449429 0.999953

  IndexToPointMatrix: 
-0.999853 -0.014134 -0.00966312
0.014129 -0.9999 0.000586045
-0.00967044 0.000449429 0.999953

  PointToIndexMatrix: 
-0.999853 0.014129 -0.00967044
-0.014134 -0.9999 0.000449429
-0.00966312 0.000586045 0.999953

  Inverse Direction: 
-0.999853 0.014129 -0.00967044
-0.014134 -0.9999 0.000449429
-0.00966312 0.000586045 0.999953

  PixelContainer: 
    ImportImageContainer (0x55e72f660660)
      RTTI typeinfo:   itk::ImportImageContainer<unsigned long, float>
      Reference Count: 1
      Modified Time: 2359
      Debug: Off
      Object Name: 
      Observers: 
        none
      Pointer: 0x7f29ce412010
      Container manages memory: true
      Size: 12582912
      Capacity: 12582912

     Moving image = Image (0x55e72f681840)
  RTTI typeinfo:   itk::Image<float, 3u>
  Reference Count: 2
  Modified Time: 2578
  Debug: Off
  Object Name: 
  Observers: 
    none
  Source: (none)
  Source output name: (none)
  Release Data: Off
  Data Released: False
  Global Release Data: Off
  PipelineMTime: 0
  UpdateMTime: 2575
  RealTimeStamp: 0 seconds 
  LargestPossibleRegion: 
    Dimension: 3
    Index: [0, 0, 0]
    Size: [192, 256, 256]
  BufferedRegion: 
    Dimension: 3
    Index: [0, 0, 0]
    Size: [192, 256, 256]
  RequestedRegion: 
    Dimension: 3
    Index: [0, 0, 0]
    Size: [192, 256, 256]
  Spacing: [1, 1, 1]
  Origin: [108.501, 82.5541, -156.466]
  Direction: 
-0.997411 -0.0194065 -0.0692468
0.010783 -0.992373 0.122798
-0.0711017 0.121734 0.990013

  IndexToPointMatrix: 
-0.997411 -0.0194065 -0.0692468
0.010783 -0.992373 0.122798
-0.0711017 0.121734 0.990013

  PointToIndexMatrix: 
-0.997411 0.010783 -0.0711017
-0.0194065 -0.992373 0.121734
-0.0692468 0.122798 0.990013

  Inverse Direction: 
-0.997411 0.010783 -0.0711017
-0.0194065 -0.992373 0.121734
-0.0692468 0.122798 0.990013

  PixelContainer: 
    ImportImageContainer (0x55e72f67e660)
      RTTI typeinfo:   itk::ImportImageContainer<unsigned long, float>
      Reference Count: 1
      Modified Time: 2572
      Debug: Off
      Object Name: 
      Observers: 
        none
      Pointer: 0x7f29cb411010
      Container manages memory: true
      Size: 12582912
      Capacity: 12582912

     Weighting = 1
     Sampling strategy = none
     Number of bins = 32
     Radius = 4
     Sampling percentage  = 1
   Transform = SyN
     Gradient step = 0.1
     Update field sigma (voxel space) = 3
     Total field sigma (voxel space) = 0
     Update field time sigma = 0
     Total field time sigma  = 0
     Number of time indices = 0
     Number of time point samples = 0
Registration using 3 total stages.

Stage 0
  iterations = 1000x500x250x0
  convergence threshold = 1e-06
  convergence window size = 10
  number of levels = 4
  using the Mattes MI metric (number of bins = 32, weight = 1)
  preprocessing:  winsorizing the image intensities
  preprocessing:  histogram matching the images
  Shrink factors (level 1 out of 4): [6, 6, 6]
  Shrink factors (level 2 out of 4): [4, 4, 4]
  Shrink factors (level 3 out of 4): [2, 2, 2]
  Shrink factors (level 4 out of 4): [1, 1, 1]
  smoothing sigmas per level: [4, 2, 1, 0]
  regular sampling (percentage = 0.25)

*** Running Euler3DTransform registration ***

DIAGNOSTIC,Iteration,metricValue,convergenceValue,ITERATION_TIME_INDEX,SINCE_LAST
 2DIAGNOSTIC,     1, -7.924038171768e-01, inf, 5.0994e-01, 5.0994e-01, 
 2DIAGNOSTIC,     2, -7.954916954041e-01, inf, 5.1814e-01, 8.2052e-03, 
 2DIAGNOSTIC,     3, -8.005813360214e-01, inf, 5.2631e-01, 8.1658e-03, 
 2DIAGNOSTIC,     4, -8.088788390160e-01, inf, 5.3431e-01, 8.0040e-03, 
 2DIAGNOSTIC,     5, -8.214429616928e-01, inf, 5.4255e-01, 8.2340e-03, 
 2DIAGNOSTIC,     6, -8.392200469971e-01, inf, 5.5078e-01, 8.2340e-03, 
 2DIAGNOSTIC,     7, -8.548326492310e-01, inf, 5.5958e-01, 8.7941e-03, 
 2DIAGNOSTIC,     8, -8.599916100502e-01, inf, 5.6808e-01, 8.5080e-03, 
 2DIAGNOSTIC,     9, -8.630430698395e-01, inf, 5.7770e-01, 9.6130e-03, 
 2DIAGNOSTIC,    10, -8.733213543892e-01, 7.050415966660e-03, 5.9104e-01, 1.3344e-02, 
 2DIAGNOSTIC,    11, -8.756651878357e-01, 6.263494491577e-03, 6.0051e-01, 9.4640e-03, 
 2DIAGNOSTIC,    12, -8.794041275978e-01, 5.243019666523e-03, 6.0877e-01, 8.2679e-03, 
 2DIAGNOSTIC,    13, -8.800087571144e-01, 4.066328052431e-03, 6.1764e-01, 8.8680e-03, 
 2DIAGNOSTIC,    14, -8.804624676704e-01, 2.908664057031e-03, 6.2644e-01, 8.7969e-03, 
 2DIAGNOSTIC,    15, -8.807419538498e-01, 1.925727352500e-03, 6.3520e-01, 8.7650e-03, 
 2DIAGNOSTIC,    16, -8.820478320122e-01, 1.284548314288e-03, 6.4487e-01, 9.6660e-03, 
 2DIAGNOSTIC,    17, -8.828485012054e-01, 9.252079180442e-04, 6.5382e-01, 8.9490e-03, 
 2DIAGNOSTIC,    18, -8.829628825188e-01, 6.205419776961e-04, 6.6241e-01, 8.5959e-03, 
 2DIAGNOSTIC,    19, -8.828689455986e-01, 3.402506699786e-04, 6.7088e-01, 8.4651e-03, 
 2DIAGNOSTIC,    20, -8.828303217888e-01, 2.273561112816e-04, 6.7847e-01, 7.5951e-03, 
 2DIAGNOSTIC,    21, -8.828638792038e-01, 1.402283814969e-04, 6.8686e-01, 8.3890e-03, 
 2DIAGNOSTIC,    22, -8.828939199448e-01, 1.046011166181e-04, 6.9449e-01, 7.6320e-03, 
 2DIAGNOSTIC,    23, -8.829392194748e-01, 7.195094076451e-05, 7.0335e-01, 8.8520e-03, 
 2DIAGNOSTIC,    24, -8.829350471497e-01, 4.197438465781e-05, 7.1219e-01, 8.8429e-03, 
 2DIAGNOSTIC,    25, -8.828651309013e-01, 1.309689014306e-05, 7.2131e-01, 9.1159e-03, 
 2DIAGNOSTIC,    26, -8.828224539757e-01, 1.135959223575e-06, 7.2918e-01, 7.8740e-03, 
DIAGNOSTIC,Iteration,metricValue,convergenceValue,ITERATION_TIME_INDEX,SINCE_LAST
 2DIAGNOSTIC,     1, -6.848749518394e-01, inf, 1.2559e+00, 5.2671e-01, 
 2DIAGNOSTIC,     2, -6.862425208092e-01, inf, 1.2909e+00, 3.4987e-02, 
 2DIAGNOSTIC,     3, -6.878443360329e-01, inf, 1.3233e+00, 3.2377e-02, 
 2DIAGNOSTIC,     4, -6.890970468521e-01, inf, 1.3550e+00, 3.1754e-02, 
 2DIAGNOSTIC,     5, -6.897431015968e-01, inf, 1.3867e+00, 3.1712e-02, 
 2DIAGNOSTIC,     6, -6.899120211601e-01, inf, 1.4284e+00, 4.1629e-02, 
 2DIAGNOSTIC,     7, -6.899869441986e-01, inf, 1.4696e+00, 4.1279e-02, 
 2DIAGNOSTIC,     8, -6.900009512901e-01, inf, 1.5126e+00, 4.2944e-02, 
 2DIAGNOSTIC,     9, -6.899895668030e-01, inf, 1.5495e+00, 3.6947e-02, 
 2DIAGNOSTIC,    10, -6.899862289429e-01, 4.299409047235e-04, 1.5868e+00, 3.7301e-02, 
 2DIAGNOSTIC,    11, -6.899748444557e-01, 2.415427006781e-04, 1.6189e+00, 3.2086e-02, 
 2DIAGNOSTIC,    12, -6.899698376656e-01, 1.092734455597e-04, 1.6562e+00, 3.7240e-02, 
 2DIAGNOSTIC,    13, -6.899815797806e-01, 3.812860813923e-05, 1.6896e+00, 3.3415e-02, 
 2DIAGNOSTIC,    14, -6.899875998497e-01, 1.053855521604e-05, 1.7223e+00, 3.2780e-02, 
 2DIAGNOSTIC,    15, -6.900120973587e-01, 4.211338364257e-06, 1.7561e+00, 3.3726e-02, 
 2DIAGNOSTIC,    16, -6.900261044502e-01, 3.137622570648e-06, 1.7889e+00, 3.2867e-02, 
 2DIAGNOSTIC,    17, -6.900699734688e-01, 4.953418283549e-06, 1.8216e+00, 3.2657e-02, 
 2DIAGNOSTIC,    18, -6.901496648788e-01, 8.410772352363e-06, 1.8536e+00, 3.2011e-02, 
 2DIAGNOSTIC,    19, -6.901988387108e-01, 1.166738729808e-05, 1.8943e+00, 4.0727e-02, 
 2DIAGNOSTIC,    20, -6.902170181274e-01, 1.398037420586e-05, 1.9304e+00, 3.6111e-02, 
 2DIAGNOSTIC,    21, -6.903043985367e-01, 1.643521864025e-05, 1.9815e+00, 5.1082e-02, 
 2DIAGNOSTIC,    22, -6.902877092361e-01, 1.682165202510e-05, 2.0188e+00, 3.7272e-02, 
 2DIAGNOSTIC,    23, -6.903072595596e-01, 1.630548467801e-05, 2.0605e+00, 4.1694e-02, 
 2DIAGNOSTIC,    24, -6.903195977211e-01, 1.474297914683e-05, 2.0969e+00, 3.6400e-02, 
 2DIAGNOSTIC,    25, -6.903149485588e-01, 1.237664855580e-05, 2.1331e+00, 3.6191e-02, 
 2DIAGNOSTIC,    26, -6.903213262558e-01, 9.465486982663e-06, 2.1648e+00, 3.1674e-02, 
 2DIAGNOSTIC,    27, -6.903277039528e-01, 6.737191597495e-06, 2.2008e+00, 3.6083e-02, 
 2DIAGNOSTIC,    28, -6.903300285339e-01, 4.882998382527e-06, 2.2329e+00, 3.2059e-02, 
 2DIAGNOSTIC,    29, -6.903248429298e-01, 3.429675643929e-06, 2.2692e+00, 3.6327e-02, 
 2DIAGNOSTIC,    30, -6.903266906738e-01, 2.099089442709e-06, 2.3057e+00, 3.6493e-02, 
 2DIAGNOSTIC,    31, -6.903208494186e-01, 1.849648242569e-06, 2.3426e+00, 3.6903e-02, 
 2DIAGNOSTIC,    32, -6.903280019760e-01, 1.408317416463e-06, 2.3789e+00, 3.6232e-02, 
 2DIAGNOSTIC,    33, -6.903283596039e-01, 1.195691197609e-06, 2.4284e+00, 4.9526e-02, 
 2DIAGNOSTIC,    34, -6.903284192085e-01, 1.128339931711e-06, 2.4647e+00, 3.6341e-02, 
DIAGNOSTIC,Iteration,metricValue,convergenceValue,ITERATION_TIME_INDEX,SINCE_LAST
 2DIAGNOSTIC,     1, -6.044911742210e-01, inf, 3.2775e+00, 8.1277e-01, 
 2DIAGNOSTIC,     2, -6.047052145004e-01, inf, 3.4951e+00, 2.1759e-01, 
 2DIAGNOSTIC,     3, -6.047954559326e-01, inf, 3.7115e+00, 2.1639e-01, 
 2DIAGNOSTIC,     4, -6.048690080643e-01, inf, 3.9258e+00, 2.1438e-01, 
 2DIAGNOSTIC,     5, -6.049482226372e-01, inf, 4.1674e+00, 2.4151e-01, 
 2DIAGNOSTIC,     6, -6.049664020538e-01, inf, 4.4937e+00, 3.2636e-01, 
 2DIAGNOSTIC,     7, -6.049996614456e-01, inf, 4.7343e+00, 2.4061e-01, 
 2DIAGNOSTIC,     8, -6.049977540970e-01, inf, 5.0031e+00, 2.6879e-01, 
 2DIAGNOSTIC,     9, -6.049993634224e-01, inf, 5.3612e+00, 3.5807e-01, 
 2DIAGNOSTIC,    10, -6.049984693527e-01, 4.877195897279e-05, 5.6301e+00, 2.6894e-01, 
 2DIAGNOSTIC,    11, -6.049985289574e-01, 2.812828824972e-05, 5.8719e+00, 2.4178e-01, 
 2DIAGNOSTIC,    12, -6.049982309341e-01, 1.699213134998e-05, 6.2265e+00, 3.5463e-01, 
 2DIAGNOSTIC,    13, -6.049982309341e-01, 9.501374734100e-06, 6.4674e+00, 2.4089e-01, 
 2DIAGNOSTIC,    14, -6.049982309341e-01, 4.857246949541e-06, 6.7086e+00, 2.4116e-01, 
 2DIAGNOSTIC,    15, -6.049982905388e-01, 3.074869027841e-06, 6.9504e+00, 2.4179e-01, 
 2DIAGNOSTIC,    16, -6.049982905388e-01, 1.933804242071e-06, 7.2762e+00, 3.2583e-01, 
 2DIAGNOSTIC,    17, -6.049981117249e-01, 1.848061629062e-06, 7.5172e+00, 2.4102e-01, 
 2DIAGNOSTIC,    18, -6.049981117249e-01, 1.722945512483e-06, 7.7582e+00, 2.4101e-01, 
 2DIAGNOSTIC,    19, -6.049981117249e-01, 1.655388928157e-06, 7.9989e+00, 2.4066e-01, 
 2DIAGNOSTIC,    20, -6.049979925156e-01, 1.572334326738e-06, 8.2453e+00, 2.4639e-01, 
 2DIAGNOSTIC,    21, -6.049981713295e-01, 1.504508304606e-06, 8.4857e+00, 2.4039e-01, 
 2DIAGNOSTIC,    22, -6.049974560738e-01, 1.422126729267e-06, 8.7282e+00, 2.4256e-01, 
 2DIAGNOSTIC,    23, -6.049974560738e-01, 1.349596914224e-06, 8.9757e+00, 2.4750e-01, 
 2DIAGNOSTIC,    24, -6.049974560738e-01, 1.286064616579e-06, 9.2202e+00, 2.4451e-01, 
 2DIAGNOSTIC,    25, -6.049974560738e-01, 1.232206045643e-06, 9.4710e+00, 2.5074e-01, 
 2DIAGNOSTIC,    26, -6.049973964691e-01, 1.185298287965e-06, 9.7132e+00, 2.4222e-01, 
 2DIAGNOSTIC,    27, -6.049973964691e-01, 1.142551241173e-06, 9.9555e+00, 2.4231e-01, 
 2DIAGNOSTIC,    28, -6.049973964691e-01, 1.106281160901e-06, 1.0201e+01, 2.4517e-01, 
 2DIAGNOSTIC,    29, -6.049974560738e-01, 1.076184389603e-06, 1.0448e+01, 2.4685e-01, 
 2DIAGNOSTIC,    30, -6.049974560738e-01, 1.047954128808e-06, 1.0692e+01, 2.4419e-01, 
 2DIAGNOSTIC,    31, -6.049973964691e-01, 1.024867174237e-06, 1.0940e+01, 2.4793e-01, 
DIAGNOSTIC,Iteration,metricValue,convergenceValue,ITERATION_TIME_INDEX,SINCE_LAST
 2DIAGNOSTIC,     1, -5.442647933960e-01, inf, 1.3424e+01, 2.4841e+00, 
  Elapsed time (stage 0): 1.4537e+01


Stage 1
  iterations = 1000x500x250x0
  convergence threshold = 1.0000e-06
  convergence window size = 10
  number of levels = 4
  using the Mattes MI metric (number of bins = 32, weight = 1.0000e+00)
  preprocessing:  winsorizing the image intensities
  preprocessing:  histogram matching the images
  Shrink factors (level 1 out of 4): [6, 6, 6]
  Shrink factors (level 2 out of 4): [4, 4, 4]
  Shrink factors (level 3 out of 4): [2, 2, 2]
  Shrink factors (level 4 out of 4): [1, 1, 1]
  smoothing sigmas per level: [4, 2, 1, 0]
  regular sampling (percentage = 2.5000e-01)

*** Running AffineTransform registration ***

