
Running N4 for 3-dimensional images.

Mask not read.  Using the entire image as the mask.

Original intensity range:  [0, 792]

***********************************************************
Warning:  Your input image contains nonpositive values
which could cause failure or problematic results.  A
possible workaround would be to:
   1. rescale your image to positive values e.g., [10,100].
   2. run N4 on your rescaled image.
   3. (optional) rescale the N4 output to the original
      intensity range.
***********************************************************

Specified spline distance: 200mm
  original image size:  [192, 256, 256]
  padded image size:  [201, 401, 401]
  number of control points:  [4, 5, 5]

Current level = 1
  Iteration 1 (of 50).   Current convergence value = 0.000288713 (threshold = 1e-08)
  Iteration 2 (of 50).   Current convergence value = 0.000232093 (threshold = 1e-08)
  Iteration 3 (of 50).   Current convergence value = 0.000169015 (threshold = 1e-08)
  Iteration 4 (of 50).   Current convergence value = 0.000120195 (threshold = 1e-08)
  Iteration 5 (of 50).   Current convergence value = 8.7152e-05 (threshold = 1e-08)
  Iteration 6 (of 50).   Current convergence value = 6.62174e-05 (threshold = 1e-08)
  Iteration 7 (of 50).   Current convergence value = 5.34298e-05 (threshold = 1e-08)
  Iteration 8 (of 50).   Current convergence value = 4.62621e-05 (threshold = 1e-08)
  Iteration 9 (of 50).   Current convergence value = 4.24968e-05 (threshold = 1e-08)
  Iteration 10 (of 50).   Current convergence value = 4.03493e-05 (threshold = 1e-08)
  Iteration 11 (of 50).   Current convergence value = 3.89515e-05 (threshold = 1e-08)
  Iteration 12 (of 50).   Current convergence value = 3.7521e-05 (threshold = 1e-08)
  Iteration 13 (of 50).   Current convergence value = 3.60146e-05 (threshold = 1e-08)
  Iteration 14 (of 50).   Current convergence value = 3.44335e-05 (threshold = 1e-08)
  Iteration 15 (of 50).   Current convergence value = 3.27228e-05 (threshold = 1e-08)
  Iteration 16 (of 50).   Current convergence value = 3.09665e-05 (threshold = 1e-08)
  Iteration 17 (of 50).   Current convergence value = 2.94777e-05 (threshold = 1e-08)
  Iteration 18 (of 50).   Current convergence value = 2.80926e-05 (threshold = 1e-08)
  Iteration 19 (of 50).   Current convergence value = 2.68317e-05 (threshold = 1e-08)
  Iteration 20 (of 50).   Current convergence value = 2.56932e-05 (threshold = 1e-08)
  Iteration 21 (of 50).   Current convergence value = 2.46914e-05 (threshold = 1e-08)
  Iteration 22 (of 50).   Current convergence value = 2.38311e-05 (threshold = 1e-08)
  Iteration 23 (of 50).   Current convergence value = 2.31034e-05 (threshold = 1e-08)
  Iteration 24 (of 50).   Current convergence value = 2.24385e-05 (threshold = 1e-08)
  Iteration 25 (of 50).   Current convergence value = 2.18784e-05 (threshold = 1e-08)
  Iteration 26 (of 50).   Current convergence value = 2.14013e-05 (threshold = 1e-08)
  Iteration 27 (of 50).   Current convergence value = 2.10439e-05 (threshold = 1e-08)
  Iteration 28 (of 50).   Current convergence value = 2.07722e-05 (threshold = 1e-08)
  Iteration 29 (of 50).   Current convergence value = 2.06273e-05 (threshold = 1e-08)
  Iteration 30 (of 50).   Current convergence value = 2.05771e-05 (threshold = 1e-08)
  Iteration 31 (of 50).   Current convergence value = 2.05936e-05 (threshold = 1e-08)
  Iteration 32 (of 50).   Current convergence value = 2.0719e-05 (threshold = 1e-08)
  Iteration 33 (of 50).   Current convergence value = 2.08348e-05 (threshold = 1e-08)
  Iteration 34 (of 50).   Current convergence value = 2.10387e-05 (threshold = 1e-08)
  Iteration 35 (of 50).   Current convergence value = 2.11737e-05 (threshold = 1e-08)
  Iteration 36 (of 50).   Current convergence value = 2.13557e-05 (threshold = 1e-08)
  Iteration 37 (of 50).   Current convergence value = 2.1535e-05 (threshold = 1e-08)
  Iteration 38 (of 50).   Current convergence value = 2.17335e-05 (threshold = 1e-08)
  Iteration 39 (of 50).   Current convergence value = 2.18712e-05 (threshold = 1e-08)
  Iteration 40 (of 50).   Current convergence value = 2.20532e-05 (threshold = 1e-08)
  Iteration 41 (of 50).   Current convergence value = 2.22381e-05 (threshold = 1e-08)
  Iteration 42 (of 50).   Current convergence value = 2.25146e-05 (threshold = 1e-08)
  Iteration 43 (of 50).   Current convergence value = 2.27184e-05 (threshold = 1e-08)
  Iteration 44 (of 50).   Current convergence value = 2.30161e-05 (threshold = 1e-08)
  Iteration 45 (of 50).   Current convergence value = 2.32672e-05 (threshold = 1e-08)
  Iteration 46 (of 50).   Current convergence value = 2.35378e-05 (threshold = 1e-08)
  Iteration 47 (of 50).   Current convergence value = 2.3731e-05 (threshold = 1e-08)
  Iteration 48 (of 50).   Current convergence value = 2.40951e-05 (threshold = 1e-08)
  Iteration 49 (of 50).   Current convergence value = 2.43089e-05 (threshold = 1e-08)
  Iteration 50 (of 50).   Current convergence value = 2.47095e-05 (threshold = 1e-08)
Current level = 2
  Iteration 1 (of 50).   Current convergence value = 0.000303844 (threshold = 1e-08)
  Iteration 2 (of 50).   Current convergence value = 0.00028593 (threshold = 1e-08)
  Iteration 3 (of 50).   Current convergence value = 0.000276338 (threshold = 1e-08)
  Iteration 4 (of 50).   Current convergence value = 0.000268712 (threshold = 1e-08)
  Iteration 5 (of 50).   Current convergence value = 0.000260877 (threshold = 1e-08)
  Iteration 6 (of 50).   Current convergence value = 0.000252822 (threshold = 1e-08)
  Iteration 7 (of 50).   Current convergence value = 0.000244457 (threshold = 1e-08)
  Iteration 8 (of 50).   Current convergence value = 0.000236725 (threshold = 1e-08)
  Iteration 9 (of 50).   Current convergence value = 0.000229845 (threshold = 1e-08)
  Iteration 10 (of 50).   Current convergence value = 0.000223435 (threshold = 1e-08)
  Iteration 11 (of 50).   Current convergence value = 0.000217414 (threshold = 1e-08)
  Iteration 12 (of 50).   Current convergence value = 0.000211722 (threshold = 1e-08)
  Iteration 13 (of 50).   Current convergence value = 0.000206642 (threshold = 1e-08)
  Iteration 14 (of 50).   Current convergence value = 0.000201679 (threshold = 1e-08)
  Iteration 15 (of 50).   Current convergence value = 0.000194942 (threshold = 1e-08)
  Iteration 16 (of 50).   Current convergence value = 0.000189533 (threshold = 1e-08)
  Iteration 17 (of 50).   Current convergence value = 0.000185786 (threshold = 1e-08)
  Iteration 18 (of 50).   Current convergence value = 0.000182938 (threshold = 1e-08)
  Iteration 19 (of 50).   Current convergence value = 0.000180514 (threshold = 1e-08)
  Iteration 20 (of 50).   Current convergence value = 0.000177021 (threshold = 1e-08)
  Iteration 21 (of 50).   Current convergence value = 0.000171475 (threshold = 1e-08)
  Iteration 22 (of 50).   Current convergence value = 0.000166681 (threshold = 1e-08)
  Iteration 23 (of 50).   Current convergence value = 0.000162255 (threshold = 1e-08)
  Iteration 24 (of 50).   Current convergence value = 0.000158329 (threshold = 1e-08)
  Iteration 25 (of 50).   Current convergence value = 0.000154814 (threshold = 1e-08)
  Iteration 26 (of 50).   Current convergence value = 0.000151556 (threshold = 1e-08)
  Iteration 27 (of 50).   Current convergence value = 0.000148541 (threshold = 1e-08)
  Iteration 28 (of 50).   Current convergence value = 0.00014574 (threshold = 1e-08)
  Iteration 29 (of 50).   Current convergence value = 0.000143166 (threshold = 1e-08)
  Iteration 30 (of 50).   Current convergence value = 0.000140796 (threshold = 1e-08)
  Iteration 31 (of 50).   Current convergence value = 0.000138563 (threshold = 1e-08)
  Iteration 32 (of 50).   Current convergence value = 0.000136419 (threshold = 1e-08)
  Iteration 33 (of 50).   Current convergence value = 0.000134401 (threshold = 1e-08)
  Iteration 34 (of 50).   Current convergence value = 0.000132283 (threshold = 1e-08)
  Iteration 35 (of 50).   Current convergence value = 0.000130293 (threshold = 1e-08)
  Iteration 36 (of 50).   Current convergence value = 0.000128378 (threshold = 1e-08)
  Iteration 37 (of 50).   Current convergence value = 0.000126691 (threshold = 1e-08)
  Iteration 38 (of 50).   Current convergence value = 0.000125082 (threshold = 1e-08)
  Iteration 39 (of 50).   Current convergence value = 0.000123517 (threshold = 1e-08)
  Iteration 40 (of 50).   Current convergence value = 0.000121973 (threshold = 1e-08)
  Iteration 41 (of 50).   Current convergence value = 0.000120476 (threshold = 1e-08)
  Iteration 42 (of 50).   Current convergence value = 0.00011901 (threshold = 1e-08)
  Iteration 43 (of 50).   Current convergence value = 0.000117444 (threshold = 1e-08)
  Iteration 44 (of 50).   Current convergence value = 0.000115919 (threshold = 1e-08)
  Iteration 45 (of 50).   Current convergence value = 0.000114512 (threshold = 1e-08)
  Iteration 46 (of 50).   Current convergence value = 0.000113189 (threshold = 1e-08)
  Iteration 47 (of 50).   Current convergence value = 0.000111935 (threshold = 1e-08)
  Iteration 48 (of 50).   Current convergence value = 0.000110669 (threshold = 1e-08)
  Iteration 49 (of 50).   Current convergence value = 0.000109339 (threshold = 1e-08)
  Iteration 50 (of 50).   Current convergence value = 0.000108098 (threshold = 1e-08)
Current level = 3
  Iteration 1 (of 40).   Current convergence value = 0.00156049 (threshold = 1e-08)
  Iteration 2 (of 40).   Current convergence value = 0.00145135 (threshold = 1e-08)
  Iteration 3 (of 40).   Current convergence value = 0.00141101 (threshold = 1e-08)
  Iteration 4 (of 40).   Current convergence value = 0.00137531 (threshold = 1e-08)
  Iteration 5 (of 40).   Current convergence value = 0.00129987 (threshold = 1e-08)
  Iteration 6 (of 40).   Current convergence value = 0.00123119 (threshold = 1e-08)
  Iteration 7 (of 40).   Current convergence value = 0.00117193 (threshold = 1e-08)
  Iteration 8 (of 40).   Current convergence value = 0.0011245 (threshold = 1e-08)
  Iteration 9 (of 40).   Current convergence value = 0.00108652 (threshold = 1e-08)
  Iteration 10 (of 40).   Current convergence value = 0.00105805 (threshold = 1e-08)
  Iteration 11 (of 40).   Current convergence value = 0.00103689 (threshold = 1e-08)
  Iteration 12 (of 40).   Current convergence value = 0.00102366 (threshold = 1e-08)
  Iteration 13 (of 40).   Current convergence value = 0.00101734 (threshold = 1e-08)
  Iteration 14 (of 40).   Current convergence value = 0.00101679 (threshold = 1e-08)
  Iteration 15 (of 40).   Current convergence value = 0.0010205 (threshold = 1e-08)
  Iteration 16 (of 40).   Current convergence value = 0.000989378 (threshold = 1e-08)
  Iteration 17 (of 40).   Current convergence value = 0.000930045 (threshold = 1e-08)
  Iteration 18 (of 40).   Current convergence value = 0.000884456 (threshold = 1e-08)
  Iteration 19 (of 40).   Current convergence value = 0.00084801 (threshold = 1e-08)
  Iteration 20 (of 40).   Current convergence value = 0.000818205 (threshold = 1e-08)
  Iteration 21 (of 40).   Current convergence value = 0.000793772 (threshold = 1e-08)
  Iteration 22 (of 40).   Current convergence value = 0.000762039 (threshold = 1e-08)
  Iteration 23 (of 40).   Current convergence value = 0.000731972 (threshold = 1e-08)
  Iteration 24 (of 40).   Current convergence value = 0.000708612 (threshold = 1e-08)
  Iteration 25 (of 40).   Current convergence value = 0.000690188 (threshold = 1e-08)
  Iteration 26 (of 40).   Current convergence value = 0.000676269 (threshold = 1e-08)
  Iteration 27 (of 40).   Current convergence value = 0.000666166 (threshold = 1e-08)
  Iteration 28 (of 40).   Current convergence value = 0.000659141 (threshold = 1e-08)
  Iteration 29 (of 40).   Current convergence value = 0.000655117 (threshold = 1e-08)
  Iteration 30 (of 40).   Current convergence value = 0.000653442 (threshold = 1e-08)
  Iteration 31 (of 40).   Current convergence value = 0.000653937 (threshold = 1e-08)
  Iteration 32 (of 40).   Current convergence value = 0.000656319 (threshold = 1e-08)
  Iteration 33 (of 40).   Current convergence value = 0.000660395 (threshold = 1e-08)
  Iteration 34 (of 40).   Current convergence value = 0.000666031 (threshold = 1e-08)
  Iteration 35 (of 40).   Current convergence value = 0.00067325 (threshold = 1e-08)
  Iteration 36 (of 40).   Current convergence value = 0.000681778 (threshold = 1e-08)
  Iteration 37 (of 40).   Current convergence value = 0.000691029 (threshold = 1e-08)
  Iteration 38 (of 40).   Current convergence value = 0.000664737 (threshold = 1e-08)
  Iteration 39 (of 40).   Current convergence value = 0.000630293 (threshold = 1e-08)
  Iteration 40 (of 40).   Current convergence value = 0.000602291 (threshold = 1e-08)
Current level = 4
  Iteration 1 (of 30).   Current convergence value = 0.00210214 (threshold = 1e-08)
  Iteration 2 (of 30).   Current convergence value = 0.00169233 (threshold = 1e-08)
  Iteration 3 (of 30).   Current convergence value = 0.00150967 (threshold = 1e-08)
  Iteration 4 (of 30).   Current convergence value = 0.00136019 (threshold = 1e-08)
  Iteration 5 (of 30).   Current convergence value = 0.0012258 (threshold = 1e-08)
  Iteration 6 (of 30).   Current convergence value = 0.00111453 (threshold = 1e-08)
  Iteration 7 (of 30).   Current convergence value = 0.00101732 (threshold = 1e-08)
  Iteration 8 (of 30).   Current convergence value = 0.00093178 (threshold = 1e-08)
  Iteration 9 (of 30).   Current convergence value = 0.000855742 (threshold = 1e-08)
  Iteration 10 (of 30).   Current convergence value = 0.000788668 (threshold = 1e-08)
  Iteration 11 (of 30).   Current convergence value = 0.000728142 (threshold = 1e-08)
  Iteration 12 (of 30).   Current convergence value = 0.000675135 (threshold = 1e-08)
  Iteration 13 (of 30).   Current convergence value = 0.000629442 (threshold = 1e-08)
  Iteration 14 (of 30).   Current convergence value = 0.000589931 (threshold = 1e-08)
  Iteration 15 (of 30).   Current convergence value = 0.000556422 (threshold = 1e-08)
  Iteration 16 (of 30).   Current convergence value = 0.000527276 (threshold = 1e-08)
  Iteration 17 (of 30).   Current convergence value = 0.00050271 (threshold = 1e-08)
  Iteration 18 (of 30).   Current convergence value = 0.000482564 (threshold = 1e-08)
  Iteration 19 (of 30).   Current convergence value = 0.000466562 (threshold = 1e-08)
  Iteration 20 (of 30).   Current convergence value = 0.000454671 (threshold = 1e-08)
  Iteration 21 (of 30).   Current convergence value = 0.000453042 (threshold = 1e-08)
  Iteration 22 (of 30).   Current convergence value = 0.000468378 (threshold = 1e-08)
  Iteration 23 (of 30).   Current convergence value = 0.000442649 (threshold = 1e-08)
  Iteration 24 (of 30).   Current convergence value = 0.000404724 (threshold = 1e-08)
  Iteration 25 (of 30).   Current convergence value = 0.000375229 (threshold = 1e-08)
  Iteration 26 (of 30).   Current convergence value = 0.000351315 (threshold = 1e-08)
  Iteration 27 (of 30).   Current convergence value = 0.000332047 (threshold = 1e-08)
  Iteration 28 (of 30).   Current convergence value = 0.000316086 (threshold = 1e-08)
  Iteration 29 (of 30).   Current convergence value = 0.000302771 (threshold = 1e-08)
  Iteration 30 (of 30).   Current convergence value = 0.000291481 (threshold = 1e-08)
   N4BiasFieldCorrectionImageFilter (0x55c68c5d7e20)
     RTTI typeinfo:   itk::N4BiasFieldCorrectionImageFilter<itk::Image<float, 3u>, itk::Image<float, 3u>, itk::Image<float, 3u> >
     Reference Count: 1
     Modified Time: 565
     Debug: Off
     Object Name: 
     Observers: 
       IterationEvent(Command)
     Inputs: 
       ConfidenceImage: (0)
       MaskImage: (0x55c68c6025e0)
       Primary: (0x55c68c5fdb30) *
     Indexed Inputs: 
       0: Primary (0x55c68c5fdb30)
       1: MaskImage (0x55c68c6025e0)
       2: ConfidenceImage (0)
     Required Input Names: Primary
     NumberOfRequiredInputs: 1
     Outputs: 
       Primary: (0x55c68c5e7ef0)
     Indexed Outputs: 
       0: Primary (0x55c68c5e7ef0)
     NumberOfRequiredOutputs: 1
     Number Of Work Units: 32
     ReleaseDataFlag: Off
     ReleaseDataBeforeUpdateFlag: Off
     AbortGenerateData: Off
     Progress: 0
     Multithreader: 
       RTTI typeinfo:   itk::PoolMultiThreader
       Reference Count: 1
       Modified Time: 144
       Debug: Off
       Object Name: 
       Observers: 
         none
       Number of Work Units: 32
       Number of Threads: 8
       Global Maximum Number Of Threads: 128
       Global Default Number Of Threads: 8
       Global Default Threader Type: itk::MultiThreaderBaseEnums::Threader::Pool
       SingleMethod: 0
       SingleData: 0
     DynamicMultiThreading: On
     CoordinateTolerance: 1e-06
     DirectionTolerance: 1e-06
     Use Mask Label: 0
     Mask label: 1
     Number of histogram bins: 200
     Wiener filter noise: 0.01
     Bias field FWHM: 0.15
     Maximum number of iterations: [50, 50, 40, 30]
     Convergence threshold: 1e-08
     Spline order: 3
     Number of fitting levels: [4, 4, 4]
     Number of control points: [4, 5, 5]
     CurrentConvergenceMeasurement: 0.000291481
     CurrentLevel: 4
     ElapsedIterations: 31
     LogBiasFieldControlPointLattice: 
       Image (0x55c696a2ccd0)
         RTTI typeinfo:   itk::Image<itk::Vector<float, 1u>, 3u>
         Reference Count: 1
         Modified Time: 343560
         Debug: Off
         Object Name: 
         Observers: 
           none
         Source: (none)
         Source output name: (none)
         Release Data: Off
         Data Released: False
         Global Release Data: Off
         PipelineMTime: 0
         UpdateMTime: 0
         RealTimeStamp: 0 seconds 
         LargestPossibleRegion: 
           Dimension: 3
           Index: [0, 0, 0]
           Size: [11, 19, 19]
         BufferedRegion: 
           Dimension: 3
           Index: [0, 0, 0]
           Size: [11, 19, 19]
         RequestedRegion: 
           Dimension: 3
           Index: [0, 0, 0]
           Size: [11, 19, 19]
         Spacing: [24.75, 24.875, 24.875]
         Origin: [26.2446, 22.8581, -25.275]
         Direction: 
-0.998072 -0.062074 7.14631e-05
0.062066 -0.997923 0.0172516
-0.000999561 0.0172228 0.999851

         IndexToPointMatrix: 
-24.7023 -1.54409 0.00177764
1.53613 -24.8233 0.429134
-0.0247391 0.428417 24.8713

         PointToIndexMatrix: 
-0.0403261 0.00250772 -4.03863e-05
-0.00249544 -0.0401175 0.000692373
2.87296e-06 0.000693533 0.040195

         Inverse Direction: 
-0.998072 0.062066 -0.000999561
-0.062074 -0.997923 0.0172228
7.14648e-05 0.0172516 0.999851

         PixelContainer: 
           ImportImageContainer (0x55c6930e2490)
             RTTI typeinfo:   itk::ImportImageContainer<unsigned long, itk::Vector<float, 1u> >
             Reference Count: 1
             Modified Time: 343561
             Debug: Off
             Object Name: 
             Observers: 
               none
             Pointer: 0x55c696794480
             Container manages memory: true
             Size: 3971
             Capacity: 3971
Elapsed time: 316.771
All_Command_lines_OK
Using single precision for computations.
=============================================================================
The composite transform comprises the following transforms (in order): 
  1. Center of mass alignment using fixed image: /home/mpib/nemecz/Projects/miniTRK/Results/01_MRI/GroupTempl/T1w/T_template0.nii.gz and moving image: /home/mpib/nemecz/Projects/miniTRK/Analysis/01_MRI/Preproc/GroupTempl/T1w/sub-317132_T1w.nii.gz (type = Euler3DTransform)
=============================================================================
  number of levels = 4
  number of levels = 4
  number of levels = 4
  fixed image: /home/mpib/nemecz/Projects/miniTRK/Results/01_MRI/GroupTempl/T1w/T_template0.nii.gz
  moving image: /home/mpib/nemecz/Projects/miniTRK/Results/01_MRI/GroupTempl/T1w/T_template0sub-317132_T1wRepaired.nii.gz
  fixed image: /home/mpib/nemecz/Projects/miniTRK/Results/01_MRI/GroupTempl/T1w/T_template0.nii.gz
  moving image: /home/mpib/nemecz/Projects/miniTRK/Results/01_MRI/GroupTempl/T1w/T_template0sub-317132_T1wRepaired.nii.gz
  fixed image: /home/mpib/nemecz/Projects/miniTRK/Results/01_MRI/GroupTempl/T1w/T_template0.nii.gz
  moving image: /home/mpib/nemecz/Projects/miniTRK/Results/01_MRI/GroupTempl/T1w/T_template0sub-317132_T1wRepaired.nii.gz
Dimension = 3
Number of stages = 3
Use Histogram Matching true
Winsorize image intensities true
Lower quantile = 0.01
Upper quantile = 0.99
Stage 1 State
   Image metric = Mattes
     Fixed image = Image (0x55ff9a445ad0)
  RTTI typeinfo:   itk::Image<float, 3u>
  Reference Count: 2
  Modified Time: 1721
  Debug: Off
  Object Name: 
  Observers: 
    none
  Source: (none)
  Source output name: (none)
  Release Data: Off
  Data Released: False
  Global Release Data: Off
  PipelineMTime: 0
  UpdateMTime: 1506
  RealTimeStamp: 0 seconds 
  LargestPossibleRegion: 
    Dimension: 3
    Index: [0, 0, 0]
    Size: [192, 256, 256]
  BufferedRegion: 
    Dimension: 3
    Index: [0, 0, 0]
    Size: [192, 256, 256]
  RequestedRegion: 
    Dimension: 3
    Index: [0, 0, 0]
    Size: [192, 256, 256]
  Spacing: [1, 1, 1]
  Origin: [95.0313, 100.538, -154.123]
  Direction: 
-0.999853 -0.014134 -0.00966312
0.014129 -0.9999 0.000586045
-0.00967044 0.000449429 0.999953

  IndexToPointMatrix: 
-0.999853 -0.014134 -0.00966312
0.014129 -0.9999 0.000586045
-0.00967044 0.000449429 0.999953

  PointToIndexMatrix: 
-0.999853 0.014129 -0.00967044
-0.014134 -0.9999 0.000449429
-0.00966312 0.000586045 0.999953

  Inverse Direction: 
-0.999853 0.014129 -0.00967044
-0.014134 -0.9999 0.000449429
-0.00966312 0.000586045 0.999953

  PixelContainer: 
    ImportImageContainer (0x55ff9a44dc80)
      RTTI typeinfo:   itk::ImportImageContainer<unsigned long, float>
      Reference Count: 1
      Modified Time: 1503
      Debug: Off
      Object Name: 
      Observers: 
        none
      Pointer: 0x7f28e0616010
      Container manages memory: true
      Size: 12582912
      Capacity: 12582912

     Moving image = Image (0x55ff9a446b40)
  RTTI typeinfo:   itk::Image<float, 3u>
  Reference Count: 2
  Modified Time: 1722
  Debug: Off
  Object Name: 
  Observers: 
    none
  Source: (none)
  Source output name: (none)
  Release Data: Off
  Data Released: False
  Global Release Data: Off
  PipelineMTime: 0
  UpdateMTime: 1719
  RealTimeStamp: 0 seconds 
  LargestPossibleRegion: 
    Dimension: 3
    Index: [0, 0, 0]
    Size: [192, 256, 256]
  BufferedRegion: 
    Dimension: 3
    Index: [0, 0, 0]
    Size: [192, 256, 256]
  RequestedRegion: 
    Dimension: 3
    Index: [0, 0, 0]
    Size: [192, 256, 256]
  Spacing: [1, 1, 1]
  Origin: [104.709, 92.8016, -152.229]
  Direction: 
-0.998072 -0.062074 7.1464e-05
0.062066 -0.997923 0.0172516
-0.000999561 0.0172228 0.999851

  IndexToPointMatrix: 
-0.998072 -0.062074 7.1464e-05
0.062066 -0.997923 0.0172516
-0.000999561 0.0172228 0.999851

  PointToIndexMatrix: 
-0.998072 0.062066 -0.000999561
-0.062074 -0.997923 0.0172228
7.1464e-05 0.0172516 0.999851

  Inverse Direction: 
-0.998072 0.062066 -0.000999561
-0.062074 -0.997923 0.0172228
7.1464e-05 0.0172516 0.999851

  PixelContainer: 
    ImportImageContainer (0x55ff9a2babf0)
      RTTI typeinfo:   itk::ImportImageContainer<unsigned long, float>
      Reference Count: 1
      Modified Time: 1716
      Debug: Off
      Object Name: 
      Observers: 
        none
      Pointer: 0x7f28dd615010
      Container manages memory: true
      Size: 12582912
      Capacity: 12582912

     Weighting = 1
     Sampling strategy = regular
     Number of bins = 32
     Radius = 4
     Sampling percentage  = 0.25
   Transform = Rigid
     Gradient step = 0.1
     Update field sigma (voxel space) = 0
     Total field sigma (voxel space) = 0
     Update field time sigma = 0
     Total field time sigma  = 0
     Number of time indices = 0
     Number of time point samples = 0
Stage 2 State
   Image metric = Mattes
     Fixed image = Image (0x55ff9a45e8a0)
  RTTI typeinfo:   itk::Image<float, 3u>
  Reference Count: 2
  Modified Time: 2149
  Debug: Off
  Object Name: 
  Observers: 
    none
  Source: (none)
  Source output name: (none)
  Release Data: Off
  Data Released: False
  Global Release Data: Off
  PipelineMTime: 0
  UpdateMTime: 1934
  RealTimeStamp: 0 seconds 
  LargestPossibleRegion: 
    Dimension: 3
    Index: [0, 0, 0]
    Size: [192, 256, 256]
  BufferedRegion: 
    Dimension: 3
    Index: [0, 0, 0]
    Size: [192, 256, 256]
  RequestedRegion: 
    Dimension: 3
    Index: [0, 0, 0]
    Size: [192, 256, 256]
  Spacing: [1, 1, 1]
  Origin: [95.0313, 100.538, -154.123]
  Direction: 
-0.999853 -0.014134 -0.00966312
0.014129 -0.9999 0.000586045
-0.00967044 0.000449429 0.999953

  IndexToPointMatrix: 
-0.999853 -0.014134 -0.00966312
0.014129 -0.9999 0.000586045
-0.00967044 0.000449429 0.999953

  PointToIndexMatrix: 
-0.999853 0.014129 -0.00967044
-0.014134 -0.9999 0.000449429
-0.00966312 0.000586045 0.999953

  Inverse Direction: 
-0.999853 0.014129 -0.00967044
-0.014134 -0.9999 0.000449429
-0.00966312 0.000586045 0.999953

  PixelContainer: 
    ImportImageContainer (0x55ff9a44bd60)
      RTTI typeinfo:   itk::ImportImageContainer<unsigned long, float>
      Reference Count: 1
      Modified Time: 1931
      Debug: Off
      Object Name: 
      Observers: 
        none
      Pointer: 0x7f28da614010
      Container manages memory: true
      Size: 12582912
      Capacity: 12582912

     Moving image = Image (0x55ff9a45e4a0)
  RTTI typeinfo:   itk::Image<float, 3u>
  Reference Count: 2
  Modified Time: 2150
  Debug: Off
  Object Name: 
  Observers: 
    none
  Source: (none)
  Source output name: (none)
  Release Data: Off
  Data Released: False
  Global Release Data: Off
  PipelineMTime: 0
  UpdateMTime: 2147
  RealTimeStamp: 0 seconds 
  LargestPossibleRegion: 
    Dimension: 3
    Index: [0, 0, 0]
    Size: [192, 256, 256]
  BufferedRegion: 
    Dimension: 3
    Index: [0, 0, 0]
    Size: [192, 256, 256]
  RequestedRegion: 
    Dimension: 3
    Index: [0, 0, 0]
    Size: [192, 256, 256]
  Spacing: [1, 1, 1]
  Origin: [104.709, 92.8016, -152.229]
  Direction: 
-0.998072 -0.062074 7.1464e-05
0.062066 -0.997923 0.0172516
-0.000999561 0.0172228 0.999851

  IndexToPointMatrix: 
-0.998072 -0.062074 7.1464e-05
0.062066 -0.997923 0.0172516
-0.000999561 0.0172228 0.999851

  PointToIndexMatrix: 
-0.998072 0.062066 -0.000999561
-0.062074 -0.997923 0.0172228
7.1464e-05 0.0172516 0.999851

  Inverse Direction: 
-0.998072 0.062066 -0.000999561
-0.062074 -0.997923 0.0172228
7.1464e-05 0.0172516 0.999851

  PixelContainer: 
    ImportImageContainer (0x55ff9a4637d0)
      RTTI typeinfo:   itk::ImportImageContainer<unsigned long, float>
      Reference Count: 1
      Modified Time: 2144
      Debug: Off
      Object Name: 
      Observers: 
        none
      Pointer: 0x7f28d7613010
      Container manages memory: true
      Size: 12582912
      Capacity: 12582912

     Weighting = 1
     Sampling strategy = regular
     Number of bins = 32
     Radius = 4
     Sampling percentage  = 0.25
   Transform = Affine
     Gradient step = 0.1
     Update field sigma (voxel space) = 0
     Total field sigma (voxel space) = 0
     Update field time sigma = 0
     Total field time sigma  = 0
     Number of time indices = 0
     Number of time point samples = 0
Stage 3 State
   Image metric = CC
     Fixed image = Image (0x55ff9a4659f0)
  RTTI typeinfo:   itk::Image<float, 3u>
  Reference Count: 2
  Modified Time: 2577
  Debug: Off
  Object Name: 
  Observers: 
    none
  Source: (none)
  Source output name: (none)
  Release Data: Off
  Data Released: False
  Global Release Data: Off
  PipelineMTime: 0
  UpdateMTime: 2362
  RealTimeStamp: 0 seconds 
  LargestPossibleRegion: 
    Dimension: 3
    Index: [0, 0, 0]
    Size: [192, 256, 256]
  BufferedRegion: 
    Dimension: 3
    Index: [0, 0, 0]
    Size: [192, 256, 256]
  RequestedRegion: 
    Dimension: 3
    Index: [0, 0, 0]
    Size: [192, 256, 256]
  Spacing: [1, 1, 1]
  Origin: [95.0313, 100.538, -154.123]
  Direction: 
-0.999853 -0.014134 -0.00966312
0.014129 -0.9999 0.000586045
-0.00967044 0.000449429 0.999953

  IndexToPointMatrix: 
-0.999853 -0.014134 -0.00966312
0.014129 -0.9999 0.000586045
-0.00967044 0.000449429 0.999953

  PointToIndexMatrix: 
-0.999853 0.014129 -0.00967044
-0.014134 -0.9999 0.000449429
-0.00966312 0.000586045 0.999953

  Inverse Direction: 
-0.999853 0.014129 -0.00967044
-0.014134 -0.9999 0.000449429
-0.00966312 0.000586045 0.999953

  PixelContainer: 
    ImportImageContainer (0x55ff9a446040)
      RTTI typeinfo:   itk::ImportImageContainer<unsigned long, float>
      Reference Count: 1
      Modified Time: 2359
      Debug: Off
      Object Name: 
      Observers: 
        none
      Pointer: 0x7f28d4612010
      Container manages memory: true
      Size: 12582912
      Capacity: 12582912

     Moving image = Image (0x55ff9a467800)
  RTTI typeinfo:   itk::Image<float, 3u>
  Reference Count: 2
  Modified Time: 2578
  Debug: Off
  Object Name: 
  Observers: 
    none
  Source: (none)
  Source output name: (none)
  Release Data: Off
  Data Released: False
  Global Release Data: Off
  PipelineMTime: 0
  UpdateMTime: 2575
  RealTimeStamp: 0 seconds 
  LargestPossibleRegion: 
    Dimension: 3
    Index: [0, 0, 0]
    Size: [192, 256, 256]
  BufferedRegion: 
    Dimension: 3
    Index: [0, 0, 0]
    Size: [192, 256, 256]
  RequestedRegion: 
    Dimension: 3
    Index: [0, 0, 0]
    Size: [192, 256, 256]
  Spacing: [1, 1, 1]
  Origin: [104.709, 92.8016, -152.229]
  Direction: 
-0.998072 -0.062074 7.1464e-05
0.062066 -0.997923 0.0172516
-0.000999561 0.0172228 0.999851

  IndexToPointMatrix: 
-0.998072 -0.062074 7.1464e-05
0.062066 -0.997923 0.0172516
-0.000999561 0.0172228 0.999851

  PointToIndexMatrix: 
-0.998072 0.062066 -0.000999561
-0.062074 -0.997923 0.0172228
7.1464e-05 0.0172516 0.999851

  Inverse Direction: 
-0.998072 0.062066 -0.000999561
-0.062074 -0.997923 0.0172228
7.1464e-05 0.0172516 0.999851

  PixelContainer: 
    ImportImageContainer (0x55ff9a45d260)
      RTTI typeinfo:   itk::ImportImageContainer<unsigned long, float>
      Reference Count: 1
      Modified Time: 2572
      Debug: Off
      Object Name: 
      Observers: 
        none
      Pointer: 0x7f28d1611010
      Container manages memory: true
      Size: 12582912
      Capacity: 12582912

     Weighting = 1
     Sampling strategy = none
     Number of bins = 32
     Radius = 4
     Sampling percentage  = 1
   Transform = SyN
     Gradient step = 0.1
     Update field sigma (voxel space) = 3
     Total field sigma (voxel space) = 0
     Update field time sigma = 0
     Total field time sigma  = 0
     Number of time indices = 0
     Number of time point samples = 0
Registration using 3 total stages.

Stage 0
  iterations = 1000x500x250x0
  convergence threshold = 1e-06
  convergence window size = 10
  number of levels = 4
  using the Mattes MI metric (number of bins = 32, weight = 1)
  preprocessing:  winsorizing the image intensities
  preprocessing:  histogram matching the images
  Shrink factors (level 1 out of 4): [6, 6, 6]
  Shrink factors (level 2 out of 4): [4, 4, 4]
  Shrink factors (level 3 out of 4): [2, 2, 2]
  Shrink factors (level 4 out of 4): [1, 1, 1]
  smoothing sigmas per level: [4, 2, 1, 0]
  regular sampling (percentage = 0.25)

*** Running Euler3DTransform registration ***

DIAGNOSTIC,Iteration,metricValue,convergenceValue,ITERATION_TIME_INDEX,SINCE_LAST
 2DIAGNOSTIC,     1, -7.335394620895e-01, inf, 4.8694e-01, 4.8694e-01, 
 2DIAGNOSTIC,     2, -7.356615662575e-01, inf, 4.9629e-01, 9.3470e-03, 
 2DIAGNOSTIC,     3, -7.394341826439e-01, inf, 5.0439e-01, 8.1038e-03, 
 2DIAGNOSTIC,     4, -7.453292608261e-01, inf, 5.1255e-01, 8.1511e-03, 
 2DIAGNOSTIC,     5, -7.532969713211e-01, inf, 5.2074e-01, 8.1928e-03, 
 2DIAGNOSTIC,     6, -7.629251480103e-01, inf, 5.2860e-01, 7.8580e-03, 
 2DIAGNOSTIC,     7, -7.730672359467e-01, inf, 5.3659e-01, 7.9951e-03, 
 2DIAGNOSTIC,     8, -7.796496748924e-01, inf, 5.4644e-01, 9.8500e-03, 
 2DIAGNOSTIC,     9, -7.800671458244e-01, inf, 5.5422e-01, 7.7810e-03, 
 2DIAGNOSTIC,    10, -7.802608013153e-01, 4.811370279640e-03, 5.6210e-01, 7.8812e-03, 
 2DIAGNOSTIC,    11, -7.808272242546e-01, 4.053331445903e-03, 5.7034e-01, 8.2390e-03, 
 2DIAGNOSTIC,    12, -7.817503809929e-01, 3.152159741148e-03, 5.7836e-01, 8.0199e-03, 
 2DIAGNOSTIC,    13, -7.829633951187e-01, 2.249184995890e-03, 5.8647e-01, 8.1120e-03, 
 2DIAGNOSTIC,    14, -7.838347554207e-01, 1.454093144275e-03, 5.9859e-01, 1.2115e-02, 
 2DIAGNOSTIC,    15, -7.843152880669e-01, 8.427121210843e-04, 6.0780e-01, 9.2120e-03, 
 2DIAGNOSTIC,    16, -7.844887971878e-01, 4.546022100840e-04, 6.1721e-01, 9.4118e-03, 
 2DIAGNOSTIC,    17, -7.855327129364e-01, 3.106940130237e-04, 6.2719e-01, 9.9728e-03, 
 2DIAGNOSTIC,    18, -7.858560681343e-01, 2.953193034045e-04, 6.4021e-01, 1.3022e-02, 
 2DIAGNOSTIC,    19, -7.858145833015e-01, 2.617543796077e-04, 6.4975e-01, 9.5441e-03, 
 2DIAGNOSTIC,    20, -7.857652902603e-01, 2.105852472596e-04, 6.5771e-01, 7.9541e-03, 
 2DIAGNOSTIC,    21, -7.857213616371e-01, 1.540867815493e-04, 6.6569e-01, 7.9849e-03, 
 2DIAGNOSTIC,    22, -7.857094407082e-01, 1.032180152833e-04, 6.7460e-01, 8.9099e-03, 
 2DIAGNOSTIC,    23, -7.856581807137e-01, 6.547626253450e-05, 6.8255e-01, 7.9501e-03, 
 2DIAGNOSTIC,    24, -7.856721282005e-01, 3.856411422021e-05, 6.9154e-01, 8.9920e-03, 
 2DIAGNOSTIC,    25, -7.856784462929e-01, 1.768253423506e-05, 6.9962e-01, 8.0781e-03, 
DIAGNOSTIC,Iteration,metricValue,convergenceValue,ITERATION_TIME_INDEX,SINCE_LAST
 2DIAGNOSTIC,     1, -6.139916181564e-01, inf, 1.2553e+00, 5.5572e-01, 
 2DIAGNOSTIC,     2, -6.147182583809e-01, inf, 1.2877e+00, 3.2330e-02, 
 2DIAGNOSTIC,     3, -6.156608462334e-01, inf, 1.3198e+00, 3.2139e-02, 
 2DIAGNOSTIC,     4, -6.165278553963e-01, inf, 1.3522e+00, 3.2371e-02, 
 2DIAGNOSTIC,     5, -6.169883608818e-01, inf, 1.3868e+00, 3.4572e-02, 
 2DIAGNOSTIC,     6, -6.171766519547e-01, inf, 1.4302e+00, 4.3495e-02, 
 2DIAGNOSTIC,     7, -6.171893477440e-01, inf, 1.4695e+00, 3.9206e-02, 
 2DIAGNOSTIC,     8, -6.172313094139e-01, inf, 1.5133e+00, 4.3880e-02, 
 2DIAGNOSTIC,     9, -6.172906160355e-01, inf, 1.5569e+00, 4.3542e-02, 
 2DIAGNOSTIC,    10, -6.173374652863e-01, 3.275763592683e-04, 1.5918e+00, 3.4915e-02, 
 2DIAGNOSTIC,    11, -6.173763871193e-01, 2.029651805060e-04, 1.6346e+00, 4.2794e-02, 
 2DIAGNOSTIC,    12, -6.173911094666e-01, 1.093164610211e-04, 1.6676e+00, 3.2989e-02, 
 2DIAGNOSTIC,    13, -6.173988580704e-01, 5.357479312806e-05, 1.7015e+00, 3.3921e-02, 
 2DIAGNOSTIC,    14, -6.174491643906e-01, 3.098114393651e-05, 1.7435e+00, 4.2027e-02, 
 2DIAGNOSTIC,    15, -6.174664497375e-01, 2.325155583094e-05, 1.7840e+00, 4.0474e-02, 
 2DIAGNOSTIC,    16, -6.174839735031e-01, 2.049232898571e-05, 1.8236e+00, 3.9642e-02, 
 2DIAGNOSTIC,    17, -6.175068616867e-01, 1.732949931466e-05, 1.8770e+00, 5.3401e-02, 
 2DIAGNOSTIC,    18, -6.175066232681e-01, 1.413203699485e-05, 1.9158e+00, 3.8793e-02, 
 2DIAGNOSTIC,    19, -6.175099611282e-01, 1.162040371128e-05, 1.9556e+00, 3.9761e-02, 
 2DIAGNOSTIC,    20, -6.175057888031e-01, 9.394171684107e-06, 1.9899e+00, 3.4280e-02, 
 2DIAGNOSTIC,    21, -6.175092458725e-01, 7.587375876028e-06, 2.0226e+00, 3.2690e-02, 
 2DIAGNOSTIC,    22, -6.175273060799e-01, 6.067038157198e-06, 2.0602e+00, 3.7643e-02, 
 2DIAGNOSTIC,    23, -6.175320744514e-01, 4.465692200029e-06, 2.0982e+00, 3.8012e-02, 
 2DIAGNOSTIC,    24, -6.175307631493e-01, 3.652946816146e-06, 2.1308e+00, 3.2572e-02, 
 2DIAGNOSTIC,    25, -6.175547242165e-01, 3.450455551501e-06, 2.1679e+00, 3.7119e-02, 
 2DIAGNOSTIC,    26, -6.175716519356e-01, 3.645358447102e-06, 2.2016e+00, 3.3647e-02, 
 2DIAGNOSTIC,    27, -6.175837516785e-01, 4.184813406027e-06, 2.2406e+00, 3.9002e-02, 
 2DIAGNOSTIC,    28, -6.175866127014e-01, 4.445592367119e-06, 2.2741e+00, 3.3568e-02, 
 2DIAGNOSTIC,    29, -6.176028847694e-01, 4.698575139628e-06, 2.3179e+00, 4.3752e-02, 
 2DIAGNOSTIC,    30, -6.176089644432e-01, 4.615806119546e-06, 2.3570e+00, 3.9158e-02, 
 2DIAGNOSTIC,    31, -6.176118850708e-01, 4.284248461772e-06, 2.3956e+00, 3.8545e-02, 
 2DIAGNOSTIC,    32, -6.176167130470e-01, 3.997234216513e-06, 2.4340e+00, 3.8403e-02, 
 2DIAGNOSTIC,    33, -6.176227927208e-01, 3.600410991567e-06, 2.4914e+00, 5.7454e-02, 
 2DIAGNOSTIC,    34, -6.176325082779e-01, 3.081564955210e-06, 2.5302e+00, 3.8811e-02, 
 2DIAGNOSTIC,    35, -6.176329851151e-01, 2.702246092667e-06, 2.5739e+00, 4.3648e-02, 
 2DIAGNOSTIC,    36, -6.176332235336e-01, 2.393926706645e-06, 2.6130e+00, 3.9060e-02, 
 2DIAGNOSTIC,    37, -6.176336407661e-01, 2.117550820913e-06, 2.6575e+00, 4.4548e-02, 
 2DIAGNOSTIC,    38, -6.176334619522e-01, 1.762378133208e-06, 2.7028e+00, 4.5326e-02, 
 2DIAGNOSTIC,    39, -6.176340579987e-01, 1.533671934340e-06, 2.7412e+00, 3.8387e-02, 
 2DIAGNOSTIC,    40, -6.176338195801e-01, 1.315397184953e-06, 2.7800e+00, 3.8795e-02, 
 2DIAGNOSTIC,    41, -6.176336407661e-01, 1.090064642995e-06, 2.8246e+00, 4.4557e-02, 
DIAGNOSTIC,Iteration,metricValue,convergenceValue,ITERATION_TIME_INDEX,SINCE_LAST
 2DIAGNOSTIC,     1, -5.341737866402e-01, inf, 3.6634e+00, 8.3888e-01, 
 2DIAGNOSTIC,     2, -5.345269441605e-01, inf, 3.9259e+00, 2.6243e-01, 
 2DIAGNOSTIC,     3, -5.347578525543e-01, inf, 4.2051e+00, 2.7920e-01, 
 2DIAGNOSTIC,     4, -5.348037481308e-01, inf, 4.4556e+00, 2.5053e-01, 
 2DIAGNOSTIC,     5, -5.348330736160e-01, inf, 4.7750e+00, 3.1942e-01, 
 2DIAGNOSTIC,     6, -5.348347425461e-01, inf, 5.0385e+00, 2.6343e-01, 
 2DIAGNOSTIC,     7, -5.348367094994e-01, inf, 5.2738e+00, 2.3531e-01, 
 2DIAGNOSTIC,     8, -5.348373651505e-01, inf, 5.5282e+00, 2.5448e-01, 
 2DIAGNOSTIC,     9, -5.348339676857e-01, inf, 6.0093e+00, 4.8110e-01, 
 2DIAGNOSTIC,    10, -5.348332524300e-01, 5.628713915939e-05, 6.3665e+00, 3.5713e-01, 
 2DIAGNOSTIC,    11, -5.348332524300e-01, 2.201275310654e-05, 6.6581e+00, 2.9166e-01, 
 2DIAGNOSTIC,    12, -5.348332524300e-01, 7.126595392037e-06, 6.9313e+00, 2.7321e-01, 
 2DIAGNOSTIC,    13, -5.348333716393e-01, 3.533078825058e-06, 7.1983e+00, 2.6700e-01, 
 2DIAGNOSTIC,    14, -5.348334908485e-01, 2.073320274576e-06, 7.4962e+00, 2.9781e-01, 
 2DIAGNOSTIC,    15, -5.348337888718e-01, 1.876336682471e-06, 7.8471e+00, 3.5091e-01, 
 2DIAGNOSTIC,    16, -5.348337888718e-01, 1.778312480383e-06, 8.1095e+00, 2.6248e-01, 
 2DIAGNOSTIC,    17, -5.348337888718e-01, 1.770577114257e-06, 8.3734e+00, 2.6390e-01, 
 2DIAGNOSTIC,    18, -5.348336100578e-01, 1.789786892914e-06, 8.6333e+00, 2.5985e-01, 
 2DIAGNOSTIC,    19, -5.348331928253e-01, 1.698816049611e-06, 9.0127e+00, 3.7940e-01, 
 2DIAGNOSTIC,    20, -5.348332524300e-01, 1.597416371624e-06, 9.2729e+00, 2.6018e-01, 
 2DIAGNOSTIC,    21, -5.348331928253e-01, 1.503349494669e-06, 9.5886e+00, 3.1576e-01, 
 2DIAGNOSTIC,    22, -5.348331928253e-01, 1.418893475602e-06, 9.8468e+00, 2.5813e-01, 
 2DIAGNOSTIC,    23, -5.348331332207e-01, 1.345814894194e-06, 1.0075e+01, 2.2843e-01, 
 2DIAGNOSTIC,    24, -5.348331928253e-01, 1.286279484702e-06, 1.0332e+01, 2.5686e-01, 
 2DIAGNOSTIC,    25, -5.348331928253e-01, 1.241430823029e-06, 1.0590e+01, 2.5820e-01, 
 2DIAGNOSTIC,    26, -5.348331928253e-01, 1.202781845677e-06, 1.0845e+01, 2.5469e-01, 
 2DIAGNOSTIC,    27, -5.348330736160e-01, 1.166655010820e-06, 1.1097e+01, 2.5223e-01, 
 2DIAGNOSTIC,    28, -5.348331332207e-01, 1.132240072366e-06, 1.1350e+01, 2.5298e-01, 
 2DIAGNOSTIC,    29, -5.348331332207e-01, 1.092805405278e-06, 1.1599e+01, 2.4877e-01, 
 2DIAGNOSTIC,    30, -5.348331332207e-01, 1.057436975316e-06, 1.1851e+01, 2.5166e-01, 
 2DIAGNOSTIC,    31, -5.348331332207e-01, 1.023637764774e-06, 1.2098e+01, 2.4716e-01, 
DIAGNOSTIC,Iteration,metricValue,convergenceValue,ITERATION_TIME_INDEX,SINCE_LAST
 2DIAGNOSTIC,     1, -4.852020442486e-01, inf, 1.4706e+01, 2.6078e+00, 
  Elapsed time (stage 0): 1.5760e+01


Stage 1
  iterations = 1000x500x250x0
