
Running N4 for 3-dimensional images.

Mask not read.  Using the entire image as the mask.

Original intensity range:  [0, 914]

***********************************************************
Warning:  Your input image contains nonpositive values
which could cause failure or problematic results.  A
possible workaround would be to:
   1. rescale your image to positive values e.g., [10,100].
   2. run N4 on your rescaled image.
   3. (optional) rescale the N4 output to the original
      intensity range.
***********************************************************

Specified spline distance: 200mm
  original image size:  [192, 256, 256]
  padded image size:  [201, 401, 401]
  number of control points:  [4, 5, 5]

Current level = 1
  Iteration 1 (of 50).   Current convergence value = 0.000329912 (threshold = 1e-08)
  Iteration 2 (of 50).   Current convergence value = 0.000229408 (threshold = 1e-08)
  Iteration 3 (of 50).   Current convergence value = 0.000193689 (threshold = 1e-08)
  Iteration 4 (of 50).   Current convergence value = 0.00018353 (threshold = 1e-08)
  Iteration 5 (of 50).   Current convergence value = 0.000182185 (threshold = 1e-08)
  Iteration 6 (of 50).   Current convergence value = 0.000183358 (threshold = 1e-08)
  Iteration 7 (of 50).   Current convergence value = 0.000184908 (threshold = 1e-08)
  Iteration 8 (of 50).   Current convergence value = 0.000185929 (threshold = 1e-08)
  Iteration 9 (of 50).   Current convergence value = 0.000185952 (threshold = 1e-08)
  Iteration 10 (of 50).   Current convergence value = 0.000185462 (threshold = 1e-08)
  Iteration 11 (of 50).   Current convergence value = 0.000184271 (threshold = 1e-08)
  Iteration 12 (of 50).   Current convergence value = 0.000174383 (threshold = 1e-08)
  Iteration 13 (of 50).   Current convergence value = 0.000166121 (threshold = 1e-08)
  Iteration 14 (of 50).   Current convergence value = 0.000159284 (threshold = 1e-08)
  Iteration 15 (of 50).   Current convergence value = 0.00015359 (threshold = 1e-08)
  Iteration 16 (of 50).   Current convergence value = 0.000148795 (threshold = 1e-08)
  Iteration 17 (of 50).   Current convergence value = 0.000144538 (threshold = 1e-08)
  Iteration 18 (of 50).   Current convergence value = 0.000140809 (threshold = 1e-08)
  Iteration 19 (of 50).   Current convergence value = 0.000137462 (threshold = 1e-08)
  Iteration 20 (of 50).   Current convergence value = 0.000134318 (threshold = 1e-08)
  Iteration 21 (of 50).   Current convergence value = 0.000131459 (threshold = 1e-08)
  Iteration 22 (of 50).   Current convergence value = 0.000128842 (threshold = 1e-08)
  Iteration 23 (of 50).   Current convergence value = 0.000126459 (threshold = 1e-08)
  Iteration 24 (of 50).   Current convergence value = 0.000124086 (threshold = 1e-08)
  Iteration 25 (of 50).   Current convergence value = 0.000121918 (threshold = 1e-08)
  Iteration 26 (of 50).   Current convergence value = 0.000119941 (threshold = 1e-08)
  Iteration 27 (of 50).   Current convergence value = 0.000117972 (threshold = 1e-08)
  Iteration 28 (of 50).   Current convergence value = 0.000116192 (threshold = 1e-08)
  Iteration 29 (of 50).   Current convergence value = 0.000114557 (threshold = 1e-08)
  Iteration 30 (of 50).   Current convergence value = 0.000113038 (threshold = 1e-08)
  Iteration 31 (of 50).   Current convergence value = 0.000111565 (threshold = 1e-08)
  Iteration 32 (of 50).   Current convergence value = 0.000110073 (threshold = 1e-08)
  Iteration 33 (of 50).   Current convergence value = 0.000108802 (threshold = 1e-08)
  Iteration 34 (of 50).   Current convergence value = 0.000107414 (threshold = 1e-08)
  Iteration 35 (of 50).   Current convergence value = 0.00010622 (threshold = 1e-08)
  Iteration 36 (of 50).   Current convergence value = 0.000105001 (threshold = 1e-08)
  Iteration 37 (of 50).   Current convergence value = 0.000103798 (threshold = 1e-08)
  Iteration 38 (of 50).   Current convergence value = 0.000102643 (threshold = 1e-08)
  Iteration 39 (of 50).   Current convergence value = 0.000101535 (threshold = 1e-08)
  Iteration 40 (of 50).   Current convergence value = 0.000100554 (threshold = 1e-08)
  Iteration 41 (of 50).   Current convergence value = 9.96294e-05 (threshold = 1e-08)
  Iteration 42 (of 50).   Current convergence value = 9.85366e-05 (threshold = 1e-08)
  Iteration 43 (of 50).   Current convergence value = 9.76323e-05 (threshold = 1e-08)
  Iteration 44 (of 50).   Current convergence value = 9.68531e-05 (threshold = 1e-08)
  Iteration 45 (of 50).   Current convergence value = 9.60388e-05 (threshold = 1e-08)
  Iteration 46 (of 50).   Current convergence value = 9.5294e-05 (threshold = 1e-08)
  Iteration 47 (of 50).   Current convergence value = 9.45411e-05 (threshold = 1e-08)
  Iteration 48 (of 50).   Current convergence value = 9.37445e-05 (threshold = 1e-08)
  Iteration 49 (of 50).   Current convergence value = 9.30454e-05 (threshold = 1e-08)
  Iteration 50 (of 50).   Current convergence value = 9.23424e-05 (threshold = 1e-08)
Current level = 2
  Iteration 1 (of 50).   Current convergence value = 0.0004316 (threshold = 1e-08)
  Iteration 2 (of 50).   Current convergence value = 0.00036121 (threshold = 1e-08)
  Iteration 3 (of 50).   Current convergence value = 0.000311492 (threshold = 1e-08)
  Iteration 4 (of 50).   Current convergence value = 0.000272627 (threshold = 1e-08)
  Iteration 5 (of 50).   Current convergence value = 0.000238251 (threshold = 1e-08)
  Iteration 6 (of 50).   Current convergence value = 0.000210355 (threshold = 1e-08)
  Iteration 7 (of 50).   Current convergence value = 0.000188047 (threshold = 1e-08)
  Iteration 8 (of 50).   Current convergence value = 0.000176483 (threshold = 1e-08)
  Iteration 9 (of 50).   Current convergence value = 0.000170964 (threshold = 1e-08)
  Iteration 10 (of 50).   Current convergence value = 0.000160403 (threshold = 1e-08)
  Iteration 11 (of 50).   Current convergence value = 0.000151282 (threshold = 1e-08)
  Iteration 12 (of 50).   Current convergence value = 0.000143665 (threshold = 1e-08)
  Iteration 13 (of 50).   Current convergence value = 0.000137113 (threshold = 1e-08)
  Iteration 14 (of 50).   Current convergence value = 0.000131304 (threshold = 1e-08)
  Iteration 15 (of 50).   Current convergence value = 0.000125715 (threshold = 1e-08)
  Iteration 16 (of 50).   Current convergence value = 0.000120831 (threshold = 1e-08)
  Iteration 17 (of 50).   Current convergence value = 0.000115918 (threshold = 1e-08)
  Iteration 18 (of 50).   Current convergence value = 0.000111273 (threshold = 1e-08)
  Iteration 19 (of 50).   Current convergence value = 0.000107245 (threshold = 1e-08)
  Iteration 20 (of 50).   Current convergence value = 0.000103527 (threshold = 1e-08)
  Iteration 21 (of 50).   Current convergence value = 9.99915e-05 (threshold = 1e-08)
  Iteration 22 (of 50).   Current convergence value = 9.93802e-05 (threshold = 1e-08)
  Iteration 23 (of 50).   Current convergence value = 9.96282e-05 (threshold = 1e-08)
  Iteration 24 (of 50).   Current convergence value = 9.99635e-05 (threshold = 1e-08)
  Iteration 25 (of 50).   Current convergence value = 9.9985e-05 (threshold = 1e-08)
  Iteration 26 (of 50).   Current convergence value = 0.000100039 (threshold = 1e-08)
  Iteration 27 (of 50).   Current convergence value = 0.000100086 (threshold = 1e-08)
  Iteration 28 (of 50).   Current convergence value = 0.000100182 (threshold = 1e-08)
  Iteration 29 (of 50).   Current convergence value = 9.99353e-05 (threshold = 1e-08)
  Iteration 30 (of 50).   Current convergence value = 9.97805e-05 (threshold = 1e-08)
  Iteration 31 (of 50).   Current convergence value = 9.95118e-05 (threshold = 1e-08)
  Iteration 32 (of 50).   Current convergence value = 9.93305e-05 (threshold = 1e-08)
  Iteration 33 (of 50).   Current convergence value = 9.89648e-05 (threshold = 1e-08)
  Iteration 34 (of 50).   Current convergence value = 9.84933e-05 (threshold = 1e-08)
  Iteration 35 (of 50).   Current convergence value = 9.82644e-05 (threshold = 1e-08)
  Iteration 36 (of 50).   Current convergence value = 9.78965e-05 (threshold = 1e-08)
  Iteration 37 (of 50).   Current convergence value = 9.73982e-05 (threshold = 1e-08)
  Iteration 38 (of 50).   Current convergence value = 9.7037e-05 (threshold = 1e-08)
  Iteration 39 (of 50).   Current convergence value = 9.66723e-05 (threshold = 1e-08)
  Iteration 40 (of 50).   Current convergence value = 9.61808e-05 (threshold = 1e-08)
  Iteration 41 (of 50).   Current convergence value = 9.57306e-05 (threshold = 1e-08)
  Iteration 42 (of 50).   Current convergence value = 9.52614e-05 (threshold = 1e-08)
  Iteration 43 (of 50).   Current convergence value = 9.47799e-05 (threshold = 1e-08)
  Iteration 44 (of 50).   Current convergence value = 9.44765e-05 (threshold = 1e-08)
  Iteration 45 (of 50).   Current convergence value = 9.40543e-05 (threshold = 1e-08)
  Iteration 46 (of 50).   Current convergence value = 9.34392e-05 (threshold = 1e-08)
  Iteration 47 (of 50).   Current convergence value = 9.31227e-05 (threshold = 1e-08)
  Iteration 48 (of 50).   Current convergence value = 9.27986e-05 (threshold = 1e-08)
  Iteration 49 (of 50).   Current convergence value = 9.2598e-05 (threshold = 1e-08)
  Iteration 50 (of 50).   Current convergence value = 9.22687e-05 (threshold = 1e-08)
Current level = 3
  Iteration 1 (of 40).   Current convergence value = 0.00153139 (threshold = 1e-08)
  Iteration 2 (of 40).   Current convergence value = 0.00121958 (threshold = 1e-08)
  Iteration 3 (of 40).   Current convergence value = 0.00104868 (threshold = 1e-08)
  Iteration 4 (of 40).   Current convergence value = 0.000934234 (threshold = 1e-08)
  Iteration 5 (of 40).   Current convergence value = 0.000848813 (threshold = 1e-08)
  Iteration 6 (of 40).   Current convergence value = 0.000796648 (threshold = 1e-08)
  Iteration 7 (of 40).   Current convergence value = 0.00076353 (threshold = 1e-08)
  Iteration 8 (of 40).   Current convergence value = 0.000737725 (threshold = 1e-08)
  Iteration 9 (of 40).   Current convergence value = 0.000716676 (threshold = 1e-08)
  Iteration 10 (of 40).   Current convergence value = 0.000697488 (threshold = 1e-08)
  Iteration 11 (of 40).   Current convergence value = 0.000680579 (threshold = 1e-08)
  Iteration 12 (of 40).   Current convergence value = 0.000665939 (threshold = 1e-08)
  Iteration 13 (of 40).   Current convergence value = 0.000652559 (threshold = 1e-08)
  Iteration 14 (of 40).   Current convergence value = 0.000638074 (threshold = 1e-08)
  Iteration 15 (of 40).   Current convergence value = 0.000624099 (threshold = 1e-08)
  Iteration 16 (of 40).   Current convergence value = 0.000610867 (threshold = 1e-08)
  Iteration 17 (of 40).   Current convergence value = 0.000598203 (threshold = 1e-08)
  Iteration 18 (of 40).   Current convergence value = 0.000585763 (threshold = 1e-08)
  Iteration 19 (of 40).   Current convergence value = 0.000573831 (threshold = 1e-08)
  Iteration 20 (of 40).   Current convergence value = 0.000562219 (threshold = 1e-08)
  Iteration 21 (of 40).   Current convergence value = 0.000551507 (threshold = 1e-08)
  Iteration 22 (of 40).   Current convergence value = 0.000540859 (threshold = 1e-08)
  Iteration 23 (of 40).   Current convergence value = 0.000529807 (threshold = 1e-08)
  Iteration 24 (of 40).   Current convergence value = 0.000518856 (threshold = 1e-08)
  Iteration 25 (of 40).   Current convergence value = 0.000507952 (threshold = 1e-08)
  Iteration 26 (of 40).   Current convergence value = 0.000497233 (threshold = 1e-08)
  Iteration 27 (of 40).   Current convergence value = 0.000486527 (threshold = 1e-08)
  Iteration 28 (of 40).   Current convergence value = 0.00047608 (threshold = 1e-08)
  Iteration 29 (of 40).   Current convergence value = 0.000465812 (threshold = 1e-08)
  Iteration 30 (of 40).   Current convergence value = 0.000455647 (threshold = 1e-08)
  Iteration 31 (of 40).   Current convergence value = 0.000441804 (threshold = 1e-08)
  Iteration 32 (of 40).   Current convergence value = 0.000426408 (threshold = 1e-08)
  Iteration 33 (of 40).   Current convergence value = 0.000412657 (threshold = 1e-08)
  Iteration 34 (of 40).   Current convergence value = 0.000400321 (threshold = 1e-08)
  Iteration 35 (of 40).   Current convergence value = 0.000389335 (threshold = 1e-08)
  Iteration 36 (of 40).   Current convergence value = 0.000378979 (threshold = 1e-08)
  Iteration 37 (of 40).   Current convergence value = 0.000369706 (threshold = 1e-08)
  Iteration 38 (of 40).   Current convergence value = 0.000360849 (threshold = 1e-08)
  Iteration 39 (of 40).   Current convergence value = 0.000352867 (threshold = 1e-08)
  Iteration 40 (of 40).   Current convergence value = 0.000345273 (threshold = 1e-08)
Current level = 4
  Iteration 1 (of 30).   Current convergence value = 0.00231609 (threshold = 1e-08)
  Iteration 2 (of 30).   Current convergence value = 0.00198107 (threshold = 1e-08)
  Iteration 3 (of 30).   Current convergence value = 0.00185547 (threshold = 1e-08)
  Iteration 4 (of 30).   Current convergence value = 0.00177246 (threshold = 1e-08)
  Iteration 5 (of 30).   Current convergence value = 0.00163887 (threshold = 1e-08)
  Iteration 6 (of 30).   Current convergence value = 0.00150002 (threshold = 1e-08)
  Iteration 7 (of 30).   Current convergence value = 0.00137154 (threshold = 1e-08)
  Iteration 8 (of 30).   Current convergence value = 0.00127098 (threshold = 1e-08)
  Iteration 9 (of 30).   Current convergence value = 0.00123021 (threshold = 1e-08)
  Iteration 10 (of 30).   Current convergence value = 0.00130162 (threshold = 1e-08)
  Iteration 11 (of 30).   Current convergence value = 0.00143815 (threshold = 1e-08)
  Iteration 12 (of 30).   Current convergence value = 0.001499 (threshold = 1e-08)
  Iteration 13 (of 30).   Current convergence value = 0.00160164 (threshold = 1e-08)
  Iteration 14 (of 30).   Current convergence value = 0.00172872 (threshold = 1e-08)
  Iteration 15 (of 30).   Current convergence value = 0.0015563 (threshold = 1e-08)
  Iteration 16 (of 30).   Current convergence value = 0.0013508 (threshold = 1e-08)
  Iteration 17 (of 30).   Current convergence value = 0.00115605 (threshold = 1e-08)
  Iteration 18 (of 30).   Current convergence value = 0.000985614 (threshold = 1e-08)
  Iteration 19 (of 30).   Current convergence value = 0.000854439 (threshold = 1e-08)
  Iteration 20 (of 30).   Current convergence value = 0.00075395 (threshold = 1e-08)
  Iteration 21 (of 30).   Current convergence value = 0.000714824 (threshold = 1e-08)
  Iteration 22 (of 30).   Current convergence value = 0.00101901 (threshold = 1e-08)
  Iteration 23 (of 30).   Current convergence value = 0.00118727 (threshold = 1e-08)
  Iteration 24 (of 30).   Current convergence value = 0.00126378 (threshold = 1e-08)
  Iteration 25 (of 30).   Current convergence value = 0.0012909 (threshold = 1e-08)
  Iteration 26 (of 30).   Current convergence value = 0.00132131 (threshold = 1e-08)
  Iteration 27 (of 30).   Current convergence value = 0.00127948 (threshold = 1e-08)
  Iteration 28 (of 30).   Current convergence value = 0.00121857 (threshold = 1e-08)
  Iteration 29 (of 30).   Current convergence value = 0.00116627 (threshold = 1e-08)
  Iteration 30 (of 30).   Current convergence value = 0.00112186 (threshold = 1e-08)
   N4BiasFieldCorrectionImageFilter (0x56226dfb7e20)
     RTTI typeinfo:   itk::N4BiasFieldCorrectionImageFilter<itk::Image<float, 3u>, itk::Image<float, 3u>, itk::Image<float, 3u> >
     Reference Count: 1
     Modified Time: 565
     Debug: Off
     Object Name: 
     Observers: 
       IterationEvent(Command)
     Inputs: 
       ConfidenceImage: (0)
       MaskImage: (0x56226dfe2630)
       Primary: (0x56226dfddae0) *
     Indexed Inputs: 
       0: Primary (0x56226dfddae0)
       1: MaskImage (0x56226dfe2630)
       2: ConfidenceImage (0)
     Required Input Names: Primary
     NumberOfRequiredInputs: 1
     Outputs: 
       Primary: (0x56226dfc7ef0)
     Indexed Outputs: 
       0: Primary (0x56226dfc7ef0)
     NumberOfRequiredOutputs: 1
     Number Of Work Units: 32
     ReleaseDataFlag: Off
     ReleaseDataBeforeUpdateFlag: Off
     AbortGenerateData: Off
     Progress: 0
     Multithreader: 
       RTTI typeinfo:   itk::PoolMultiThreader
       Reference Count: 1
       Modified Time: 144
       Debug: Off
       Object Name: 
       Observers: 
         none
       Number of Work Units: 32
       Number of Threads: 8
       Global Maximum Number Of Threads: 128
       Global Default Number Of Threads: 8
       Global Default Threader Type: itk::MultiThreaderBaseEnums::Threader::Pool
       SingleMethod: 0
       SingleData: 0
     DynamicMultiThreading: On
     CoordinateTolerance: 1e-06
     DirectionTolerance: 1e-06
     Use Mask Label: 0
     Mask label: 1
     Number of histogram bins: 200
     Wiener filter noise: 0.01
     Bias field FWHM: 0.15
     Maximum number of iterations: [50, 50, 40, 30]
     Convergence threshold: 1e-08
     Spline order: 3
     Number of fitting levels: [4, 4, 4]
     Number of control points: [4, 5, 5]
     CurrentConvergenceMeasurement: 0.00112186
     CurrentLevel: 4
     ElapsedIterations: 31
     LogBiasFieldControlPointLattice: 
       Image (0x562274ac9e50)
         RTTI typeinfo:   itk::Image<itk::Vector<float, 1u>, 3u>
         Reference Count: 1
         Modified Time: 343560
         Debug: Off
         Object Name: 
         Observers: 
           none
         Source: (none)
         Source output name: (none)
         Release Data: Off
         Data Released: False
         Global Release Data: Off
         PipelineMTime: 0
         UpdateMTime: 0
         RealTimeStamp: 0 seconds 
         LargestPossibleRegion: 
           Dimension: 3
           Index: [0, 0, 0]
           Size: [11, 19, 19]
         BufferedRegion: 
           Dimension: 3
           Index: [0, 0, 0]
           Size: [11, 19, 19]
         RequestedRegion: 
           Dimension: 3
           Index: [0, 0, 0]
           Size: [11, 19, 19]
         Spacing: [24.75, 24.875, 24.875]
         Origin: [25.3184, 16.4665, -30.6256]
         Direction: 
-0.999859 -0.00845455 -0.014537
0.00386012 -0.956737 0.290928
-0.0163677 0.29083 0.956635

         IndexToPointMatrix: 
-24.7465 -0.210307 -0.361608
0.095538 -23.7988 7.23683
-0.405102 7.2344 23.7963

         PointToIndexMatrix: 
-0.0403983 0.000155965 -0.000661323
-0.000339882 -0.0384618 0.0116917
-0.000584402 0.0116956 0.0384577

         Inverse Direction: 
-0.999859 0.00386012 -0.0163678
-0.00845456 -0.956737 0.290831
-0.014537 0.290927 0.956635

         PixelContainer: 
           ImportImageContainer (0x562279f5a690)
             RTTI typeinfo:   itk::ImportImageContainer<unsigned long, itk::Vector<float, 1u> >
             Reference Count: 1
             Modified Time: 343561
             Debug: Off
             Object Name: 
             Observers: 
               none
             Pointer: 0x562278157590
             Container manages memory: true
             Size: 3971
             Capacity: 3971
Elapsed time: 301.32
All_Command_lines_OK
Using single precision for computations.
=============================================================================
The composite transform comprises the following transforms (in order): 
  1. Center of mass alignment using fixed image: /home/mpib/nemecz/Projects/miniTRK/Results/01_MRI/GroupTempl/T1w/T_template0.nii.gz and moving image: /home/mpib/nemecz/Projects/miniTRK/Analysis/01_MRI/Preproc/GroupTempl/T1w/sub-589611_T1w.nii.gz (type = Euler3DTransform)
=============================================================================
  number of levels = 4
  number of levels = 4
  number of levels = 4
  fixed image: /home/mpib/nemecz/Projects/miniTRK/Results/01_MRI/GroupTempl/T1w/T_template0.nii.gz
  moving image: /home/mpib/nemecz/Projects/miniTRK/Results/01_MRI/GroupTempl/T1w/T_template0sub-589611_T1wRepaired.nii.gz
  fixed image: /home/mpib/nemecz/Projects/miniTRK/Results/01_MRI/GroupTempl/T1w/T_template0.nii.gz
  moving image: /home/mpib/nemecz/Projects/miniTRK/Results/01_MRI/GroupTempl/T1w/T_template0sub-589611_T1wRepaired.nii.gz
  fixed image: /home/mpib/nemecz/Projects/miniTRK/Results/01_MRI/GroupTempl/T1w/T_template0.nii.gz
  moving image: /home/mpib/nemecz/Projects/miniTRK/Results/01_MRI/GroupTempl/T1w/T_template0sub-589611_T1wRepaired.nii.gz
Dimension = 3
Number of stages = 3
Use Histogram Matching true
Winsorize image intensities true
Lower quantile = 0.01
Upper quantile = 0.99
Stage 1 State
   Image metric = Mattes
     Fixed image = Image (0x56174e4d4ad0)
  RTTI typeinfo:   itk::Image<float, 3u>
  Reference Count: 2
  Modified Time: 1721
  Debug: Off
  Object Name: 
  Observers: 
    none
  Source: (none)
  Source output name: (none)
  Release Data: Off
  Data Released: False
  Global Release Data: Off
  PipelineMTime: 0
  UpdateMTime: 1506
  RealTimeStamp: 0 seconds 
  LargestPossibleRegion: 
    Dimension: 3
    Index: [0, 0, 0]
    Size: [192, 256, 256]
  BufferedRegion: 
    Dimension: 3
    Index: [0, 0, 0]
    Size: [192, 256, 256]
  RequestedRegion: 
    Dimension: 3
    Index: [0, 0, 0]
    Size: [192, 256, 256]
  Spacing: [1, 1, 1]
  Origin: [95.0313, 100.538, -154.123]
  Direction: 
-0.999853 -0.014134 -0.00966312
0.014129 -0.9999 0.000586045
-0.00967044 0.000449429 0.999953

  IndexToPointMatrix: 
-0.999853 -0.014134 -0.00966312
0.014129 -0.9999 0.000586045
-0.00967044 0.000449429 0.999953

  PointToIndexMatrix: 
-0.999853 0.014129 -0.00967044
-0.014134 -0.9999 0.000449429
-0.00966312 0.000586045 0.999953

  Inverse Direction: 
-0.999853 0.014129 -0.00967044
-0.014134 -0.9999 0.000449429
-0.00966312 0.000586045 0.999953

  PixelContainer: 
    ImportImageContainer (0x56174e4dcc80)
      RTTI typeinfo:   itk::ImportImageContainer<unsigned long, float>
      Reference Count: 1
      Modified Time: 1503
      Debug: Off
      Object Name: 
      Observers: 
        none
      Pointer: 0x7f12ff416010
      Container manages memory: true
      Size: 12582912
      Capacity: 12582912

     Moving image = Image (0x56174e4d5bc0)
  RTTI typeinfo:   itk::Image<float, 3u>
  Reference Count: 2
  Modified Time: 1722
  Debug: Off
  Object Name: 
  Observers: 
    none
  Source: (none)
  Source output name: (none)
  Release Data: Off
  Data Released: False
  Global Release Data: Off
  PipelineMTime: 0
  UpdateMTime: 1719
  RealTimeStamp: 0 seconds 
  LargestPossibleRegion: 
    Dimension: 3
    Index: [0, 0, 0]
    Size: [192, 256, 256]
  BufferedRegion: 
    Dimension: 3
    Index: [0, 0, 0]
    Size: [192, 256, 256]
  RequestedRegion: 
    Dimension: 3
    Index: [0, 0, 0]
    Size: [192, 256, 256]
  Spacing: [1, 1, 1]
  Origin: [98.7674, 49.8491, -175.216]
  Direction: 
-0.999859 -0.00845456 -0.014537
0.00386012 -0.956737 0.290928
-0.0163677 0.29083 0.956635

  IndexToPointMatrix: 
-0.999859 -0.00845456 -0.014537
0.00386012 -0.956737 0.290928
-0.0163677 0.29083 0.956635

  PointToIndexMatrix: 
-0.999859 0.00386012 -0.0163677
-0.00845456 -0.956737 0.29083
-0.014537 0.290928 0.956635

  Inverse Direction: 
-0.999859 0.00386012 -0.0163677
-0.00845456 -0.956737 0.29083
-0.014537 0.290928 0.956635

  PixelContainer: 
    ImportImageContainer (0x56174e4e1100)
      RTTI typeinfo:   itk::ImportImageContainer<unsigned long, float>
      Reference Count: 1
      Modified Time: 1716
      Debug: Off
      Object Name: 
      Observers: 
        none
      Pointer: 0x7f12fc415010
      Container manages memory: true
      Size: 12582912
      Capacity: 12582912

     Weighting = 1
     Sampling strategy = regular
     Number of bins = 32
     Radius = 4
     Sampling percentage  = 0.25
   Transform = Rigid
     Gradient step = 0.1
     Update field sigma (voxel space) = 0
     Total field sigma (voxel space) = 0
     Update field time sigma = 0
     Total field time sigma  = 0
     Number of time indices = 0
     Number of time point samples = 0
Stage 2 State
   Image metric = Mattes
     Fixed image = Image (0x56174e4ed870)
  RTTI typeinfo:   itk::Image<float, 3u>
  Reference Count: 2
  Modified Time: 2149
  Debug: Off
  Object Name: 
  Observers: 
    none
  Source: (none)
  Source output name: (none)
  Release Data: Off
  Data Released: False
  Global Release Data: Off
  PipelineMTime: 0
  UpdateMTime: 1934
  RealTimeStamp: 0 seconds 
  LargestPossibleRegion: 
    Dimension: 3
    Index: [0, 0, 0]
    Size: [192, 256, 256]
  BufferedRegion: 
    Dimension: 3
    Index: [0, 0, 0]
    Size: [192, 256, 256]
  RequestedRegion: 
    Dimension: 3
    Index: [0, 0, 0]
    Size: [192, 256, 256]
  Spacing: [1, 1, 1]
  Origin: [95.0313, 100.538, -154.123]
  Direction: 
-0.999853 -0.014134 -0.00966312
0.014129 -0.9999 0.000586045
-0.00967044 0.000449429 0.999953

  IndexToPointMatrix: 
-0.999853 -0.014134 -0.00966312
0.014129 -0.9999 0.000586045
-0.00967044 0.000449429 0.999953

  PointToIndexMatrix: 
-0.999853 0.014129 -0.00967044
-0.014134 -0.9999 0.000449429
-0.00966312 0.000586045 0.999953

  Inverse Direction: 
-0.999853 0.014129 -0.00967044
-0.014134 -0.9999 0.000449429
-0.00966312 0.000586045 0.999953

  PixelContainer: 
    ImportImageContainer (0x56174e4d86d0)
      RTTI typeinfo:   itk::ImportImageContainer<unsigned long, float>
      Reference Count: 1
      Modified Time: 1931
      Debug: Off
      Object Name: 
      Observers: 
        none
      Pointer: 0x7f12f9414010
      Container manages memory: true
      Size: 12582912
      Capacity: 12582912

     Moving image = Image (0x56174e4ed4c0)
  RTTI typeinfo:   itk::Image<float, 3u>
  Reference Count: 2
  Modified Time: 2150
  Debug: Off
  Object Name: 
  Observers: 
    none
  Source: (none)
  Source output name: (none)
  Release Data: Off
  Data Released: False
  Global Release Data: Off
  PipelineMTime: 0
  UpdateMTime: 2147
  RealTimeStamp: 0 seconds 
  LargestPossibleRegion: 
    Dimension: 3
    Index: [0, 0, 0]
    Size: [192, 256, 256]
  BufferedRegion: 
    Dimension: 3
    Index: [0, 0, 0]
    Size: [192, 256, 256]
  RequestedRegion: 
    Dimension: 3
    Index: [0, 0, 0]
    Size: [192, 256, 256]
  Spacing: [1, 1, 1]
  Origin: [98.7674, 49.8491, -175.216]
  Direction: 
-0.999859 -0.00845456 -0.014537
0.00386012 -0.956737 0.290928
-0.0163677 0.29083 0.956635

  IndexToPointMatrix: 
-0.999859 -0.00845456 -0.014537
0.00386012 -0.956737 0.290928
-0.0163677 0.29083 0.956635

  PointToIndexMatrix: 
-0.999859 0.00386012 -0.0163677
-0.00845456 -0.956737 0.29083
-0.014537 0.290928 0.956635

  Inverse Direction: 
-0.999859 0.00386012 -0.0163677
-0.00845456 -0.956737 0.29083
-0.014537 0.290928 0.956635

  PixelContainer: 
    ImportImageContainer (0x56174e4ee8c0)
      RTTI typeinfo:   itk::ImportImageContainer<unsigned long, float>
      Reference Count: 1
      Modified Time: 2144
      Debug: Off
      Object Name: 
      Observers: 
        none
      Pointer: 0x7f12f6413010
      Container manages memory: true
      Size: 12582912
      Capacity: 12582912

     Weighting = 1
     Sampling strategy = regular
     Number of bins = 32
     Radius = 4
     Sampling percentage  = 0.25
   Transform = Affine
     Gradient step = 0.1
     Update field sigma (voxel space) = 0
     Total field sigma (voxel space) = 0
     Update field time sigma = 0
     Total field time sigma  = 0
     Number of time indices = 0
     Number of time point samples = 0
Stage 3 State
   Image metric = CC
     Fixed image = Image (0x56174e4f4960)
  RTTI typeinfo:   itk::Image<float, 3u>
  Reference Count: 2
  Modified Time: 2577
  Debug: Off
  Object Name: 
  Observers: 
    none
  Source: (none)
  Source output name: (none)
  Release Data: Off
  Data Released: False
  Global Release Data: Off
  PipelineMTime: 0
  UpdateMTime: 2362
  RealTimeStamp: 0 seconds 
  LargestPossibleRegion: 
    Dimension: 3
    Index: [0, 0, 0]
    Size: [192, 256, 256]
  BufferedRegion: 
    Dimension: 3
    Index: [0, 0, 0]
    Size: [192, 256, 256]
  RequestedRegion: 
    Dimension: 3
    Index: [0, 0, 0]
    Size: [192, 256, 256]
  Spacing: [1, 1, 1]
  Origin: [95.0313, 100.538, -154.123]
  Direction: 
-0.999853 -0.014134 -0.00966312
0.014129 -0.9999 0.000586045
-0.00967044 0.000449429 0.999953

  IndexToPointMatrix: 
-0.999853 -0.014134 -0.00966312
0.014129 -0.9999 0.000586045
-0.00967044 0.000449429 0.999953

  PointToIndexMatrix: 
-0.999853 0.014129 -0.00967044
-0.014134 -0.9999 0.000449429
-0.00966312 0.000586045 0.999953

  Inverse Direction: 
-0.999853 0.014129 -0.00967044
-0.014134 -0.9999 0.000449429
-0.00966312 0.000586045 0.999953

  PixelContainer: 
    ImportImageContainer (0x56174e4d5660)
      RTTI typeinfo:   itk::ImportImageContainer<unsigned long, float>
      Reference Count: 1
      Modified Time: 2359
      Debug: Off
      Object Name: 
      Observers: 
        none
      Pointer: 0x7f12f3412010
      Container manages memory: true
      Size: 12582912
      Capacity: 12582912

     Moving image = Image (0x56174e4f6840)
  RTTI typeinfo:   itk::Image<float, 3u>
  Reference Count: 2
  Modified Time: 2578
  Debug: Off
  Object Name: 
  Observers: 
    none
  Source: (none)
  Source output name: (none)
  Release Data: Off
  Data Released: False
  Global Release Data: Off
  PipelineMTime: 0
  UpdateMTime: 2575
  RealTimeStamp: 0 seconds 
  LargestPossibleRegion: 
    Dimension: 3
    Index: [0, 0, 0]
    Size: [192, 256, 256]
  BufferedRegion: 
    Dimension: 3
    Index: [0, 0, 0]
    Size: [192, 256, 256]
  RequestedRegion: 
    Dimension: 3
    Index: [0, 0, 0]
    Size: [192, 256, 256]
  Spacing: [1, 1, 1]
  Origin: [98.7674, 49.8491, -175.216]
  Direction: 
-0.999859 -0.00845456 -0.014537
0.00386012 -0.956737 0.290928
-0.0163677 0.29083 0.956635

  IndexToPointMatrix: 
-0.999859 -0.00845456 -0.014537
0.00386012 -0.956737 0.290928
-0.0163677 0.29083 0.956635

  PointToIndexMatrix: 
-0.999859 0.00386012 -0.0163677
-0.00845456 -0.956737 0.29083
-0.014537 0.290928 0.956635

  Inverse Direction: 
-0.999859 0.00386012 -0.0163677
-0.00845456 -0.956737 0.29083
-0.014537 0.290928 0.956635

  PixelContainer: 
    ImportImageContainer (0x56174e4f3660)
      RTTI typeinfo:   itk::ImportImageContainer<unsigned long, float>
      Reference Count: 1
      Modified Time: 2572
      Debug: Off
      Object Name: 
      Observers: 
        none
      Pointer: 0x7f12f0411010
      Container manages memory: true
      Size: 12582912
      Capacity: 12582912

     Weighting = 1
     Sampling strategy = none
     Number of bins = 32
     Radius = 4
     Sampling percentage  = 1
   Transform = SyN
     Gradient step = 0.1
     Update field sigma (voxel space) = 3
     Total field sigma (voxel space) = 0
     Update field time sigma = 0
     Total field time sigma  = 0
     Number of time indices = 0
     Number of time point samples = 0
Registration using 3 total stages.

Stage 0
  iterations = 1000x500x250x0
  convergence threshold = 1e-06
  convergence window size = 10
  number of levels = 4
  using the Mattes MI metric (number of bins = 32, weight = 1)
  preprocessing:  winsorizing the image intensities
  preprocessing:  histogram matching the images
  Shrink factors (level 1 out of 4): [6, 6, 6]
  Shrink factors (level 2 out of 4): [4, 4, 4]
  Shrink factors (level 3 out of 4): [2, 2, 2]
  Shrink factors (level 4 out of 4): [1, 1, 1]
  smoothing sigmas per level: [4, 2, 1, 0]
  regular sampling (percentage = 0.25)

*** Running Euler3DTransform registration ***

DIAGNOSTIC,Iteration,metricValue,convergenceValue,ITERATION_TIME_INDEX,SINCE_LAST
 2DIAGNOSTIC,     1, -7.905443906784e-01, inf, 8.1044e-01, 8.1044e-01, 
 2DIAGNOSTIC,     2, -7.931277155876e-01, inf, 8.1838e-01, 7.9370e-03, 
 2DIAGNOSTIC,     3, -7.972989082336e-01, inf, 8.2618e-01, 7.8070e-03, 
 2DIAGNOSTIC,     4, -8.039608597755e-01, inf, 8.3438e-01, 8.1949e-03, 
 2DIAGNOSTIC,     5, -8.136783838272e-01, inf, 8.4282e-01, 8.4388e-03, 
 2DIAGNOSTIC,     6, -8.256447315216e-01, inf, 8.5151e-01, 8.6892e-03, 
 2DIAGNOSTIC,     7, -8.366666436195e-01, inf, 8.5992e-01, 8.4178e-03, 
 2DIAGNOSTIC,     8, -8.431196212769e-01, inf, 8.7039e-01, 1.0466e-02, 
 2DIAGNOSTIC,     9, -8.507767319679e-01, inf, 8.8898e-01, 1.8593e-02, 
 2DIAGNOSTIC,    10, -8.514289855957e-01, 5.567521322519e-03, 8.9710e-01, 8.1220e-03, 
 2DIAGNOSTIC,    11, -8.545704483986e-01, 4.932775627822e-03, 9.0561e-01, 8.5020e-03, 
 2DIAGNOSTIC,    12, -8.595259785652e-01, 4.178119823337e-03, 9.1460e-01, 8.9900e-03, 
 2DIAGNOSTIC,    13, -8.631674647331e-01, 3.368812613189e-03, 9.2409e-01, 9.4900e-03, 
 2DIAGNOSTIC,    14, -8.651123046875e-01, 2.581659937277e-03, 9.3618e-01, 1.2098e-02, 
 2DIAGNOSTIC,    15, -8.666262626648e-01, 1.921353396028e-03, 9.4541e-01, 9.2292e-03, 
 2DIAGNOSTIC,    16, -8.680088520050e-01, 1.451221527532e-03, 9.5401e-01, 8.5909e-03, 
 2DIAGNOSTIC,    17, -8.705615401268e-01, 1.172140124254e-03, 9.6464e-01, 1.0638e-02, 
 2DIAGNOSTIC,    18, -8.707432746887e-01, 9.367233724333e-04, 9.7547e-01, 1.0830e-02, 
 2DIAGNOSTIC,    19, -8.707655072212e-01, 7.786209462211e-04, 9.8498e-01, 9.5110e-03, 
 2DIAGNOSTIC,    20, -8.707567453384e-01, 5.761944921687e-04, 9.9423e-01, 9.2430e-03, 
 2DIAGNOSTIC,    21, -8.707495927811e-01, 3.887974307872e-04, 1.0035e+00, 9.3110e-03, 
 2DIAGNOSTIC,    22, -8.707605600357e-01, 2.570914512035e-04, 1.0129e+00, 9.3470e-03, 
 2DIAGNOSTIC,    23, -8.707242012024e-01, 1.654675434111e-04, 1.0213e+00, 8.3721e-03, 
 2DIAGNOSTIC,    24, -8.707373142242e-01, 9.387973113917e-05, 1.0306e+00, 9.3699e-03, 
 2DIAGNOSTIC,    25, -8.707520961761e-01, 3.987760646851e-05, 1.0398e+00, 9.1400e-03, 
 2DIAGNOSTIC,    26, -8.707707524300e-01, 3.617823267632e-06, 1.0489e+00, 9.1650e-03, 
 2DIAGNOSTIC,    27, -8.707584738731e-01, 1.265416472052e-06, 1.0571e+00, 8.2121e-03, 
 2DIAGNOSTIC,    28, -8.707687258720e-01, 1.374593239234e-06, 1.0681e+00, 1.0976e-02, 
 2DIAGNOSTIC,    29, -8.707548975945e-01, 1.553504375806e-06, 1.0772e+00, 9.0370e-03, 
 2DIAGNOSTIC,    30, -8.707363605499e-01, 1.372620431539e-06, 1.0850e+00, 7.8530e-03, 
 2DIAGNOSTIC,    31, -8.707395195961e-01, 1.129766474151e-06, 1.0932e+00, 8.1401e-03, 
DIAGNOSTIC,Iteration,metricValue,convergenceValue,ITERATION_TIME_INDEX,SINCE_LAST
 2DIAGNOSTIC,     1, -7.079731225967e-01, inf, 1.7792e+00, 6.8602e-01, 
 2DIAGNOSTIC,     2, -7.091026306152e-01, inf, 1.8099e+00, 3.0696e-02, 
 2DIAGNOSTIC,     3, -7.102982997894e-01, inf, 1.8419e+00, 3.2007e-02, 
 2DIAGNOSTIC,     4, -7.113852500916e-01, inf, 1.8725e+00, 3.0646e-02, 
 2DIAGNOSTIC,     5, -7.120165824890e-01, inf, 1.9017e+00, 2.9138e-02, 
 2DIAGNOSTIC,     6, -7.124467492104e-01, inf, 1.9303e+00, 2.8691e-02, 
 2DIAGNOSTIC,     7, -7.130265831947e-01, inf, 1.9619e+00, 3.1502e-02, 
 2DIAGNOSTIC,     8, -7.136023640633e-01, inf, 1.9975e+00, 3.5618e-02, 
 2DIAGNOSTIC,     9, -7.137315273285e-01, inf, 2.0404e+00, 4.2884e-02, 
 2DIAGNOSTIC,    10, -7.138265967369e-01, 5.244700005278e-04, 2.0718e+00, 3.1454e-02, 
 2DIAGNOSTIC,    11, -7.138854861259e-01, 3.784626314882e-04, 2.1088e+00, 3.6972e-02, 
 2DIAGNOSTIC,    12, -7.139191031456e-01, 2.611069940031e-04, 2.1410e+00, 3.2233e-02, 
 2DIAGNOSTIC,    13, -7.139567732811e-01, 1.755263219820e-04, 2.1837e+00, 4.2642e-02, 
 2DIAGNOSTIC,    14, -7.139489650726e-01, 1.170100949821e-04, 2.2189e+00, 3.5290e-02, 
 2DIAGNOSTIC,    15, -7.139638662338e-01, 7.310375804082e-05, 2.2678e+00, 4.8859e-02, 
 2DIAGNOSTIC,    16, -7.139626741409e-01, 3.865868711728e-05, 2.3048e+00, 3.6981e-02, 
 2DIAGNOSTIC,    17, -7.139601111412e-01, 1.810639514588e-05, 2.3375e+00, 3.2760e-02, 
 2DIAGNOSTIC,    18, -7.139652967453e-01, 1.116799194278e-05, 2.3887e+00, 5.1169e-02, 
 2DIAGNOSTIC,    19, -7.139645814896e-01, 6.749608473910e-06, 2.4251e+00, 3.6393e-02, 
 2DIAGNOSTIC,    20, -7.139611244202e-01, 4.111860107514e-06, 2.4590e+00, 3.3901e-02, 
 2DIAGNOSTIC,    21, -7.139621376991e-01, 2.618993676151e-06, 2.4912e+00, 3.2179e-02, 
 2DIAGNOSTIC,    22, -7.139578461647e-01, 1.672677512943e-06, 2.5238e+00, 3.2606e-02, 
 2DIAGNOSTIC,    23, -7.139548659325e-01, 1.395676576976e-06, 2.5539e+00, 3.0080e-02, 
 2DIAGNOSTIC,    24, -7.139558196068e-01, 1.019831870508e-06, 2.5900e+00, 3.6168e-02, 
DIAGNOSTIC,Iteration,metricValue,convergenceValue,ITERATION_TIME_INDEX,SINCE_LAST
 2DIAGNOSTIC,     1, -6.414787769318e-01, inf, 3.8658e+00, 1.2758e+00, 
 2DIAGNOSTIC,     2, -6.416670084000e-01, inf, 4.0902e+00, 2.2445e-01, 
 2DIAGNOSTIC,     3, -6.418435573578e-01, inf, 4.3062e+00, 2.1595e-01, 
 2DIAGNOSTIC,     4, -6.419776082039e-01, inf, 4.5304e+00, 2.2416e-01, 
 2DIAGNOSTIC,     5, -6.421311497688e-01, inf, 4.7617e+00, 2.3138e-01, 
 2DIAGNOSTIC,     6, -6.422715783119e-01, inf, 5.0748e+00, 3.1304e-01, 
 2DIAGNOSTIC,     7, -6.423432826996e-01, inf, 5.3230e+00, 2.4824e-01, 
 2DIAGNOSTIC,     8, -6.423512101173e-01, inf, 5.5720e+00, 2.4898e-01, 
 2DIAGNOSTIC,     9, -6.423898935318e-01, inf, 5.8165e+00, 2.4452e-01, 
 2DIAGNOSTIC,    10, -6.425338983536e-01, 1.021954740281e-04, 6.0344e+00, 2.1788e-01, 
 2DIAGNOSTIC,    11, -6.425327062607e-01, 7.824800559320e-05, 6.2604e+00, 2.2603e-01, 
 2DIAGNOSTIC,    12, -6.425451636314e-01, 5.892788976780e-05, 6.5858e+00, 3.2541e-01, 
 2DIAGNOSTIC,    13, -6.425473690033e-01, 4.364474443719e-05, 6.8420e+00, 2.5612e-01, 
 2DIAGNOSTIC,    14, -6.425453424454e-01, 3.089233359788e-05, 7.1329e+00, 2.9096e-01, 
 2DIAGNOSTIC,    15, -6.425454020500e-01, 2.160304575227e-05, 7.4244e+00, 2.9149e-01, 
 2DIAGNOSTIC,    16, -6.425458788872e-01, 1.553378751851e-05, 7.6804e+00, 2.5594e-01, 
 2DIAGNOSTIC,    17, -6.425461173058e-01, 1.086516385840e-05, 7.9266e+00, 2.4622e-01, 
 2DIAGNOSTIC,    18, -6.425464749336e-01, 6.101417056925e-06, 8.2047e+00, 2.7809e-01, 
 2DIAGNOSTIC,    19, -6.425473690033e-01, 2.268255911986e-06, 8.4532e+00, 2.4854e-01, 
 2DIAGNOSTIC,    20, -6.425472497940e-01, 1.951279728019e-06, 8.7622e+00, 3.0896e-01, 
 2DIAGNOSTIC,    21, -6.425473690033e-01, 1.600903374310e-06, 9.1091e+00, 3.4696e-01, 
 2DIAGNOSTIC,    22, -6.425473690033e-01, 1.523241508039e-06, 9.3973e+00, 2.8820e-01, 
 2DIAGNOSTIC,    23, -6.425472497940e-01, 1.486347969148e-06, 9.6843e+00, 2.8702e-01, 
 2DIAGNOSTIC,    24, -6.425473093987e-01, 1.406574369867e-06, 9.9394e+00, 2.5502e-01, 
 2DIAGNOSTIC,    25, -6.425470113754e-01, 1.321205104432e-06, 1.0194e+01, 2.5414e-01, 
 2DIAGNOSTIC,    26, -6.425471305847e-01, 1.248293074241e-06, 1.0446e+01, 2.5212e-01, 
 2DIAGNOSTIC,    27, -6.425469517708e-01, 1.179330070045e-06, 1.0696e+01, 2.5052e-01, 
 2DIAGNOSTIC,    28, -6.425468921661e-01, 1.119578200814e-06, 1.0950e+01, 2.5355e-01, 
 2DIAGNOSTIC,    29, -6.425467729568e-01, 1.077459273802e-06, 1.1200e+01, 2.5060e-01, 
 2DIAGNOSTIC,    30, -6.425468325615e-01, 1.039114408741e-06, 1.1506e+01, 3.0611e-01, 
 2DIAGNOSTIC,    31, -6.425466537476e-01, 1.004356704470e-06, 1.1758e+01, 2.5177e-01, 
DIAGNOSTIC,Iteration,metricValue,convergenceValue,ITERATION_TIME_INDEX,SINCE_LAST
 2DIAGNOSTIC,     1, -5.908563733101e-01, inf, 1.4254e+01, 2.4956e+00, 
  Elapsed time (stage 0): 1.5527e+01


Stage 1
  iterations = 1000x500x250x0
  convergence threshold = 1.0000e-06
  convergence window size = 10
  number of levels = 4
  using the Mattes MI metric (number of bins = 32, weight = 1.0000e+00)
  preprocessing:  winsorizing the image intensities
  preprocessing:  histogram matching the images
  Shrink factors (level 1 out of 4): [6, 6, 6]
  Shrink factors (level 2 out of 4): [4, 4, 4]
  Shrink factors (level 3 out of 4): [2, 2, 2]
  Shrink factors (level 4 out of 4): [1, 1, 1]
  smoothing sigmas per level: [4, 2, 1, 0]
  regular sampling (percentage = 2.5000e-01)

*** Running AffineTransform registration ***

DIAGNOSTIC,Iteration,metricValue,convergenceValue,ITERATION_TIME_INDEX,SINCE_LAST
 2DIAGNOSTIC,     1, -8.567644953728e-01, inf, 7.8099e-01, 7.8099e-01, 
 2DIAGNOSTIC,     2, -8.594332933426e-01, inf, 7.9001e-01, 9.0258e-03, 
 2DIAGNOSTIC,     3, -8.639153838158e-01, inf, 7.9897e-01, 8.9531e-03, 
 2DIAGNOSTIC,     4, -8.712760806084e-01, inf, 8.0797e-01, 8.9989e-03, 
