
Running N4 for 3-dimensional images.

Mask not read.  Using the entire image as the mask.

Original intensity range:  [0, 918]

***********************************************************
Warning:  Your input image contains nonpositive values
which could cause failure or problematic results.  A
possible workaround would be to:
   1. rescale your image to positive values e.g., [10,100].
   2. run N4 on your rescaled image.
   3. (optional) rescale the N4 output to the original
      intensity range.
***********************************************************

Specified spline distance: 200mm
  original image size:  [192, 256, 256]
  padded image size:  [201, 401, 401]
  number of control points:  [4, 5, 5]

Current level = 1
  Iteration 1 (of 50).   Current convergence value = 0.00057297 (threshold = 1e-08)
  Iteration 2 (of 50).   Current convergence value = 0.000370164 (threshold = 1e-08)
  Iteration 3 (of 50).   Current convergence value = 0.000242835 (threshold = 1e-08)
  Iteration 4 (of 50).   Current convergence value = 0.000164316 (threshold = 1e-08)
  Iteration 5 (of 50).   Current convergence value = 0.000119913 (threshold = 1e-08)
  Iteration 6 (of 50).   Current convergence value = 9.98612e-05 (threshold = 1e-08)
  Iteration 7 (of 50).   Current convergence value = 9.42691e-05 (threshold = 1e-08)
  Iteration 8 (of 50).   Current convergence value = 9.49127e-05 (threshold = 1e-08)
  Iteration 9 (of 50).   Current convergence value = 9.73204e-05 (threshold = 1e-08)
  Iteration 10 (of 50).   Current convergence value = 9.96504e-05 (threshold = 1e-08)
  Iteration 11 (of 50).   Current convergence value = 0.000101601 (threshold = 1e-08)
  Iteration 12 (of 50).   Current convergence value = 0.00010297 (threshold = 1e-08)
  Iteration 13 (of 50).   Current convergence value = 0.000103788 (threshold = 1e-08)
  Iteration 14 (of 50).   Current convergence value = 0.000104315 (threshold = 1e-08)
  Iteration 15 (of 50).   Current convergence value = 0.00010438 (threshold = 1e-08)
  Iteration 16 (of 50).   Current convergence value = 0.000104281 (threshold = 1e-08)
  Iteration 17 (of 50).   Current convergence value = 0.00010398 (threshold = 1e-08)
  Iteration 18 (of 50).   Current convergence value = 0.000103542 (threshold = 1e-08)
  Iteration 19 (of 50).   Current convergence value = 0.000103142 (threshold = 1e-08)
  Iteration 20 (of 50).   Current convergence value = 0.000102458 (threshold = 1e-08)
  Iteration 21 (of 50).   Current convergence value = 0.000101876 (threshold = 1e-08)
  Iteration 22 (of 50).   Current convergence value = 0.000101207 (threshold = 1e-08)
  Iteration 23 (of 50).   Current convergence value = 0.000100515 (threshold = 1e-08)
  Iteration 24 (of 50).   Current convergence value = 0.000100001 (threshold = 1e-08)
  Iteration 25 (of 50).   Current convergence value = 9.92879e-05 (threshold = 1e-08)
  Iteration 26 (of 50).   Current convergence value = 9.86078e-05 (threshold = 1e-08)
  Iteration 27 (of 50).   Current convergence value = 9.80232e-05 (threshold = 1e-08)
  Iteration 28 (of 50).   Current convergence value = 9.73586e-05 (threshold = 1e-08)
  Iteration 29 (of 50).   Current convergence value = 9.68852e-05 (threshold = 1e-08)
  Iteration 30 (of 50).   Current convergence value = 9.62547e-05 (threshold = 1e-08)
  Iteration 31 (of 50).   Current convergence value = 9.566e-05 (threshold = 1e-08)
  Iteration 32 (of 50).   Current convergence value = 9.51308e-05 (threshold = 1e-08)
  Iteration 33 (of 50).   Current convergence value = 9.45947e-05 (threshold = 1e-08)
  Iteration 34 (of 50).   Current convergence value = 9.39726e-05 (threshold = 1e-08)
  Iteration 35 (of 50).   Current convergence value = 9.3496e-05 (threshold = 1e-08)
  Iteration 36 (of 50).   Current convergence value = 9.29551e-05 (threshold = 1e-08)
  Iteration 37 (of 50).   Current convergence value = 9.24682e-05 (threshold = 1e-08)
  Iteration 38 (of 50).   Current convergence value = 9.1921e-05 (threshold = 1e-08)
  Iteration 39 (of 50).   Current convergence value = 9.14343e-05 (threshold = 1e-08)
  Iteration 40 (of 50).   Current convergence value = 9.10302e-05 (threshold = 1e-08)
  Iteration 41 (of 50).   Current convergence value = 9.04967e-05 (threshold = 1e-08)
  Iteration 42 (of 50).   Current convergence value = 8.99698e-05 (threshold = 1e-08)
  Iteration 43 (of 50).   Current convergence value = 8.95562e-05 (threshold = 1e-08)
  Iteration 44 (of 50).   Current convergence value = 8.90386e-05 (threshold = 1e-08)
  Iteration 45 (of 50).   Current convergence value = 8.86897e-05 (threshold = 1e-08)
  Iteration 46 (of 50).   Current convergence value = 8.83222e-05 (threshold = 1e-08)
  Iteration 47 (of 50).   Current convergence value = 8.79617e-05 (threshold = 1e-08)
  Iteration 48 (of 50).   Current convergence value = 8.74673e-05 (threshold = 1e-08)
  Iteration 49 (of 50).   Current convergence value = 8.70258e-05 (threshold = 1e-08)
  Iteration 50 (of 50).   Current convergence value = 8.65827e-05 (threshold = 1e-08)
Current level = 2
  Iteration 1 (of 50).   Current convergence value = 0.000512702 (threshold = 1e-08)
  Iteration 2 (of 50).   Current convergence value = 0.00041861 (threshold = 1e-08)
  Iteration 3 (of 50).   Current convergence value = 0.00035442 (threshold = 1e-08)
  Iteration 4 (of 50).   Current convergence value = 0.00030261 (threshold = 1e-08)
  Iteration 5 (of 50).   Current convergence value = 0.00025891 (threshold = 1e-08)
  Iteration 6 (of 50).   Current convergence value = 0.000223914 (threshold = 1e-08)
  Iteration 7 (of 50).   Current convergence value = 0.000198709 (threshold = 1e-08)
  Iteration 8 (of 50).   Current convergence value = 0.000182966 (threshold = 1e-08)
  Iteration 9 (of 50).   Current convergence value = 0.000162688 (threshold = 1e-08)
  Iteration 10 (of 50).   Current convergence value = 0.000145608 (threshold = 1e-08)
  Iteration 11 (of 50).   Current convergence value = 0.000130859 (threshold = 1e-08)
  Iteration 12 (of 50).   Current convergence value = 0.000117762 (threshold = 1e-08)
  Iteration 13 (of 50).   Current convergence value = 0.000106655 (threshold = 1e-08)
  Iteration 14 (of 50).   Current convergence value = 9.72338e-05 (threshold = 1e-08)
  Iteration 15 (of 50).   Current convergence value = 9.03231e-05 (threshold = 1e-08)
  Iteration 16 (of 50).   Current convergence value = 8.84132e-05 (threshold = 1e-08)
  Iteration 17 (of 50).   Current convergence value = 8.72595e-05 (threshold = 1e-08)
  Iteration 18 (of 50).   Current convergence value = 8.66205e-05 (threshold = 1e-08)
  Iteration 19 (of 50).   Current convergence value = 8.62399e-05 (threshold = 1e-08)
  Iteration 20 (of 50).   Current convergence value = 8.60072e-05 (threshold = 1e-08)
  Iteration 21 (of 50).   Current convergence value = 8.59513e-05 (threshold = 1e-08)
  Iteration 22 (of 50).   Current convergence value = 8.6086e-05 (threshold = 1e-08)
  Iteration 23 (of 50).   Current convergence value = 8.61821e-05 (threshold = 1e-08)
  Iteration 24 (of 50).   Current convergence value = 8.61276e-05 (threshold = 1e-08)
  Iteration 25 (of 50).   Current convergence value = 8.59506e-05 (threshold = 1e-08)
  Iteration 26 (of 50).   Current convergence value = 8.57546e-05 (threshold = 1e-08)
  Iteration 27 (of 50).   Current convergence value = 8.56685e-05 (threshold = 1e-08)
  Iteration 28 (of 50).   Current convergence value = 8.5478e-05 (threshold = 1e-08)
  Iteration 29 (of 50).   Current convergence value = 8.51119e-05 (threshold = 1e-08)
  Iteration 30 (of 50).   Current convergence value = 8.47322e-05 (threshold = 1e-08)
  Iteration 31 (of 50).   Current convergence value = 8.43409e-05 (threshold = 1e-08)
  Iteration 32 (of 50).   Current convergence value = 8.4022e-05 (threshold = 1e-08)
  Iteration 33 (of 50).   Current convergence value = 8.35887e-05 (threshold = 1e-08)
  Iteration 34 (of 50).   Current convergence value = 8.30222e-05 (threshold = 1e-08)
  Iteration 35 (of 50).   Current convergence value = 8.24559e-05 (threshold = 1e-08)
  Iteration 36 (of 50).   Current convergence value = 8.17515e-05 (threshold = 1e-08)
  Iteration 37 (of 50).   Current convergence value = 8.13107e-05 (threshold = 1e-08)
  Iteration 38 (of 50).   Current convergence value = 8.07001e-05 (threshold = 1e-08)
  Iteration 39 (of 50).   Current convergence value = 8.00346e-05 (threshold = 1e-08)
  Iteration 40 (of 50).   Current convergence value = 7.92192e-05 (threshold = 1e-08)
  Iteration 41 (of 50).   Current convergence value = 7.88304e-05 (threshold = 1e-08)
  Iteration 42 (of 50).   Current convergence value = 7.79702e-05 (threshold = 1e-08)
  Iteration 43 (of 50).   Current convergence value = 7.71901e-05 (threshold = 1e-08)
  Iteration 44 (of 50).   Current convergence value = 7.66615e-05 (threshold = 1e-08)
  Iteration 45 (of 50).   Current convergence value = 7.61223e-05 (threshold = 1e-08)
  Iteration 46 (of 50).   Current convergence value = 7.53165e-05 (threshold = 1e-08)
  Iteration 47 (of 50).   Current convergence value = 7.46972e-05 (threshold = 1e-08)
  Iteration 48 (of 50).   Current convergence value = 7.40297e-05 (threshold = 1e-08)
  Iteration 49 (of 50).   Current convergence value = 7.33877e-05 (threshold = 1e-08)
  Iteration 50 (of 50).   Current convergence value = 7.26591e-05 (threshold = 1e-08)
Current level = 3
  Iteration 1 (of 40).   Current convergence value = 0.00164865 (threshold = 1e-08)
  Iteration 2 (of 40).   Current convergence value = 0.00122726 (threshold = 1e-08)
  Iteration 3 (of 40).   Current convergence value = 0.000987265 (threshold = 1e-08)
  Iteration 4 (of 40).   Current convergence value = 0.000825577 (threshold = 1e-08)
  Iteration 5 (of 40).   Current convergence value = 0.000715797 (threshold = 1e-08)
  Iteration 6 (of 40).   Current convergence value = 0.000630139 (threshold = 1e-08)
  Iteration 7 (of 40).   Current convergence value = 0.000567091 (threshold = 1e-08)
  Iteration 8 (of 40).   Current convergence value = 0.0005195 (threshold = 1e-08)
  Iteration 9 (of 40).   Current convergence value = 0.000482474 (threshold = 1e-08)
  Iteration 10 (of 40).   Current convergence value = 0.000452449 (threshold = 1e-08)
  Iteration 11 (of 40).   Current convergence value = 0.000428367 (threshold = 1e-08)
  Iteration 12 (of 40).   Current convergence value = 0.000408868 (threshold = 1e-08)
  Iteration 13 (of 40).   Current convergence value = 0.000392938 (threshold = 1e-08)
  Iteration 14 (of 40).   Current convergence value = 0.000379388 (threshold = 1e-08)
  Iteration 15 (of 40).   Current convergence value = 0.000367695 (threshold = 1e-08)
  Iteration 16 (of 40).   Current convergence value = 0.000356216 (threshold = 1e-08)
  Iteration 17 (of 40).   Current convergence value = 0.000345528 (threshold = 1e-08)
  Iteration 18 (of 40).   Current convergence value = 0.00033585 (threshold = 1e-08)
  Iteration 19 (of 40).   Current convergence value = 0.000327696 (threshold = 1e-08)
  Iteration 20 (of 40).   Current convergence value = 0.000320298 (threshold = 1e-08)
  Iteration 21 (of 40).   Current convergence value = 0.000313558 (threshold = 1e-08)
  Iteration 22 (of 40).   Current convergence value = 0.00030741 (threshold = 1e-08)
  Iteration 23 (of 40).   Current convergence value = 0.000301596 (threshold = 1e-08)
  Iteration 24 (of 40).   Current convergence value = 0.000296461 (threshold = 1e-08)
  Iteration 25 (of 40).   Current convergence value = 0.000291551 (threshold = 1e-08)
  Iteration 26 (of 40).   Current convergence value = 0.000287124 (threshold = 1e-08)
  Iteration 27 (of 40).   Current convergence value = 0.000283131 (threshold = 1e-08)
  Iteration 28 (of 40).   Current convergence value = 0.000279507 (threshold = 1e-08)
  Iteration 29 (of 40).   Current convergence value = 0.000276028 (threshold = 1e-08)
  Iteration 30 (of 40).   Current convergence value = 0.000272777 (threshold = 1e-08)
  Iteration 31 (of 40).   Current convergence value = 0.00026983 (threshold = 1e-08)
  Iteration 32 (of 40).   Current convergence value = 0.000267145 (threshold = 1e-08)
  Iteration 33 (of 40).   Current convergence value = 0.000264702 (threshold = 1e-08)
  Iteration 34 (of 40).   Current convergence value = 0.000262417 (threshold = 1e-08)
  Iteration 35 (of 40).   Current convergence value = 0.000260314 (threshold = 1e-08)
  Iteration 36 (of 40).   Current convergence value = 0.000258353 (threshold = 1e-08)
  Iteration 37 (of 40).   Current convergence value = 0.000256487 (threshold = 1e-08)
  Iteration 38 (of 40).   Current convergence value = 0.000254856 (threshold = 1e-08)
  Iteration 39 (of 40).   Current convergence value = 0.000253229 (threshold = 1e-08)
  Iteration 40 (of 40).   Current convergence value = 0.000251724 (threshold = 1e-08)
Current level = 4
  Iteration 1 (of 30).   Current convergence value = 0.00196663 (threshold = 1e-08)
  Iteration 2 (of 30).   Current convergence value = 0.00175996 (threshold = 1e-08)
  Iteration 3 (of 30).   Current convergence value = 0.00166098 (threshold = 1e-08)
  Iteration 4 (of 30).   Current convergence value = 0.00159848 (threshold = 1e-08)
  Iteration 5 (of 30).   Current convergence value = 0.00155545 (threshold = 1e-08)
  Iteration 6 (of 30).   Current convergence value = 0.00152479 (threshold = 1e-08)
  Iteration 7 (of 30).   Current convergence value = 0.00150897 (threshold = 1e-08)
  Iteration 8 (of 30).   Current convergence value = 0.00149984 (threshold = 1e-08)
  Iteration 9 (of 30).   Current convergence value = 0.00149541 (threshold = 1e-08)
  Iteration 10 (of 30).   Current convergence value = 0.00149399 (threshold = 1e-08)
  Iteration 11 (of 30).   Current convergence value = 0.00149315 (threshold = 1e-08)
  Iteration 12 (of 30).   Current convergence value = 0.00149279 (threshold = 1e-08)
  Iteration 13 (of 30).   Current convergence value = 0.00149112 (threshold = 1e-08)
  Iteration 14 (of 30).   Current convergence value = 0.00148231 (threshold = 1e-08)
  Iteration 15 (of 30).   Current convergence value = 0.00146542 (threshold = 1e-08)
  Iteration 16 (of 30).   Current convergence value = 0.00144619 (threshold = 1e-08)
  Iteration 17 (of 30).   Current convergence value = 0.0014389 (threshold = 1e-08)
  Iteration 18 (of 30).   Current convergence value = 0.00143009 (threshold = 1e-08)
  Iteration 19 (of 30).   Current convergence value = 0.00141817 (threshold = 1e-08)
  Iteration 20 (of 30).   Current convergence value = 0.00140124 (threshold = 1e-08)
  Iteration 21 (of 30).   Current convergence value = 0.00137909 (threshold = 1e-08)
  Iteration 22 (of 30).   Current convergence value = 0.00135052 (threshold = 1e-08)
  Iteration 23 (of 30).   Current convergence value = 0.00131393 (threshold = 1e-08)
  Iteration 24 (of 30).   Current convergence value = 0.00127063 (threshold = 1e-08)
  Iteration 25 (of 30).   Current convergence value = 0.00122314 (threshold = 1e-08)
  Iteration 26 (of 30).   Current convergence value = 0.00133624 (threshold = 1e-08)
  Iteration 27 (of 30).   Current convergence value = 0.00134033 (threshold = 1e-08)
  Iteration 28 (of 30).   Current convergence value = 0.00133278 (threshold = 1e-08)
  Iteration 29 (of 30).   Current convergence value = 0.00132071 (threshold = 1e-08)
  Iteration 30 (of 30).   Current convergence value = 0.00128258 (threshold = 1e-08)
   N4BiasFieldCorrectionImageFilter (0x55971d0dce20)
     RTTI typeinfo:   itk::N4BiasFieldCorrectionImageFilter<itk::Image<float, 3u>, itk::Image<float, 3u>, itk::Image<float, 3u> >
     Reference Count: 1
     Modified Time: 565
     Debug: Off
     Object Name: 
     Observers: 
       IterationEvent(Command)
     Inputs: 
       ConfidenceImage: (0)
       MaskImage: (0x55971d107540)
       Primary: (0x55971d1029f0) *
     Indexed Inputs: 
       0: Primary (0x55971d1029f0)
       1: MaskImage (0x55971d107540)
       2: ConfidenceImage (0)
     Required Input Names: Primary
     NumberOfRequiredInputs: 1
     Outputs: 
       Primary: (0x55971d0ecef0)
     Indexed Outputs: 
       0: Primary (0x55971d0ecef0)
     NumberOfRequiredOutputs: 1
     Number Of Work Units: 32
     ReleaseDataFlag: Off
     ReleaseDataBeforeUpdateFlag: Off
     AbortGenerateData: Off
     Progress: 0
     Multithreader: 
       RTTI typeinfo:   itk::PoolMultiThreader
       Reference Count: 1
       Modified Time: 144
       Debug: Off
       Object Name: 
       Observers: 
         none
       Number of Work Units: 32
       Number of Threads: 8
       Global Maximum Number Of Threads: 128
       Global Default Number Of Threads: 8
       Global Default Threader Type: itk::MultiThreaderBaseEnums::Threader::Pool
       SingleMethod: 0
       SingleData: 0
     DynamicMultiThreading: On
     CoordinateTolerance: 1e-06
     DirectionTolerance: 1e-06
     Use Mask Label: 0
     Mask label: 1
     Number of histogram bins: 200
     Wiener filter noise: 0.01
     Bias field FWHM: 0.15
     Maximum number of iterations: [50, 50, 40, 30]
     Convergence threshold: 1e-08
     Spline order: 3
     Number of fitting levels: [4, 4, 4]
     Number of control points: [4, 5, 5]
     CurrentConvergenceMeasurement: 0.00128258
     CurrentLevel: 4
     ElapsedIterations: 31
     LogBiasFieldControlPointLattice: 
       Image (0x559723be1f70)
         RTTI typeinfo:   itk::Image<itk::Vector<float, 1u>, 3u>
         Reference Count: 1
         Modified Time: 343560
         Debug: Off
         Object Name: 
         Observers: 
           none
         Source: (none)
         Source output name: (none)
         Release Data: Off
         Data Released: False
         Global Release Data: Off
         PipelineMTime: 0
         UpdateMTime: 0
         RealTimeStamp: 0 seconds 
         LargestPossibleRegion: 
           Dimension: 3
           Index: [0, 0, 0]
           Size: [11, 19, 19]
         BufferedRegion: 
           Dimension: 3
           Index: [0, 0, 0]
           Size: [11, 19, 19]
         RequestedRegion: 
           Dimension: 3
           Index: [0, 0, 0]
           Size: [11, 19, 19]
         Spacing: [24.75, 24.875, 24.875]
         Origin: [25.6434, 24.7714, -24.06]
         Direction: 
-0.999323 0.000206296 -0.0367971
-0.00037302 -0.99999 0.00452411
-0.0367958 0.00453477 0.999313

         IndexToPointMatrix: 
-24.7332 0.00513161 -0.915327
-0.00923225 -24.8747 0.112537
-0.910695 0.112802 24.8579

         PointToIndexMatrix: 
-0.0403767 -1.50715e-05 -0.0014867
8.2933e-06 -0.0402006 0.000182302
-0.00147928 0.000181874 0.0401734

         Inverse Direction: 
-0.999323 -0.00037302 -0.0367958
0.000206296 -0.99999 0.00453477
-0.0367971 0.00452411 0.999313

         PixelContainer: 
           ImportImageContainer (0x55972a309500)
             RTTI typeinfo:   itk::ImportImageContainer<unsigned long, itk::Vector<float, 1u> >
             Reference Count: 1
             Modified Time: 343561
             Debug: Off
             Object Name: 
             Observers: 
               none
             Pointer: 0x55972727b5b0
             Container manages memory: true
             Size: 3971
             Capacity: 3971
Elapsed time: 317.724
All_Command_lines_OK
Using single precision for computations.
=============================================================================
The composite transform comprises the following transforms (in order): 
  1. Center of mass alignment using fixed image: /home/mpib/nemecz/Projects/miniTRK/Results/01_MRI/GroupTempl/T1w/T_template0.nii.gz and moving image: /home/mpib/nemecz/Projects/miniTRK/Analysis/01_MRI/Preproc/GroupTempl/T1w/sub-676955_T1w.nii.gz (type = Euler3DTransform)
=============================================================================
  number of levels = 4
  number of levels = 4
  number of levels = 4
  fixed image: /home/mpib/nemecz/Projects/miniTRK/Results/01_MRI/GroupTempl/T1w/T_template0.nii.gz
  moving image: /home/mpib/nemecz/Projects/miniTRK/Results/01_MRI/GroupTempl/T1w/T_template0sub-676955_T1wRepaired.nii.gz
  fixed image: /home/mpib/nemecz/Projects/miniTRK/Results/01_MRI/GroupTempl/T1w/T_template0.nii.gz
  moving image: /home/mpib/nemecz/Projects/miniTRK/Results/01_MRI/GroupTempl/T1w/T_template0sub-676955_T1wRepaired.nii.gz
  fixed image: /home/mpib/nemecz/Projects/miniTRK/Results/01_MRI/GroupTempl/T1w/T_template0.nii.gz
  moving image: /home/mpib/nemecz/Projects/miniTRK/Results/01_MRI/GroupTempl/T1w/T_template0sub-676955_T1wRepaired.nii.gz
Dimension = 3
Number of stages = 3
Use Histogram Matching true
Winsorize image intensities true
Lower quantile = 0.01
Upper quantile = 0.99
Stage 1 State
   Image metric = Mattes
     Fixed image = Image (0x5609e6a35ad0)
  RTTI typeinfo:   itk::Image<float, 3u>
  Reference Count: 2
  Modified Time: 1721
  Debug: Off
  Object Name: 
  Observers: 
    none
  Source: (none)
  Source output name: (none)
  Release Data: Off
  Data Released: False
  Global Release Data: Off
  PipelineMTime: 0
  UpdateMTime: 1506
  RealTimeStamp: 0 seconds 
  LargestPossibleRegion: 
    Dimension: 3
    Index: [0, 0, 0]
    Size: [192, 256, 256]
  BufferedRegion: 
    Dimension: 3
    Index: [0, 0, 0]
    Size: [192, 256, 256]
  RequestedRegion: 
    Dimension: 3
    Index: [0, 0, 0]
    Size: [192, 256, 256]
  Spacing: [1, 1, 1]
  Origin: [95.0313, 100.538, -154.123]
  Direction: 
-0.999853 -0.014134 -0.00966312
0.014129 -0.9999 0.000586045
-0.00967044 0.000449429 0.999953

  IndexToPointMatrix: 
-0.999853 -0.014134 -0.00966312
0.014129 -0.9999 0.000586045
-0.00967044 0.000449429 0.999953

  PointToIndexMatrix: 
-0.999853 0.014129 -0.00967044
-0.014134 -0.9999 0.000449429
-0.00966312 0.000586045 0.999953

  Inverse Direction: 
-0.999853 0.014129 -0.00967044
-0.014134 -0.9999 0.000449429
-0.00966312 0.000586045 0.999953

  PixelContainer: 
    ImportImageContainer (0x5609e6a3dc80)
      RTTI typeinfo:   itk::ImportImageContainer<unsigned long, float>
      Reference Count: 1
      Modified Time: 1503
      Debug: Off
      Object Name: 
      Observers: 
        none
      Pointer: 0x7fa7c9616010
      Container manages memory: true
      Size: 12582912
      Capacity: 12582912

     Moving image = Image (0x5609e6a41e40)
  RTTI typeinfo:   itk::Image<float, 3u>
  Reference Count: 2
  Modified Time: 1722
  Debug: Off
  Object Name: 
  Observers: 
    none
  Source: (none)
  Source output name: (none)
  Release Data: Off
  Data Released: False
  Global Release Data: Off
  PipelineMTime: 0
  UpdateMTime: 1719
  RealTimeStamp: 0 seconds 
  LargestPossibleRegion: 
    Dimension: 3
    Index: [0, 0, 0]
    Size: [192, 256, 256]
  BufferedRegion: 
    Dimension: 3
    Index: [0, 0, 0]
    Size: [192, 256, 256]
  RequestedRegion: 
    Dimension: 3
    Index: [0, 0, 0]
    Size: [192, 256, 256]
  Spacing: [1, 1, 1]
  Origin: [102.732, 102.596, -144.076]
  Direction: 
-0.999323 0.000206296 -0.0367971
-0.00037302 -0.99999 0.00452411
-0.0367958 0.00453477 0.999313

  IndexToPointMatrix: 
-0.999323 0.000206296 -0.0367971
-0.00037302 -0.99999 0.00452411
-0.0367958 0.00453477 0.999313

  PointToIndexMatrix: 
-0.999323 -0.00037302 -0.0367958
0.000206296 -0.99999 0.00453477
-0.0367971 0.00452411 0.999313

  Inverse Direction: 
-0.999323 -0.00037302 -0.0367958
0.000206296 -0.99999 0.00453477
-0.0367971 0.00452411 0.999313

  PixelContainer: 
    ImportImageContainer (0x5609e6a392d0)
      RTTI typeinfo:   itk::ImportImageContainer<unsigned long, float>
      Reference Count: 1
      Modified Time: 1716
      Debug: Off
      Object Name: 
      Observers: 
        none
      Pointer: 0x7fa7c6615010
      Container manages memory: true
      Size: 12582912
      Capacity: 12582912

     Weighting = 1
     Sampling strategy = regular
     Number of bins = 32
     Radius = 4
     Sampling percentage  = 0.25
   Transform = Rigid
     Gradient step = 0.1
     Update field sigma (voxel space) = 0
     Total field sigma (voxel space) = 0
     Update field time sigma = 0
     Total field time sigma  = 0
     Number of time indices = 0
     Number of time point samples = 0
Stage 2 State
   Image metric = Mattes
     Fixed image = Image (0x5609e6a4e8d0)
  RTTI typeinfo:   itk::Image<float, 3u>
  Reference Count: 2
  Modified Time: 2149
  Debug: Off
  Object Name: 
  Observers: 
    none
  Source: (none)
  Source output name: (none)
  Release Data: Off
  Data Released: False
  Global Release Data: Off
  PipelineMTime: 0
  UpdateMTime: 1934
  RealTimeStamp: 0 seconds 
  LargestPossibleRegion: 
    Dimension: 3
    Index: [0, 0, 0]
    Size: [192, 256, 256]
  BufferedRegion: 
    Dimension: 3
    Index: [0, 0, 0]
    Size: [192, 256, 256]
  RequestedRegion: 
    Dimension: 3
    Index: [0, 0, 0]
    Size: [192, 256, 256]
  Spacing: [1, 1, 1]
  Origin: [95.0313, 100.538, -154.123]
  Direction: 
-0.999853 -0.014134 -0.00966312
0.014129 -0.9999 0.000586045
-0.00967044 0.000449429 0.999953

  IndexToPointMatrix: 
-0.999853 -0.014134 -0.00966312
0.014129 -0.9999 0.000586045
-0.00967044 0.000449429 0.999953

  PointToIndexMatrix: 
-0.999853 0.014129 -0.00967044
-0.014134 -0.9999 0.000449429
-0.00966312 0.000586045 0.999953

  Inverse Direction: 
-0.999853 0.014129 -0.00967044
-0.014134 -0.9999 0.000449429
-0.00966312 0.000586045 0.999953

  PixelContainer: 
    ImportImageContainer (0x5609e6a3e6a0)
      RTTI typeinfo:   itk::ImportImageContainer<unsigned long, float>
      Reference Count: 1
      Modified Time: 1931
      Debug: Off
      Object Name: 
      Observers: 
        none
      Pointer: 0x7fa7c3614010
      Container manages memory: true
      Size: 12582912
      Capacity: 12582912

     Moving image = Image (0x5609e6a4e530)
  RTTI typeinfo:   itk::Image<float, 3u>
  Reference Count: 2
  Modified Time: 2150
  Debug: Off
  Object Name: 
  Observers: 
    none
  Source: (none)
  Source output name: (none)
  Release Data: Off
  Data Released: False
  Global Release Data: Off
  PipelineMTime: 0
  UpdateMTime: 2147
  RealTimeStamp: 0 seconds 
  LargestPossibleRegion: 
    Dimension: 3
    Index: [0, 0, 0]
    Size: [192, 256, 256]
  BufferedRegion: 
    Dimension: 3
    Index: [0, 0, 0]
    Size: [192, 256, 256]
  RequestedRegion: 
    Dimension: 3
    Index: [0, 0, 0]
    Size: [192, 256, 256]
  Spacing: [1, 1, 1]
  Origin: [102.732, 102.596, -144.076]
  Direction: 
-0.999323 0.000206296 -0.0367971
-0.00037302 -0.99999 0.00452411
-0.0367958 0.00453477 0.999313

  IndexToPointMatrix: 
-0.999323 0.000206296 -0.0367971
-0.00037302 -0.99999 0.00452411
-0.0367958 0.00453477 0.999313

  PointToIndexMatrix: 
-0.999323 -0.00037302 -0.0367958
0.000206296 -0.99999 0.00453477
-0.0367971 0.00452411 0.999313

  Inverse Direction: 
-0.999323 -0.00037302 -0.0367958
0.000206296 -0.99999 0.00453477
-0.0367971 0.00452411 0.999313

  PixelContainer: 
    ImportImageContainer (0x5609e6a4f8a0)
      RTTI typeinfo:   itk::ImportImageContainer<unsigned long, float>
      Reference Count: 1
      Modified Time: 2144
      Debug: Off
      Object Name: 
      Observers: 
        none
      Pointer: 0x7fa7c0613010
      Container manages memory: true
      Size: 12582912
      Capacity: 12582912

     Weighting = 1
     Sampling strategy = regular
     Number of bins = 32
     Radius = 4
     Sampling percentage  = 0.25
   Transform = Affine
     Gradient step = 0.1
     Update field sigma (voxel space) = 0
     Total field sigma (voxel space) = 0
     Update field time sigma = 0
     Total field time sigma  = 0
     Number of time indices = 0
     Number of time point samples = 0
Stage 3 State
   Image metric = CC
     Fixed image = Image (0x5609e6a55a00)
  RTTI typeinfo:   itk::Image<float, 3u>
  Reference Count: 2
  Modified Time: 2577
  Debug: Off
  Object Name: 
  Observers: 
    none
  Source: (none)
  Source output name: (none)
  Release Data: Off
  Data Released: False
  Global Release Data: Off
  PipelineMTime: 0
  UpdateMTime: 2362
  RealTimeStamp: 0 seconds 
  LargestPossibleRegion: 
    Dimension: 3
    Index: [0, 0, 0]
    Size: [192, 256, 256]
  BufferedRegion: 
    Dimension: 3
    Index: [0, 0, 0]
    Size: [192, 256, 256]
  RequestedRegion: 
    Dimension: 3
    Index: [0, 0, 0]
    Size: [192, 256, 256]
  Spacing: [1, 1, 1]
  Origin: [95.0313, 100.538, -154.123]
  Direction: 
-0.999853 -0.014134 -0.00966312
0.014129 -0.9999 0.000586045
-0.00967044 0.000449429 0.999953

  IndexToPointMatrix: 
-0.999853 -0.014134 -0.00966312
0.014129 -0.9999 0.000586045
-0.00967044 0.000449429 0.999953

  PointToIndexMatrix: 
-0.999853 0.014129 -0.00967044
-0.014134 -0.9999 0.000449429
-0.00966312 0.000586045 0.999953

  Inverse Direction: 
-0.999853 0.014129 -0.00967044
-0.014134 -0.9999 0.000449429
-0.00966312 0.000586045 0.999953

  PixelContainer: 
    ImportImageContainer (0x5609e6a37b50)
      RTTI typeinfo:   itk::ImportImageContainer<unsigned long, float>
      Reference Count: 1
      Modified Time: 2359
      Debug: Off
      Object Name: 
      Observers: 
        none
      Pointer: 0x7fa7bd612010
      Container manages memory: true
      Size: 12582912
      Capacity: 12582912

     Moving image = Image (0x5609e6a52d50)
  RTTI typeinfo:   itk::Image<float, 3u>
  Reference Count: 2
  Modified Time: 2578
  Debug: Off
  Object Name: 
  Observers: 
    none
  Source: (none)
  Source output name: (none)
  Release Data: Off
  Data Released: False
  Global Release Data: Off
  PipelineMTime: 0
  UpdateMTime: 2575
  RealTimeStamp: 0 seconds 
  LargestPossibleRegion: 
    Dimension: 3
    Index: [0, 0, 0]
    Size: [192, 256, 256]
  BufferedRegion: 
    Dimension: 3
    Index: [0, 0, 0]
    Size: [192, 256, 256]
  RequestedRegion: 
    Dimension: 3
    Index: [0, 0, 0]
    Size: [192, 256, 256]
  Spacing: [1, 1, 1]
  Origin: [102.732, 102.596, -144.076]
  Direction: 
-0.999323 0.000206296 -0.0367971
-0.00037302 -0.99999 0.00452411
-0.0367958 0.00453477 0.999313

  IndexToPointMatrix: 
-0.999323 0.000206296 -0.0367971
-0.00037302 -0.99999 0.00452411
-0.0367958 0.00453477 0.999313

  PointToIndexMatrix: 
-0.999323 -0.00037302 -0.0367958
0.000206296 -0.99999 0.00453477
-0.0367971 0.00452411 0.999313

  Inverse Direction: 
-0.999323 -0.00037302 -0.0367958
0.000206296 -0.99999 0.00453477
-0.0367971 0.00452411 0.999313

  PixelContainer: 
    ImportImageContainer (0x5609e6a51b00)
      RTTI typeinfo:   itk::ImportImageContainer<unsigned long, float>
      Reference Count: 1
      Modified Time: 2572
      Debug: Off
      Object Name: 
      Observers: 
        none
      Pointer: 0x7fa7ba611010
      Container manages memory: true
      Size: 12582912
      Capacity: 12582912

     Weighting = 1
     Sampling strategy = none
     Number of bins = 32
     Radius = 4
     Sampling percentage  = 1
   Transform = SyN
     Gradient step = 0.1
     Update field sigma (voxel space) = 3
     Total field sigma (voxel space) = 0
     Update field time sigma = 0
     Total field time sigma  = 0
     Number of time indices = 0
     Number of time point samples = 0
Registration using 3 total stages.

Stage 0
  iterations = 1000x500x250x0
  convergence threshold = 1e-06
  convergence window size = 10
  number of levels = 4
  using the Mattes MI metric (number of bins = 32, weight = 1)
  preprocessing:  winsorizing the image intensities
  preprocessing:  histogram matching the images
  Shrink factors (level 1 out of 4): [6, 6, 6]
  Shrink factors (level 2 out of 4): [4, 4, 4]
  Shrink factors (level 3 out of 4): [2, 2, 2]
  Shrink factors (level 4 out of 4): [1, 1, 1]
  smoothing sigmas per level: [4, 2, 1, 0]
  regular sampling (percentage = 0.25)

*** Running Euler3DTransform registration ***

DIAGNOSTIC,Iteration,metricValue,convergenceValue,ITERATION_TIME_INDEX,SINCE_LAST
 2DIAGNOSTIC,     1, -7.581716179848e-01, inf, 6.5301e-01, 6.5301e-01, 
 2DIAGNOSTIC,     2, -7.602283358574e-01, inf, 6.6308e-01, 1.0072e-02, 
 2DIAGNOSTIC,     3, -7.633185386658e-01, inf, 6.7256e-01, 9.4781e-03, 
 2DIAGNOSTIC,     4, -7.675281763077e-01, inf, 6.8390e-01, 1.1335e-02, 
 2DIAGNOSTIC,     5, -7.728475332260e-01, inf, 6.9251e-01, 8.6122e-03, 
 2DIAGNOSTIC,     6, -7.790911793709e-01, inf, 7.0158e-01, 9.0749e-03, 
 2DIAGNOSTIC,     7, -7.842347621918e-01, inf, 7.1028e-01, 8.6951e-03, 
 2DIAGNOSTIC,     8, -7.887085080147e-01, inf, 7.1930e-01, 9.0230e-03, 
 2DIAGNOSTIC,     9, -7.958564758301e-01, inf, 7.2952e-01, 1.0218e-02, 
 2DIAGNOSTIC,    10, -8.155932426453e-01, 4.208629019558e-03, 7.4376e-01, 1.4238e-02, 
 2DIAGNOSTIC,    11, -8.176650404930e-01, 4.338671453297e-03, 7.5321e-01, 9.4550e-03, 
 2DIAGNOSTIC,    12, -8.177317380905e-01, 4.129422828555e-03, 7.6271e-01, 9.4960e-03, 
 2DIAGNOSTIC,    13, -8.177209496498e-01, 3.675114596263e-03, 7.7123e-01, 8.5161e-03, 
 2DIAGNOSTIC,    14, -8.178065419197e-01, 3.061352530494e-03, 7.7972e-01, 8.4970e-03, 
 2DIAGNOSTIC,    15, -8.178248405457e-01, 2.371388487518e-03, 7.8773e-01, 8.0059e-03, 
 2DIAGNOSTIC,    16, -8.179146647453e-01, 1.693413127214e-03, 7.9589e-01, 8.1649e-03, 
 2DIAGNOSTIC,    17, -8.179970979691e-01, 1.057714689523e-03, 8.0641e-01, 1.0512e-02, 
 2DIAGNOSTIC,    18, -8.180891871452e-01, 4.890842246823e-04, 8.1923e-01, 1.2828e-02, 
 2DIAGNOSTIC,    19, -8.181038498878e-01, 6.102930274210e-05, 8.2764e-01, 8.4090e-03, 
 2DIAGNOSTIC,    20, -8.181059360504e-01, 2.171706910303e-05, 8.3608e-01, 8.4341e-03, 
 2DIAGNOSTIC,    21, -8.181108236313e-01, 1.952110324055e-05, 8.4455e-01, 8.4751e-03, 
 2DIAGNOSTIC,    22, -8.181443214417e-01, 1.746604357322e-05, 8.5342e-01, 8.8730e-03, 
 2DIAGNOSTIC,    23, -8.181486129761e-01, 1.394412902300e-05, 8.6450e-01, 1.1079e-02, 
 2DIAGNOSTIC,    24, -8.181501626968e-01, 1.086016800400e-05, 8.7237e-01, 7.8630e-03, 
 2DIAGNOSTIC,    25, -8.181525468826e-01, 7.434070994350e-06, 8.8115e-01, 8.7831e-03, 
 2DIAGNOSTIC,    26, -8.181525468826e-01, 4.906400135951e-06, 8.9027e-01, 9.1250e-03, 
 2DIAGNOSTIC,    27, -8.181536197662e-01, 3.280079909018e-06, 9.0292e-01, 1.2649e-02, 
 2DIAGNOSTIC,    28, -8.181536197662e-01, 2.732164148256e-06, 9.1375e-01, 1.0823e-02, 
 2DIAGNOSTIC,    29, -8.181563019753e-01, 2.291429154866e-06, 9.2298e-01, 9.2380e-03, 
 2DIAGNOSTIC,    30, -8.181551694870e-01, 1.783363813956e-06, 9.3254e-01, 9.5539e-03, 
 2DIAGNOSTIC,    31, -8.181573152542e-01, 1.312449626312e-06, 9.4210e-01, 9.5580e-03, 
 2DIAGNOSTIC,    32, -8.181570768356e-01, 1.211224116560e-06, 9.5189e-01, 9.7890e-03, 
 2DIAGNOSTIC,    33, -8.181568384171e-01, 1.140232370744e-06, 9.6438e-01, 1.2496e-02, 
 2DIAGNOSTIC,    34, -8.181574940681e-01, 1.080429569811e-06, 9.7463e-01, 1.0252e-02, 
 2DIAGNOSTIC,    35, -8.181569576263e-01, 1.030108251143e-06, 9.8493e-01, 1.0292e-02, 
DIAGNOSTIC,Iteration,metricValue,convergenceValue,ITERATION_TIME_INDEX,SINCE_LAST
 2DIAGNOSTIC,     1, -6.317665576935e-01, inf, 1.5460e+00, 5.6105e-01, 
 2DIAGNOSTIC,     2, -6.323704719543e-01, inf, 1.5799e+00, 3.3947e-02, 
 2DIAGNOSTIC,     3, -6.332207322121e-01, inf, 1.6143e+00, 3.4416e-02, 
 2DIAGNOSTIC,     4, -6.342182755470e-01, inf, 1.6466e+00, 3.2309e-02, 
 2DIAGNOSTIC,     5, -6.352099776268e-01, inf, 1.6788e+00, 3.2112e-02, 
 2DIAGNOSTIC,     6, -6.357897520065e-01, inf, 1.7141e+00, 3.5330e-02, 
 2DIAGNOSTIC,     7, -6.371571421623e-01, inf, 1.7565e+00, 4.2390e-02, 
 2DIAGNOSTIC,     8, -6.376412510872e-01, inf, 1.8019e+00, 4.5406e-02, 
 2DIAGNOSTIC,     9, -6.377086639404e-01, inf, 1.8463e+00, 4.4389e-02, 
 2DIAGNOSTIC,    10, -6.377037167549e-01, 6.819510599598e-04, 1.8845e+00, 3.8273e-02, 
 2DIAGNOSTIC,    11, -6.377076506615e-01, 5.340818897821e-04, 1.9229e+00, 3.8355e-02, 
 2DIAGNOSTIC,    12, -6.377095580101e-01, 3.850620705634e-04, 1.9628e+00, 3.9915e-02, 
 2DIAGNOSTIC,    13, -6.377014517784e-01, 2.527565229684e-04, 2.0035e+00, 4.0664e-02, 
 2DIAGNOSTIC,    14, -6.376905441284e-01, 1.481113140471e-04, 2.0435e+00, 4.0014e-02, 
 2DIAGNOSTIC,    15, -6.376889348030e-01, 7.386789366137e-05, 2.0792e+00, 3.5717e-02, 
 2DIAGNOSTIC,    16, -6.376915574074e-01, 1.770137896528e-05, 2.1171e+00, 3.7922e-02, 
 2DIAGNOSTIC,    17, -6.376956105232e-01, 2.393285512881e-06, 2.1550e+00, 3.7904e-02, 
 2DIAGNOSTIC,    18, -6.377083063126e-01, 1.022375954562e-06, 2.1891e+00, 3.4033e-02, 
 2DIAGNOSTIC,    19, -6.377127170563e-01, 1.557531845719e-06, 2.2234e+00, 3.4343e-02, 
 2DIAGNOSTIC,    20, -6.377228498459e-01, 2.164403440474e-06, 2.2633e+00, 3.9842e-02, 
 2DIAGNOSTIC,    21, -6.377339959145e-01, 2.972011088787e-06, 2.2969e+00, 3.3632e-02, 
 2DIAGNOSTIC,    22, -6.377449631691e-01, 3.827957698377e-06, 2.3372e+00, 4.0287e-02, 
 2DIAGNOSTIC,    23, -6.377616524696e-01, 4.554780389299e-06, 2.3714e+00, 3.4219e-02, 
 2DIAGNOSTIC,    24, -6.377845406532e-01, 5.143315320311e-06, 2.4101e+00, 3.8708e-02, 
 2DIAGNOSTIC,    25, -6.377875804901e-01, 5.346173111320e-06, 2.4578e+00, 4.7666e-02, 
 2DIAGNOSTIC,    26, -6.377885341644e-01, 5.217044417805e-06, 2.5028e+00, 4.4986e-02, 
 2DIAGNOSTIC,    27, -6.377878189087e-01, 4.775829438586e-06, 2.5394e+00, 3.6630e-02, 
 2DIAGNOSTIC,    28, -6.377801895142e-01, 4.105388597964e-06, 2.5773e+00, 3.7941e-02, 
 2DIAGNOSTIC,    29, -6.377837657928e-01, 3.320621999592e-06, 2.6183e+00, 4.0980e-02, 
 2DIAGNOSTIC,    30, -6.377805471420e-01, 2.477084990460e-06, 2.6582e+00, 3.9877e-02, 
 2DIAGNOSTIC,    31, -6.377850770950e-01, 1.783247967069e-06, 2.6983e+00, 4.0068e-02, 
 2DIAGNOSTIC,    32, -6.377875804901e-01, 1.245894054591e-06, 2.7387e+00, 4.0415e-02, 
DIAGNOSTIC,Iteration,metricValue,convergenceValue,ITERATION_TIME_INDEX,SINCE_LAST
 2DIAGNOSTIC,     1, -5.642655491829e-01, inf, 3.7496e+00, 1.0109e+00, 
 2DIAGNOSTIC,     2, -5.646574497223e-01, inf, 3.9705e+00, 2.2092e-01, 
 2DIAGNOSTIC,     3, -5.650503635406e-01, inf, 4.1869e+00, 2.1638e-01, 
 2DIAGNOSTIC,     4, -5.653644800186e-01, inf, 4.3964e+00, 2.0953e-01, 
 2DIAGNOSTIC,     5, -5.655182600021e-01, inf, 4.6691e+00, 2.7272e-01, 
 2DIAGNOSTIC,     6, -5.655237436295e-01, inf, 4.9227e+00, 2.5354e-01, 
 2DIAGNOSTIC,     7, -5.655285716057e-01, inf, 5.2267e+00, 3.0399e-01, 
 2DIAGNOSTIC,     8, -5.655281543732e-01, inf, 5.4474e+00, 2.2077e-01, 
 2DIAGNOSTIC,     9, -5.655271410942e-01, inf, 5.6959e+00, 2.4850e-01, 
 2DIAGNOSTIC,    10, -5.655257701874e-01, 1.255120732822e-04, 5.9765e+00, 2.8059e-01, 
 2DIAGNOSTIC,    11, -5.655258893967e-01, 6.703743565595e-05, 6.2197e+00, 2.4320e-01, 
 2DIAGNOSTIC,    12, -5.655249953270e-01, 2.872926597774e-05, 6.5229e+00, 3.0314e-01, 
 2DIAGNOSTIC,    13, -5.655242800713e-01, 8.856563908921e-06, 6.7710e+00, 2.4817e-01, 
 2DIAGNOSTIC,    14, -5.655233860016e-01, 2.337547584830e-06, 7.0540e+00, 2.8302e-01, 
 2DIAGNOSTIC,    15, -5.655226111412e-01, 1.807495209505e-06, 7.2989e+00, 2.4484e-01, 
 2DIAGNOSTIC,    16, -5.655228495598e-01, 1.547452143313e-06, 7.6475e+00, 3.4863e-01, 
 2DIAGNOSTIC,    17, -5.655221939087e-01, 1.480949663346e-06, 7.9560e+00, 3.0846e-01, 
 2DIAGNOSTIC,    18, -5.655222535133e-01, 1.449128490094e-06, 8.2066e+00, 2.5066e-01, 
 2DIAGNOSTIC,    19, -5.655220150948e-01, 1.418149849997e-06, 8.4522e+00, 2.4560e-01, 
 2DIAGNOSTIC,    20, -5.655217170715e-01, 1.371817006657e-06, 8.7045e+00, 2.5229e-01, 
 2DIAGNOSTIC,    21, -5.655215978622e-01, 1.350554498458e-06, 8.9254e+00, 2.2091e-01, 
 2DIAGNOSTIC,    22, -5.655218362808e-01, 1.331675548499e-06, 9.2982e+00, 3.7272e-01, 
 2DIAGNOSTIC,    23, -5.655218362808e-01, 1.309730009780e-06, 9.5435e+00, 2.4536e-01, 
 2DIAGNOSTIC,    24, -5.655217170715e-01, 1.275714453186e-06, 9.7948e+00, 2.5129e-01, 
 2DIAGNOSTIC,    25, -5.655215978622e-01, 1.231133865076e-06, 1.0046e+01, 2.5074e-01, 
 2DIAGNOSTIC,    26, -5.655217766762e-01, 1.202336761708e-06, 1.0294e+01, 2.4802e-01, 
 2DIAGNOSTIC,    27, -5.655215382576e-01, 1.160638930742e-06, 1.0517e+01, 2.2365e-01, 
 2DIAGNOSTIC,    28, -5.655215978622e-01, 1.125872586272e-06, 1.0762e+01, 2.4523e-01, 
 2DIAGNOSTIC,    29, -5.655215978622e-01, 1.090557589123e-06, 1.1009e+01, 2.4605e-01, 
 2DIAGNOSTIC,    30, -5.655214786530e-01, 1.051305275723e-06, 1.1256e+01, 2.4715e-01, 
 2DIAGNOSTIC,    31, -5.655215382576e-01, 1.014391273202e-06, 1.1504e+01, 2.4853e-01, 
DIAGNOSTIC,Iteration,metricValue,convergenceValue,ITERATION_TIME_INDEX,SINCE_LAST
