
Running N4 for 3-dimensional images.

Mask not read.  Using the entire image as the mask.

Original intensity range:  [0, 953]

***********************************************************
Warning:  Your input image contains nonpositive values
which could cause failure or problematic results.  A
possible workaround would be to:
   1. rescale your image to positive values e.g., [10,100].
   2. run N4 on your rescaled image.
   3. (optional) rescale the N4 output to the original
      intensity range.
***********************************************************

Specified spline distance: 200mm
  original image size:  [192, 256, 256]
  padded image size:  [201, 401, 401]
  number of control points:  [4, 5, 5]

Current level = 1
  Iteration 1 (of 50).   Current convergence value = 0.00033593 (threshold = 1e-08)
  Iteration 2 (of 50).   Current convergence value = 0.000229726 (threshold = 1e-08)
  Iteration 3 (of 50).   Current convergence value = 0.000162163 (threshold = 1e-08)
  Iteration 4 (of 50).   Current convergence value = 0.000124754 (threshold = 1e-08)
  Iteration 5 (of 50).   Current convergence value = 0.000108799 (threshold = 1e-08)
  Iteration 6 (of 50).   Current convergence value = 9.91148e-05 (threshold = 1e-08)
  Iteration 7 (of 50).   Current convergence value = 9.31283e-05 (threshold = 1e-08)
  Iteration 8 (of 50).   Current convergence value = 8.97546e-05 (threshold = 1e-08)
  Iteration 9 (of 50).   Current convergence value = 8.78533e-05 (threshold = 1e-08)
  Iteration 10 (of 50).   Current convergence value = 8.68052e-05 (threshold = 1e-08)
  Iteration 11 (of 50).   Current convergence value = 8.62033e-05 (threshold = 1e-08)
  Iteration 12 (of 50).   Current convergence value = 8.54592e-05 (threshold = 1e-08)
  Iteration 13 (of 50).   Current convergence value = 8.47875e-05 (threshold = 1e-08)
  Iteration 14 (of 50).   Current convergence value = 8.39214e-05 (threshold = 1e-08)
  Iteration 15 (of 50).   Current convergence value = 8.28064e-05 (threshold = 1e-08)
  Iteration 16 (of 50).   Current convergence value = 8.16947e-05 (threshold = 1e-08)
  Iteration 17 (of 50).   Current convergence value = 8.04352e-05 (threshold = 1e-08)
  Iteration 18 (of 50).   Current convergence value = 7.90608e-05 (threshold = 1e-08)
  Iteration 19 (of 50).   Current convergence value = 7.76801e-05 (threshold = 1e-08)
  Iteration 20 (of 50).   Current convergence value = 7.61648e-05 (threshold = 1e-08)
  Iteration 21 (of 50).   Current convergence value = 7.46532e-05 (threshold = 1e-08)
  Iteration 22 (of 50).   Current convergence value = 7.33609e-05 (threshold = 1e-08)
  Iteration 23 (of 50).   Current convergence value = 7.19146e-05 (threshold = 1e-08)
  Iteration 24 (of 50).   Current convergence value = 7.02865e-05 (threshold = 1e-08)
  Iteration 25 (of 50).   Current convergence value = 6.88453e-05 (threshold = 1e-08)
  Iteration 26 (of 50).   Current convergence value = 6.73974e-05 (threshold = 1e-08)
  Iteration 27 (of 50).   Current convergence value = 6.58323e-05 (threshold = 1e-08)
  Iteration 28 (of 50).   Current convergence value = 6.44059e-05 (threshold = 1e-08)
  Iteration 29 (of 50).   Current convergence value = 6.29523e-05 (threshold = 1e-08)
  Iteration 30 (of 50).   Current convergence value = 6.14846e-05 (threshold = 1e-08)
  Iteration 31 (of 50).   Current convergence value = 6.01722e-05 (threshold = 1e-08)
  Iteration 32 (of 50).   Current convergence value = 5.89279e-05 (threshold = 1e-08)
  Iteration 33 (of 50).   Current convergence value = 5.77026e-05 (threshold = 1e-08)
  Iteration 34 (of 50).   Current convergence value = 5.64673e-05 (threshold = 1e-08)
  Iteration 35 (of 50).   Current convergence value = 5.52288e-05 (threshold = 1e-08)
  Iteration 36 (of 50).   Current convergence value = 5.39491e-05 (threshold = 1e-08)
  Iteration 37 (of 50).   Current convergence value = 5.26865e-05 (threshold = 1e-08)
  Iteration 38 (of 50).   Current convergence value = 5.1514e-05 (threshold = 1e-08)
  Iteration 39 (of 50).   Current convergence value = 5.04699e-05 (threshold = 1e-08)
  Iteration 40 (of 50).   Current convergence value = 4.93248e-05 (threshold = 1e-08)
  Iteration 41 (of 50).   Current convergence value = 4.83308e-05 (threshold = 1e-08)
  Iteration 42 (of 50).   Current convergence value = 4.69551e-05 (threshold = 1e-08)
  Iteration 43 (of 50).   Current convergence value = 4.57434e-05 (threshold = 1e-08)
  Iteration 44 (of 50).   Current convergence value = 4.47097e-05 (threshold = 1e-08)
  Iteration 45 (of 50).   Current convergence value = 4.35582e-05 (threshold = 1e-08)
  Iteration 46 (of 50).   Current convergence value = 4.24108e-05 (threshold = 1e-08)
  Iteration 47 (of 50).   Current convergence value = 4.13317e-05 (threshold = 1e-08)
  Iteration 48 (of 50).   Current convergence value = 4.03522e-05 (threshold = 1e-08)
  Iteration 49 (of 50).   Current convergence value = 3.93725e-05 (threshold = 1e-08)
  Iteration 50 (of 50).   Current convergence value = 3.83601e-05 (threshold = 1e-08)
Current level = 2
  Iteration 1 (of 50).   Current convergence value = 0.000248278 (threshold = 1e-08)
  Iteration 2 (of 50).   Current convergence value = 0.000232454 (threshold = 1e-08)
  Iteration 3 (of 50).   Current convergence value = 0.000232867 (threshold = 1e-08)
  Iteration 4 (of 50).   Current convergence value = 0.000242323 (threshold = 1e-08)
  Iteration 5 (of 50).   Current convergence value = 0.000250056 (threshold = 1e-08)
  Iteration 6 (of 50).   Current convergence value = 0.000252711 (threshold = 1e-08)
  Iteration 7 (of 50).   Current convergence value = 0.000250241 (threshold = 1e-08)
  Iteration 8 (of 50).   Current convergence value = 0.000245536 (threshold = 1e-08)
  Iteration 9 (of 50).   Current convergence value = 0.000239736 (threshold = 1e-08)
  Iteration 10 (of 50).   Current convergence value = 0.000233664 (threshold = 1e-08)
  Iteration 11 (of 50).   Current convergence value = 0.000227986 (threshold = 1e-08)
  Iteration 12 (of 50).   Current convergence value = 0.000222039 (threshold = 1e-08)
  Iteration 13 (of 50).   Current convergence value = 0.000218379 (threshold = 1e-08)
  Iteration 14 (of 50).   Current convergence value = 0.000220334 (threshold = 1e-08)
  Iteration 15 (of 50).   Current convergence value = 0.000222195 (threshold = 1e-08)
  Iteration 16 (of 50).   Current convergence value = 0.000223652 (threshold = 1e-08)
  Iteration 17 (of 50).   Current convergence value = 0.000224244 (threshold = 1e-08)
  Iteration 18 (of 50).   Current convergence value = 0.000224504 (threshold = 1e-08)
  Iteration 19 (of 50).   Current convergence value = 0.000224879 (threshold = 1e-08)
  Iteration 20 (of 50).   Current convergence value = 0.000224351 (threshold = 1e-08)
  Iteration 21 (of 50).   Current convergence value = 0.000223572 (threshold = 1e-08)
  Iteration 22 (of 50).   Current convergence value = 0.000223164 (threshold = 1e-08)
  Iteration 23 (of 50).   Current convergence value = 0.000223134 (threshold = 1e-08)
  Iteration 24 (of 50).   Current convergence value = 0.000223056 (threshold = 1e-08)
  Iteration 25 (of 50).   Current convergence value = 0.000222585 (threshold = 1e-08)
  Iteration 26 (of 50).   Current convergence value = 0.000221945 (threshold = 1e-08)
  Iteration 27 (of 50).   Current convergence value = 0.000221317 (threshold = 1e-08)
  Iteration 28 (of 50).   Current convergence value = 0.000219726 (threshold = 1e-08)
  Iteration 29 (of 50).   Current convergence value = 0.000218184 (threshold = 1e-08)
  Iteration 30 (of 50).   Current convergence value = 0.000216347 (threshold = 1e-08)
  Iteration 31 (of 50).   Current convergence value = 0.000215375 (threshold = 1e-08)
  Iteration 32 (of 50).   Current convergence value = 0.000214204 (threshold = 1e-08)
  Iteration 33 (of 50).   Current convergence value = 0.000213161 (threshold = 1e-08)
  Iteration 34 (of 50).   Current convergence value = 0.000211763 (threshold = 1e-08)
  Iteration 35 (of 50).   Current convergence value = 0.000210831 (threshold = 1e-08)
  Iteration 36 (of 50).   Current convergence value = 0.000209769 (threshold = 1e-08)
  Iteration 37 (of 50).   Current convergence value = 0.000208469 (threshold = 1e-08)
  Iteration 38 (of 50).   Current convergence value = 0.000207737 (threshold = 1e-08)
  Iteration 39 (of 50).   Current convergence value = 0.000207426 (threshold = 1e-08)
  Iteration 40 (of 50).   Current convergence value = 0.000206953 (threshold = 1e-08)
  Iteration 41 (of 50).   Current convergence value = 0.000206348 (threshold = 1e-08)
  Iteration 42 (of 50).   Current convergence value = 0.000205827 (threshold = 1e-08)
  Iteration 43 (of 50).   Current convergence value = 0.00020539 (threshold = 1e-08)
  Iteration 44 (of 50).   Current convergence value = 0.000204755 (threshold = 1e-08)
  Iteration 45 (of 50).   Current convergence value = 0.000203906 (threshold = 1e-08)
  Iteration 46 (of 50).   Current convergence value = 0.000203297 (threshold = 1e-08)
  Iteration 47 (of 50).   Current convergence value = 0.000203153 (threshold = 1e-08)
  Iteration 48 (of 50).   Current convergence value = 0.000202658 (threshold = 1e-08)
  Iteration 49 (of 50).   Current convergence value = 0.000202209 (threshold = 1e-08)
  Iteration 50 (of 50).   Current convergence value = 0.000201883 (threshold = 1e-08)
Current level = 3
  Iteration 1 (of 40).   Current convergence value = 0.00118953 (threshold = 1e-08)
  Iteration 2 (of 40).   Current convergence value = 0.00112307 (threshold = 1e-08)
  Iteration 3 (of 40).   Current convergence value = 0.00110035 (threshold = 1e-08)
  Iteration 4 (of 40).   Current convergence value = 0.00110648 (threshold = 1e-08)
  Iteration 5 (of 40).   Current convergence value = 0.00112662 (threshold = 1e-08)
  Iteration 6 (of 40).   Current convergence value = 0.00115718 (threshold = 1e-08)
  Iteration 7 (of 40).   Current convergence value = 0.00118498 (threshold = 1e-08)
  Iteration 8 (of 40).   Current convergence value = 0.00118765 (threshold = 1e-08)
  Iteration 9 (of 40).   Current convergence value = 0.00118774 (threshold = 1e-08)
  Iteration 10 (of 40).   Current convergence value = 0.00117681 (threshold = 1e-08)
  Iteration 11 (of 40).   Current convergence value = 0.00116279 (threshold = 1e-08)
  Iteration 12 (of 40).   Current convergence value = 0.00114437 (threshold = 1e-08)
  Iteration 13 (of 40).   Current convergence value = 0.0011211 (threshold = 1e-08)
  Iteration 14 (of 40).   Current convergence value = 0.00110215 (threshold = 1e-08)
  Iteration 15 (of 40).   Current convergence value = 0.00108734 (threshold = 1e-08)
  Iteration 16 (of 40).   Current convergence value = 0.00107347 (threshold = 1e-08)
  Iteration 17 (of 40).   Current convergence value = 0.00106149 (threshold = 1e-08)
  Iteration 18 (of 40).   Current convergence value = 0.00105037 (threshold = 1e-08)
  Iteration 19 (of 40).   Current convergence value = 0.00104097 (threshold = 1e-08)
  Iteration 20 (of 40).   Current convergence value = 0.00103158 (threshold = 1e-08)
  Iteration 21 (of 40).   Current convergence value = 0.00101516 (threshold = 1e-08)
  Iteration 22 (of 40).   Current convergence value = 0.000999614 (threshold = 1e-08)
  Iteration 23 (of 40).   Current convergence value = 0.000984031 (threshold = 1e-08)
  Iteration 24 (of 40).   Current convergence value = 0.000957342 (threshold = 1e-08)
  Iteration 25 (of 40).   Current convergence value = 0.000909321 (threshold = 1e-08)
  Iteration 26 (of 40).   Current convergence value = 0.0008662 (threshold = 1e-08)
  Iteration 27 (of 40).   Current convergence value = 0.000828007 (threshold = 1e-08)
  Iteration 28 (of 40).   Current convergence value = 0.000794591 (threshold = 1e-08)
  Iteration 29 (of 40).   Current convergence value = 0.000764708 (threshold = 1e-08)
  Iteration 30 (of 40).   Current convergence value = 0.000738049 (threshold = 1e-08)
  Iteration 31 (of 40).   Current convergence value = 0.000714069 (threshold = 1e-08)
  Iteration 32 (of 40).   Current convergence value = 0.000692374 (threshold = 1e-08)
  Iteration 33 (of 40).   Current convergence value = 0.000672367 (threshold = 1e-08)
  Iteration 34 (of 40).   Current convergence value = 0.000654005 (threshold = 1e-08)
  Iteration 35 (of 40).   Current convergence value = 0.00063692 (threshold = 1e-08)
  Iteration 36 (of 40).   Current convergence value = 0.000620799 (threshold = 1e-08)
  Iteration 37 (of 40).   Current convergence value = 0.000605552 (threshold = 1e-08)
  Iteration 38 (of 40).   Current convergence value = 0.000591692 (threshold = 1e-08)
  Iteration 39 (of 40).   Current convergence value = 0.000578781 (threshold = 1e-08)
  Iteration 40 (of 40).   Current convergence value = 0.000566961 (threshold = 1e-08)
Current level = 4
  Iteration 1 (of 30).   Current convergence value = 0.00192787 (threshold = 1e-08)
  Iteration 2 (of 30).   Current convergence value = 0.00166574 (threshold = 1e-08)
  Iteration 3 (of 30).   Current convergence value = 0.00156488 (threshold = 1e-08)
  Iteration 4 (of 30).   Current convergence value = 0.00147409 (threshold = 1e-08)
  Iteration 5 (of 30).   Current convergence value = 0.00144101 (threshold = 1e-08)
  Iteration 6 (of 30).   Current convergence value = 0.00158421 (threshold = 1e-08)
  Iteration 7 (of 30).   Current convergence value = 0.00152668 (threshold = 1e-08)
  Iteration 8 (of 30).   Current convergence value = 0.0014348 (threshold = 1e-08)
  Iteration 9 (of 30).   Current convergence value = 0.00139484 (threshold = 1e-08)
  Iteration 10 (of 30).   Current convergence value = 0.00136637 (threshold = 1e-08)
  Iteration 11 (of 30).   Current convergence value = 0.00134164 (threshold = 1e-08)
  Iteration 12 (of 30).   Current convergence value = 0.00131902 (threshold = 1e-08)
  Iteration 13 (of 30).   Current convergence value = 0.00129734 (threshold = 1e-08)
  Iteration 14 (of 30).   Current convergence value = 0.00127386 (threshold = 1e-08)
  Iteration 15 (of 30).   Current convergence value = 0.00124742 (threshold = 1e-08)
  Iteration 16 (of 30).   Current convergence value = 0.00122778 (threshold = 1e-08)
  Iteration 17 (of 30).   Current convergence value = 0.00121232 (threshold = 1e-08)
  Iteration 18 (of 30).   Current convergence value = 0.00119859 (threshold = 1e-08)
  Iteration 19 (of 30).   Current convergence value = 0.00118254 (threshold = 1e-08)
  Iteration 20 (of 30).   Current convergence value = 0.00114448 (threshold = 1e-08)
  Iteration 21 (of 30).   Current convergence value = 0.0011176 (threshold = 1e-08)
  Iteration 22 (of 30).   Current convergence value = 0.00109419 (threshold = 1e-08)
  Iteration 23 (of 30).   Current convergence value = 0.00107079 (threshold = 1e-08)
  Iteration 24 (of 30).   Current convergence value = 0.00104614 (threshold = 1e-08)
  Iteration 25 (of 30).   Current convergence value = 0.00101955 (threshold = 1e-08)
  Iteration 26 (of 30).   Current convergence value = 0.000992431 (threshold = 1e-08)
  Iteration 27 (of 30).   Current convergence value = 0.000964697 (threshold = 1e-08)
  Iteration 28 (of 30).   Current convergence value = 0.000935245 (threshold = 1e-08)
  Iteration 29 (of 30).   Current convergence value = 0.000932257 (threshold = 1e-08)
  Iteration 30 (of 30).   Current convergence value = 0.000935972 (threshold = 1e-08)
   N4BiasFieldCorrectionImageFilter (0x558174684e20)
     RTTI typeinfo:   itk::N4BiasFieldCorrectionImageFilter<itk::Image<float, 3u>, itk::Image<float, 3u>, itk::Image<float, 3u> >
     Reference Count: 1
     Modified Time: 565
     Debug: Off
     Object Name: 
     Observers: 
       IterationEvent(Command)
     Inputs: 
       ConfidenceImage: (0)
       MaskImage: (0x5581746af5e0)
       Primary: (0x5581746aa9f0) *
     Indexed Inputs: 
       0: Primary (0x5581746aa9f0)
       1: MaskImage (0x5581746af5e0)
       2: ConfidenceImage (0)
     Required Input Names: Primary
     NumberOfRequiredInputs: 1
     Outputs: 
       Primary: (0x558174694ef0)
     Indexed Outputs: 
       0: Primary (0x558174694ef0)
     NumberOfRequiredOutputs: 1
     Number Of Work Units: 32
     ReleaseDataFlag: Off
     ReleaseDataBeforeUpdateFlag: Off
     AbortGenerateData: Off
     Progress: 0
     Multithreader: 
       RTTI typeinfo:   itk::PoolMultiThreader
       Reference Count: 1
       Modified Time: 144
       Debug: Off
       Object Name: 
       Observers: 
         none
       Number of Work Units: 32
       Number of Threads: 8
       Global Maximum Number Of Threads: 128
       Global Default Number Of Threads: 8
       Global Default Threader Type: itk::MultiThreaderBaseEnums::Threader::Pool
       SingleMethod: 0
       SingleData: 0
     DynamicMultiThreading: On
     CoordinateTolerance: 1e-06
     DirectionTolerance: 1e-06
     Use Mask Label: 0
     Mask label: 1
     Number of histogram bins: 200
     Wiener filter noise: 0.01
     Bias field FWHM: 0.15
     Maximum number of iterations: [50, 50, 40, 30]
     Convergence threshold: 1e-08
     Spline order: 3
     Number of fitting levels: [4, 4, 4]
     Number of control points: [4, 5, 5]
     CurrentConvergenceMeasurement: 0.000935972
     CurrentLevel: 4
     ElapsedIterations: 31
     LogBiasFieldControlPointLattice: 
       Image (0x5581827f50b0)
         RTTI typeinfo:   itk::Image<itk::Vector<float, 1u>, 3u>
         Reference Count: 1
         Modified Time: 343560
         Debug: Off
         Object Name: 
         Observers: 
           none
         Source: (none)
         Source output name: (none)
         Release Data: Off
         Data Released: False
         Global Release Data: Off
         PipelineMTime: 0
         UpdateMTime: 0
         RealTimeStamp: 0 seconds 
         LargestPossibleRegion: 
           Dimension: 3
           Index: [0, 0, 0]
           Size: [11, 19, 19]
         BufferedRegion: 
           Dimension: 3
           Index: [0, 0, 0]
           Size: [11, 19, 19]
         RequestedRegion: 
           Dimension: 3
           Index: [0, 0, 0]
           Size: [11, 19, 19]
         Spacing: [24.75, 24.875, 24.875]
         Origin: [25.6805, 18.678, -29.0127]
         Direction: 
-0.99956 -0.0279709 -0.00987286
0.02539 -0.978899 0.202762
-0.015336 0.202422 0.979178

         IndexToPointMatrix: 
-24.7391 -0.695776 -0.245587
0.628403 -24.3501 5.04371
-0.379565 5.03525 24.3571

         PointToIndexMatrix: 
-0.0403863 0.00102586 -0.000619635
-0.00112446 -0.0393527 0.00813757
-0.000396899 0.00815123 0.039364

         Inverse Direction: 
-0.99956 0.02539 -0.015336
-0.0279709 -0.978899 0.202422
-0.00987287 0.202762 0.979178

         PixelContainer: 
           ImportImageContainer (0x55817b18f700)
             RTTI typeinfo:   itk::ImportImageContainer<unsigned long, itk::Vector<float, 1u> >
             Reference Count: 1
             Modified Time: 343561
             Debug: Off
             Object Name: 
             Observers: 
               none
             Pointer: 0x55817e822aa0
             Container manages memory: true
             Size: 3971
             Capacity: 3971
Elapsed time: 320.274
All_Command_lines_OK
Using single precision for computations.
=============================================================================
The composite transform comprises the following transforms (in order): 
  1. Center of mass alignment using fixed image: /home/mpib/nemecz/Projects/miniTRK/Results/01_MRI/GroupTempl/T1w/T_template0.nii.gz and moving image: /home/mpib/nemecz/Projects/miniTRK/Analysis/01_MRI/Preproc/GroupTempl/T1w/sub-698741_T1w.nii.gz (type = Euler3DTransform)
=============================================================================
  number of levels = 4
  number of levels = 4
  number of levels = 4
  fixed image: /home/mpib/nemecz/Projects/miniTRK/Results/01_MRI/GroupTempl/T1w/T_template0.nii.gz
  moving image: /home/mpib/nemecz/Projects/miniTRK/Results/01_MRI/GroupTempl/T1w/T_template0sub-698741_T1wRepaired.nii.gz
  fixed image: /home/mpib/nemecz/Projects/miniTRK/Results/01_MRI/GroupTempl/T1w/T_template0.nii.gz
  moving image: /home/mpib/nemecz/Projects/miniTRK/Results/01_MRI/GroupTempl/T1w/T_template0sub-698741_T1wRepaired.nii.gz
  fixed image: /home/mpib/nemecz/Projects/miniTRK/Results/01_MRI/GroupTempl/T1w/T_template0.nii.gz
  moving image: /home/mpib/nemecz/Projects/miniTRK/Results/01_MRI/GroupTempl/T1w/T_template0sub-698741_T1wRepaired.nii.gz
Dimension = 3
Number of stages = 3
Use Histogram Matching true
Winsorize image intensities true
Lower quantile = 0.01
Upper quantile = 0.99
Stage 1 State
   Image metric = Mattes
     Fixed image = Image (0x5555c0a6dad0)
  RTTI typeinfo:   itk::Image<float, 3u>
  Reference Count: 2
  Modified Time: 1721
  Debug: Off
  Object Name: 
  Observers: 
    none
  Source: (none)
  Source output name: (none)
  Release Data: Off
  Data Released: False
  Global Release Data: Off
  PipelineMTime: 0
  UpdateMTime: 1506
  RealTimeStamp: 0 seconds 
  LargestPossibleRegion: 
    Dimension: 3
    Index: [0, 0, 0]
    Size: [192, 256, 256]
  BufferedRegion: 
    Dimension: 3
    Index: [0, 0, 0]
    Size: [192, 256, 256]
  RequestedRegion: 
    Dimension: 3
    Index: [0, 0, 0]
    Size: [192, 256, 256]
  Spacing: [1, 1, 1]
  Origin: [95.0313, 100.538, -154.123]
  Direction: 
-0.999853 -0.014134 -0.00966312
0.014129 -0.9999 0.000586045
-0.00967044 0.000449429 0.999953

  IndexToPointMatrix: 
-0.999853 -0.014134 -0.00966312
0.014129 -0.9999 0.000586045
-0.00967044 0.000449429 0.999953

  PointToIndexMatrix: 
-0.999853 0.014129 -0.00967044
-0.014134 -0.9999 0.000449429
-0.00966312 0.000586045 0.999953

  Inverse Direction: 
-0.999853 0.014129 -0.00967044
-0.014134 -0.9999 0.000449429
-0.00966312 0.000586045 0.999953

  PixelContainer: 
    ImportImageContainer (0x5555c0a75c80)
      RTTI typeinfo:   itk::ImportImageContainer<unsigned long, float>
      Reference Count: 1
      Modified Time: 1503
      Debug: Off
      Object Name: 
      Observers: 
        none
      Pointer: 0x7f3027e16010
      Container manages memory: true
      Size: 12582912
      Capacity: 12582912

     Moving image = Image (0x5555c0a6ebc0)
  RTTI typeinfo:   itk::Image<float, 3u>
  Reference Count: 2
  Modified Time: 1722
  Debug: Off
  Object Name: 
  Observers: 
    none
  Source: (none)
  Source output name: (none)
  Release Data: Off
  Data Released: False
  Global Release Data: Off
  PipelineMTime: 0
  UpdateMTime: 1719
  RealTimeStamp: 0 seconds 
  LargestPossibleRegion: 
    Dimension: 3
    Index: [0, 0, 0]
    Size: [192, 256, 256]
  BufferedRegion: 
    Dimension: 3
    Index: [0, 0, 0]
    Size: [192, 256, 256]
  RequestedRegion: 
    Dimension: 3
    Index: [0, 0, 0]
    Size: [192, 256, 256]
  Spacing: [1, 1, 1]
  Origin: [99.2641, 64.4534, -173.003]
  Direction: 
-0.99956 -0.0279709 -0.00987287
0.02539 -0.978899 0.202762
-0.015336 0.202422 0.979178

  IndexToPointMatrix: 
-0.99956 -0.0279709 -0.00987287
0.02539 -0.978899 0.202762
-0.015336 0.202422 0.979178

  PointToIndexMatrix: 
-0.99956 0.02539 -0.015336
-0.0279709 -0.978899 0.202422
-0.00987287 0.202762 0.979178

  Inverse Direction: 
-0.99956 0.02539 -0.015336
-0.0279709 -0.978899 0.202422
-0.00987287 0.202762 0.979178

  PixelContainer: 
    ImportImageContainer (0x5555c0a7a100)
      RTTI typeinfo:   itk::ImportImageContainer<unsigned long, float>
      Reference Count: 1
      Modified Time: 1716
      Debug: Off
      Object Name: 
      Observers: 
        none
      Pointer: 0x7f3024e15010
      Container manages memory: true
      Size: 12582912
      Capacity: 12582912

     Weighting = 1
     Sampling strategy = regular
     Number of bins = 32
     Radius = 4
     Sampling percentage  = 0.25
   Transform = Rigid
     Gradient step = 0.1
     Update field sigma (voxel space) = 0
     Total field sigma (voxel space) = 0
     Update field time sigma = 0
     Total field time sigma  = 0
     Number of time indices = 0
     Number of time point samples = 0
Stage 2 State
   Image metric = Mattes
     Fixed image = Image (0x5555c0a86870)
  RTTI typeinfo:   itk::Image<float, 3u>
  Reference Count: 2
  Modified Time: 2149
  Debug: Off
  Object Name: 
  Observers: 
    none
  Source: (none)
  Source output name: (none)
  Release Data: Off
  Data Released: False
  Global Release Data: Off
  PipelineMTime: 0
  UpdateMTime: 1934
  RealTimeStamp: 0 seconds 
  LargestPossibleRegion: 
    Dimension: 3
    Index: [0, 0, 0]
    Size: [192, 256, 256]
  BufferedRegion: 
    Dimension: 3
    Index: [0, 0, 0]
    Size: [192, 256, 256]
  RequestedRegion: 
    Dimension: 3
    Index: [0, 0, 0]
    Size: [192, 256, 256]
  Spacing: [1, 1, 1]
  Origin: [95.0313, 100.538, -154.123]
  Direction: 
-0.999853 -0.014134 -0.00966312
0.014129 -0.9999 0.000586045
-0.00967044 0.000449429 0.999953

  IndexToPointMatrix: 
-0.999853 -0.014134 -0.00966312
0.014129 -0.9999 0.000586045
-0.00967044 0.000449429 0.999953

  PointToIndexMatrix: 
-0.999853 0.014129 -0.00967044
-0.014134 -0.9999 0.000449429
-0.00966312 0.000586045 0.999953

  Inverse Direction: 
-0.999853 0.014129 -0.00967044
-0.014134 -0.9999 0.000449429
-0.00966312 0.000586045 0.999953

  PixelContainer: 
    ImportImageContainer (0x5555c0a716d0)
      RTTI typeinfo:   itk::ImportImageContainer<unsigned long, float>
      Reference Count: 1
      Modified Time: 1931
      Debug: Off
      Object Name: 
      Observers: 
        none
      Pointer: 0x7f3021e14010
      Container manages memory: true
      Size: 12582912
      Capacity: 12582912

     Moving image = Image (0x5555c0a864c0)
  RTTI typeinfo:   itk::Image<float, 3u>
  Reference Count: 2
  Modified Time: 2150
  Debug: Off
  Object Name: 
  Observers: 
    none
  Source: (none)
  Source output name: (none)
  Release Data: Off
  Data Released: False
  Global Release Data: Off
  PipelineMTime: 0
  UpdateMTime: 2147
  RealTimeStamp: 0 seconds 
  LargestPossibleRegion: 
    Dimension: 3
    Index: [0, 0, 0]
    Size: [192, 256, 256]
  BufferedRegion: 
    Dimension: 3
    Index: [0, 0, 0]
    Size: [192, 256, 256]
  RequestedRegion: 
    Dimension: 3
    Index: [0, 0, 0]
    Size: [192, 256, 256]
  Spacing: [1, 1, 1]
  Origin: [99.2641, 64.4534, -173.003]
  Direction: 
-0.99956 -0.0279709 -0.00987287
0.02539 -0.978899 0.202762
-0.015336 0.202422 0.979178

  IndexToPointMatrix: 
-0.99956 -0.0279709 -0.00987287
0.02539 -0.978899 0.202762
-0.015336 0.202422 0.979178

  PointToIndexMatrix: 
-0.99956 0.02539 -0.015336
-0.0279709 -0.978899 0.202422
-0.00987287 0.202762 0.979178

  Inverse Direction: 
-0.99956 0.02539 -0.015336
-0.0279709 -0.978899 0.202422
-0.00987287 0.202762 0.979178

  PixelContainer: 
    ImportImageContainer (0x5555c0a878c0)
      RTTI typeinfo:   itk::ImportImageContainer<unsigned long, float>
      Reference Count: 1
      Modified Time: 2144
      Debug: Off
      Object Name: 
      Observers: 
        none
      Pointer: 0x7f301ee13010
      Container manages memory: true
      Size: 12582912
      Capacity: 12582912

     Weighting = 1
     Sampling strategy = regular
     Number of bins = 32
     Radius = 4
     Sampling percentage  = 0.25
   Transform = Affine
     Gradient step = 0.1
     Update field sigma (voxel space) = 0
     Total field sigma (voxel space) = 0
     Update field time sigma = 0
     Total field time sigma  = 0
     Number of time indices = 0
     Number of time point samples = 0
Stage 3 State
   Image metric = CC
     Fixed image = Image (0x5555c0a8d960)
  RTTI typeinfo:   itk::Image<float, 3u>
  Reference Count: 2
  Modified Time: 2577
  Debug: Off
  Object Name: 
  Observers: 
    none
  Source: (none)
  Source output name: (none)
  Release Data: Off
  Data Released: False
  Global Release Data: Off
  PipelineMTime: 0
  UpdateMTime: 2362
  RealTimeStamp: 0 seconds 
  LargestPossibleRegion: 
    Dimension: 3
    Index: [0, 0, 0]
    Size: [192, 256, 256]
  BufferedRegion: 
    Dimension: 3
    Index: [0, 0, 0]
    Size: [192, 256, 256]
  RequestedRegion: 
    Dimension: 3
    Index: [0, 0, 0]
    Size: [192, 256, 256]
  Spacing: [1, 1, 1]
  Origin: [95.0313, 100.538, -154.123]
  Direction: 
-0.999853 -0.014134 -0.00966312
0.014129 -0.9999 0.000586045
-0.00967044 0.000449429 0.999953

  IndexToPointMatrix: 
-0.999853 -0.014134 -0.00966312
0.014129 -0.9999 0.000586045
-0.00967044 0.000449429 0.999953

  PointToIndexMatrix: 
-0.999853 0.014129 -0.00967044
-0.014134 -0.9999 0.000449429
-0.00966312 0.000586045 0.999953

  Inverse Direction: 
-0.999853 0.014129 -0.00967044
-0.014134 -0.9999 0.000449429
-0.00966312 0.000586045 0.999953

  PixelContainer: 
    ImportImageContainer (0x5555c0a6e660)
      RTTI typeinfo:   itk::ImportImageContainer<unsigned long, float>
      Reference Count: 1
      Modified Time: 2359
      Debug: Off
      Object Name: 
      Observers: 
        none
      Pointer: 0x7f301be12010
      Container manages memory: true
      Size: 12582912
      Capacity: 12582912

     Moving image = Image (0x5555c0a8f840)
  RTTI typeinfo:   itk::Image<float, 3u>
  Reference Count: 2
  Modified Time: 2578
  Debug: Off
  Object Name: 
  Observers: 
    none
  Source: (none)
  Source output name: (none)
  Release Data: Off
  Data Released: False
  Global Release Data: Off
  PipelineMTime: 0
  UpdateMTime: 2575
  RealTimeStamp: 0 seconds 
  LargestPossibleRegion: 
    Dimension: 3
    Index: [0, 0, 0]
    Size: [192, 256, 256]
  BufferedRegion: 
    Dimension: 3
    Index: [0, 0, 0]
    Size: [192, 256, 256]
  RequestedRegion: 
    Dimension: 3
    Index: [0, 0, 0]
    Size: [192, 256, 256]
  Spacing: [1, 1, 1]
  Origin: [99.2641, 64.4534, -173.003]
  Direction: 
-0.99956 -0.0279709 -0.00987287
0.02539 -0.978899 0.202762
-0.015336 0.202422 0.979178

  IndexToPointMatrix: 
-0.99956 -0.0279709 -0.00987287
0.02539 -0.978899 0.202762
-0.015336 0.202422 0.979178

  PointToIndexMatrix: 
-0.99956 0.02539 -0.015336
-0.0279709 -0.978899 0.202422
-0.00987287 0.202762 0.979178

  Inverse Direction: 
-0.99956 0.02539 -0.015336
-0.0279709 -0.978899 0.202422
-0.00987287 0.202762 0.979178

  PixelContainer: 
    ImportImageContainer (0x5555c0a8c660)
      RTTI typeinfo:   itk::ImportImageContainer<unsigned long, float>
      Reference Count: 1
      Modified Time: 2572
      Debug: Off
      Object Name: 
      Observers: 
        none
      Pointer: 0x7f3018e11010
      Container manages memory: true
      Size: 12582912
      Capacity: 12582912

     Weighting = 1
     Sampling strategy = none
     Number of bins = 32
     Radius = 4
     Sampling percentage  = 1
   Transform = SyN
     Gradient step = 0.1
     Update field sigma (voxel space) = 3
     Total field sigma (voxel space) = 0
     Update field time sigma = 0
     Total field time sigma  = 0
     Number of time indices = 0
     Number of time point samples = 0
Registration using 3 total stages.

Stage 0
  iterations = 1000x500x250x0
  convergence threshold = 1e-06
  convergence window size = 10
  number of levels = 4
  using the Mattes MI metric (number of bins = 32, weight = 1)
  preprocessing:  winsorizing the image intensities
  preprocessing:  histogram matching the images
  Shrink factors (level 1 out of 4): [6, 6, 6]
  Shrink factors (level 2 out of 4): [4, 4, 4]
  Shrink factors (level 3 out of 4): [2, 2, 2]
  Shrink factors (level 4 out of 4): [1, 1, 1]
  smoothing sigmas per level: [4, 2, 1, 0]
  regular sampling (percentage = 0.25)

*** Running Euler3DTransform registration ***

DIAGNOSTIC,Iteration,metricValue,convergenceValue,ITERATION_TIME_INDEX,SINCE_LAST
 2DIAGNOSTIC,     1, -8.683084249496e-01, inf, 8.3778e-01, 8.3778e-01, 
 2DIAGNOSTIC,     2, -8.714563846588e-01, inf, 8.4591e-01, 8.1291e-03, 
 2DIAGNOSTIC,     3, -8.765633702278e-01, inf, 8.5367e-01, 7.7631e-03, 
 2DIAGNOSTIC,     4, -8.847802877426e-01, inf, 8.6130e-01, 7.6251e-03, 
 2DIAGNOSTIC,     5, -8.973638415337e-01, inf, 8.6898e-01, 7.6818e-03, 
 2DIAGNOSTIC,     6, -9.147875308990e-01, inf, 8.7682e-01, 7.8390e-03, 
 2DIAGNOSTIC,     7, -9.298453330994e-01, inf, 8.8464e-01, 7.8180e-03, 
 2DIAGNOSTIC,     8, -9.344902038574e-01, inf, 8.9282e-01, 8.1871e-03, 
 2DIAGNOSTIC,     9, -9.399654269218e-01, inf, 9.0275e-01, 9.9261e-03, 
 2DIAGNOSTIC,    10, -9.445999860764e-01, 6.298524793237e-03, 9.1194e-01, 9.1901e-03, 
 2DIAGNOSTIC,    11, -9.463146924973e-01, 5.479614250362e-03, 9.2096e-01, 9.0230e-03, 
 2DIAGNOSTIC,    12, -9.503364562988e-01, 4.494964145124e-03, 9.3757e-01, 1.6606e-02, 
 2DIAGNOSTIC,    13, -9.503178000450e-01, 3.385173622519e-03, 9.4585e-01, 8.2829e-03, 
 2DIAGNOSTIC,    14, -9.503713846207e-01, 2.316750818864e-03, 9.5366e-01, 7.8061e-03, 
 2DIAGNOSTIC,    15, -9.504393935204e-01, 1.439101761207e-03, 9.6131e-01, 7.6542e-03, 
 2DIAGNOSTIC,    16, -9.504939913750e-01, 8.727848762646e-04, 9.6986e-01, 8.5509e-03, 
 2DIAGNOSTIC,    17, -9.505010247231e-01, 5.663069896400e-04, 9.7744e-01, 7.5810e-03, 
 2DIAGNOSTIC,    18, -9.505476951599e-01, 3.212907467969e-04, 9.8608e-01, 8.6379e-03, 
 2DIAGNOSTIC,    19, -9.505495429039e-01, 1.607681915630e-04, 9.9458e-01, 8.5039e-03, 
 2DIAGNOSTIC,    20, -9.505390524864e-01, 7.269420166267e-05, 1.0021e+00, 7.4961e-03, 
 2DIAGNOSTIC,    21, -9.505476355553e-01, 1.001577584248e-05, 1.0094e+00, 7.2942e-03, 
 2DIAGNOSTIC,    22, -9.506322145462e-01, 9.421740287507e-06, 1.0177e+00, 8.2769e-03, 
 2DIAGNOSTIC,    23, -9.506589174271e-01, 8.203073775803e-06, 1.0263e+00, 8.6360e-03, 
 2DIAGNOSTIC,    24, -9.506565332413e-01, 7.090561211953e-06, 1.0338e+00, 7.5140e-03, 
 2DIAGNOSTIC,    25, -9.506642818451e-01, 6.468255833170e-06, 1.0412e+00, 7.3929e-03, 
 2DIAGNOSTIC,    26, -9.506394267082e-01, 5.758846782555e-06, 1.0529e+00, 1.1686e-02, 
 2DIAGNOSTIC,    27, -9.506540298462e-01, 4.896290647594e-06, 1.0604e+00, 7.4880e-03, 
 2DIAGNOSTIC,    28, -9.506589174271e-01, 4.292795892979e-06, 1.0689e+00, 8.5511e-03, 
 2DIAGNOSTIC,    29, -9.506642818451e-01, 3.524982957970e-06, 1.0765e+00, 7.5829e-03, 
 2DIAGNOSTIC,    30, -9.506129026413e-01, 1.968426204257e-06, 1.0863e+00, 9.8319e-03, 
DIAGNOSTIC,Iteration,metricValue,convergenceValue,ITERATION_TIME_INDEX,SINCE_LAST
 2DIAGNOSTIC,     1, -7.638645172119e-01, inf, 1.9437e+00, 8.5732e-01, 
 2DIAGNOSTIC,     2, -7.650740146637e-01, inf, 1.9748e+00, 3.1133e-02, 
 2DIAGNOSTIC,     3, -7.663840651512e-01, inf, 2.0042e+00, 2.9386e-02, 
 2DIAGNOSTIC,     4, -7.671028971672e-01, inf, 2.0332e+00, 2.9049e-02, 
 2DIAGNOSTIC,     5, -7.672794461250e-01, inf, 2.0636e+00, 3.0363e-02, 
 2DIAGNOSTIC,     6, -7.675055265427e-01, inf, 2.0935e+00, 2.9920e-02, 
 2DIAGNOSTIC,     7, -7.679573893547e-01, inf, 2.1273e+00, 3.3755e-02, 
 2DIAGNOSTIC,     8, -7.681445479393e-01, inf, 2.1653e+00, 3.7989e-02, 
 2DIAGNOSTIC,     9, -7.681780457497e-01, inf, 2.2074e+00, 4.2126e-02, 
 2DIAGNOSTIC,    10, -7.682370543480e-01, 3.276650677435e-04, 2.2374e+00, 3.0002e-02, 
 2DIAGNOSTIC,    11, -7.683347463608e-01, 2.087870525429e-04, 2.2712e+00, 3.3784e-02, 
 2DIAGNOSTIC,    12, -7.683909535408e-01, 1.292313827435e-04, 2.3044e+00, 3.3283e-02, 
 2DIAGNOSTIC,    13, -7.683806419373e-01, 8.698984311195e-05, 2.3397e+00, 3.5250e-02, 
 2DIAGNOSTIC,    14, -7.683806419373e-01, 6.229106656974e-05, 2.3759e+00, 3.6248e-02, 
 2DIAGNOSTIC,    15, -7.683718204498e-01, 3.958453089581e-05, 2.4231e+00, 4.7198e-02, 
 2DIAGNOSTIC,    16, -7.683721780777e-01, 2.124399907188e-05, 2.4647e+00, 4.1590e-02, 
 2DIAGNOSTIC,    17, -7.683725357056e-01, 1.302358214161e-05, 2.4981e+00, 3.3348e-02, 
 2DIAGNOSTIC,    18, -7.683659195900e-01, 8.425026862824e-06, 2.5370e+00, 3.8883e-02, 
 2DIAGNOSTIC,    19, -7.683601975441e-01, 4.248615368851e-06, 2.5915e+00, 5.4512e-02, 
 2DIAGNOSTIC,    20, -7.683601379395e-01, 1.304329543927e-06, 2.6269e+00, 3.5378e-02, 
DIAGNOSTIC,Iteration,metricValue,convergenceValue,ITERATION_TIME_INDEX,SINCE_LAST
 2DIAGNOSTIC,     1, -6.846461296082e-01, inf, 3.7373e+00, 1.1105e+00, 
 2DIAGNOSTIC,     2, -6.852745413780e-01, inf, 3.9375e+00, 2.0021e-01, 
 2DIAGNOSTIC,     3, -6.857749223709e-01, inf, 4.1386e+00, 2.0103e-01, 
 2DIAGNOSTIC,     4, -6.859562993050e-01, inf, 4.3468e+00, 2.0821e-01, 
 2DIAGNOSTIC,     5, -6.860027313232e-01, inf, 4.5601e+00, 2.1333e-01, 
 2DIAGNOSTIC,     6, -6.861330866814e-01, inf, 4.7919e+00, 2.3174e-01, 
 2DIAGNOSTIC,     7, -6.861977577209e-01, inf, 5.0976e+00, 3.0576e-01, 
 2DIAGNOSTIC,     8, -6.862269639969e-01, inf, 5.3078e+00, 2.1017e-01, 
 2DIAGNOSTIC,     9, -6.862367987633e-01, inf, 5.5284e+00, 2.2062e-01, 
 2DIAGNOSTIC,    10, -6.862620115280e-01, 1.236886600964e-04, 5.8194e+00, 2.9104e-01, 
 2DIAGNOSTIC,    11, -6.862757802010e-01, 6.840068817837e-05, 6.0211e+00, 2.0168e-01, 
 2DIAGNOSTIC,    12, -6.862829923630e-01, 3.795558950515e-05, 6.2260e+00, 2.0485e-01, 
 2DIAGNOSTIC,    13, -6.862972378731e-01, 2.531760947022e-05, 6.4702e+00, 2.4424e-01, 
 2DIAGNOSTIC,    14, -6.863030791283e-01, 1.797363256628e-05, 6.7627e+00, 2.9250e-01, 
 2DIAGNOSTIC,    15, -6.863040924072e-01, 1.140697440860e-05, 6.9786e+00, 2.1591e-01, 
 2DIAGNOSTIC,    16, -6.863059997559e-01, 8.197801435017e-06, 7.2242e+00, 2.4560e-01, 
 2DIAGNOSTIC,    17, -6.863097548485e-01, 6.450459750340e-06, 7.4294e+00, 2.0520e-01, 
 2DIAGNOSTIC,    18, -6.863154172897e-01, 5.274308932712e-06, 7.6591e+00, 2.2962e-01, 
 2DIAGNOSTIC,    19, -6.863194704056e-01, 4.185024863546e-06, 7.8607e+00, 2.0167e-01, 
 2DIAGNOSTIC,    20, -6.863227486610e-01, 3.559319338819e-06, 8.0938e+00, 2.3305e-01, 
 2DIAGNOSTIC,    21, -6.863284707069e-01, 3.195463023076e-06, 8.4076e+00, 3.1378e-01, 
 2DIAGNOSTIC,    22, -6.863322257996e-01, 2.905436986111e-06, 8.6715e+00, 2.6396e-01, 
 2DIAGNOSTIC,    23, -6.863334178925e-01, 2.777938789222e-06, 8.8763e+00, 2.0478e-01, 
 2DIAGNOSTIC,    24, -6.863337755203e-01, 2.638335217853e-06, 9.1333e+00, 2.5697e-01, 
 2DIAGNOSTIC,    25, -6.863359212875e-01, 2.439925310682e-06, 9.3665e+00, 2.3324e-01, 
 2DIAGNOSTIC,    26, -6.863366961479e-01, 2.187605105064e-06, 9.5978e+00, 2.3133e-01, 
 2DIAGNOSTIC,    27, -6.863369345665e-01, 1.922316869241e-06, 9.8680e+00, 2.7019e-01, 
 2DIAGNOSTIC,    28, -6.863369345665e-01, 1.689860823717e-06, 1.0099e+01, 2.3132e-01, 
 2DIAGNOSTIC,    29, -6.863372325897e-01, 1.483786604695e-06, 1.0343e+01, 2.4332e-01, 
 2DIAGNOSTIC,    30, -6.863371729851e-01, 1.297342009821e-06, 1.0578e+01, 2.3493e-01, 
 2DIAGNOSTIC,    31, -6.863371729851e-01, 1.175578518087e-06, 1.0811e+01, 2.3363e-01, 
 2DIAGNOSTIC,    32, -6.863373517990e-01, 1.098236680264e-06, 1.1044e+01, 2.3295e-01, 
 2DIAGNOSTIC,    33, -6.863374114037e-01, 1.031686792885e-06, 1.1317e+01, 2.7315e-01, 
DIAGNOSTIC,Iteration,metricValue,convergenceValue,ITERATION_TIME_INDEX,SINCE_LAST
 2DIAGNOSTIC,     1, -6.292945742607e-01, inf, 1.3837e+01, 2.5200e+00, 
  Elapsed time (stage 0): 1.5038e+01


Stage 1
  iterations = 1000x500x250x0
  convergence threshold = 1.0000e-06
  convergence window size = 10
  number of levels = 4
  using the Mattes MI metric (number of bins = 32, weight = 1.0000e+00)
  preprocessing:  winsorizing the image intensities
  preprocessing:  histogram matching the images
  Shrink factors (level 1 out of 4): [6, 6, 6]
  Shrink factors (level 2 out of 4): [4, 4, 4]
  Shrink factors (level 3 out of 4): [2, 2, 2]
  Shrink factors (level 4 out of 4): [1, 1, 1]
  smoothing sigmas per level: [4, 2, 1, 0]
  regular sampling (percentage = 2.5000e-01)

*** Running AffineTransform registration ***

DIAGNOSTIC,Iteration,metricValue,convergenceValue,ITERATION_TIME_INDEX,SINCE_LAST
 2DIAGNOSTIC,     1, -9.358290433884e-01, inf, 8.6677e-01, 8.6677e-01, 
 2DIAGNOSTIC,     2, -9.386169910431e-01, inf, 8.7645e-01, 9.6829e-03, 
 2DIAGNOSTIC,     3, -9.430007338524e-01, inf, 8.8532e-01, 8.8730e-03, 
 2DIAGNOSTIC,     4, -9.497991204262e-01, inf, 8.9432e-01, 9.0001e-03, 
 2DIAGNOSTIC,     5, -9.595740437508e-01, inf, 9.0293e-01, 8.6110e-03, 
 2DIAGNOSTIC,     6, -9.718635678291e-01, inf, 9.1156e-01, 8.6250e-03, 
 2DIAGNOSTIC,     7, -9.876459240913e-01, inf, 9.2063e-01, 9.0711e-03, 
 2DIAGNOSTIC,     8, -1.004863500595e+00, inf, 9.2938e-01, 8.7471e-03, 
 2DIAGNOSTIC,     9, -1.022493362427e+00, inf, 9.4091e-01, 1.1531e-02, 
