
Running N4 for 3-dimensional images.

Mask not read.  Using the entire image as the mask.

Original intensity range:  [0, 858]

***********************************************************
Warning:  Your input image contains nonpositive values
which could cause failure or problematic results.  A
possible workaround would be to:
   1. rescale your image to positive values e.g., [10,100].
   2. run N4 on your rescaled image.
   3. (optional) rescale the N4 output to the original
      intensity range.
***********************************************************

Specified spline distance: 200mm
  original image size:  [192, 256, 256]
  padded image size:  [201, 401, 401]
  number of control points:  [4, 5, 5]

Current level = 1
  Iteration 1 (of 50).   Current convergence value = 0.000603367 (threshold = 1e-08)
  Iteration 2 (of 50).   Current convergence value = 0.000392286 (threshold = 1e-08)
  Iteration 3 (of 50).   Current convergence value = 0.000259229 (threshold = 1e-08)
  Iteration 4 (of 50).   Current convergence value = 0.000175741 (threshold = 1e-08)
  Iteration 5 (of 50).   Current convergence value = 0.000126781 (threshold = 1e-08)
  Iteration 6 (of 50).   Current convergence value = 0.000102595 (threshold = 1e-08)
  Iteration 7 (of 50).   Current convergence value = 9.38614e-05 (threshold = 1e-08)
  Iteration 8 (of 50).   Current convergence value = 9.2793e-05 (threshold = 1e-08)
  Iteration 9 (of 50).   Current convergence value = 9.45793e-05 (threshold = 1e-08)
  Iteration 10 (of 50).   Current convergence value = 9.67677e-05 (threshold = 1e-08)
  Iteration 11 (of 50).   Current convergence value = 9.86623e-05 (threshold = 1e-08)
  Iteration 12 (of 50).   Current convergence value = 9.99548e-05 (threshold = 1e-08)
  Iteration 13 (of 50).   Current convergence value = 0.000100678 (threshold = 1e-08)
  Iteration 14 (of 50).   Current convergence value = 0.000101098 (threshold = 1e-08)
  Iteration 15 (of 50).   Current convergence value = 0.000101165 (threshold = 1e-08)
  Iteration 16 (of 50).   Current convergence value = 0.000100925 (threshold = 1e-08)
  Iteration 17 (of 50).   Current convergence value = 0.000100459 (threshold = 1e-08)
  Iteration 18 (of 50).   Current convergence value = 9.97755e-05 (threshold = 1e-08)
  Iteration 19 (of 50).   Current convergence value = 9.92064e-05 (threshold = 1e-08)
  Iteration 20 (of 50).   Current convergence value = 9.84934e-05 (threshold = 1e-08)
  Iteration 21 (of 50).   Current convergence value = 9.77393e-05 (threshold = 1e-08)
  Iteration 22 (of 50).   Current convergence value = 9.69152e-05 (threshold = 1e-08)
  Iteration 23 (of 50).   Current convergence value = 9.61456e-05 (threshold = 1e-08)
  Iteration 24 (of 50).   Current convergence value = 9.52949e-05 (threshold = 1e-08)
  Iteration 25 (of 50).   Current convergence value = 9.46177e-05 (threshold = 1e-08)
  Iteration 26 (of 50).   Current convergence value = 9.38829e-05 (threshold = 1e-08)
  Iteration 27 (of 50).   Current convergence value = 9.31705e-05 (threshold = 1e-08)
  Iteration 28 (of 50).   Current convergence value = 9.25079e-05 (threshold = 1e-08)
  Iteration 29 (of 50).   Current convergence value = 9.17902e-05 (threshold = 1e-08)
  Iteration 30 (of 50).   Current convergence value = 9.11548e-05 (threshold = 1e-08)
  Iteration 31 (of 50).   Current convergence value = 9.04666e-05 (threshold = 1e-08)
  Iteration 32 (of 50).   Current convergence value = 8.871e-05 (threshold = 1e-08)
  Iteration 33 (of 50).   Current convergence value = 8.73266e-05 (threshold = 1e-08)
  Iteration 34 (of 50).   Current convergence value = 8.59479e-05 (threshold = 1e-08)
  Iteration 35 (of 50).   Current convergence value = 8.47246e-05 (threshold = 1e-08)
  Iteration 36 (of 50).   Current convergence value = 8.34563e-05 (threshold = 1e-08)
  Iteration 37 (of 50).   Current convergence value = 8.22431e-05 (threshold = 1e-08)
  Iteration 38 (of 50).   Current convergence value = 8.13541e-05 (threshold = 1e-08)
  Iteration 39 (of 50).   Current convergence value = 8.02833e-05 (threshold = 1e-08)
  Iteration 40 (of 50).   Current convergence value = 7.90909e-05 (threshold = 1e-08)
  Iteration 41 (of 50).   Current convergence value = 7.81409e-05 (threshold = 1e-08)
  Iteration 42 (of 50).   Current convergence value = 7.73106e-05 (threshold = 1e-08)
  Iteration 43 (of 50).   Current convergence value = 7.62489e-05 (threshold = 1e-08)
  Iteration 44 (of 50).   Current convergence value = 7.5344e-05 (threshold = 1e-08)
  Iteration 45 (of 50).   Current convergence value = 7.45316e-05 (threshold = 1e-08)
  Iteration 46 (of 50).   Current convergence value = 7.35393e-05 (threshold = 1e-08)
  Iteration 47 (of 50).   Current convergence value = 7.26322e-05 (threshold = 1e-08)
  Iteration 48 (of 50).   Current convergence value = 7.18595e-05 (threshold = 1e-08)
  Iteration 49 (of 50).   Current convergence value = 7.11543e-05 (threshold = 1e-08)
  Iteration 50 (of 50).   Current convergence value = 7.00899e-05 (threshold = 1e-08)
Current level = 2
  Iteration 1 (of 50).   Current convergence value = 0.000490681 (threshold = 1e-08)
  Iteration 2 (of 50).   Current convergence value = 0.000398231 (threshold = 1e-08)
  Iteration 3 (of 50).   Current convergence value = 0.000339872 (threshold = 1e-08)
  Iteration 4 (of 50).   Current convergence value = 0.000293245 (threshold = 1e-08)
  Iteration 5 (of 50).   Current convergence value = 0.00025424 (threshold = 1e-08)
  Iteration 6 (of 50).   Current convergence value = 0.000220597 (threshold = 1e-08)
  Iteration 7 (of 50).   Current convergence value = 0.000195871 (threshold = 1e-08)
  Iteration 8 (of 50).   Current convergence value = 0.000179913 (threshold = 1e-08)
  Iteration 9 (of 50).   Current convergence value = 0.000160901 (threshold = 1e-08)
  Iteration 10 (of 50).   Current convergence value = 0.000145263 (threshold = 1e-08)
  Iteration 11 (of 50).   Current convergence value = 0.000131869 (threshold = 1e-08)
  Iteration 12 (of 50).   Current convergence value = 0.000119923 (threshold = 1e-08)
  Iteration 13 (of 50).   Current convergence value = 0.000109822 (threshold = 1e-08)
  Iteration 14 (of 50).   Current convergence value = 0.000101257 (threshold = 1e-08)
  Iteration 15 (of 50).   Current convergence value = 9.46665e-05 (threshold = 1e-08)
  Iteration 16 (of 50).   Current convergence value = 9.32121e-05 (threshold = 1e-08)
  Iteration 17 (of 50).   Current convergence value = 9.25472e-05 (threshold = 1e-08)
  Iteration 18 (of 50).   Current convergence value = 9.22694e-05 (threshold = 1e-08)
  Iteration 19 (of 50).   Current convergence value = 9.23826e-05 (threshold = 1e-08)
  Iteration 20 (of 50).   Current convergence value = 9.26082e-05 (threshold = 1e-08)
  Iteration 21 (of 50).   Current convergence value = 9.28253e-05 (threshold = 1e-08)
  Iteration 22 (of 50).   Current convergence value = 9.3009e-05 (threshold = 1e-08)
  Iteration 23 (of 50).   Current convergence value = 9.30766e-05 (threshold = 1e-08)
  Iteration 24 (of 50).   Current convergence value = 9.29079e-05 (threshold = 1e-08)
  Iteration 25 (of 50).   Current convergence value = 9.28492e-05 (threshold = 1e-08)
  Iteration 26 (of 50).   Current convergence value = 9.25623e-05 (threshold = 1e-08)
  Iteration 27 (of 50).   Current convergence value = 9.23405e-05 (threshold = 1e-08)
  Iteration 28 (of 50).   Current convergence value = 9.19291e-05 (threshold = 1e-08)
  Iteration 29 (of 50).   Current convergence value = 9.12644e-05 (threshold = 1e-08)
  Iteration 30 (of 50).   Current convergence value = 9.09751e-05 (threshold = 1e-08)
  Iteration 31 (of 50).   Current convergence value = 9.0233e-05 (threshold = 1e-08)
  Iteration 32 (of 50).   Current convergence value = 8.96522e-05 (threshold = 1e-08)
  Iteration 33 (of 50).   Current convergence value = 8.912e-05 (threshold = 1e-08)
  Iteration 34 (of 50).   Current convergence value = 8.85651e-05 (threshold = 1e-08)
  Iteration 35 (of 50).   Current convergence value = 8.78581e-05 (threshold = 1e-08)
  Iteration 36 (of 50).   Current convergence value = 8.7267e-05 (threshold = 1e-08)
  Iteration 37 (of 50).   Current convergence value = 8.65885e-05 (threshold = 1e-08)
  Iteration 38 (of 50).   Current convergence value = 8.60489e-05 (threshold = 1e-08)
  Iteration 39 (of 50).   Current convergence value = 8.5161e-05 (threshold = 1e-08)
  Iteration 40 (of 50).   Current convergence value = 8.44045e-05 (threshold = 1e-08)
  Iteration 41 (of 50).   Current convergence value = 8.37755e-05 (threshold = 1e-08)
  Iteration 42 (of 50).   Current convergence value = 8.30914e-05 (threshold = 1e-08)
  Iteration 43 (of 50).   Current convergence value = 8.24354e-05 (threshold = 1e-08)
  Iteration 44 (of 50).   Current convergence value = 8.16778e-05 (threshold = 1e-08)
  Iteration 45 (of 50).   Current convergence value = 8.0808e-05 (threshold = 1e-08)
  Iteration 46 (of 50).   Current convergence value = 8.016e-05 (threshold = 1e-08)
  Iteration 47 (of 50).   Current convergence value = 7.94732e-05 (threshold = 1e-08)
  Iteration 48 (of 50).   Current convergence value = 7.87156e-05 (threshold = 1e-08)
  Iteration 49 (of 50).   Current convergence value = 7.79158e-05 (threshold = 1e-08)
  Iteration 50 (of 50).   Current convergence value = 7.73732e-05 (threshold = 1e-08)
Current level = 3
  Iteration 1 (of 40).   Current convergence value = 0.00163087 (threshold = 1e-08)
  Iteration 2 (of 40).   Current convergence value = 0.00121637 (threshold = 1e-08)
  Iteration 3 (of 40).   Current convergence value = 0.000978354 (threshold = 1e-08)
  Iteration 4 (of 40).   Current convergence value = 0.000819847 (threshold = 1e-08)
  Iteration 5 (of 40).   Current convergence value = 0.000708156 (threshold = 1e-08)
  Iteration 6 (of 40).   Current convergence value = 0.000628665 (threshold = 1e-08)
  Iteration 7 (of 40).   Current convergence value = 0.00057692 (threshold = 1e-08)
  Iteration 8 (of 40).   Current convergence value = 0.000537307 (threshold = 1e-08)
  Iteration 9 (of 40).   Current convergence value = 0.000503906 (threshold = 1e-08)
  Iteration 10 (of 40).   Current convergence value = 0.000477402 (threshold = 1e-08)
  Iteration 11 (of 40).   Current convergence value = 0.0004558 (threshold = 1e-08)
  Iteration 12 (of 40).   Current convergence value = 0.000436873 (threshold = 1e-08)
  Iteration 13 (of 40).   Current convergence value = 0.00042042 (threshold = 1e-08)
  Iteration 14 (of 40).   Current convergence value = 0.000406171 (threshold = 1e-08)
  Iteration 15 (of 40).   Current convergence value = 0.000393554 (threshold = 1e-08)
  Iteration 16 (of 40).   Current convergence value = 0.000382178 (threshold = 1e-08)
  Iteration 17 (of 40).   Current convergence value = 0.000372072 (threshold = 1e-08)
  Iteration 18 (of 40).   Current convergence value = 0.000362821 (threshold = 1e-08)
  Iteration 19 (of 40).   Current convergence value = 0.000354391 (threshold = 1e-08)
  Iteration 20 (of 40).   Current convergence value = 0.000346635 (threshold = 1e-08)
  Iteration 21 (of 40).   Current convergence value = 0.00033969 (threshold = 1e-08)
  Iteration 22 (of 40).   Current convergence value = 0.000333602 (threshold = 1e-08)
  Iteration 23 (of 40).   Current convergence value = 0.000327992 (threshold = 1e-08)
  Iteration 24 (of 40).   Current convergence value = 0.000322766 (threshold = 1e-08)
  Iteration 25 (of 40).   Current convergence value = 0.000317952 (threshold = 1e-08)
  Iteration 26 (of 40).   Current convergence value = 0.000313454 (threshold = 1e-08)
  Iteration 27 (of 40).   Current convergence value = 0.000309246 (threshold = 1e-08)
  Iteration 28 (of 40).   Current convergence value = 0.000305272 (threshold = 1e-08)
  Iteration 29 (of 40).   Current convergence value = 0.000301587 (threshold = 1e-08)
  Iteration 30 (of 40).   Current convergence value = 0.000298116 (threshold = 1e-08)
  Iteration 31 (of 40).   Current convergence value = 0.00029486 (threshold = 1e-08)
  Iteration 32 (of 40).   Current convergence value = 0.000291835 (threshold = 1e-08)
  Iteration 33 (of 40).   Current convergence value = 0.000289017 (threshold = 1e-08)
  Iteration 34 (of 40).   Current convergence value = 0.000286367 (threshold = 1e-08)
  Iteration 35 (of 40).   Current convergence value = 0.000283939 (threshold = 1e-08)
  Iteration 36 (of 40).   Current convergence value = 0.000278264 (threshold = 1e-08)
  Iteration 37 (of 40).   Current convergence value = 0.000269858 (threshold = 1e-08)
  Iteration 38 (of 40).   Current convergence value = 0.000262334 (threshold = 1e-08)
  Iteration 39 (of 40).   Current convergence value = 0.000255509 (threshold = 1e-08)
  Iteration 40 (of 40).   Current convergence value = 0.000248696 (threshold = 1e-08)
Current level = 4
  Iteration 1 (of 30).   Current convergence value = 0.00218906 (threshold = 1e-08)
  Iteration 2 (of 30).   Current convergence value = 0.00191072 (threshold = 1e-08)
  Iteration 3 (of 30).   Current convergence value = 0.00177759 (threshold = 1e-08)
  Iteration 4 (of 30).   Current convergence value = 0.00167647 (threshold = 1e-08)
  Iteration 5 (of 30).   Current convergence value = 0.00158796 (threshold = 1e-08)
  Iteration 6 (of 30).   Current convergence value = 0.00145317 (threshold = 1e-08)
  Iteration 7 (of 30).   Current convergence value = 0.00140384 (threshold = 1e-08)
  Iteration 8 (of 30).   Current convergence value = 0.0013051 (threshold = 1e-08)
  Iteration 9 (of 30).   Current convergence value = 0.00122445 (threshold = 1e-08)
  Iteration 10 (of 30).   Current convergence value = 0.00114601 (threshold = 1e-08)
  Iteration 11 (of 30).   Current convergence value = 0.00104433 (threshold = 1e-08)
  Iteration 12 (of 30).   Current convergence value = 0.000974868 (threshold = 1e-08)
  Iteration 13 (of 30).   Current convergence value = 0.00091813 (threshold = 1e-08)
  Iteration 14 (of 30).   Current convergence value = 0.000867309 (threshold = 1e-08)
  Iteration 15 (of 30).   Current convergence value = 0.000820778 (threshold = 1e-08)
  Iteration 16 (of 30).   Current convergence value = 0.000775086 (threshold = 1e-08)
  Iteration 17 (of 30).   Current convergence value = 0.000731949 (threshold = 1e-08)
  Iteration 18 (of 30).   Current convergence value = 0.000693393 (threshold = 1e-08)
  Iteration 19 (of 30).   Current convergence value = 0.000658419 (threshold = 1e-08)
  Iteration 20 (of 30).   Current convergence value = 0.000625857 (threshold = 1e-08)
  Iteration 21 (of 30).   Current convergence value = 0.000596083 (threshold = 1e-08)
  Iteration 22 (of 30).   Current convergence value = 0.000568813 (threshold = 1e-08)
  Iteration 23 (of 30).   Current convergence value = 0.000544215 (threshold = 1e-08)
  Iteration 24 (of 30).   Current convergence value = 0.000521451 (threshold = 1e-08)
  Iteration 25 (of 30).   Current convergence value = 0.000500399 (threshold = 1e-08)
  Iteration 26 (of 30).   Current convergence value = 0.000480854 (threshold = 1e-08)
  Iteration 27 (of 30).   Current convergence value = 0.000462962 (threshold = 1e-08)
  Iteration 28 (of 30).   Current convergence value = 0.00044646 (threshold = 1e-08)
  Iteration 29 (of 30).   Current convergence value = 0.000431407 (threshold = 1e-08)
  Iteration 30 (of 30).   Current convergence value = 0.000417552 (threshold = 1e-08)
   N4BiasFieldCorrectionImageFilter (0x55ca93f30e20)
     RTTI typeinfo:   itk::N4BiasFieldCorrectionImageFilter<itk::Image<float, 3u>, itk::Image<float, 3u>, itk::Image<float, 3u> >
     Reference Count: 1
     Modified Time: 565
     Debug: Off
     Object Name: 
     Observers: 
       IterationEvent(Command)
     Inputs: 
       ConfidenceImage: (0)
       MaskImage: (0x55ca93f5b620)
       Primary: (0x55ca93f56b70) *
     Indexed Inputs: 
       0: Primary (0x55ca93f56b70)
       1: MaskImage (0x55ca93f5b620)
       2: ConfidenceImage (0)
     Required Input Names: Primary
     NumberOfRequiredInputs: 1
     Outputs: 
       Primary: (0x55ca93f40ef0)
     Indexed Outputs: 
       0: Primary (0x55ca93f40ef0)
     NumberOfRequiredOutputs: 1
     Number Of Work Units: 32
     ReleaseDataFlag: Off
     ReleaseDataBeforeUpdateFlag: Off
     AbortGenerateData: Off
     Progress: 0
     Multithreader: 
       RTTI typeinfo:   itk::PoolMultiThreader
       Reference Count: 1
       Modified Time: 144
       Debug: Off
       Object Name: 
       Observers: 
         none
       Number of Work Units: 32
       Number of Threads: 8
       Global Maximum Number Of Threads: 128
       Global Default Number Of Threads: 8
       Global Default Threader Type: itk::MultiThreaderBaseEnums::Threader::Pool
       SingleMethod: 0
       SingleData: 0
     DynamicMultiThreading: On
     CoordinateTolerance: 1e-06
     DirectionTolerance: 1e-06
     Use Mask Label: 0
     Mask label: 1
     Number of histogram bins: 200
     Wiener filter noise: 0.01
     Bias field FWHM: 0.15
     Maximum number of iterations: [50, 50, 40, 30]
     Convergence threshold: 1e-08
     Spline order: 3
     Number of fitting levels: [4, 4, 4]
     Number of control points: [4, 5, 5]
     CurrentConvergenceMeasurement: 0.000417552
     CurrentLevel: 4
     ElapsedIterations: 31
     LogBiasFieldControlPointLattice: 
       Image (0x55caa0217550)
         RTTI typeinfo:   itk::Image<itk::Vector<float, 1u>, 3u>
         Reference Count: 1
         Modified Time: 343560
         Debug: Off
         Object Name: 
         Observers: 
           none
         Source: (none)
         Source output name: (none)
         Release Data: Off
         Data Released: False
         Global Release Data: Off
         PipelineMTime: 0
         UpdateMTime: 0
         RealTimeStamp: 0 seconds 
         LargestPossibleRegion: 
           Dimension: 3
           Index: [0, 0, 0]
           Size: [11, 19, 19]
         BufferedRegion: 
           Dimension: 3
           Index: [0, 0, 0]
           Size: [11, 19, 19]
         RequestedRegion: 
           Dimension: 3
           Index: [0, 0, 0]
           Size: [11, 19, 19]
         Spacing: [24.75, 24.875, 24.875]
         Origin: [27.7069, 22.1642, -24.314]
         Direction: 
-0.994236 -0.0191072 -0.105498
0.00900504 -0.995397 0.0954152
-0.106836 0.0939152 0.989831

         IndexToPointMatrix: 
-24.6073 -0.475292 -2.62426
0.222875 -24.7605 2.37345
-2.64418 2.33614 24.6221

         PointToIndexMatrix: 
-0.0401711 0.00036384 -0.00431659
-0.000768129 -0.040016 0.00377549
-0.00424113 0.00383579 0.0397922

         Inverse Direction: 
-0.994236 0.00900504 -0.106836
-0.0191072 -0.995397 0.0939152
-0.105498 0.0954152 0.989831

         PixelContainer: 
           ImportImageContainer (0x55ca9aa32600)
             RTTI typeinfo:   itk::ImportImageContainer<unsigned long, itk::Vector<float, 1u> >
             Reference Count: 1
             Modified Time: 343561
             Debug: Off
             Object Name: 
             Observers: 
               none
             Pointer: 0x55ca9e0cef70
             Container manages memory: true
             Size: 3971
             Capacity: 3971
Elapsed time: 267.815
All_Command_lines_OK
Using single precision for computations.
=============================================================================
The composite transform comprises the following transforms (in order): 
  1. Center of mass alignment using fixed image: /home/mpib/nemecz/Projects/miniTRK/Results/01_MRI/GroupTempl/T1w/T_template0.nii.gz and moving image: /home/mpib/nemecz/Projects/miniTRK/Analysis/01_MRI/Preproc/GroupTempl/T1w/sub-205693_T1w.nii.gz (type = Euler3DTransform)
=============================================================================
  number of levels = 4
  number of levels = 4
  number of levels = 4
  fixed image: /home/mpib/nemecz/Projects/miniTRK/Results/01_MRI/GroupTempl/T1w/T_template0.nii.gz
  moving image: /home/mpib/nemecz/Projects/miniTRK/Results/01_MRI/GroupTempl/T1w/T_template0sub-205693_T1wRepaired.nii.gz
  fixed image: /home/mpib/nemecz/Projects/miniTRK/Results/01_MRI/GroupTempl/T1w/T_template0.nii.gz
  moving image: /home/mpib/nemecz/Projects/miniTRK/Results/01_MRI/GroupTempl/T1w/T_template0sub-205693_T1wRepaired.nii.gz
  fixed image: /home/mpib/nemecz/Projects/miniTRK/Results/01_MRI/GroupTempl/T1w/T_template0.nii.gz
  moving image: /home/mpib/nemecz/Projects/miniTRK/Results/01_MRI/GroupTempl/T1w/T_template0sub-205693_T1wRepaired.nii.gz
Dimension = 3
Number of stages = 3
Use Histogram Matching true
Winsorize image intensities true
Lower quantile = 0.01
Upper quantile = 0.99
Stage 1 State
   Image metric = Mattes
     Fixed image = Image (0x55b4b4c4cad0)
  RTTI typeinfo:   itk::Image<float, 3u>
  Reference Count: 2
  Modified Time: 1721
  Debug: Off
  Object Name: 
  Observers: 
    none
  Source: (none)
  Source output name: (none)
  Release Data: Off
  Data Released: False
  Global Release Data: Off
  PipelineMTime: 0
  UpdateMTime: 1506
  RealTimeStamp: 0 seconds 
  LargestPossibleRegion: 
    Dimension: 3
    Index: [0, 0, 0]
    Size: [192, 256, 256]
  BufferedRegion: 
    Dimension: 3
    Index: [0, 0, 0]
    Size: [192, 256, 256]
  RequestedRegion: 
    Dimension: 3
    Index: [0, 0, 0]
    Size: [192, 256, 256]
  Spacing: [1, 1, 1]
  Origin: [95.0313, 100.538, -154.123]
  Direction: 
-0.999853 -0.014134 -0.00966312
0.014129 -0.9999 0.000586045
-0.00967044 0.000449429 0.999953

  IndexToPointMatrix: 
-0.999853 -0.014134 -0.00966312
0.014129 -0.9999 0.000586045
-0.00967044 0.000449429 0.999953

  PointToIndexMatrix: 
-0.999853 0.014129 -0.00967044
-0.014134 -0.9999 0.000449429
-0.00966312 0.000586045 0.999953

  Inverse Direction: 
-0.999853 0.014129 -0.00967044
-0.014134 -0.9999 0.000449429
-0.00966312 0.000586045 0.999953

  PixelContainer: 
    ImportImageContainer (0x55b4b4c54c80)
      RTTI typeinfo:   itk::ImportImageContainer<unsigned long, float>
      Reference Count: 1
      Modified Time: 1503
      Debug: Off
      Object Name: 
      Observers: 
        none
      Pointer: 0x7f5418816010
      Container manages memory: true
      Size: 12582912
      Capacity: 12582912

     Moving image = Image (0x55b4b4c4db40)
  RTTI typeinfo:   itk::Image<float, 3u>
  Reference Count: 2
  Modified Time: 1722
  Debug: Off
  Object Name: 
  Observers: 
    none
  Source: (none)
  Source output name: (none)
  Release Data: Off
  Data Released: False
  Global Release Data: Off
  PipelineMTime: 0
  UpdateMTime: 1719
  RealTimeStamp: 0 seconds 
  LargestPossibleRegion: 
    Dimension: 3
    Index: [0, 0, 0]
    Size: [192, 256, 256]
  BufferedRegion: 
    Dimension: 3
    Index: [0, 0, 0]
    Size: [192, 256, 256]
  RequestedRegion: 
    Dimension: 3
    Index: [0, 0, 0]
    Size: [192, 256, 256]
  Spacing: [1, 1, 1]
  Origin: [111.603, 84.6504, -151.519]
  Direction: 
-0.994236 -0.0191072 -0.105498
0.00900504 -0.995397 0.0954152
-0.106836 0.0939152 0.989831

  IndexToPointMatrix: 
-0.994236 -0.0191072 -0.105498
0.00900504 -0.995397 0.0954152
-0.106836 0.0939152 0.989831

  PointToIndexMatrix: 
-0.994236 0.00900503 -0.106836
-0.0191072 -0.995397 0.0939152
-0.105498 0.0954152 0.989831

  Inverse Direction: 
-0.994236 0.00900503 -0.106836
-0.0191072 -0.995397 0.0939152
-0.105498 0.0954152 0.989831

  PixelContainer: 
    ImportImageContainer (0x55b4b4c50610)
      RTTI typeinfo:   itk::ImportImageContainer<unsigned long, float>
      Reference Count: 1
      Modified Time: 1716
      Debug: Off
      Object Name: 
      Observers: 
        none
      Pointer: 0x7f5415815010
      Container manages memory: true
      Size: 12582912
      Capacity: 12582912

     Weighting = 1
     Sampling strategy = regular
     Number of bins = 32
     Radius = 4
     Sampling percentage  = 0.25
   Transform = Rigid
     Gradient step = 0.1
     Update field sigma (voxel space) = 0
     Total field sigma (voxel space) = 0
     Update field time sigma = 0
     Total field time sigma  = 0
     Number of time indices = 0
     Number of time point samples = 0
Stage 2 State
   Image metric = Mattes
     Fixed image = Image (0x55b4b4c658a0)
  RTTI typeinfo:   itk::Image<float, 3u>
  Reference Count: 2
  Modified Time: 2149
  Debug: Off
  Object Name: 
  Observers: 
    none
  Source: (none)
  Source output name: (none)
  Release Data: Off
  Data Released: False
  Global Release Data: Off
  PipelineMTime: 0
  UpdateMTime: 1934
  RealTimeStamp: 0 seconds 
  LargestPossibleRegion: 
    Dimension: 3
    Index: [0, 0, 0]
    Size: [192, 256, 256]
  BufferedRegion: 
    Dimension: 3
    Index: [0, 0, 0]
    Size: [192, 256, 256]
  RequestedRegion: 
    Dimension: 3
    Index: [0, 0, 0]
    Size: [192, 256, 256]
  Spacing: [1, 1, 1]
  Origin: [95.0313, 100.538, -154.123]
  Direction: 
-0.999853 -0.014134 -0.00966312
0.014129 -0.9999 0.000586045
-0.00967044 0.000449429 0.999953

  IndexToPointMatrix: 
-0.999853 -0.014134 -0.00966312
0.014129 -0.9999 0.000586045
-0.00967044 0.000449429 0.999953

  PointToIndexMatrix: 
-0.999853 0.014129 -0.00967044
-0.014134 -0.9999 0.000449429
-0.00966312 0.000586045 0.999953

  Inverse Direction: 
-0.999853 0.014129 -0.00967044
-0.014134 -0.9999 0.000449429
-0.00966312 0.000586045 0.999953

  PixelContainer: 
    ImportImageContainer (0x55b4b4c556a0)
      RTTI typeinfo:   itk::ImportImageContainer<unsigned long, float>
      Reference Count: 1
      Modified Time: 1931
      Debug: Off
      Object Name: 
      Observers: 
        none
      Pointer: 0x7f5412814010
      Container manages memory: true
      Size: 12582912
      Capacity: 12582912

     Moving image = Image (0x55b4b4c65510)
  RTTI typeinfo:   itk::Image<float, 3u>
  Reference Count: 2
  Modified Time: 2150
  Debug: Off
  Object Name: 
  Observers: 
    none
  Source: (none)
  Source output name: (none)
  Release Data: Off
  Data Released: False
  Global Release Data: Off
  PipelineMTime: 0
  UpdateMTime: 2147
  RealTimeStamp: 0 seconds 
  LargestPossibleRegion: 
    Dimension: 3
    Index: [0, 0, 0]
    Size: [192, 256, 256]
  BufferedRegion: 
    Dimension: 3
    Index: [0, 0, 0]
    Size: [192, 256, 256]
  RequestedRegion: 
    Dimension: 3
    Index: [0, 0, 0]
    Size: [192, 256, 256]
  Spacing: [1, 1, 1]
  Origin: [111.603, 84.6504, -151.519]
  Direction: 
-0.994236 -0.0191072 -0.105498
0.00900504 -0.995397 0.0954152
-0.106836 0.0939152 0.989831

  IndexToPointMatrix: 
-0.994236 -0.0191072 -0.105498
0.00900504 -0.995397 0.0954152
-0.106836 0.0939152 0.989831

  PointToIndexMatrix: 
-0.994236 0.00900503 -0.106836
-0.0191072 -0.995397 0.0939152
-0.105498 0.0954152 0.989831

  Inverse Direction: 
-0.994236 0.00900503 -0.106836
-0.0191072 -0.995397 0.0939152
-0.105498 0.0954152 0.989831

  PixelContainer: 
    ImportImageContainer (0x55b4b4c66bb0)
      RTTI typeinfo:   itk::ImportImageContainer<unsigned long, float>
      Reference Count: 1
      Modified Time: 2144
      Debug: Off
      Object Name: 
      Observers: 
        none
      Pointer: 0x7f540f813010
      Container manages memory: true
      Size: 12582912
      Capacity: 12582912

     Weighting = 1
     Sampling strategy = regular
     Number of bins = 32
     Radius = 4
     Sampling percentage  = 0.25
   Transform = Affine
     Gradient step = 0.1
     Update field sigma (voxel space) = 0
     Total field sigma (voxel space) = 0
     Update field time sigma = 0
     Total field time sigma  = 0
     Number of time indices = 0
     Number of time point samples = 0
Stage 3 State
   Image metric = CC
     Fixed image = Image (0x55b4b4c6c990)
  RTTI typeinfo:   itk::Image<float, 3u>
  Reference Count: 2
  Modified Time: 2577
  Debug: Off
  Object Name: 
  Observers: 
    none
  Source: (none)
  Source output name: (none)
  Release Data: Off
  Data Released: False
  Global Release Data: Off
  PipelineMTime: 0
  UpdateMTime: 2362
  RealTimeStamp: 0 seconds 
  LargestPossibleRegion: 
    Dimension: 3
    Index: [0, 0, 0]
    Size: [192, 256, 256]
  BufferedRegion: 
    Dimension: 3
    Index: [0, 0, 0]
    Size: [192, 256, 256]
  RequestedRegion: 
    Dimension: 3
    Index: [0, 0, 0]
    Size: [192, 256, 256]
  Spacing: [1, 1, 1]
  Origin: [95.0313, 100.538, -154.123]
  Direction: 
-0.999853 -0.014134 -0.00966312
0.014129 -0.9999 0.000586045
-0.00967044 0.000449429 0.999953

  IndexToPointMatrix: 
-0.999853 -0.014134 -0.00966312
0.014129 -0.9999 0.000586045
-0.00967044 0.000449429 0.999953

  PointToIndexMatrix: 
-0.999853 0.014129 -0.00967044
-0.014134 -0.9999 0.000449429
-0.00966312 0.000586045 0.999953

  Inverse Direction: 
-0.999853 0.014129 -0.00967044
-0.014134 -0.9999 0.000449429
-0.00966312 0.000586045 0.999953

  PixelContainer: 
    ImportImageContainer (0x55b4b4ac1bf0)
      RTTI typeinfo:   itk::ImportImageContainer<unsigned long, float>
      Reference Count: 1
      Modified Time: 2359
      Debug: Off
      Object Name: 
      Observers: 
        none
      Pointer: 0x7f540c812010
      Container manages memory: true
      Size: 12582912
      Capacity: 12582912

     Moving image = Image (0x55b4b4c642d0)
  RTTI typeinfo:   itk::Image<float, 3u>
  Reference Count: 2
  Modified Time: 2578
  Debug: Off
  Object Name: 
  Observers: 
    none
  Source: (none)
  Source output name: (none)
  Release Data: Off
  Data Released: False
  Global Release Data: Off
  PipelineMTime: 0
  UpdateMTime: 2575
  RealTimeStamp: 0 seconds 
  LargestPossibleRegion: 
    Dimension: 3
    Index: [0, 0, 0]
    Size: [192, 256, 256]
  BufferedRegion: 
    Dimension: 3
    Index: [0, 0, 0]
    Size: [192, 256, 256]
  RequestedRegion: 
    Dimension: 3
    Index: [0, 0, 0]
    Size: [192, 256, 256]
  Spacing: [1, 1, 1]
  Origin: [111.603, 84.6504, -151.519]
  Direction: 
-0.994236 -0.0191072 -0.105498
0.00900504 -0.995397 0.0954152
-0.106836 0.0939152 0.989831

  IndexToPointMatrix: 
-0.994236 -0.0191072 -0.105498
0.00900504 -0.995397 0.0954152
-0.106836 0.0939152 0.989831

  PointToIndexMatrix: 
-0.994236 0.00900503 -0.106836
-0.0191072 -0.995397 0.0939152
-0.105498 0.0954152 0.989831

  Inverse Direction: 
-0.994236 0.00900503 -0.106836
-0.0191072 -0.995397 0.0939152
-0.105498 0.0954152 0.989831

  PixelContainer: 
    ImportImageContainer (0x55b4b4c6b6b0)
      RTTI typeinfo:   itk::ImportImageContainer<unsigned long, float>
      Reference Count: 1
      Modified Time: 2572
      Debug: Off
      Object Name: 
      Observers: 
        none
      Pointer: 0x7f5409811010
      Container manages memory: true
      Size: 12582912
      Capacity: 12582912

     Weighting = 1
     Sampling strategy = none
     Number of bins = 32
     Radius = 4
     Sampling percentage  = 1
   Transform = SyN
     Gradient step = 0.1
     Update field sigma (voxel space) = 3
     Total field sigma (voxel space) = 0
     Update field time sigma = 0
     Total field time sigma  = 0
     Number of time indices = 0
     Number of time point samples = 0
Registration using 3 total stages.

Stage 0
  iterations = 1000x500x250x0
  convergence threshold = 1e-06
  convergence window size = 10
  number of levels = 4
  using the Mattes MI metric (number of bins = 32, weight = 1)
  preprocessing:  winsorizing the image intensities
  preprocessing:  histogram matching the images
  Shrink factors (level 1 out of 4): [6, 6, 6]
  Shrink factors (level 2 out of 4): [4, 4, 4]
  Shrink factors (level 3 out of 4): [2, 2, 2]
  Shrink factors (level 4 out of 4): [1, 1, 1]
  smoothing sigmas per level: [4, 2, 1, 0]
  regular sampling (percentage = 0.25)

*** Running Euler3DTransform registration ***

DIAGNOSTIC,Iteration,metricValue,convergenceValue,ITERATION_TIME_INDEX,SINCE_LAST
 2DIAGNOSTIC,     1, -8.143762350082e-01, inf, 5.5507e-01, 5.5507e-01, 
 2DIAGNOSTIC,     2, -8.163892030716e-01, inf, 5.6445e-01, 9.3820e-03, 
 2DIAGNOSTIC,     3, -8.194419145584e-01, inf, 5.7432e-01, 9.8729e-03, 
 2DIAGNOSTIC,     4, -8.238516449928e-01, inf, 5.8335e-01, 9.0230e-03, 
 2DIAGNOSTIC,     5, -8.290697932243e-01, inf, 5.9297e-01, 9.6259e-03, 
 2DIAGNOSTIC,     6, -8.337585926056e-01, inf, 6.0218e-01, 9.2039e-03, 
 2DIAGNOSTIC,     7, -8.377432227135e-01, inf, 6.1088e-01, 8.7030e-03, 
 2DIAGNOSTIC,     8, -8.437259197235e-01, inf, 6.1946e-01, 8.5812e-03, 
 2DIAGNOSTIC,     9, -8.514100313187e-01, inf, 6.2887e-01, 9.4111e-03, 
 2DIAGNOSTIC,    10, -8.568578958511e-01, 3.327218350023e-03, 6.4139e-01, 1.2513e-02, 
 2DIAGNOSTIC,    11, -8.607127070427e-01, 3.215806093067e-03, 6.4989e-01, 8.5042e-03, 
 2DIAGNOSTIC,    12, -8.633552789688e-01, 2.967712702230e-03, 6.5914e-01, 9.2499e-03, 
 2DIAGNOSTIC,    13, -8.662336468697e-01, 2.643659012392e-03, 6.6983e-01, 1.0689e-02, 
 2DIAGNOSTIC,    14, -8.710760474205e-01, 2.345547312871e-03, 6.8018e-01, 1.0355e-02, 
 2DIAGNOSTIC,    15, -8.727826476097e-01, 2.026074798778e-03, 6.8832e-01, 8.1339e-03, 
 2DIAGNOSTIC,    16, -8.735052347183e-01, 1.677086576819e-03, 6.9656e-01, 8.2459e-03, 
 2DIAGNOSTIC,    17, -8.735466003418e-01, 1.296289148740e-03, 7.0607e-01, 9.5079e-03, 
 2DIAGNOSTIC,    18, -8.741089105606e-01, 9.588708053343e-04, 7.1658e-01, 1.0505e-02, 
 2DIAGNOSTIC,    19, -8.744471669197e-01, 7.075457833707e-04, 7.2718e-01, 1.0606e-02, 
 2DIAGNOSTIC,    20, -8.745242357254e-01, 5.073349457234e-04, 7.3732e-01, 1.0142e-02, 
 2DIAGNOSTIC,    21, -8.745630383492e-01, 3.419127897359e-04, 7.4714e-01, 9.8171e-03, 
 2DIAGNOSTIC,    22, -8.745695352554e-01, 2.002982364502e-04, 7.5644e-01, 9.2971e-03, 
 2DIAGNOSTIC,    23, -8.745809793472e-01, 9.281598613597e-05, 7.6491e-01, 8.4760e-03, 
 2DIAGNOSTIC,    24, -8.745574951172e-01, 5.199162842473e-05, 7.7424e-01, 9.3219e-03, 
 2DIAGNOSTIC,    25, -8.744270205498e-01, 3.051099338336e-05, 7.8240e-01, 8.1601e-03, 
 2DIAGNOSTIC,    26, -8.744426369667e-01, 1.756478013704e-05, 7.9146e-01, 9.0680e-03, 
 2DIAGNOSTIC,    27, -8.744179606438e-01, 4.100083060621e-06, 8.0068e-01, 9.2130e-03, 
DIAGNOSTIC,Iteration,metricValue,convergenceValue,ITERATION_TIME_INDEX,SINCE_LAST
 2DIAGNOSTIC,     1, -6.740844845772e-01, inf, 1.2967e+00, 4.9607e-01, 
 2DIAGNOSTIC,     2, -6.749449968338e-01, inf, 1.3283e+00, 3.1577e-02, 
 2DIAGNOSTIC,     3, -6.759987473488e-01, inf, 1.3605e+00, 3.2211e-02, 
 2DIAGNOSTIC,     4, -6.769865155220e-01, inf, 1.3925e+00, 3.1930e-02, 
 2DIAGNOSTIC,     5, -6.773060560226e-01, inf, 1.4230e+00, 3.0509e-02, 
 2DIAGNOSTIC,     6, -6.776475310326e-01, inf, 1.4705e+00, 4.7481e-02, 
 2DIAGNOSTIC,     7, -6.778205037117e-01, inf, 1.5012e+00, 3.0784e-02, 
 2DIAGNOSTIC,     8, -6.780445575714e-01, inf, 1.5359e+00, 3.4675e-02, 
 2DIAGNOSTIC,     9, -6.780637502670e-01, inf, 1.5663e+00, 3.0367e-02, 
 2DIAGNOSTIC,    10, -6.782041788101e-01, 3.695741179399e-04, 1.6013e+00, 3.5050e-02, 
 2DIAGNOSTIC,    11, -6.782636642456e-01, 2.461780968588e-04, 1.6363e+00, 3.4971e-02, 
 2DIAGNOSTIC,    12, -6.782742738724e-01, 1.514170580776e-04, 1.6712e+00, 3.4875e-02, 
 2DIAGNOSTIC,    13, -6.783305406570e-01, 9.299191879109e-05, 1.7231e+00, 5.1939e-02, 
 2DIAGNOSTIC,    14, -6.783292293549e-01, 6.413703522412e-05, 1.7581e+00, 3.5021e-02, 
 2DIAGNOSTIC,    15, -6.783262491226e-01, 4.217955211061e-05, 1.7894e+00, 3.1261e-02, 
 2DIAGNOSTIC,    16, -6.783255338669e-01, 2.816626147251e-05, 1.8243e+00, 3.4934e-02, 
 2DIAGNOSTIC,    17, -6.783254146576e-01, 1.754713412083e-05, 1.8592e+00, 3.4866e-02, 
 2DIAGNOSTIC,    18, -6.783199310303e-01, 1.178015281766e-05, 1.8946e+00, 3.5388e-02, 
 2DIAGNOSTIC,    19, -6.783283352852e-01, 6.232478426682e-06, 1.9301e+00, 3.5558e-02, 
 2DIAGNOSTIC,    20, -6.783185601234e-01, 3.537680640875e-06, 1.9653e+00, 3.5159e-02, 
 2DIAGNOSTIC,    21, -6.783218383789e-01, 2.185397079302e-06, 2.0003e+00, 3.5035e-02, 
DIAGNOSTIC,Iteration,metricValue,convergenceValue,ITERATION_TIME_INDEX,SINCE_LAST
 2DIAGNOSTIC,     1, -6.037173867226e-01, inf, 2.8918e+00, 8.9142e-01, 
 2DIAGNOSTIC,     2, -6.040225625038e-01, inf, 3.1190e+00, 2.2727e-01, 
 2DIAGNOSTIC,     3, -6.042048931122e-01, inf, 3.3476e+00, 2.2853e-01, 
 2DIAGNOSTIC,     4, -6.043813824654e-01, inf, 3.5759e+00, 2.2830e-01, 
 2DIAGNOSTIC,     5, -6.047711372375e-01, inf, 3.8667e+00, 2.9081e-01, 
 2DIAGNOSTIC,     6, -6.052959561348e-01, inf, 4.1584e+00, 2.9175e-01, 
 2DIAGNOSTIC,     7, -6.055237054825e-01, inf, 4.3855e+00, 2.2707e-01, 
 2DIAGNOSTIC,     8, -6.056216955185e-01, inf, 4.7081e+00, 3.2262e-01, 
 2DIAGNOSTIC,     9, -6.056264638901e-01, inf, 4.9981e+00, 2.9004e-01, 
 2DIAGNOSTIC,    10, -6.056250929832e-01, 2.345253888052e-04, 5.2568e+00, 2.5870e-01, 
 2DIAGNOSTIC,    11, -6.056224703789e-01, 1.801185862860e-04, 5.5479e+00, 2.9110e-01, 
 2DIAGNOSTIC,    12, -6.056221127510e-01, 1.307233033003e-04, 5.8072e+00, 2.5921e-01, 
 2DIAGNOSTIC,    13, -6.056218743324e-01, 8.415473712375e-05, 6.0966e+00, 2.8947e-01, 
 2DIAGNOSTIC,    14, -6.056213974953e-01, 4.267485928722e-05, 6.3870e+00, 2.9037e-01, 
 2DIAGNOSTIC,    15, -6.056210398674e-01, 1.489994883741e-05, 6.6457e+00, 2.5868e-01, 
 2DIAGNOSTIC,    16, -6.056205630302e-01, 4.665623691835e-06, 6.9362e+00, 2.9052e-01, 
 2DIAGNOSTIC,    17, -6.056206226349e-01, 1.606936734788e-06, 7.1962e+00, 2.6003e-01, 
 2DIAGNOSTIC,    18, -6.056205034256e-01, 1.460975227019e-06, 7.4557e+00, 2.5947e-01, 
 2DIAGNOSTIC,    19, -6.056197881699e-01, 1.459261852688e-06, 7.7155e+00, 2.5984e-01, 
 2DIAGNOSTIC,    20, -6.056201457977e-01, 1.456270865674e-06, 7.9750e+00, 2.5947e-01, 
 2DIAGNOSTIC,    21, -6.056200861931e-01, 1.405916123076e-06, 8.2355e+00, 2.6049e-01, 
 2DIAGNOSTIC,    22, -6.056203246117e-01, 1.367646291328e-06, 8.4944e+00, 2.5891e-01, 
 2DIAGNOSTIC,    23, -6.056201457977e-01, 1.331674752691e-06, 8.7852e+00, 2.9081e-01, 
 2DIAGNOSTIC,    24, -6.056202650070e-01, 1.297052222071e-06, 9.0438e+00, 2.5864e-01, 
 2DIAGNOSTIC,    25, -6.056202054024e-01, 1.260235421796e-06, 9.3341e+00, 2.9028e-01, 
 2DIAGNOSTIC,    26, -6.056201457977e-01, 1.217481553795e-06, 9.5944e+00, 2.6025e-01, 
 2DIAGNOSTIC,    27, -6.056201457977e-01, 1.179557216346e-06, 9.8530e+00, 2.5865e-01, 
 2DIAGNOSTIC,    28, -6.056200861931e-01, 1.141661641668e-06, 1.0112e+01, 2.5872e-01, 
 2DIAGNOSTIC,    29, -6.056200861931e-01, 1.094198864848e-06, 1.0371e+01, 2.5892e-01, 
 2DIAGNOSTIC,    30, -6.056200265884e-01, 1.054891185959e-06, 1.0629e+01, 2.5786e-01, 
 2DIAGNOSTIC,    31, -6.056200265884e-01, 1.017696490635e-06, 1.0883e+01, 2.5460e-01, 
DIAGNOSTIC,Iteration,metricValue,convergenceValue,ITERATION_TIME_INDEX,SINCE_LAST
 2DIAGNOSTIC,     1, -5.557397603989e-01, inf, 1.3757e+01, 2.8739e+00, 
  Elapsed time (stage 0): 1.4874e+01


Stage 1
  iterations = 1000x500x250x0
  convergence threshold = 1.0000e-06
  convergence window size = 10
  number of levels = 4
  using the Mattes MI metric (number of bins = 32, weight = 1.0000e+00)
  preprocessing:  winsorizing the image intensities
  preprocessing:  histogram matching the images
  Shrink factors (level 1 out of 4): [6, 6, 6]
  Shrink factors (level 2 out of 4): [4, 4, 4]
  Shrink factors (level 3 out of 4): [2, 2, 2]
  Shrink factors (level 4 out of 4): [1, 1, 1]
  smoothing sigmas per level: [4, 2, 1, 0]
  regular sampling (percentage = 2.5000e-01)

*** Running AffineTransform registration ***

DIAGNOSTIC,Iteration,metricValue,convergenceValue,ITERATION_TIME_INDEX,SINCE_LAST
 2DIAGNOSTIC,     1, -8.687500953674e-01, inf, 5.5535e-01, 5.5535e-01, 
 2DIAGNOSTIC,     2, -8.720144629478e-01, inf, 5.6645e-01, 1.1098e-02, 
 2DIAGNOSTIC,     3, -8.775473833084e-01, inf, 5.7790e-01, 1.1448e-02, 
 2DIAGNOSTIC,     4, -8.869342803955e-01, inf, 5.8903e-01, 1.1139e-02, 
 2DIAGNOSTIC,     5, -9.009939432144e-01, inf, 5.9959e-01, 1.0552e-02, 
 2DIAGNOSTIC,     6, -9.216782450676e-01, inf, 6.0964e-01, 1.0050e-02, 
 2DIAGNOSTIC,     7, -9.497963190079e-01, inf, 6.2109e-01, 1.1456e-02, 
 2DIAGNOSTIC,     8, -9.832047820091e-01, inf, 6.3131e-01, 1.0221e-02, 
 2DIAGNOSTIC,     9, -9.877800941467e-01, inf, 6.4138e-01, 1.0066e-02, 
 2DIAGNOSTIC,    10, -9.901759028435e-01, 1.013970281929e-02, 6.5332e-01, 1.1939e-02, 
 2DIAGNOSTIC,    11, -9.919205904007e-01, 9.229430928826e-03, 6.6196e-01, 8.6460e-03, 
 2DIAGNOSTIC,    12, -9.928616881371e-01, 7.752050645649e-03, 6.7479e-01, 1.2825e-02, 
