
Running N4 for 3-dimensional images.

Mask not read.  Using the entire image as the mask.

Original intensity range:  [0, 888]

***********************************************************
Warning:  Your input image contains nonpositive values
which could cause failure or problematic results.  A
possible workaround would be to:
   1. rescale your image to positive values e.g., [10,100].
   2. run N4 on your rescaled image.
   3. (optional) rescale the N4 output to the original
      intensity range.
***********************************************************

Specified spline distance: 200mm
  original image size:  [192, 256, 256]
  padded image size:  [201, 401, 401]
  number of control points:  [4, 5, 5]

Current level = 1
  Iteration 1 (of 50).   Current convergence value = 0.000551757 (threshold = 1e-08)
  Iteration 2 (of 50).   Current convergence value = 0.000380136 (threshold = 1e-08)
  Iteration 3 (of 50).   Current convergence value = 0.000280082 (threshold = 1e-08)
  Iteration 4 (of 50).   Current convergence value = 0.000229525 (threshold = 1e-08)
  Iteration 5 (of 50).   Current convergence value = 0.000188618 (threshold = 1e-08)
  Iteration 6 (of 50).   Current convergence value = 0.000149466 (threshold = 1e-08)
  Iteration 7 (of 50).   Current convergence value = 0.000119877 (threshold = 1e-08)
  Iteration 8 (of 50).   Current convergence value = 9.92081e-05 (threshold = 1e-08)
  Iteration 9 (of 50).   Current convergence value = 8.53099e-05 (threshold = 1e-08)
  Iteration 10 (of 50).   Current convergence value = 7.62481e-05 (threshold = 1e-08)
  Iteration 11 (of 50).   Current convergence value = 7.02946e-05 (threshold = 1e-08)
  Iteration 12 (of 50).   Current convergence value = 6.60326e-05 (threshold = 1e-08)
  Iteration 13 (of 50).   Current convergence value = 6.28128e-05 (threshold = 1e-08)
  Iteration 14 (of 50).   Current convergence value = 6.02139e-05 (threshold = 1e-08)
  Iteration 15 (of 50).   Current convergence value = 5.78487e-05 (threshold = 1e-08)
  Iteration 16 (of 50).   Current convergence value = 5.56899e-05 (threshold = 1e-08)
  Iteration 17 (of 50).   Current convergence value = 5.37184e-05 (threshold = 1e-08)
  Iteration 18 (of 50).   Current convergence value = 5.18552e-05 (threshold = 1e-08)
  Iteration 19 (of 50).   Current convergence value = 5.00806e-05 (threshold = 1e-08)
  Iteration 20 (of 50).   Current convergence value = 4.82655e-05 (threshold = 1e-08)
  Iteration 21 (of 50).   Current convergence value = 4.65544e-05 (threshold = 1e-08)
  Iteration 22 (of 50).   Current convergence value = 4.49658e-05 (threshold = 1e-08)
  Iteration 23 (of 50).   Current convergence value = 4.34711e-05 (threshold = 1e-08)
  Iteration 24 (of 50).   Current convergence value = 4.20611e-05 (threshold = 1e-08)
  Iteration 25 (of 50).   Current convergence value = 4.07501e-05 (threshold = 1e-08)
  Iteration 26 (of 50).   Current convergence value = 3.96044e-05 (threshold = 1e-08)
  Iteration 27 (of 50).   Current convergence value = 3.85904e-05 (threshold = 1e-08)
  Iteration 28 (of 50).   Current convergence value = 3.76815e-05 (threshold = 1e-08)
  Iteration 29 (of 50).   Current convergence value = 3.68735e-05 (threshold = 1e-08)
  Iteration 30 (of 50).   Current convergence value = 3.61766e-05 (threshold = 1e-08)
  Iteration 31 (of 50).   Current convergence value = 3.56e-05 (threshold = 1e-08)
  Iteration 32 (of 50).   Current convergence value = 3.51241e-05 (threshold = 1e-08)
  Iteration 33 (of 50).   Current convergence value = 3.47567e-05 (threshold = 1e-08)
  Iteration 34 (of 50).   Current convergence value = 3.44794e-05 (threshold = 1e-08)
  Iteration 35 (of 50).   Current convergence value = 3.42609e-05 (threshold = 1e-08)
  Iteration 36 (of 50).   Current convergence value = 3.40794e-05 (threshold = 1e-08)
  Iteration 37 (of 50).   Current convergence value = 3.3973e-05 (threshold = 1e-08)
  Iteration 38 (of 50).   Current convergence value = 3.40598e-05 (threshold = 1e-08)
  Iteration 39 (of 50).   Current convergence value = 3.41131e-05 (threshold = 1e-08)
  Iteration 40 (of 50).   Current convergence value = 3.42615e-05 (threshold = 1e-08)
  Iteration 41 (of 50).   Current convergence value = 3.45031e-05 (threshold = 1e-08)
  Iteration 42 (of 50).   Current convergence value = 3.46982e-05 (threshold = 1e-08)
  Iteration 43 (of 50).   Current convergence value = 3.50038e-05 (threshold = 1e-08)
  Iteration 44 (of 50).   Current convergence value = 3.52183e-05 (threshold = 1e-08)
  Iteration 45 (of 50).   Current convergence value = 3.55166e-05 (threshold = 1e-08)
  Iteration 46 (of 50).   Current convergence value = 3.59223e-05 (threshold = 1e-08)
  Iteration 47 (of 50).   Current convergence value = 3.61914e-05 (threshold = 1e-08)
  Iteration 48 (of 50).   Current convergence value = 3.64611e-05 (threshold = 1e-08)
  Iteration 49 (of 50).   Current convergence value = 3.66998e-05 (threshold = 1e-08)
  Iteration 50 (of 50).   Current convergence value = 3.69822e-05 (threshold = 1e-08)
Current level = 2
  Iteration 1 (of 50).   Current convergence value = 0.000488292 (threshold = 1e-08)
  Iteration 2 (of 50).   Current convergence value = 0.000467605 (threshold = 1e-08)
  Iteration 3 (of 50).   Current convergence value = 0.000457674 (threshold = 1e-08)
  Iteration 4 (of 50).   Current convergence value = 0.00044893 (threshold = 1e-08)
  Iteration 5 (of 50).   Current convergence value = 0.000439387 (threshold = 1e-08)
  Iteration 6 (of 50).   Current convergence value = 0.000428787 (threshold = 1e-08)
  Iteration 7 (of 50).   Current convergence value = 0.000417472 (threshold = 1e-08)
  Iteration 8 (of 50).   Current convergence value = 0.000405402 (threshold = 1e-08)
  Iteration 9 (of 50).   Current convergence value = 0.000393244 (threshold = 1e-08)
  Iteration 10 (of 50).   Current convergence value = 0.000381461 (threshold = 1e-08)
  Iteration 11 (of 50).   Current convergence value = 0.000370072 (threshold = 1e-08)
  Iteration 12 (of 50).   Current convergence value = 0.000359059 (threshold = 1e-08)
  Iteration 13 (of 50).   Current convergence value = 0.000348796 (threshold = 1e-08)
  Iteration 14 (of 50).   Current convergence value = 0.000339347 (threshold = 1e-08)
  Iteration 15 (of 50).   Current convergence value = 0.000330337 (threshold = 1e-08)
  Iteration 16 (of 50).   Current convergence value = 0.000322363 (threshold = 1e-08)
  Iteration 17 (of 50).   Current convergence value = 0.0003146 (threshold = 1e-08)
  Iteration 18 (of 50).   Current convergence value = 0.000307567 (threshold = 1e-08)
  Iteration 19 (of 50).   Current convergence value = 0.000300681 (threshold = 1e-08)
  Iteration 20 (of 50).   Current convergence value = 0.000294073 (threshold = 1e-08)
  Iteration 21 (of 50).   Current convergence value = 0.000287998 (threshold = 1e-08)
  Iteration 22 (of 50).   Current convergence value = 0.000282282 (threshold = 1e-08)
  Iteration 23 (of 50).   Current convergence value = 0.000276846 (threshold = 1e-08)
  Iteration 24 (of 50).   Current convergence value = 0.000271642 (threshold = 1e-08)
  Iteration 25 (of 50).   Current convergence value = 0.000266953 (threshold = 1e-08)
  Iteration 26 (of 50).   Current convergence value = 0.000262202 (threshold = 1e-08)
  Iteration 27 (of 50).   Current convergence value = 0.000257731 (threshold = 1e-08)
  Iteration 28 (of 50).   Current convergence value = 0.000253656 (threshold = 1e-08)
  Iteration 29 (of 50).   Current convergence value = 0.00024988 (threshold = 1e-08)
  Iteration 30 (of 50).   Current convergence value = 0.000246378 (threshold = 1e-08)
  Iteration 31 (of 50).   Current convergence value = 0.000242803 (threshold = 1e-08)
  Iteration 32 (of 50).   Current convergence value = 0.000239548 (threshold = 1e-08)
  Iteration 33 (of 50).   Current convergence value = 0.00023636 (threshold = 1e-08)
  Iteration 34 (of 50).   Current convergence value = 0.000233351 (threshold = 1e-08)
  Iteration 35 (of 50).   Current convergence value = 0.000230528 (threshold = 1e-08)
  Iteration 36 (of 50).   Current convergence value = 0.000227645 (threshold = 1e-08)
  Iteration 37 (of 50).   Current convergence value = 0.000224942 (threshold = 1e-08)
  Iteration 38 (of 50).   Current convergence value = 0.00022231 (threshold = 1e-08)
  Iteration 39 (of 50).   Current convergence value = 0.000219655 (threshold = 1e-08)
  Iteration 40 (of 50).   Current convergence value = 0.000217144 (threshold = 1e-08)
  Iteration 41 (of 50).   Current convergence value = 0.000214685 (threshold = 1e-08)
  Iteration 42 (of 50).   Current convergence value = 0.000212203 (threshold = 1e-08)
  Iteration 43 (of 50).   Current convergence value = 0.000209879 (threshold = 1e-08)
  Iteration 44 (of 50).   Current convergence value = 0.000207548 (threshold = 1e-08)
  Iteration 45 (of 50).   Current convergence value = 0.00020542 (threshold = 1e-08)
  Iteration 46 (of 50).   Current convergence value = 0.000203143 (threshold = 1e-08)
  Iteration 47 (of 50).   Current convergence value = 0.000201164 (threshold = 1e-08)
  Iteration 48 (of 50).   Current convergence value = 0.000199104 (threshold = 1e-08)
  Iteration 49 (of 50).   Current convergence value = 0.000197069 (threshold = 1e-08)
  Iteration 50 (of 50).   Current convergence value = 0.000195234 (threshold = 1e-08)
Current level = 3
  Iteration 1 (of 40).   Current convergence value = 0.00149235 (threshold = 1e-08)
  Iteration 2 (of 40).   Current convergence value = 0.00145403 (threshold = 1e-08)
  Iteration 3 (of 40).   Current convergence value = 0.00139619 (threshold = 1e-08)
  Iteration 4 (of 40).   Current convergence value = 0.00135989 (threshold = 1e-08)
  Iteration 5 (of 40).   Current convergence value = 0.00136583 (threshold = 1e-08)
  Iteration 6 (of 40).   Current convergence value = 0.00134223 (threshold = 1e-08)
  Iteration 7 (of 40).   Current convergence value = 0.00131782 (threshold = 1e-08)
  Iteration 8 (of 40).   Current convergence value = 0.00129672 (threshold = 1e-08)
  Iteration 9 (of 40).   Current convergence value = 0.00127785 (threshold = 1e-08)
  Iteration 10 (of 40).   Current convergence value = 0.00125869 (threshold = 1e-08)
  Iteration 11 (of 40).   Current convergence value = 0.00121982 (threshold = 1e-08)
  Iteration 12 (of 40).   Current convergence value = 0.00118838 (threshold = 1e-08)
  Iteration 13 (of 40).   Current convergence value = 0.00116019 (threshold = 1e-08)
  Iteration 14 (of 40).   Current convergence value = 0.00113579 (threshold = 1e-08)
  Iteration 15 (of 40).   Current convergence value = 0.00111771 (threshold = 1e-08)
  Iteration 16 (of 40).   Current convergence value = 0.00110494 (threshold = 1e-08)
  Iteration 17 (of 40).   Current convergence value = 0.00109663 (threshold = 1e-08)
  Iteration 18 (of 40).   Current convergence value = 0.00108394 (threshold = 1e-08)
  Iteration 19 (of 40).   Current convergence value = 0.00106098 (threshold = 1e-08)
  Iteration 20 (of 40).   Current convergence value = 0.000988422 (threshold = 1e-08)
  Iteration 21 (of 40).   Current convergence value = 0.000920854 (threshold = 1e-08)
  Iteration 22 (of 40).   Current convergence value = 0.000864956 (threshold = 1e-08)
  Iteration 23 (of 40).   Current convergence value = 0.000817977 (threshold = 1e-08)
  Iteration 24 (of 40).   Current convergence value = 0.000778118 (threshold = 1e-08)
  Iteration 25 (of 40).   Current convergence value = 0.000744378 (threshold = 1e-08)
  Iteration 26 (of 40).   Current convergence value = 0.000715938 (threshold = 1e-08)
  Iteration 27 (of 40).   Current convergence value = 0.000691579 (threshold = 1e-08)
  Iteration 28 (of 40).   Current convergence value = 0.000671338 (threshold = 1e-08)
  Iteration 29 (of 40).   Current convergence value = 0.00065462 (threshold = 1e-08)
  Iteration 30 (of 40).   Current convergence value = 0.000640884 (threshold = 1e-08)
  Iteration 31 (of 40).   Current convergence value = 0.000629771 (threshold = 1e-08)
  Iteration 32 (of 40).   Current convergence value = 0.000620854 (threshold = 1e-08)
  Iteration 33 (of 40).   Current convergence value = 0.000614181 (threshold = 1e-08)
  Iteration 34 (of 40).   Current convergence value = 0.000609282 (threshold = 1e-08)
  Iteration 35 (of 40).   Current convergence value = 0.000605991 (threshold = 1e-08)
  Iteration 36 (of 40).   Current convergence value = 0.00060366 (threshold = 1e-08)
  Iteration 37 (of 40).   Current convergence value = 0.000602642 (threshold = 1e-08)
  Iteration 38 (of 40).   Current convergence value = 0.000602573 (threshold = 1e-08)
  Iteration 39 (of 40).   Current convergence value = 0.000602861 (threshold = 1e-08)
  Iteration 40 (of 40).   Current convergence value = 0.000603432 (threshold = 1e-08)
Current level = 4
  Iteration 1 (of 30).   Current convergence value = 0.00222105 (threshold = 1e-08)
  Iteration 2 (of 30).   Current convergence value = 0.00187943 (threshold = 1e-08)
  Iteration 3 (of 30).   Current convergence value = 0.00177239 (threshold = 1e-08)
  Iteration 4 (of 30).   Current convergence value = 0.00183099 (threshold = 1e-08)
  Iteration 5 (of 30).   Current convergence value = 0.00185394 (threshold = 1e-08)
  Iteration 6 (of 30).   Current convergence value = 0.00184455 (threshold = 1e-08)
  Iteration 7 (of 30).   Current convergence value = 0.00184135 (threshold = 1e-08)
  Iteration 8 (of 30).   Current convergence value = 0.00183319 (threshold = 1e-08)
  Iteration 9 (of 30).   Current convergence value = 0.00185584 (threshold = 1e-08)
  Iteration 10 (of 30).   Current convergence value = 0.00189784 (threshold = 1e-08)
  Iteration 11 (of 30).   Current convergence value = 0.00180953 (threshold = 1e-08)
  Iteration 12 (of 30).   Current convergence value = 0.00172836 (threshold = 1e-08)
  Iteration 13 (of 30).   Current convergence value = 0.00165701 (threshold = 1e-08)
  Iteration 14 (of 30).   Current convergence value = 0.0015856 (threshold = 1e-08)
  Iteration 15 (of 30).   Current convergence value = 0.0015737 (threshold = 1e-08)
  Iteration 16 (of 30).   Current convergence value = 0.00159138 (threshold = 1e-08)
  Iteration 17 (of 30).   Current convergence value = 0.00161487 (threshold = 1e-08)
  Iteration 18 (of 30).   Current convergence value = 0.00164044 (threshold = 1e-08)
  Iteration 19 (of 30).   Current convergence value = 0.00166055 (threshold = 1e-08)
  Iteration 20 (of 30).   Current convergence value = 0.00167496 (threshold = 1e-08)
  Iteration 21 (of 30).   Current convergence value = 0.0016786 (threshold = 1e-08)
  Iteration 22 (of 30).   Current convergence value = 0.00166699 (threshold = 1e-08)
  Iteration 23 (of 30).   Current convergence value = 0.00163638 (threshold = 1e-08)
  Iteration 24 (of 30).   Current convergence value = 0.00159453 (threshold = 1e-08)
  Iteration 25 (of 30).   Current convergence value = 0.00158658 (threshold = 1e-08)
  Iteration 26 (of 30).   Current convergence value = 0.00156317 (threshold = 1e-08)
  Iteration 27 (of 30).   Current convergence value = 0.00152017 (threshold = 1e-08)
  Iteration 28 (of 30).   Current convergence value = 0.00145552 (threshold = 1e-08)
  Iteration 29 (of 30).   Current convergence value = 0.00137464 (threshold = 1e-08)
  Iteration 30 (of 30).   Current convergence value = 0.00128579 (threshold = 1e-08)
   N4BiasFieldCorrectionImageFilter (0x55a5b5c65e20)
     RTTI typeinfo:   itk::N4BiasFieldCorrectionImageFilter<itk::Image<float, 3u>, itk::Image<float, 3u>, itk::Image<float, 3u> >
     Reference Count: 1
     Modified Time: 565
     Debug: Off
     Object Name: 
     Observers: 
       IterationEvent(Command)
     Inputs: 
       ConfidenceImage: (0)
       MaskImage: (0x55a5b5c90620)
       Primary: (0x55a5b5c8bb20) *
     Indexed Inputs: 
       0: Primary (0x55a5b5c8bb20)
       1: MaskImage (0x55a5b5c90620)
       2: ConfidenceImage (0)
     Required Input Names: Primary
     NumberOfRequiredInputs: 1
     Outputs: 
       Primary: (0x55a5b5c75ef0)
     Indexed Outputs: 
       0: Primary (0x55a5b5c75ef0)
     NumberOfRequiredOutputs: 1
     Number Of Work Units: 32
     ReleaseDataFlag: Off
     ReleaseDataBeforeUpdateFlag: Off
     AbortGenerateData: Off
     Progress: 0
     Multithreader: 
       RTTI typeinfo:   itk::PoolMultiThreader
       Reference Count: 1
       Modified Time: 144
       Debug: Off
       Object Name: 
       Observers: 
         none
       Number of Work Units: 32
       Number of Threads: 8
       Global Maximum Number Of Threads: 128
       Global Default Number Of Threads: 8
       Global Default Threader Type: itk::MultiThreaderBaseEnums::Threader::Pool
       SingleMethod: 0
       SingleData: 0
     DynamicMultiThreading: On
     CoordinateTolerance: 1e-06
     DirectionTolerance: 1e-06
     Use Mask Label: 0
     Mask label: 1
     Number of histogram bins: 200
     Wiener filter noise: 0.01
     Bias field FWHM: 0.15
     Maximum number of iterations: [50, 50, 40, 30]
     Convergence threshold: 1e-08
     Spline order: 3
     Number of fitting levels: [4, 4, 4]
     Number of control points: [4, 5, 5]
     CurrentConvergenceMeasurement: 0.00128579
     CurrentLevel: 4
     ElapsedIterations: 31
     LogBiasFieldControlPointLattice: 
       Image (0x55a5c1f4b4b0)
         RTTI typeinfo:   itk::Image<itk::Vector<float, 1u>, 3u>
         Reference Count: 1
         Modified Time: 343560
         Debug: Off
         Object Name: 
         Observers: 
           none
         Source: (none)
         Source output name: (none)
         Release Data: Off
         Data Released: False
         Global Release Data: Off
         PipelineMTime: 0
         UpdateMTime: 0
         RealTimeStamp: 0 seconds 
         LargestPossibleRegion: 
           Dimension: 3
           Index: [0, 0, 0]
           Size: [11, 19, 19]
         BufferedRegion: 
           Dimension: 3
           Index: [0, 0, 0]
           Size: [11, 19, 19]
         RequestedRegion: 
           Dimension: 3
           Index: [0, 0, 0]
           Size: [11, 19, 19]
         Spacing: [24.75, 24.875, 24.875]
         Origin: [25.0699, 17.9087, -30.0145]
         Direction: 
-0.999945 -0.00276527 -0.0101499
0.000156045 -0.968626 0.248522
-0.0105187 0.248507 0.968573

         IndexToPointMatrix: 
-24.7486 -0.0687861 -0.252479
0.00386211 -24.0946 6.18199
-0.260338 6.18161 24.0933

         PointToIndexMatrix: 
-0.0404018 6.30483e-06 -0.000424998
-0.000111166 -0.0389397 0.00999022
-0.000408036 0.00999085 0.0389376

         Inverse Direction: 
-0.999945 0.000156045 -0.0105187
-0.00276527 -0.968626 0.248507
-0.0101499 0.248522 0.968573

         PixelContainer: 
           ImportImageContainer (0x55a5bc772ac0)
             RTTI typeinfo:   itk::ImportImageContainer<unsigned long, itk::Vector<float, 1u> >
             Reference Count: 1
             Modified Time: 343561
             Debug: Off
             Object Name: 
             Observers: 
               none
             Pointer: 0x55a5bfe03f90
             Container manages memory: true
             Size: 3971
             Capacity: 3971
Elapsed time: 269.631
All_Command_lines_OK
Using single precision for computations.
=============================================================================
The composite transform comprises the following transforms (in order): 
  1. Center of mass alignment using fixed image: /home/mpib/nemecz/Projects/miniTRK/Results/01_MRI/GroupTempl/T1w/T_template0.nii.gz and moving image: /home/mpib/nemecz/Projects/miniTRK/Analysis/01_MRI/Preproc/GroupTempl/T1w/sub-828626_T1w.nii.gz (type = Euler3DTransform)
=============================================================================
  number of levels = 4
  number of levels = 4
  number of levels = 4
  fixed image: /home/mpib/nemecz/Projects/miniTRK/Results/01_MRI/GroupTempl/T1w/T_template0.nii.gz
  moving image: /home/mpib/nemecz/Projects/miniTRK/Results/01_MRI/GroupTempl/T1w/T_template0sub-828626_T1wRepaired.nii.gz
  fixed image: /home/mpib/nemecz/Projects/miniTRK/Results/01_MRI/GroupTempl/T1w/T_template0.nii.gz
  moving image: /home/mpib/nemecz/Projects/miniTRK/Results/01_MRI/GroupTempl/T1w/T_template0sub-828626_T1wRepaired.nii.gz
  fixed image: /home/mpib/nemecz/Projects/miniTRK/Results/01_MRI/GroupTempl/T1w/T_template0.nii.gz
  moving image: /home/mpib/nemecz/Projects/miniTRK/Results/01_MRI/GroupTempl/T1w/T_template0sub-828626_T1wRepaired.nii.gz
Dimension = 3
Number of stages = 3
Use Histogram Matching true
Winsorize image intensities true
Lower quantile = 0.01
Upper quantile = 0.99
Stage 1 State
   Image metric = Mattes
     Fixed image = Image (0x560f627b4ad0)
  RTTI typeinfo:   itk::Image<float, 3u>
  Reference Count: 2
  Modified Time: 1721
  Debug: Off
  Object Name: 
  Observers: 
    none
  Source: (none)
  Source output name: (none)
  Release Data: Off
  Data Released: False
  Global Release Data: Off
  PipelineMTime: 0
  UpdateMTime: 1506
  RealTimeStamp: 0 seconds 
  LargestPossibleRegion: 
    Dimension: 3
    Index: [0, 0, 0]
    Size: [192, 256, 256]
  BufferedRegion: 
    Dimension: 3
    Index: [0, 0, 0]
    Size: [192, 256, 256]
  RequestedRegion: 
    Dimension: 3
    Index: [0, 0, 0]
    Size: [192, 256, 256]
  Spacing: [1, 1, 1]
  Origin: [95.0313, 100.538, -154.123]
  Direction: 
-0.999853 -0.014134 -0.00966312
0.014129 -0.9999 0.000586045
-0.00967044 0.000449429 0.999953

  IndexToPointMatrix: 
-0.999853 -0.014134 -0.00966312
0.014129 -0.9999 0.000586045
-0.00967044 0.000449429 0.999953

  PointToIndexMatrix: 
-0.999853 0.014129 -0.00967044
-0.014134 -0.9999 0.000449429
-0.00966312 0.000586045 0.999953

  Inverse Direction: 
-0.999853 0.014129 -0.00967044
-0.014134 -0.9999 0.000449429
-0.00966312 0.000586045 0.999953

  PixelContainer: 
    ImportImageContainer (0x560f627bcc80)
      RTTI typeinfo:   itk::ImportImageContainer<unsigned long, float>
      Reference Count: 1
      Modified Time: 1503
      Debug: Off
      Object Name: 
      Observers: 
        none
      Pointer: 0x7fde56416010
      Container manages memory: true
      Size: 12582912
      Capacity: 12582912

     Moving image = Image (0x560f627b5b40)
  RTTI typeinfo:   itk::Image<float, 3u>
  Reference Count: 2
  Modified Time: 1722
  Debug: Off
  Object Name: 
  Observers: 
    none
  Source: (none)
  Source output name: (none)
  Release Data: Off
  Data Released: False
  Global Release Data: Off
  PipelineMTime: 0
  UpdateMTime: 1719
  RealTimeStamp: 0 seconds 
  LargestPossibleRegion: 
    Dimension: 3
    Index: [0, 0, 0]
    Size: [192, 256, 256]
  BufferedRegion: 
    Dimension: 3
    Index: [0, 0, 0]
    Size: [192, 256, 256]
  RequestedRegion: 
    Dimension: 3
    Index: [0, 0, 0]
    Size: [192, 256, 256]
  Spacing: [1, 1, 1]
  Origin: [95.3806, 56.2858, -166.728]
  Direction: 
-0.999945 -0.00276527 -0.0101499
0.000156045 -0.968626 0.248522
-0.0105187 0.248507 0.968573

  IndexToPointMatrix: 
-0.999945 -0.00276527 -0.0101499
0.000156045 -0.968626 0.248522
-0.0105187 0.248507 0.968573

  PointToIndexMatrix: 
-0.999945 0.000156045 -0.0105187
-0.00276527 -0.968626 0.248507
-0.0101499 0.248522 0.968573

  Inverse Direction: 
-0.999945 0.000156045 -0.0105187
-0.00276527 -0.968626 0.248507
-0.0101499 0.248522 0.968573

  PixelContainer: 
    ImportImageContainer (0x560f627b8610)
      RTTI typeinfo:   itk::ImportImageContainer<unsigned long, float>
      Reference Count: 1
      Modified Time: 1716
      Debug: Off
      Object Name: 
      Observers: 
        none
      Pointer: 0x7fde53415010
      Container manages memory: true
      Size: 12582912
      Capacity: 12582912

     Weighting = 1
     Sampling strategy = regular
     Number of bins = 32
     Radius = 4
     Sampling percentage  = 0.25
   Transform = Rigid
     Gradient step = 0.1
     Update field sigma (voxel space) = 0
     Total field sigma (voxel space) = 0
     Update field time sigma = 0
     Total field time sigma  = 0
     Number of time indices = 0
     Number of time point samples = 0
Stage 2 State
   Image metric = Mattes
     Fixed image = Image (0x560f627cd8a0)
  RTTI typeinfo:   itk::Image<float, 3u>
  Reference Count: 2
  Modified Time: 2149
  Debug: Off
  Object Name: 
  Observers: 
    none
  Source: (none)
  Source output name: (none)
  Release Data: Off
  Data Released: False
  Global Release Data: Off
  PipelineMTime: 0
  UpdateMTime: 1934
  RealTimeStamp: 0 seconds 
  LargestPossibleRegion: 
    Dimension: 3
    Index: [0, 0, 0]
    Size: [192, 256, 256]
  BufferedRegion: 
    Dimension: 3
    Index: [0, 0, 0]
    Size: [192, 256, 256]
  RequestedRegion: 
    Dimension: 3
    Index: [0, 0, 0]
    Size: [192, 256, 256]
  Spacing: [1, 1, 1]
  Origin: [95.0313, 100.538, -154.123]
  Direction: 
-0.999853 -0.014134 -0.00966312
0.014129 -0.9999 0.000586045
-0.00967044 0.000449429 0.999953

  IndexToPointMatrix: 
-0.999853 -0.014134 -0.00966312
0.014129 -0.9999 0.000586045
-0.00967044 0.000449429 0.999953

  PointToIndexMatrix: 
-0.999853 0.014129 -0.00967044
-0.014134 -0.9999 0.000449429
-0.00966312 0.000586045 0.999953

  Inverse Direction: 
-0.999853 0.014129 -0.00967044
-0.014134 -0.9999 0.000449429
-0.00966312 0.000586045 0.999953

  PixelContainer: 
    ImportImageContainer (0x560f627bd6a0)
      RTTI typeinfo:   itk::ImportImageContainer<unsigned long, float>
      Reference Count: 1
      Modified Time: 1931
      Debug: Off
      Object Name: 
      Observers: 
        none
      Pointer: 0x7fde50414010
      Container manages memory: true
      Size: 12582912
      Capacity: 12582912

     Moving image = Image (0x560f627cd510)
  RTTI typeinfo:   itk::Image<float, 3u>
  Reference Count: 2
  Modified Time: 2150
  Debug: Off
  Object Name: 
  Observers: 
    none
  Source: (none)
  Source output name: (none)
  Release Data: Off
  Data Released: False
  Global Release Data: Off
  PipelineMTime: 0
  UpdateMTime: 2147
  RealTimeStamp: 0 seconds 
  LargestPossibleRegion: 
    Dimension: 3
    Index: [0, 0, 0]
    Size: [192, 256, 256]
  BufferedRegion: 
    Dimension: 3
    Index: [0, 0, 0]
    Size: [192, 256, 256]
  RequestedRegion: 
    Dimension: 3
    Index: [0, 0, 0]
    Size: [192, 256, 256]
  Spacing: [1, 1, 1]
  Origin: [95.3806, 56.2858, -166.728]
  Direction: 
-0.999945 -0.00276527 -0.0101499
0.000156045 -0.968626 0.248522
-0.0105187 0.248507 0.968573

  IndexToPointMatrix: 
-0.999945 -0.00276527 -0.0101499
0.000156045 -0.968626 0.248522
-0.0105187 0.248507 0.968573

  PointToIndexMatrix: 
-0.999945 0.000156045 -0.0105187
-0.00276527 -0.968626 0.248507
-0.0101499 0.248522 0.968573

  Inverse Direction: 
-0.999945 0.000156045 -0.0105187
-0.00276527 -0.968626 0.248507
-0.0101499 0.248522 0.968573

  PixelContainer: 
    ImportImageContainer (0x560f627cebb0)
      RTTI typeinfo:   itk::ImportImageContainer<unsigned long, float>
      Reference Count: 1
      Modified Time: 2144
      Debug: Off
      Object Name: 
      Observers: 
        none
      Pointer: 0x7fde4d413010
      Container manages memory: true
      Size: 12582912
      Capacity: 12582912

     Weighting = 1
     Sampling strategy = regular
     Number of bins = 32
     Radius = 4
     Sampling percentage  = 0.25
   Transform = Affine
     Gradient step = 0.1
     Update field sigma (voxel space) = 0
     Total field sigma (voxel space) = 0
     Update field time sigma = 0
     Total field time sigma  = 0
     Number of time indices = 0
     Number of time point samples = 0
Stage 3 State
   Image metric = CC
     Fixed image = Image (0x560f627d4990)
  RTTI typeinfo:   itk::Image<float, 3u>
  Reference Count: 2
  Modified Time: 2577
  Debug: Off
  Object Name: 
  Observers: 
    none
  Source: (none)
  Source output name: (none)
  Release Data: Off
  Data Released: False
  Global Release Data: Off
  PipelineMTime: 0
  UpdateMTime: 2362
  RealTimeStamp: 0 seconds 
  LargestPossibleRegion: 
    Dimension: 3
    Index: [0, 0, 0]
    Size: [192, 256, 256]
  BufferedRegion: 
    Dimension: 3
    Index: [0, 0, 0]
    Size: [192, 256, 256]
  RequestedRegion: 
    Dimension: 3
    Index: [0, 0, 0]
    Size: [192, 256, 256]
  Spacing: [1, 1, 1]
  Origin: [95.0313, 100.538, -154.123]
  Direction: 
-0.999853 -0.014134 -0.00966312
0.014129 -0.9999 0.000586045
-0.00967044 0.000449429 0.999953

  IndexToPointMatrix: 
-0.999853 -0.014134 -0.00966312
0.014129 -0.9999 0.000586045
-0.00967044 0.000449429 0.999953

  PointToIndexMatrix: 
-0.999853 0.014129 -0.00967044
-0.014134 -0.9999 0.000449429
-0.00966312 0.000586045 0.999953

  Inverse Direction: 
-0.999853 0.014129 -0.00967044
-0.014134 -0.9999 0.000449429
-0.00966312 0.000586045 0.999953

  PixelContainer: 
    ImportImageContainer (0x560f62629bf0)
      RTTI typeinfo:   itk::ImportImageContainer<unsigned long, float>
      Reference Count: 1
      Modified Time: 2359
      Debug: Off
      Object Name: 
      Observers: 
        none
      Pointer: 0x7fde4a412010
      Container manages memory: true
      Size: 12582912
      Capacity: 12582912

     Moving image = Image (0x560f627cc2d0)
  RTTI typeinfo:   itk::Image<float, 3u>
  Reference Count: 2
  Modified Time: 2578
  Debug: Off
  Object Name: 
  Observers: 
    none
  Source: (none)
  Source output name: (none)
  Release Data: Off
  Data Released: False
  Global Release Data: Off
  PipelineMTime: 0
  UpdateMTime: 2575
  RealTimeStamp: 0 seconds 
  LargestPossibleRegion: 
    Dimension: 3
    Index: [0, 0, 0]
    Size: [192, 256, 256]
  BufferedRegion: 
    Dimension: 3
    Index: [0, 0, 0]
    Size: [192, 256, 256]
  RequestedRegion: 
    Dimension: 3
    Index: [0, 0, 0]
    Size: [192, 256, 256]
  Spacing: [1, 1, 1]
  Origin: [95.3806, 56.2858, -166.728]
  Direction: 
-0.999945 -0.00276527 -0.0101499
0.000156045 -0.968626 0.248522
-0.0105187 0.248507 0.968573

  IndexToPointMatrix: 
-0.999945 -0.00276527 -0.0101499
0.000156045 -0.968626 0.248522
-0.0105187 0.248507 0.968573

  PointToIndexMatrix: 
-0.999945 0.000156045 -0.0105187
-0.00276527 -0.968626 0.248507
-0.0101499 0.248522 0.968573

  Inverse Direction: 
-0.999945 0.000156045 -0.0105187
-0.00276527 -0.968626 0.248507
-0.0101499 0.248522 0.968573

  PixelContainer: 
    ImportImageContainer (0x560f627d36b0)
      RTTI typeinfo:   itk::ImportImageContainer<unsigned long, float>
      Reference Count: 1
      Modified Time: 2572
      Debug: Off
      Object Name: 
      Observers: 
        none
      Pointer: 0x7fde47411010
      Container manages memory: true
      Size: 12582912
      Capacity: 12582912

     Weighting = 1
     Sampling strategy = none
     Number of bins = 32
     Radius = 4
     Sampling percentage  = 1
   Transform = SyN
     Gradient step = 0.1
     Update field sigma (voxel space) = 3
     Total field sigma (voxel space) = 0
     Update field time sigma = 0
     Total field time sigma  = 0
     Number of time indices = 0
     Number of time point samples = 0
Registration using 3 total stages.

Stage 0
  iterations = 1000x500x250x0
  convergence threshold = 1e-06
  convergence window size = 10
  number of levels = 4
  using the Mattes MI metric (number of bins = 32, weight = 1)
  preprocessing:  winsorizing the image intensities
  preprocessing:  histogram matching the images
  Shrink factors (level 1 out of 4): [6, 6, 6]
  Shrink factors (level 2 out of 4): [4, 4, 4]
  Shrink factors (level 3 out of 4): [2, 2, 2]
  Shrink factors (level 4 out of 4): [1, 1, 1]
  smoothing sigmas per level: [4, 2, 1, 0]
  regular sampling (percentage = 0.25)

*** Running Euler3DTransform registration ***

DIAGNOSTIC,Iteration,metricValue,convergenceValue,ITERATION_TIME_INDEX,SINCE_LAST
 2DIAGNOSTIC,     1, -9.405714273453e-01, inf, 5.9347e-01, 5.9347e-01, 
 2DIAGNOSTIC,     2, -9.417902827263e-01, inf, 6.0264e-01, 9.1619e-03, 
 2DIAGNOSTIC,     3, -9.433357119560e-01, inf, 6.1214e-01, 9.5029e-03, 
 2DIAGNOSTIC,     4, -9.451577663422e-01, inf, 6.2139e-01, 9.2530e-03, 
 2DIAGNOSTIC,     5, -9.471088647842e-01, inf, 6.3068e-01, 9.2869e-03, 
 2DIAGNOSTIC,     6, -9.489471912384e-01, inf, 6.3958e-01, 8.8971e-03, 
 2DIAGNOSTIC,     7, -9.513635039330e-01, inf, 6.4846e-01, 8.8820e-03, 
 2DIAGNOSTIC,     8, -9.542719721794e-01, inf, 6.5871e-01, 1.0252e-02, 
 2DIAGNOSTIC,     9, -9.558773636818e-01, inf, 6.7252e-01, 1.3805e-02, 
 2DIAGNOSTIC,    10, -9.569426774979e-01, 1.188434893265e-03, 6.8177e-01, 9.2559e-03, 
 2DIAGNOSTIC,    11, -9.575662016869e-01, 1.062470488250e-03, 6.9061e-01, 8.8360e-03, 
 2DIAGNOSTIC,    12, -9.582480788231e-01, 9.093625121750e-04, 7.0117e-01, 1.0560e-02, 
 2DIAGNOSTIC,    13, -9.585505723953e-01, 7.393358391710e-04, 7.0963e-01, 8.4660e-03, 
 2DIAGNOSTIC,    14, -9.587987661362e-01, 5.704927025363e-04, 7.1929e-01, 9.6562e-03, 
 2DIAGNOSTIC,    15, -9.592075943947e-01, 4.195485089440e-04, 7.2771e-01, 8.4240e-03, 
 2DIAGNOSTIC,    16, -9.593591690063e-01, 2.859249943867e-04, 7.3716e-01, 9.4471e-03, 
 2DIAGNOSTIC,    17, -9.594878554344e-01, 1.856607705122e-04, 7.4678e-01, 9.6219e-03, 
 2DIAGNOSTIC,    18, -9.593979716301e-01, 1.258903066628e-04, 7.5893e-01, 1.2148e-02, 
 2DIAGNOSTIC,    19, -9.593981504440e-01, 8.595217514085e-05, 7.6701e-01, 8.0831e-03, 
 2DIAGNOSTIC,    20, -9.593852162361e-01, 5.770326242782e-05, 7.7510e-01, 8.0910e-03, 
 2DIAGNOSTIC,    21, -9.593516588211e-01, 3.505573477014e-05, 7.8430e-01, 9.1920e-03, 
 2DIAGNOSTIC,    22, -9.593182802200e-01, 2.011919059441e-05, 7.9235e-01, 8.0500e-03, 
 2DIAGNOSTIC,    23, -9.592988491058e-01, 8.428182809439e-06, 8.0059e-01, 8.2390e-03, 
DIAGNOSTIC,Iteration,metricValue,convergenceValue,ITERATION_TIME_INDEX,SINCE_LAST
 2DIAGNOSTIC,     1, -7.591034770012e-01, inf, 1.3172e+00, 5.1659e-01, 
 2DIAGNOSTIC,     2, -7.603269815445e-01, inf, 1.3466e+00, 2.9426e-02, 
 2DIAGNOSTIC,     3, -7.618401646614e-01, inf, 1.3762e+00, 2.9597e-02, 
 2DIAGNOSTIC,     4, -7.632883191109e-01, inf, 1.4057e+00, 2.9477e-02, 
 2DIAGNOSTIC,     5, -7.639217376709e-01, inf, 1.4413e+00, 3.5588e-02, 
 2DIAGNOSTIC,     6, -7.645988464355e-01, inf, 1.4719e+00, 3.0656e-02, 
 2DIAGNOSTIC,     7, -7.656038403511e-01, inf, 1.5033e+00, 3.1352e-02, 
 2DIAGNOSTIC,     8, -7.667607069016e-01, inf, 1.5336e+00, 3.0340e-02, 
 2DIAGNOSTIC,     9, -7.672836184502e-01, inf, 1.5751e+00, 4.1484e-02, 
 2DIAGNOSTIC,    10, -7.675186991692e-01, 7.151830941439e-04, 1.6037e+00, 2.8628e-02, 
 2DIAGNOSTIC,    11, -7.675955891609e-01, 5.615199916065e-04, 1.6342e+00, 3.0495e-02, 
 2DIAGNOSTIC,    12, -7.677460312843e-01, 4.251093487255e-04, 1.6614e+00, 2.7190e-02, 
 2DIAGNOSTIC,    13, -7.678840756416e-01, 3.174628654961e-04, 1.6958e+00, 3.4352e-02, 
 2DIAGNOSTIC,    14, -7.679721117020e-01, 2.371787122684e-04, 1.7444e+00, 4.8656e-02, 
 2DIAGNOSTIC,    15, -7.679740190506e-01, 1.620985276531e-04, 1.7749e+00, 3.0485e-02, 
 2DIAGNOSTIC,    16, -7.680167555809e-01, 9.833654621616e-05, 1.8054e+00, 3.0476e-02, 
 2DIAGNOSTIC,    17, -7.680144309998e-01, 5.455553764477e-05, 1.8394e+00, 3.4061e-02, 
 2DIAGNOSTIC,    18, -7.680131196976e-01, 3.433619349380e-05, 1.8697e+00, 3.0240e-02, 
 2DIAGNOSTIC,    19, -7.680033445358e-01, 2.316520112799e-05, 1.8965e+00, 2.6814e-02, 
 2DIAGNOSTIC,    20, -7.680031061172e-01, 1.550377237436e-05, 1.9239e+00, 2.7414e-02, 
 2DIAGNOSTIC,    21, -7.680115103722e-01, 8.748631444178e-06, 1.9510e+00, 2.7084e-02, 
 2DIAGNOSTIC,    22, -7.680237889290e-01, 4.620726031135e-06, 1.9812e+00, 3.0170e-02, 
 2DIAGNOSTIC,    23, -7.680306434631e-01, 2.860556605810e-06, 2.0079e+00, 2.6772e-02, 
 2DIAGNOSTIC,    24, -7.680467963219e-01, 2.729802190515e-06, 2.0362e+00, 2.8235e-02, 
 2DIAGNOSTIC,    25, -7.680527567863e-01, 2.573212441348e-06, 2.0684e+00, 3.2273e-02, 
 2DIAGNOSTIC,    26, -7.680557370186e-01, 2.956350726890e-06, 2.1039e+00, 3.5493e-02, 
 2DIAGNOSTIC,    27, -7.680473923683e-01, 3.000209517268e-06, 2.1406e+00, 3.6698e-02, 
 2DIAGNOSTIC,    28, -7.680432796478e-01, 2.804948962876e-06, 2.1728e+00, 3.2171e-02, 
 2DIAGNOSTIC,    29, -7.680391073227e-01, 2.288167706865e-06, 2.2003e+00, 2.7485e-02, 
 2DIAGNOSTIC,    30, -7.680423259735e-01, 1.727567905618e-06, 2.2280e+00, 2.7685e-02, 
 2DIAGNOSTIC,    31, -7.680553793907e-01, 1.393732304678e-06, 2.2597e+00, 3.1755e-02, 
 2DIAGNOSTIC,    32, -7.680596709251e-01, 1.236193384102e-06, 2.2909e+00, 3.1140e-02, 
 2DIAGNOSTIC,    33, -7.680552601814e-01, 1.091297917810e-06, 2.3193e+00, 2.8481e-02, 
 2DIAGNOSTIC,    34, -7.680524587631e-01, 1.090650016522e-06, 2.3482e+00, 2.8838e-02, 
 2DIAGNOSTIC,    35, -7.680656313896e-01, 1.275457861993e-06, 2.3773e+00, 2.9136e-02, 
 2DIAGNOSTIC,    36, -7.680767178535e-01, 1.553789388709e-06, 2.4059e+00, 2.8541e-02, 
 2DIAGNOSTIC,    37, -7.680894732475e-01, 1.795682578631e-06, 2.4343e+00, 2.8437e-02, 
 2DIAGNOSTIC,    38, -7.680904269218e-01, 1.909135107780e-06, 2.4629e+00, 2.8650e-02, 
 2DIAGNOSTIC,    39, -7.681097388268e-01, 2.062883595499e-06, 2.4914e+00, 2.8430e-02, 
 2DIAGNOSTIC,    40, -7.681493163109e-01, 2.477438556525e-06, 2.5190e+00, 2.7632e-02, 
 2DIAGNOSTIC,    41, -7.681870460510e-01, 3.157684432153e-06, 2.5506e+00, 3.1571e-02, 
 2DIAGNOSTIC,    42, -7.681934237480e-01, 3.670170826808e-06, 2.5870e+00, 3.6404e-02, 
 2DIAGNOSTIC,    43, -7.681943178177e-01, 3.860650849674e-06, 2.6305e+00, 4.3552e-02, 
 2DIAGNOSTIC,    44, -7.682141065598e-01, 3.888543233188e-06, 2.6622e+00, 3.1664e-02, 
 2DIAGNOSTIC,    45, -7.682122588158e-01, 3.693573944474e-06, 2.6899e+00, 2.7728e-02, 
 2DIAGNOSTIC,    46, -7.682213187218e-01, 3.379278496141e-06, 2.7185e+00, 2.8550e-02, 
 2DIAGNOSTIC,    47, -7.682240009308e-01, 2.947881057480e-06, 2.7574e+00, 3.8880e-02, 
 2DIAGNOSTIC,    48, -7.682123780251e-01, 2.238019533252e-06, 2.7888e+00, 3.1470e-02, 
 2DIAGNOSTIC,    49, -7.682067751884e-01, 1.506974399490e-06, 2.8205e+00, 3.1652e-02, 
 2DIAGNOSTIC,    50, -7.682068347931e-01, 1.009274569697e-06, 2.8525e+00, 3.2057e-02, 
DIAGNOSTIC,Iteration,metricValue,convergenceValue,ITERATION_TIME_INDEX,SINCE_LAST
 2DIAGNOSTIC,     1, -6.813693642616e-01, inf, 3.7932e+00, 9.4068e-01, 
 2DIAGNOSTIC,     2, -6.818329095840e-01, inf, 4.0167e+00, 2.2354e-01, 
 2DIAGNOSTIC,     3, -6.820413470268e-01, inf, 4.2382e+00, 2.2142e-01, 
 2DIAGNOSTIC,     4, -6.821277737617e-01, inf, 4.4594e+00, 2.2124e-01, 
 2DIAGNOSTIC,     5, -6.822435855865e-01, inf, 4.6944e+00, 2.3502e-01, 
 2DIAGNOSTIC,     6, -6.823308467865e-01, inf, 4.9767e+00, 2.8230e-01, 
 2DIAGNOSTIC,     7, -6.823998093605e-01, inf, 5.1966e+00, 2.1993e-01, 
 2DIAGNOSTIC,     8, -6.824539899826e-01, inf, 5.4441e+00, 2.4744e-01, 
 2DIAGNOSTIC,     9, -6.827095746994e-01, inf, 5.7472e+00, 3.0315e-01, 
 2DIAGNOSTIC,    10, -6.827643513680e-01, 1.111596502597e-04, 5.9654e+00, 2.1819e-01, 
 2DIAGNOSTIC,    11, -6.827800869942e-01, 8.230145613197e-05, 6.2202e+00, 2.5476e-01, 
 2DIAGNOSTIC,    12, -6.827896833420e-01, 6.754717469448e-05, 6.4930e+00, 2.7279e-01, 
 2DIAGNOSTIC,    13, -6.828017830849e-01, 5.623931065202e-05, 6.7117e+00, 2.1877e-01, 
 2DIAGNOSTIC,    14, -6.828050017357e-01, 4.415550938575e-05, 6.9571e+00, 2.4536e-01, 
 2DIAGNOSTIC,    15, -6.828118562698e-01, 3.319616735098e-05, 7.2089e+00, 2.5185e-01, 
 2DIAGNOSTIC,    16, -6.828131079674e-01, 2.312376273039e-05, 7.4269e+00, 2.1794e-01, 
 2DIAGNOSTIC,    17, -6.828178763390e-01, 1.415272527083e-05, 7.6744e+00, 2.4756e-01, 
 2DIAGNOSTIC,    18, -6.828206181526e-01, 6.206982106960e-06, 8.0145e+00, 3.4008e-01, 
 2DIAGNOSTIC,    19, -6.828212738037e-01, 4.273126705812e-06, 8.2592e+00, 2.4472e-01, 
 2DIAGNOSTIC,    20, -6.828217506409e-01, 3.438015710344e-06, 8.5403e+00, 2.8106e-01, 
 2DIAGNOSTIC,    21, -6.828216314316e-01, 2.818051143549e-06, 8.8183e+00, 2.7801e-01, 
 2DIAGNOSTIC,    22, -6.828212738037e-01, 2.302559323653e-06, 9.0946e+00, 2.7624e-01, 
 2DIAGNOSTIC,    23, -6.828219890594e-01, 1.983105221370e-06, 9.3401e+00, 2.4557e-01, 
 2DIAGNOSTIC,    24, -6.828214526176e-01, 1.677953719081e-06, 9.5986e+00, 2.5846e-01, 
 2DIAGNOSTIC,    25, -6.828208565712e-01, 1.469640437790e-06, 9.8527e+00, 2.5408e-01, 
 2DIAGNOSTIC,    26, -6.828212738037e-01, 1.284466407014e-06, 1.0098e+01, 2.4543e-01, 
