
Running N4 for 3-dimensional images.

Mask not read.  Using the entire image as the mask.

Original intensity range:  [0, 923]

***********************************************************
Warning:  Your input image contains nonpositive values
which could cause failure or problematic results.  A
possible workaround would be to:
   1. rescale your image to positive values e.g., [10,100].
   2. run N4 on your rescaled image.
   3. (optional) rescale the N4 output to the original
      intensity range.
***********************************************************

Specified spline distance: 200mm
  original image size:  [192, 256, 256]
  padded image size:  [201, 401, 401]
  number of control points:  [4, 5, 5]

Current level = 1
  Iteration 1 (of 50).   Current convergence value = 0.000370016 (threshold = 1e-08)
  Iteration 2 (of 50).   Current convergence value = 0.000329433 (threshold = 1e-08)
  Iteration 3 (of 50).   Current convergence value = 0.000301741 (threshold = 1e-08)
  Iteration 4 (of 50).   Current convergence value = 0.000253889 (threshold = 1e-08)
  Iteration 5 (of 50).   Current convergence value = 0.00019331 (threshold = 1e-08)
  Iteration 6 (of 50).   Current convergence value = 0.000147024 (threshold = 1e-08)
  Iteration 7 (of 50).   Current convergence value = 0.000114336 (threshold = 1e-08)
  Iteration 8 (of 50).   Current convergence value = 9.13221e-05 (threshold = 1e-08)
  Iteration 9 (of 50).   Current convergence value = 7.5945e-05 (threshold = 1e-08)
  Iteration 10 (of 50).   Current convergence value = 6.53859e-05 (threshold = 1e-08)
  Iteration 11 (of 50).   Current convergence value = 5.83411e-05 (threshold = 1e-08)
  Iteration 12 (of 50).   Current convergence value = 5.35648e-05 (threshold = 1e-08)
  Iteration 13 (of 50).   Current convergence value = 5.00951e-05 (threshold = 1e-08)
  Iteration 14 (of 50).   Current convergence value = 4.74656e-05 (threshold = 1e-08)
  Iteration 15 (of 50).   Current convergence value = 4.52705e-05 (threshold = 1e-08)
  Iteration 16 (of 50).   Current convergence value = 4.34111e-05 (threshold = 1e-08)
  Iteration 17 (of 50).   Current convergence value = 4.1753e-05 (threshold = 1e-08)
  Iteration 18 (of 50).   Current convergence value = 4.01944e-05 (threshold = 1e-08)
  Iteration 19 (of 50).   Current convergence value = 3.87553e-05 (threshold = 1e-08)
  Iteration 20 (of 50).   Current convergence value = 3.74393e-05 (threshold = 1e-08)
  Iteration 21 (of 50).   Current convergence value = 3.62002e-05 (threshold = 1e-08)
  Iteration 22 (of 50).   Current convergence value = 3.50598e-05 (threshold = 1e-08)
  Iteration 23 (of 50).   Current convergence value = 3.40041e-05 (threshold = 1e-08)
  Iteration 24 (of 50).   Current convergence value = 3.30406e-05 (threshold = 1e-08)
  Iteration 25 (of 50).   Current convergence value = 3.22134e-05 (threshold = 1e-08)
  Iteration 26 (of 50).   Current convergence value = 3.14773e-05 (threshold = 1e-08)
  Iteration 27 (of 50).   Current convergence value = 3.08425e-05 (threshold = 1e-08)
  Iteration 28 (of 50).   Current convergence value = 3.03205e-05 (threshold = 1e-08)
  Iteration 29 (of 50).   Current convergence value = 2.98781e-05 (threshold = 1e-08)
  Iteration 30 (of 50).   Current convergence value = 2.95285e-05 (threshold = 1e-08)
  Iteration 31 (of 50).   Current convergence value = 2.92542e-05 (threshold = 1e-08)
  Iteration 32 (of 50).   Current convergence value = 2.9065e-05 (threshold = 1e-08)
  Iteration 33 (of 50).   Current convergence value = 2.89816e-05 (threshold = 1e-08)
  Iteration 34 (of 50).   Current convergence value = 2.89838e-05 (threshold = 1e-08)
  Iteration 35 (of 50).   Current convergence value = 2.90348e-05 (threshold = 1e-08)
  Iteration 36 (of 50).   Current convergence value = 2.91073e-05 (threshold = 1e-08)
  Iteration 37 (of 50).   Current convergence value = 2.91796e-05 (threshold = 1e-08)
  Iteration 38 (of 50).   Current convergence value = 2.94135e-05 (threshold = 1e-08)
  Iteration 39 (of 50).   Current convergence value = 2.96195e-05 (threshold = 1e-08)
  Iteration 40 (of 50).   Current convergence value = 2.98927e-05 (threshold = 1e-08)
  Iteration 41 (of 50).   Current convergence value = 3.01649e-05 (threshold = 1e-08)
  Iteration 42 (of 50).   Current convergence value = 3.0412e-05 (threshold = 1e-08)
  Iteration 43 (of 50).   Current convergence value = 3.07911e-05 (threshold = 1e-08)
  Iteration 44 (of 50).   Current convergence value = 3.11794e-05 (threshold = 1e-08)
  Iteration 45 (of 50).   Current convergence value = 3.15069e-05 (threshold = 1e-08)
  Iteration 46 (of 50).   Current convergence value = 3.18386e-05 (threshold = 1e-08)
  Iteration 47 (of 50).   Current convergence value = 3.22736e-05 (threshold = 1e-08)
  Iteration 48 (of 50).   Current convergence value = 3.26667e-05 (threshold = 1e-08)
  Iteration 49 (of 50).   Current convergence value = 3.3063e-05 (threshold = 1e-08)
  Iteration 50 (of 50).   Current convergence value = 3.34003e-05 (threshold = 1e-08)
Current level = 2
  Iteration 1 (of 50).   Current convergence value = 0.00048994 (threshold = 1e-08)
  Iteration 2 (of 50).   Current convergence value = 0.000464625 (threshold = 1e-08)
  Iteration 3 (of 50).   Current convergence value = 0.000454726 (threshold = 1e-08)
  Iteration 4 (of 50).   Current convergence value = 0.000447864 (threshold = 1e-08)
  Iteration 5 (of 50).   Current convergence value = 0.000436628 (threshold = 1e-08)
  Iteration 6 (of 50).   Current convergence value = 0.000424665 (threshold = 1e-08)
  Iteration 7 (of 50).   Current convergence value = 0.000409247 (threshold = 1e-08)
  Iteration 8 (of 50).   Current convergence value = 0.000391191 (threshold = 1e-08)
  Iteration 9 (of 50).   Current convergence value = 0.00036807 (threshold = 1e-08)
  Iteration 10 (of 50).   Current convergence value = 0.00034552 (threshold = 1e-08)
  Iteration 11 (of 50).   Current convergence value = 0.00032555 (threshold = 1e-08)
  Iteration 12 (of 50).   Current convergence value = 0.000308944 (threshold = 1e-08)
  Iteration 13 (of 50).   Current convergence value = 0.000295527 (threshold = 1e-08)
  Iteration 14 (of 50).   Current convergence value = 0.000284394 (threshold = 1e-08)
  Iteration 15 (of 50).   Current convergence value = 0.000275182 (threshold = 1e-08)
  Iteration 16 (of 50).   Current convergence value = 0.000241231 (threshold = 1e-08)
  Iteration 17 (of 50).   Current convergence value = 0.000229793 (threshold = 1e-08)
  Iteration 18 (of 50).   Current convergence value = 0.000217211 (threshold = 1e-08)
  Iteration 19 (of 50).   Current convergence value = 0.000204872 (threshold = 1e-08)
  Iteration 20 (of 50).   Current convergence value = 0.000193812 (threshold = 1e-08)
  Iteration 21 (of 50).   Current convergence value = 0.000184071 (threshold = 1e-08)
  Iteration 22 (of 50).   Current convergence value = 0.000175541 (threshold = 1e-08)
  Iteration 23 (of 50).   Current convergence value = 0.000168081 (threshold = 1e-08)
  Iteration 24 (of 50).   Current convergence value = 0.000161394 (threshold = 1e-08)
  Iteration 25 (of 50).   Current convergence value = 0.000155471 (threshold = 1e-08)
  Iteration 26 (of 50).   Current convergence value = 0.000150162 (threshold = 1e-08)
  Iteration 27 (of 50).   Current convergence value = 0.000145426 (threshold = 1e-08)
  Iteration 28 (of 50).   Current convergence value = 0.000140932 (threshold = 1e-08)
  Iteration 29 (of 50).   Current convergence value = 0.000137162 (threshold = 1e-08)
  Iteration 30 (of 50).   Current convergence value = 0.000133368 (threshold = 1e-08)
  Iteration 31 (of 50).   Current convergence value = 0.000130205 (threshold = 1e-08)
  Iteration 32 (of 50).   Current convergence value = 0.000127182 (threshold = 1e-08)
  Iteration 33 (of 50).   Current convergence value = 0.000124279 (threshold = 1e-08)
  Iteration 34 (of 50).   Current convergence value = 0.000121589 (threshold = 1e-08)
  Iteration 35 (of 50).   Current convergence value = 0.000119047 (threshold = 1e-08)
  Iteration 36 (of 50).   Current convergence value = 0.000116908 (threshold = 1e-08)
  Iteration 37 (of 50).   Current convergence value = 0.000114736 (threshold = 1e-08)
  Iteration 38 (of 50).   Current convergence value = 0.000112651 (threshold = 1e-08)
  Iteration 39 (of 50).   Current convergence value = 0.00010665 (threshold = 1e-08)
  Iteration 40 (of 50).   Current convergence value = 0.000104533 (threshold = 1e-08)
  Iteration 41 (of 50).   Current convergence value = 0.000103961 (threshold = 1e-08)
  Iteration 42 (of 50).   Current convergence value = 0.000104066 (threshold = 1e-08)
  Iteration 43 (of 50).   Current convergence value = 0.000104519 (threshold = 1e-08)
  Iteration 44 (of 50).   Current convergence value = 0.000104969 (threshold = 1e-08)
  Iteration 45 (of 50).   Current convergence value = 0.000105333 (threshold = 1e-08)
  Iteration 46 (of 50).   Current convergence value = 0.000105447 (threshold = 1e-08)
  Iteration 47 (of 50).   Current convergence value = 0.000105255 (threshold = 1e-08)
  Iteration 48 (of 50).   Current convergence value = 0.000105293 (threshold = 1e-08)
  Iteration 49 (of 50).   Current convergence value = 0.000105315 (threshold = 1e-08)
  Iteration 50 (of 50).   Current convergence value = 0.000105163 (threshold = 1e-08)
Current level = 3
  Iteration 1 (of 40).   Current convergence value = 0.00126113 (threshold = 1e-08)
  Iteration 2 (of 40).   Current convergence value = 0.000870215 (threshold = 1e-08)
  Iteration 3 (of 40).   Current convergence value = 0.00080449 (threshold = 1e-08)
  Iteration 4 (of 40).   Current convergence value = 0.000835612 (threshold = 1e-08)
  Iteration 5 (of 40).   Current convergence value = 0.000853519 (threshold = 1e-08)
  Iteration 6 (of 40).   Current convergence value = 0.000825371 (threshold = 1e-08)
  Iteration 7 (of 40).   Current convergence value = 0.000794487 (threshold = 1e-08)
  Iteration 8 (of 40).   Current convergence value = 0.000768642 (threshold = 1e-08)
  Iteration 9 (of 40).   Current convergence value = 0.000745954 (threshold = 1e-08)
  Iteration 10 (of 40).   Current convergence value = 0.000708177 (threshold = 1e-08)
  Iteration 11 (of 40).   Current convergence value = 0.000668338 (threshold = 1e-08)
  Iteration 12 (of 40).   Current convergence value = 0.00063638 (threshold = 1e-08)
  Iteration 13 (of 40).   Current convergence value = 0.000609758 (threshold = 1e-08)
  Iteration 14 (of 40).   Current convergence value = 0.000586829 (threshold = 1e-08)
  Iteration 15 (of 40).   Current convergence value = 0.000566477 (threshold = 1e-08)
  Iteration 16 (of 40).   Current convergence value = 0.000547812 (threshold = 1e-08)
  Iteration 17 (of 40).   Current convergence value = 0.000521322 (threshold = 1e-08)
  Iteration 18 (of 40).   Current convergence value = 0.000494491 (threshold = 1e-08)
  Iteration 19 (of 40).   Current convergence value = 0.000471496 (threshold = 1e-08)
  Iteration 20 (of 40).   Current convergence value = 0.000451548 (threshold = 1e-08)
  Iteration 21 (of 40).   Current convergence value = 0.000434192 (threshold = 1e-08)
  Iteration 22 (of 40).   Current convergence value = 0.000419053 (threshold = 1e-08)
  Iteration 23 (of 40).   Current convergence value = 0.00040182 (threshold = 1e-08)
  Iteration 24 (of 40).   Current convergence value = 0.000385631 (threshold = 1e-08)
  Iteration 25 (of 40).   Current convergence value = 0.000370866 (threshold = 1e-08)
  Iteration 26 (of 40).   Current convergence value = 0.000357237 (threshold = 1e-08)
  Iteration 27 (of 40).   Current convergence value = 0.000344869 (threshold = 1e-08)
  Iteration 28 (of 40).   Current convergence value = 0.0003336 (threshold = 1e-08)
  Iteration 29 (of 40).   Current convergence value = 0.000323121 (threshold = 1e-08)
  Iteration 30 (of 40).   Current convergence value = 0.00031353 (threshold = 1e-08)
  Iteration 31 (of 40).   Current convergence value = 0.00030466 (threshold = 1e-08)
  Iteration 32 (of 40).   Current convergence value = 0.000296408 (threshold = 1e-08)
  Iteration 33 (of 40).   Current convergence value = 0.000288831 (threshold = 1e-08)
  Iteration 34 (of 40).   Current convergence value = 0.000281886 (threshold = 1e-08)
  Iteration 35 (of 40).   Current convergence value = 0.000274576 (threshold = 1e-08)
  Iteration 36 (of 40).   Current convergence value = 0.000268139 (threshold = 1e-08)
  Iteration 37 (of 40).   Current convergence value = 0.000262483 (threshold = 1e-08)
  Iteration 38 (of 40).   Current convergence value = 0.000257363 (threshold = 1e-08)
  Iteration 39 (of 40).   Current convergence value = 0.000252729 (threshold = 1e-08)
  Iteration 40 (of 40).   Current convergence value = 0.00024894 (threshold = 1e-08)
Current level = 4
  Iteration 1 (of 30).   Current convergence value = 0.00194543 (threshold = 1e-08)
  Iteration 2 (of 30).   Current convergence value = 0.0017596 (threshold = 1e-08)
  Iteration 3 (of 30).   Current convergence value = 0.00169677 (threshold = 1e-08)
  Iteration 4 (of 30).   Current convergence value = 0.00166034 (threshold = 1e-08)
  Iteration 5 (of 30).   Current convergence value = 0.0016445 (threshold = 1e-08)
  Iteration 6 (of 30).   Current convergence value = 0.00163807 (threshold = 1e-08)
  Iteration 7 (of 30).   Current convergence value = 0.00163134 (threshold = 1e-08)
  Iteration 8 (of 30).   Current convergence value = 0.00162653 (threshold = 1e-08)
  Iteration 9 (of 30).   Current convergence value = 0.0016163 (threshold = 1e-08)
  Iteration 10 (of 30).   Current convergence value = 0.00159445 (threshold = 1e-08)
  Iteration 11 (of 30).   Current convergence value = 0.00157247 (threshold = 1e-08)
  Iteration 12 (of 30).   Current convergence value = 0.00155988 (threshold = 1e-08)
  Iteration 13 (of 30).   Current convergence value = 0.00153677 (threshold = 1e-08)
  Iteration 14 (of 30).   Current convergence value = 0.00150034 (threshold = 1e-08)
  Iteration 15 (of 30).   Current convergence value = 0.00142343 (threshold = 1e-08)
  Iteration 16 (of 30).   Current convergence value = 0.00127718 (threshold = 1e-08)
  Iteration 17 (of 30).   Current convergence value = 0.00116499 (threshold = 1e-08)
  Iteration 18 (of 30).   Current convergence value = 0.00114234 (threshold = 1e-08)
  Iteration 19 (of 30).   Current convergence value = 0.00111405 (threshold = 1e-08)
  Iteration 20 (of 30).   Current convergence value = 0.00107475 (threshold = 1e-08)
  Iteration 21 (of 30).   Current convergence value = 0.0010268 (threshold = 1e-08)
  Iteration 22 (of 30).   Current convergence value = 0.000970523 (threshold = 1e-08)
  Iteration 23 (of 30).   Current convergence value = 0.000908201 (threshold = 1e-08)
  Iteration 24 (of 30).   Current convergence value = 0.000849807 (threshold = 1e-08)
  Iteration 25 (of 30).   Current convergence value = 0.000813915 (threshold = 1e-08)
  Iteration 26 (of 30).   Current convergence value = 0.000798435 (threshold = 1e-08)
  Iteration 27 (of 30).   Current convergence value = 0.000812697 (threshold = 1e-08)
  Iteration 28 (of 30).   Current convergence value = 0.000858043 (threshold = 1e-08)
  Iteration 29 (of 30).   Current convergence value = 0.000880416 (threshold = 1e-08)
  Iteration 30 (of 30).   Current convergence value = 0.000887078 (threshold = 1e-08)
   N4BiasFieldCorrectionImageFilter (0x55bee6188e20)
     RTTI typeinfo:   itk::N4BiasFieldCorrectionImageFilter<itk::Image<float, 3u>, itk::Image<float, 3u>, itk::Image<float, 3u> >
     Reference Count: 1
     Modified Time: 565
     Debug: Off
     Object Name: 
     Observers: 
       IterationEvent(Command)
     Inputs: 
       ConfidenceImage: (0)
       MaskImage: (0x55bee61b3610)
       Primary: (0x55bee61aeae0) *
     Indexed Inputs: 
       0: Primary (0x55bee61aeae0)
       1: MaskImage (0x55bee61b3610)
       2: ConfidenceImage (0)
     Required Input Names: Primary
     NumberOfRequiredInputs: 1
     Outputs: 
       Primary: (0x55bee6198ef0)
     Indexed Outputs: 
       0: Primary (0x55bee6198ef0)
     NumberOfRequiredOutputs: 1
     Number Of Work Units: 32
     ReleaseDataFlag: Off
     ReleaseDataBeforeUpdateFlag: Off
     AbortGenerateData: Off
     Progress: 0
     Multithreader: 
       RTTI typeinfo:   itk::PoolMultiThreader
       Reference Count: 1
       Modified Time: 144
       Debug: Off
       Object Name: 
       Observers: 
         none
       Number of Work Units: 32
       Number of Threads: 8
       Global Maximum Number Of Threads: 128
       Global Default Number Of Threads: 8
       Global Default Threader Type: itk::MultiThreaderBaseEnums::Threader::Pool
       SingleMethod: 0
       SingleData: 0
     DynamicMultiThreading: On
     CoordinateTolerance: 1e-06
     DirectionTolerance: 1e-06
     Use Mask Label: 0
     Mask label: 1
     Number of histogram bins: 200
     Wiener filter noise: 0.01
     Bias field FWHM: 0.15
     Maximum number of iterations: [50, 50, 40, 30]
     Convergence threshold: 1e-08
     Spline order: 3
     Number of fitting levels: [4, 4, 4]
     Number of control points: [4, 5, 5]
     CurrentConvergenceMeasurement: 0.000887078
     CurrentLevel: 4
     ElapsedIterations: 31
     LogBiasFieldControlPointLattice: 
       Image (0x55bef1525e10)
         RTTI typeinfo:   itk::Image<itk::Vector<float, 1u>, 3u>
         Reference Count: 1
         Modified Time: 343560
         Debug: Off
         Object Name: 
         Observers: 
           none
         Source: (none)
         Source output name: (none)
         Release Data: Off
         Data Released: False
         Global Release Data: Off
         PipelineMTime: 0
         UpdateMTime: 0
         RealTimeStamp: 0 seconds 
         LargestPossibleRegion: 
           Dimension: 3
           Index: [0, 0, 0]
           Size: [11, 19, 19]
         BufferedRegion: 
           Dimension: 3
           Index: [0, 0, 0]
           Size: [11, 19, 19]
         RequestedRegion: 
           Dimension: 3
           Index: [0, 0, 0]
           Size: [11, 19, 19]
         Spacing: [24.75, 24.875, 24.875]
         Origin: [23.4566, 22.0087, -28.557]
         Direction: 
-0.999129 0.0403126 0.0108169
-0.0383639 -0.989057 0.142458
0.0164414 0.141919 0.989742

         IndexToPointMatrix: 
-24.7284 1.00278 0.26907
-0.949508 -24.6028 3.54364
0.406924 3.53024 24.6198

         PointToIndexMatrix: 
-0.0403688 -0.00155006 0.000664298
0.00162061 -0.0397611 0.00570528
0.00043485 0.00572696 0.0397886

         Inverse Direction: 
-0.999129 -0.0383639 0.0164414
0.0403126 -0.989057 0.141919
0.0108169 0.142458 0.989742

         PixelContainer: 
           ImportImageContainer (0x55bef1520f90)
             RTTI typeinfo:   itk::ImportImageContainer<unsigned long, itk::Vector<float, 1u> >
             Reference Count: 1
             Modified Time: 343561
             Debug: Off
             Object Name: 
             Observers: 
               none
             Pointer: 0x55bef0330430
             Container manages memory: true
             Size: 3971
             Capacity: 3971
Elapsed time: 273.8
All_Command_lines_OK
Using single precision for computations.
=============================================================================
The composite transform comprises the following transforms (in order): 
  1. Center of mass alignment using fixed image: /home/mpib/nemecz/Projects/miniTRK/Results/01_MRI/GroupTempl/T1w/T_template0.nii.gz and moving image: /home/mpib/nemecz/Projects/miniTRK/Analysis/01_MRI/Preproc/GroupTempl/T1w/sub-378141_T1w.nii.gz (type = Euler3DTransform)
=============================================================================
  number of levels = 4
  number of levels = 4
  number of levels = 4
  fixed image: /home/mpib/nemecz/Projects/miniTRK/Results/01_MRI/GroupTempl/T1w/T_template0.nii.gz
  moving image: /home/mpib/nemecz/Projects/miniTRK/Results/01_MRI/GroupTempl/T1w/T_template0sub-378141_T1wRepaired.nii.gz
  fixed image: /home/mpib/nemecz/Projects/miniTRK/Results/01_MRI/GroupTempl/T1w/T_template0.nii.gz
  moving image: /home/mpib/nemecz/Projects/miniTRK/Results/01_MRI/GroupTempl/T1w/T_template0sub-378141_T1wRepaired.nii.gz
  fixed image: /home/mpib/nemecz/Projects/miniTRK/Results/01_MRI/GroupTempl/T1w/T_template0.nii.gz
  moving image: /home/mpib/nemecz/Projects/miniTRK/Results/01_MRI/GroupTempl/T1w/T_template0sub-378141_T1wRepaired.nii.gz
Dimension = 3
Number of stages = 3
Use Histogram Matching true
Winsorize image intensities true
Lower quantile = 0.01
Upper quantile = 0.99
Stage 1 State
   Image metric = Mattes
     Fixed image = Image (0x55a869ea6ad0)
  RTTI typeinfo:   itk::Image<float, 3u>
  Reference Count: 2
  Modified Time: 1721
  Debug: Off
  Object Name: 
  Observers: 
    none
  Source: (none)
  Source output name: (none)
  Release Data: Off
  Data Released: False
  Global Release Data: Off
  PipelineMTime: 0
  UpdateMTime: 1506
  RealTimeStamp: 0 seconds 
  LargestPossibleRegion: 
    Dimension: 3
    Index: [0, 0, 0]
    Size: [192, 256, 256]
  BufferedRegion: 
    Dimension: 3
    Index: [0, 0, 0]
    Size: [192, 256, 256]
  RequestedRegion: 
    Dimension: 3
    Index: [0, 0, 0]
    Size: [192, 256, 256]
  Spacing: [1, 1, 1]
  Origin: [95.0313, 100.538, -154.123]
  Direction: 
-0.999853 -0.014134 -0.00966312
0.014129 -0.9999 0.000586045
-0.00967044 0.000449429 0.999953

  IndexToPointMatrix: 
-0.999853 -0.014134 -0.00966312
0.014129 -0.9999 0.000586045
-0.00967044 0.000449429 0.999953

  PointToIndexMatrix: 
-0.999853 0.014129 -0.00967044
-0.014134 -0.9999 0.000449429
-0.00966312 0.000586045 0.999953

  Inverse Direction: 
-0.999853 0.014129 -0.00967044
-0.014134 -0.9999 0.000449429
-0.00966312 0.000586045 0.999953

  PixelContainer: 
    ImportImageContainer (0x55a869eaec80)
      RTTI typeinfo:   itk::ImportImageContainer<unsigned long, float>
      Reference Count: 1
      Modified Time: 1503
      Debug: Off
      Object Name: 
      Observers: 
        none
      Pointer: 0x7fdf57816010
      Container manages memory: true
      Size: 12582912
      Capacity: 12582912

     Moving image = Image (0x55a869ea7bc0)
  RTTI typeinfo:   itk::Image<float, 3u>
  Reference Count: 2
  Modified Time: 1722
  Debug: Off
  Object Name: 
  Observers: 
    none
  Source: (none)
  Source output name: (none)
  Release Data: Off
  Data Released: False
  Global Release Data: Off
  PipelineMTime: 0
  UpdateMTime: 1719
  RealTimeStamp: 0 seconds 
  LargestPossibleRegion: 
    Dimension: 3
    Index: [0, 0, 0]
    Size: [192, 256, 256]
  BufferedRegion: 
    Dimension: 3
    Index: [0, 0, 0]
    Size: [192, 256, 256]
  RequestedRegion: 
    Dimension: 3
    Index: [0, 0, 0]
    Size: [192, 256, 256]
  Spacing: [1, 1, 1]
  Origin: [86.9801, 83.5423, -170.776]
  Direction: 
-0.999129 0.0403126 0.0108169
-0.0383639 -0.989057 0.142458
0.0164414 0.141919 0.989742

  IndexToPointMatrix: 
-0.999129 0.0403126 0.0108169
-0.0383639 -0.989057 0.142458
0.0164414 0.141919 0.989742

  PointToIndexMatrix: 
-0.999129 -0.0383639 0.0164414
0.0403126 -0.989057 0.141919
0.0108169 0.142458 0.989742

  Inverse Direction: 
-0.999129 -0.0383639 0.0164414
0.0403126 -0.989057 0.141919
0.0108169 0.142458 0.989742

  PixelContainer: 
    ImportImageContainer (0x55a869eb3100)
      RTTI typeinfo:   itk::ImportImageContainer<unsigned long, float>
      Reference Count: 1
      Modified Time: 1716
      Debug: Off
      Object Name: 
      Observers: 
        none
      Pointer: 0x7fdf54815010
      Container manages memory: true
      Size: 12582912
      Capacity: 12582912

     Weighting = 1
     Sampling strategy = regular
     Number of bins = 32
     Radius = 4
     Sampling percentage  = 0.25
   Transform = Rigid
     Gradient step = 0.1
     Update field sigma (voxel space) = 0
     Total field sigma (voxel space) = 0
     Update field time sigma = 0
     Total field time sigma  = 0
     Number of time indices = 0
     Number of time point samples = 0
Stage 2 State
   Image metric = Mattes
     Fixed image = Image (0x55a869ebf870)
  RTTI typeinfo:   itk::Image<float, 3u>
  Reference Count: 2
  Modified Time: 2149
  Debug: Off
  Object Name: 
  Observers: 
    none
  Source: (none)
  Source output name: (none)
  Release Data: Off
  Data Released: False
  Global Release Data: Off
  PipelineMTime: 0
  UpdateMTime: 1934
  RealTimeStamp: 0 seconds 
  LargestPossibleRegion: 
    Dimension: 3
    Index: [0, 0, 0]
    Size: [192, 256, 256]
  BufferedRegion: 
    Dimension: 3
    Index: [0, 0, 0]
    Size: [192, 256, 256]
  RequestedRegion: 
    Dimension: 3
    Index: [0, 0, 0]
    Size: [192, 256, 256]
  Spacing: [1, 1, 1]
  Origin: [95.0313, 100.538, -154.123]
  Direction: 
-0.999853 -0.014134 -0.00966312
0.014129 -0.9999 0.000586045
-0.00967044 0.000449429 0.999953

  IndexToPointMatrix: 
-0.999853 -0.014134 -0.00966312
0.014129 -0.9999 0.000586045
-0.00967044 0.000449429 0.999953

  PointToIndexMatrix: 
-0.999853 0.014129 -0.00967044
-0.014134 -0.9999 0.000449429
-0.00966312 0.000586045 0.999953

  Inverse Direction: 
-0.999853 0.014129 -0.00967044
-0.014134 -0.9999 0.000449429
-0.00966312 0.000586045 0.999953

  PixelContainer: 
    ImportImageContainer (0x55a869eaa6d0)
      RTTI typeinfo:   itk::ImportImageContainer<unsigned long, float>
      Reference Count: 1
      Modified Time: 1931
      Debug: Off
      Object Name: 
      Observers: 
        none
      Pointer: 0x7fdf51814010
      Container manages memory: true
      Size: 12582912
      Capacity: 12582912

     Moving image = Image (0x55a869ebf4c0)
  RTTI typeinfo:   itk::Image<float, 3u>
  Reference Count: 2
  Modified Time: 2150
  Debug: Off
  Object Name: 
  Observers: 
    none
  Source: (none)
  Source output name: (none)
  Release Data: Off
  Data Released: False
  Global Release Data: Off
  PipelineMTime: 0
  UpdateMTime: 2147
  RealTimeStamp: 0 seconds 
  LargestPossibleRegion: 
    Dimension: 3
    Index: [0, 0, 0]
    Size: [192, 256, 256]
  BufferedRegion: 
    Dimension: 3
    Index: [0, 0, 0]
    Size: [192, 256, 256]
  RequestedRegion: 
    Dimension: 3
    Index: [0, 0, 0]
    Size: [192, 256, 256]
  Spacing: [1, 1, 1]
  Origin: [86.9801, 83.5423, -170.776]
  Direction: 
-0.999129 0.0403126 0.0108169
-0.0383639 -0.989057 0.142458
0.0164414 0.141919 0.989742

  IndexToPointMatrix: 
-0.999129 0.0403126 0.0108169
-0.0383639 -0.989057 0.142458
0.0164414 0.141919 0.989742

  PointToIndexMatrix: 
-0.999129 -0.0383639 0.0164414
0.0403126 -0.989057 0.141919
0.0108169 0.142458 0.989742

  Inverse Direction: 
-0.999129 -0.0383639 0.0164414
0.0403126 -0.989057 0.141919
0.0108169 0.142458 0.989742

  PixelContainer: 
    ImportImageContainer (0x55a869ec08c0)
      RTTI typeinfo:   itk::ImportImageContainer<unsigned long, float>
      Reference Count: 1
      Modified Time: 2144
      Debug: Off
      Object Name: 
      Observers: 
        none
      Pointer: 0x7fdf4e813010
      Container manages memory: true
      Size: 12582912
      Capacity: 12582912

     Weighting = 1
     Sampling strategy = regular
     Number of bins = 32
     Radius = 4
     Sampling percentage  = 0.25
   Transform = Affine
     Gradient step = 0.1
     Update field sigma (voxel space) = 0
     Total field sigma (voxel space) = 0
     Update field time sigma = 0
     Total field time sigma  = 0
     Number of time indices = 0
     Number of time point samples = 0
Stage 3 State
   Image metric = CC
     Fixed image = Image (0x55a869ec6960)
  RTTI typeinfo:   itk::Image<float, 3u>
  Reference Count: 2
  Modified Time: 2577
  Debug: Off
  Object Name: 
  Observers: 
    none
  Source: (none)
  Source output name: (none)
  Release Data: Off
  Data Released: False
  Global Release Data: Off
  PipelineMTime: 0
  UpdateMTime: 2362
  RealTimeStamp: 0 seconds 
  LargestPossibleRegion: 
    Dimension: 3
    Index: [0, 0, 0]
    Size: [192, 256, 256]
  BufferedRegion: 
    Dimension: 3
    Index: [0, 0, 0]
    Size: [192, 256, 256]
  RequestedRegion: 
    Dimension: 3
    Index: [0, 0, 0]
    Size: [192, 256, 256]
  Spacing: [1, 1, 1]
  Origin: [95.0313, 100.538, -154.123]
  Direction: 
-0.999853 -0.014134 -0.00966312
0.014129 -0.9999 0.000586045
-0.00967044 0.000449429 0.999953

  IndexToPointMatrix: 
-0.999853 -0.014134 -0.00966312
0.014129 -0.9999 0.000586045
-0.00967044 0.000449429 0.999953

  PointToIndexMatrix: 
-0.999853 0.014129 -0.00967044
-0.014134 -0.9999 0.000449429
-0.00966312 0.000586045 0.999953

  Inverse Direction: 
-0.999853 0.014129 -0.00967044
-0.014134 -0.9999 0.000449429
-0.00966312 0.000586045 0.999953

  PixelContainer: 
    ImportImageContainer (0x55a869ea7660)
      RTTI typeinfo:   itk::ImportImageContainer<unsigned long, float>
      Reference Count: 1
      Modified Time: 2359
      Debug: Off
      Object Name: 
      Observers: 
        none
      Pointer: 0x7fdf4b812010
      Container manages memory: true
      Size: 12582912
      Capacity: 12582912

     Moving image = Image (0x55a869ec8840)
  RTTI typeinfo:   itk::Image<float, 3u>
  Reference Count: 2
  Modified Time: 2578
  Debug: Off
  Object Name: 
  Observers: 
    none
  Source: (none)
  Source output name: (none)
  Release Data: Off
  Data Released: False
  Global Release Data: Off
  PipelineMTime: 0
  UpdateMTime: 2575
  RealTimeStamp: 0 seconds 
  LargestPossibleRegion: 
    Dimension: 3
    Index: [0, 0, 0]
    Size: [192, 256, 256]
  BufferedRegion: 
    Dimension: 3
    Index: [0, 0, 0]
    Size: [192, 256, 256]
  RequestedRegion: 
    Dimension: 3
    Index: [0, 0, 0]
    Size: [192, 256, 256]
  Spacing: [1, 1, 1]
  Origin: [86.9801, 83.5423, -170.776]
  Direction: 
-0.999129 0.0403126 0.0108169
-0.0383639 -0.989057 0.142458
0.0164414 0.141919 0.989742

  IndexToPointMatrix: 
-0.999129 0.0403126 0.0108169
-0.0383639 -0.989057 0.142458
0.0164414 0.141919 0.989742

  PointToIndexMatrix: 
-0.999129 -0.0383639 0.0164414
0.0403126 -0.989057 0.141919
0.0108169 0.142458 0.989742

  Inverse Direction: 
-0.999129 -0.0383639 0.0164414
0.0403126 -0.989057 0.141919
0.0108169 0.142458 0.989742

  PixelContainer: 
    ImportImageContainer (0x55a869ec5660)
      RTTI typeinfo:   itk::ImportImageContainer<unsigned long, float>
      Reference Count: 1
      Modified Time: 2572
      Debug: Off
      Object Name: 
      Observers: 
        none
      Pointer: 0x7fdf48811010
      Container manages memory: true
      Size: 12582912
      Capacity: 12582912

     Weighting = 1
     Sampling strategy = none
     Number of bins = 32
     Radius = 4
     Sampling percentage  = 1
   Transform = SyN
     Gradient step = 0.1
     Update field sigma (voxel space) = 3
     Total field sigma (voxel space) = 0
     Update field time sigma = 0
     Total field time sigma  = 0
     Number of time indices = 0
     Number of time point samples = 0
Registration using 3 total stages.

Stage 0
  iterations = 1000x500x250x0
  convergence threshold = 1e-06
  convergence window size = 10
  number of levels = 4
  using the Mattes MI metric (number of bins = 32, weight = 1)
  preprocessing:  winsorizing the image intensities
  preprocessing:  histogram matching the images
  Shrink factors (level 1 out of 4): [6, 6, 6]
  Shrink factors (level 2 out of 4): [4, 4, 4]
  Shrink factors (level 3 out of 4): [2, 2, 2]
  Shrink factors (level 4 out of 4): [1, 1, 1]
  smoothing sigmas per level: [4, 2, 1, 0]
  regular sampling (percentage = 0.25)

*** Running Euler3DTransform registration ***

DIAGNOSTIC,Iteration,metricValue,convergenceValue,ITERATION_TIME_INDEX,SINCE_LAST
 2DIAGNOSTIC,     1, -9.198724627495e-01, inf, 7.5872e-01, 7.5872e-01, 
 2DIAGNOSTIC,     2, -9.236237406731e-01, inf, 7.7202e-01, 1.3301e-02, 
 2DIAGNOSTIC,     3, -9.291353225708e-01, inf, 7.8355e-01, 1.1530e-02, 
 2DIAGNOSTIC,     4, -9.357600808144e-01, inf, 7.9437e-01, 1.0823e-02, 
 2DIAGNOSTIC,     5, -9.418231248856e-01, inf, 8.0418e-01, 9.8031e-03, 
 2DIAGNOSTIC,     6, -9.459226131439e-01, inf, 8.1411e-01, 9.9380e-03, 
 2DIAGNOSTIC,     7, -9.490875005722e-01, inf, 8.2412e-01, 1.0010e-02, 
 2DIAGNOSTIC,     8, -9.503132104874e-01, inf, 8.3381e-01, 9.6879e-03, 
 2DIAGNOSTIC,     9, -9.538851380348e-01, inf, 8.4481e-01, 1.0997e-02, 
 2DIAGNOSTIC,    10, -9.555362462997e-01, 2.537622349337e-03, 8.5784e-01, 1.3028e-02, 
 2DIAGNOSTIC,    11, -9.564503431320e-01, 2.008098876104e-03, 8.6788e-01, 1.0047e-02, 
 2DIAGNOSTIC,    12, -9.629255533218e-01, 1.644350355491e-03, 8.8318e-01, 1.5300e-02, 
 2DIAGNOSTIC,    13, -9.648658037186e-01, 1.356140128337e-03, 8.9454e-01, 1.1353e-02, 
 2DIAGNOSTIC,    14, -9.649961590767e-01, 1.129679847509e-03, 9.0465e-01, 1.0111e-02, 
 2DIAGNOSTIC,    15, -9.650152921677e-01, 9.531559771858e-04, 9.1473e-01, 1.0087e-02, 
 2DIAGNOSTIC,    16, -9.650948643684e-01, 7.895944290794e-04, 9.2617e-01, 1.1432e-02, 
 2DIAGNOSTIC,    17, -9.652324318886e-01, 6.297666695900e-04, 9.3604e-01, 9.8710e-03, 
 2DIAGNOSTIC,    18, -9.652884602547e-01, 4.491756262723e-04, 9.5404e-01, 1.8001e-02, 
 2DIAGNOSTIC,    19, -9.653190374374e-01, 3.040325827897e-04, 9.6512e-01, 1.1083e-02, 
 2DIAGNOSTIC,    20, -9.653148055077e-01, 1.713647070574e-04, 9.7604e-01, 1.0917e-02, 
 2DIAGNOSTIC,    21, -9.653033018112e-01, 4.622994310921e-05, 9.8579e-01, 9.7499e-03, 
 2DIAGNOSTIC,    22, -9.653266668320e-01, 1.573635745444e-05, 9.9754e-01, 1.1750e-02, 
 2DIAGNOSTIC,    23, -9.652967453003e-01, 1.127570703829e-05, 1.0090e+00, 1.1477e-02, 
 2DIAGNOSTIC,    24, -9.652624726295e-01, 7.493728844565e-06, 1.0188e+00, 9.8271e-03, 
 2DIAGNOSTIC,    25, -9.652630686760e-01, 3.690310222737e-06, 1.0301e+00, 1.1270e-02, 
DIAGNOSTIC,Iteration,metricValue,convergenceValue,ITERATION_TIME_INDEX,SINCE_LAST
 2DIAGNOSTIC,     1, -7.774932980537e-01, inf, 1.7943e+00, 7.6421e-01, 
 2DIAGNOSTIC,     2, -7.782749533653e-01, inf, 1.8267e+00, 3.2368e-02, 
 2DIAGNOSTIC,     3, -7.787709236145e-01, inf, 1.8583e+00, 3.1621e-02, 
 2DIAGNOSTIC,     4, -7.791289687157e-01, inf, 1.8900e+00, 3.1705e-02, 
 2DIAGNOSTIC,     5, -7.795359492302e-01, inf, 1.9223e+00, 3.2297e-02, 
 2DIAGNOSTIC,     6, -7.798662781715e-01, inf, 1.9637e+00, 4.1390e-02, 
 2DIAGNOSTIC,     7, -7.799910902977e-01, inf, 2.0001e+00, 3.6370e-02, 
 2DIAGNOSTIC,     8, -7.801038026810e-01, inf, 2.0550e+00, 5.4971e-02, 
 2DIAGNOSTIC,     9, -7.801499366760e-01, inf, 2.0875e+00, 3.2424e-02, 
 2DIAGNOSTIC,    10, -7.802572846413e-01, 2.145043399651e-04, 2.1194e+00, 3.1942e-02, 
 2DIAGNOSTIC,    11, -7.803687453270e-01, 1.485734683229e-04, 2.1512e+00, 3.1800e-02, 
 2DIAGNOSTIC,    12, -7.804595828056e-01, 1.068411220331e-04, 2.1877e+00, 3.6442e-02, 
 2DIAGNOSTIC,    13, -7.804862856865e-01, 7.673013169551e-05, 2.2196e+00, 3.1977e-02, 
 2DIAGNOSTIC,    14, -7.805274724960e-01, 5.444064663607e-05, 2.2528e+00, 3.3126e-02, 
 2DIAGNOSTIC,    15, -7.805895805359e-01, 4.157033254160e-05, 2.2846e+00, 3.1849e-02, 
 2DIAGNOSTIC,    16, -7.806738615036e-01, 3.602508513723e-05, 2.3211e+00, 3.6506e-02, 
 2DIAGNOSTIC,    17, -7.807374596596e-01, 3.195367753506e-05, 2.3574e+00, 3.6283e-02, 
 2DIAGNOSTIC,    18, -7.807760238647e-01, 2.864028283511e-05, 2.3989e+00, 4.1525e-02, 
 2DIAGNOSTIC,    19, -7.807769775391e-01, 2.408448744973e-05, 2.4406e+00, 4.1694e-02, 
 2DIAGNOSTIC,    20, -7.807866930962e-01, 2.000410313485e-05, 2.4769e+00, 3.6257e-02, 
 2DIAGNOSTIC,    21, -7.808293104172e-01, 1.721628177620e-05, 2.5132e+00, 3.6280e-02, 
 2DIAGNOSTIC,    22, -7.808434367180e-01, 1.492351566412e-05, 2.5450e+00, 3.1880e-02, 
 2DIAGNOSTIC,    23, -7.808530330658e-01, 1.214949679706e-05, 2.5816e+00, 3.6526e-02, 
 2DIAGNOSTIC,    24, -7.808558344841e-01, 9.275595402869e-06, 2.6180e+00, 3.6489e-02, 
 2DIAGNOSTIC,    25, -7.808555364609e-01, 6.770310392312e-06, 2.6500e+00, 3.1906e-02, 
 2DIAGNOSTIC,    26, -7.808580398560e-01, 5.129497822054e-06, 2.6863e+00, 3.6393e-02, 
 2DIAGNOSTIC,    27, -7.808586955070e-01, 4.090514721611e-06, 2.7246e+00, 3.8222e-02, 
 2DIAGNOSTIC,    28, -7.808518409729e-01, 3.271095238233e-06, 2.7654e+00, 4.0841e-02, 
 2DIAGNOSTIC,    29, -7.808662652969e-01, 2.507719955247e-06, 2.8062e+00, 4.0753e-02, 
 2DIAGNOSTIC,    30, -7.808607816696e-01, 1.696409299257e-06, 2.8422e+00, 3.6055e-02, 
 2DIAGNOSTIC,    31, -7.808617949486e-01, 1.389177327837e-06, 2.8787e+00, 3.6445e-02, 
 2DIAGNOSTIC,    32, -7.808530330658e-01, 1.126744791691e-06, 2.9150e+00, 3.6300e-02, 
DIAGNOSTIC,Iteration,metricValue,convergenceValue,ITERATION_TIME_INDEX,SINCE_LAST
 2DIAGNOSTIC,     1, -6.898509860039e-01, inf, 3.9588e+00, 1.0438e+00, 
 2DIAGNOSTIC,     2, -6.900591850281e-01, inf, 4.1848e+00, 2.2601e-01, 
 2DIAGNOSTIC,     3, -6.900826096535e-01, inf, 4.4364e+00, 2.5157e-01, 
 2DIAGNOSTIC,     4, -6.901112794876e-01, inf, 4.7139e+00, 2.7751e-01, 
 2DIAGNOSTIC,     5, -6.901887655258e-01, inf, 5.0566e+00, 3.4273e-01, 
 2DIAGNOSTIC,     6, -6.901884675026e-01, inf, 5.3048e+00, 2.4820e-01, 
 2DIAGNOSTIC,     7, -6.901851296425e-01, inf, 5.6716e+00, 3.6677e-01, 
 2DIAGNOSTIC,     8, -6.901863813400e-01, inf, 5.9186e+00, 2.4699e-01, 
 2DIAGNOSTIC,     9, -6.901857852936e-01, inf, 6.1662e+00, 2.4767e-01, 
 2DIAGNOSTIC,    10, -6.901856660843e-01, 2.593712633825e-05, 6.4169e+00, 2.5066e-01, 
 2DIAGNOSTIC,    11, -6.901854872704e-01, 1.288751445827e-05, 6.6617e+00, 2.4480e-01, 
 2DIAGNOSTIC,    12, -6.901860833168e-01, 8.316056664626e-06, 6.9063e+00, 2.4462e-01, 
 2DIAGNOSTIC,    13, -6.901863813400e-01, 4.690471541835e-06, 7.1524e+00, 2.4606e-01, 
 2DIAGNOSTIC,    14, -6.901851296425e-01, 2.118583324773e-06, 7.3968e+00, 2.4442e-01, 
 2DIAGNOSTIC,    15, -6.901855468750e-01, 2.043614586000e-06, 7.6388e+00, 2.4202e-01, 
 2DIAGNOSTIC,    16, -6.901842951775e-01, 1.947272721736e-06, 7.8805e+00, 2.4174e-01, 
 2DIAGNOSTIC,    17, -6.901839375496e-01, 1.775666305548e-06, 8.1234e+00, 2.4283e-01, 
 2DIAGNOSTIC,    18, -6.901827454567e-01, 1.633602892070e-06, 8.3950e+00, 2.7167e-01, 
 2DIAGNOSTIC,    19, -6.901829838753e-01, 1.511972868684e-06, 8.6360e+00, 2.4094e-01, 
 2DIAGNOSTIC,    20, -6.901826858521e-01, 1.408845037076e-06, 8.8770e+00, 2.4102e-01, 
 2DIAGNOSTIC,    21, -6.901825666428e-01, 1.326210622210e-06, 9.1187e+00, 2.4168e-01, 
 2DIAGNOSTIC,    22, -6.901822686195e-01, 1.274316900890e-06, 9.3641e+00, 2.4546e-01, 
 2DIAGNOSTIC,    23, -6.901818513870e-01, 1.241636368832e-06, 9.6057e+00, 2.4154e-01, 
 2DIAGNOSTIC,    24, -6.901816725731e-01, 1.199966504828e-06, 9.8473e+00, 2.4160e-01, 
 2DIAGNOSTIC,    25, -6.901814341545e-01, 1.176556793325e-06, 1.0061e+01, 2.1327e-01, 
 2DIAGNOSTIC,    26, -6.901819705963e-01, 1.152666754933e-06, 1.0307e+01, 2.4630e-01, 
 2DIAGNOSTIC,    27, -6.901820302010e-01, 1.132949023486e-06, 1.0612e+01, 3.0535e-01, 
 2DIAGNOSTIC,    28, -6.901819109917e-01, 1.099581140807e-06, 1.0940e+01, 3.2742e-01, 
 2DIAGNOSTIC,    29, -6.901819109917e-01, 1.075641876014e-06, 1.1209e+01, 2.6923e-01, 
 2DIAGNOSTIC,    30, -6.901820302010e-01, 1.052790935319e-06, 1.1450e+01, 2.4085e-01, 
 2DIAGNOSTIC,    31, -6.901816725731e-01, 1.025622282214e-06, 1.1691e+01, 2.4177e-01, 
DIAGNOSTIC,Iteration,metricValue,convergenceValue,ITERATION_TIME_INDEX,SINCE_LAST
 2DIAGNOSTIC,     1, -6.307084560394e-01, inf, 1.4165e+01, 2.4739e+00, 
  Elapsed time (stage 0): 1.5349e+01


Stage 1
  iterations = 1000x500x250x0
  convergence threshold = 1.0000e-06
  convergence window size = 10
  number of levels = 4
  using the Mattes MI metric (number of bins = 32, weight = 1.0000e+00)
  preprocessing:  winsorizing the image intensities
  preprocessing:  histogram matching the images
  Shrink factors (level 1 out of 4): [6, 6, 6]
  Shrink factors (level 2 out of 4): [4, 4, 4]
  Shrink factors (level 3 out of 4): [2, 2, 2]
  Shrink factors (level 4 out of 4): [1, 1, 1]
  smoothing sigmas per level: [4, 2, 1, 0]
  regular sampling (percentage = 2.5000e-01)

*** Running AffineTransform registration ***

DIAGNOSTIC,Iteration,metricValue,convergenceValue,ITERATION_TIME_INDEX,SINCE_LAST
 2DIAGNOSTIC,     1, -9.611473679543e-01, inf, 7.0767e-01, 7.0767e-01, 
 2DIAGNOSTIC,     2, -9.630821943283e-01, inf, 7.2049e-01, 1.2819e-02, 
