
Running N4 for 3-dimensional images.

Mask not read.  Using the entire image as the mask.

Original intensity range:  [0, 856]

***********************************************************
Warning:  Your input image contains nonpositive values
which could cause failure or problematic results.  A
possible workaround would be to:
   1. rescale your image to positive values e.g., [10,100].
   2. run N4 on your rescaled image.
   3. (optional) rescale the N4 output to the original
      intensity range.
***********************************************************

Specified spline distance: 200mm
  original image size:  [192, 256, 256]
  padded image size:  [201, 401, 401]
  number of control points:  [4, 5, 5]

Current level = 1
  Iteration 1 (of 50).   Current convergence value = 0.000700426 (threshold = 1e-08)
  Iteration 2 (of 50).   Current convergence value = 0.000418094 (threshold = 1e-08)
  Iteration 3 (of 50).   Current convergence value = 0.000268073 (threshold = 1e-08)
  Iteration 4 (of 50).   Current convergence value = 0.000194519 (threshold = 1e-08)
  Iteration 5 (of 50).   Current convergence value = 0.000145891 (threshold = 1e-08)
  Iteration 6 (of 50).   Current convergence value = 0.000113384 (threshold = 1e-08)
  Iteration 7 (of 50).   Current convergence value = 9.2562e-05 (threshold = 1e-08)
  Iteration 8 (of 50).   Current convergence value = 7.95345e-05 (threshold = 1e-08)
  Iteration 9 (of 50).   Current convergence value = 7.12697e-05 (threshold = 1e-08)
  Iteration 10 (of 50).   Current convergence value = 6.59719e-05 (threshold = 1e-08)
  Iteration 11 (of 50).   Current convergence value = 6.20692e-05 (threshold = 1e-08)
  Iteration 12 (of 50).   Current convergence value = 5.89372e-05 (threshold = 1e-08)
  Iteration 13 (of 50).   Current convergence value = 5.62721e-05 (threshold = 1e-08)
  Iteration 14 (of 50).   Current convergence value = 5.40167e-05 (threshold = 1e-08)
  Iteration 15 (of 50).   Current convergence value = 5.19555e-05 (threshold = 1e-08)
  Iteration 16 (of 50).   Current convergence value = 4.99568e-05 (threshold = 1e-08)
  Iteration 17 (of 50).   Current convergence value = 4.80673e-05 (threshold = 1e-08)
  Iteration 18 (of 50).   Current convergence value = 4.64321e-05 (threshold = 1e-08)
  Iteration 19 (of 50).   Current convergence value = 4.48525e-05 (threshold = 1e-08)
  Iteration 20 (of 50).   Current convergence value = 4.34286e-05 (threshold = 1e-08)
  Iteration 21 (of 50).   Current convergence value = 4.22105e-05 (threshold = 1e-08)
  Iteration 22 (of 50).   Current convergence value = 4.11582e-05 (threshold = 1e-08)
  Iteration 23 (of 50).   Current convergence value = 4.03112e-05 (threshold = 1e-08)
  Iteration 24 (of 50).   Current convergence value = 3.9611e-05 (threshold = 1e-08)
  Iteration 25 (of 50).   Current convergence value = 3.90489e-05 (threshold = 1e-08)
  Iteration 26 (of 50).   Current convergence value = 3.86224e-05 (threshold = 1e-08)
  Iteration 27 (of 50).   Current convergence value = 3.83117e-05 (threshold = 1e-08)
  Iteration 28 (of 50).   Current convergence value = 3.81023e-05 (threshold = 1e-08)
  Iteration 29 (of 50).   Current convergence value = 3.79999e-05 (threshold = 1e-08)
  Iteration 30 (of 50).   Current convergence value = 3.80591e-05 (threshold = 1e-08)
  Iteration 31 (of 50).   Current convergence value = 3.82314e-05 (threshold = 1e-08)
  Iteration 32 (of 50).   Current convergence value = 3.83715e-05 (threshold = 1e-08)
  Iteration 33 (of 50).   Current convergence value = 3.869e-05 (threshold = 1e-08)
  Iteration 34 (of 50).   Current convergence value = 3.9028e-05 (threshold = 1e-08)
  Iteration 35 (of 50).   Current convergence value = 3.93867e-05 (threshold = 1e-08)
  Iteration 36 (of 50).   Current convergence value = 3.97279e-05 (threshold = 1e-08)
  Iteration 37 (of 50).   Current convergence value = 4.02093e-05 (threshold = 1e-08)
  Iteration 38 (of 50).   Current convergence value = 4.07151e-05 (threshold = 1e-08)
  Iteration 39 (of 50).   Current convergence value = 4.12208e-05 (threshold = 1e-08)
  Iteration 40 (of 50).   Current convergence value = 4.17328e-05 (threshold = 1e-08)
  Iteration 41 (of 50).   Current convergence value = 4.21926e-05 (threshold = 1e-08)
  Iteration 42 (of 50).   Current convergence value = 4.26702e-05 (threshold = 1e-08)
  Iteration 43 (of 50).   Current convergence value = 4.32028e-05 (threshold = 1e-08)
  Iteration 44 (of 50).   Current convergence value = 4.36265e-05 (threshold = 1e-08)
  Iteration 45 (of 50).   Current convergence value = 4.41567e-05 (threshold = 1e-08)
  Iteration 46 (of 50).   Current convergence value = 4.46179e-05 (threshold = 1e-08)
  Iteration 47 (of 50).   Current convergence value = 4.51085e-05 (threshold = 1e-08)
  Iteration 48 (of 50).   Current convergence value = 4.55476e-05 (threshold = 1e-08)
  Iteration 49 (of 50).   Current convergence value = 4.59559e-05 (threshold = 1e-08)
  Iteration 50 (of 50).   Current convergence value = 4.62486e-05 (threshold = 1e-08)
Current level = 2
  Iteration 1 (of 50).   Current convergence value = 0.000535792 (threshold = 1e-08)
  Iteration 2 (of 50).   Current convergence value = 0.000494449 (threshold = 1e-08)
  Iteration 3 (of 50).   Current convergence value = 0.000467199 (threshold = 1e-08)
  Iteration 4 (of 50).   Current convergence value = 0.000443656 (threshold = 1e-08)
  Iteration 5 (of 50).   Current convergence value = 0.000421445 (threshold = 1e-08)
  Iteration 6 (of 50).   Current convergence value = 0.000399144 (threshold = 1e-08)
  Iteration 7 (of 50).   Current convergence value = 0.000377368 (threshold = 1e-08)
  Iteration 8 (of 50).   Current convergence value = 0.000356591 (threshold = 1e-08)
  Iteration 9 (of 50).   Current convergence value = 0.000336075 (threshold = 1e-08)
  Iteration 10 (of 50).   Current convergence value = 0.000317255 (threshold = 1e-08)
  Iteration 11 (of 50).   Current convergence value = 0.000299204 (threshold = 1e-08)
  Iteration 12 (of 50).   Current convergence value = 0.000283341 (threshold = 1e-08)
  Iteration 13 (of 50).   Current convergence value = 0.000269232 (threshold = 1e-08)
  Iteration 14 (of 50).   Current convergence value = 0.000256262 (threshold = 1e-08)
  Iteration 15 (of 50).   Current convergence value = 0.00024526 (threshold = 1e-08)
  Iteration 16 (of 50).   Current convergence value = 0.000233269 (threshold = 1e-08)
  Iteration 17 (of 50).   Current convergence value = 0.000220878 (threshold = 1e-08)
  Iteration 18 (of 50).   Current convergence value = 0.000209295 (threshold = 1e-08)
  Iteration 19 (of 50).   Current convergence value = 0.000198868 (threshold = 1e-08)
  Iteration 20 (of 50).   Current convergence value = 0.000189882 (threshold = 1e-08)
  Iteration 21 (of 50).   Current convergence value = 0.000182755 (threshold = 1e-08)
  Iteration 22 (of 50).   Current convergence value = 0.000176598 (threshold = 1e-08)
  Iteration 23 (of 50).   Current convergence value = 0.000171007 (threshold = 1e-08)
  Iteration 24 (of 50).   Current convergence value = 0.000166383 (threshold = 1e-08)
  Iteration 25 (of 50).   Current convergence value = 0.000162422 (threshold = 1e-08)
  Iteration 26 (of 50).   Current convergence value = 0.000158909 (threshold = 1e-08)
  Iteration 27 (of 50).   Current convergence value = 0.000155999 (threshold = 1e-08)
  Iteration 28 (of 50).   Current convergence value = 0.0001535 (threshold = 1e-08)
  Iteration 29 (of 50).   Current convergence value = 0.000151112 (threshold = 1e-08)
  Iteration 30 (of 50).   Current convergence value = 0.000149174 (threshold = 1e-08)
  Iteration 31 (of 50).   Current convergence value = 0.000147416 (threshold = 1e-08)
  Iteration 32 (of 50).   Current convergence value = 0.000146159 (threshold = 1e-08)
  Iteration 33 (of 50).   Current convergence value = 0.000144988 (threshold = 1e-08)
  Iteration 34 (of 50).   Current convergence value = 0.000143903 (threshold = 1e-08)
  Iteration 35 (of 50).   Current convergence value = 0.000142819 (threshold = 1e-08)
  Iteration 36 (of 50).   Current convergence value = 0.000142016 (threshold = 1e-08)
  Iteration 37 (of 50).   Current convergence value = 0.000142828 (threshold = 1e-08)
  Iteration 38 (of 50).   Current convergence value = 0.000142161 (threshold = 1e-08)
  Iteration 39 (of 50).   Current convergence value = 0.000140991 (threshold = 1e-08)
  Iteration 40 (of 50).   Current convergence value = 0.000139913 (threshold = 1e-08)
  Iteration 41 (of 50).   Current convergence value = 0.000139056 (threshold = 1e-08)
  Iteration 42 (of 50).   Current convergence value = 0.000138076 (threshold = 1e-08)
  Iteration 43 (of 50).   Current convergence value = 0.000137661 (threshold = 1e-08)
  Iteration 44 (of 50).   Current convergence value = 0.000136785 (threshold = 1e-08)
  Iteration 45 (of 50).   Current convergence value = 0.000136185 (threshold = 1e-08)
  Iteration 46 (of 50).   Current convergence value = 0.000135708 (threshold = 1e-08)
  Iteration 47 (of 50).   Current convergence value = 0.000135356 (threshold = 1e-08)
  Iteration 48 (of 50).   Current convergence value = 0.000134831 (threshold = 1e-08)
  Iteration 49 (of 50).   Current convergence value = 0.000107619 (threshold = 1e-08)
  Iteration 50 (of 50).   Current convergence value = 0.00010593 (threshold = 1e-08)
Current level = 3
  Iteration 1 (of 40).   Current convergence value = 0.000805123 (threshold = 1e-08)
  Iteration 2 (of 40).   Current convergence value = 0.000727079 (threshold = 1e-08)
  Iteration 3 (of 40).   Current convergence value = 0.000700873 (threshold = 1e-08)
  Iteration 4 (of 40).   Current convergence value = 0.000704642 (threshold = 1e-08)
  Iteration 5 (of 40).   Current convergence value = 0.000692699 (threshold = 1e-08)
  Iteration 6 (of 40).   Current convergence value = 0.000679414 (threshold = 1e-08)
  Iteration 7 (of 40).   Current convergence value = 0.000663974 (threshold = 1e-08)
  Iteration 8 (of 40).   Current convergence value = 0.000627587 (threshold = 1e-08)
  Iteration 9 (of 40).   Current convergence value = 0.000589859 (threshold = 1e-08)
  Iteration 10 (of 40).   Current convergence value = 0.000569457 (threshold = 1e-08)
  Iteration 11 (of 40).   Current convergence value = 0.000552972 (threshold = 1e-08)
  Iteration 12 (of 40).   Current convergence value = 0.00053922 (threshold = 1e-08)
  Iteration 13 (of 40).   Current convergence value = 0.000527368 (threshold = 1e-08)
  Iteration 14 (of 40).   Current convergence value = 0.000516864 (threshold = 1e-08)
  Iteration 15 (of 40).   Current convergence value = 0.000507518 (threshold = 1e-08)
  Iteration 16 (of 40).   Current convergence value = 0.000498965 (threshold = 1e-08)
  Iteration 17 (of 40).   Current convergence value = 0.000491069 (threshold = 1e-08)
  Iteration 18 (of 40).   Current convergence value = 0.000483696 (threshold = 1e-08)
  Iteration 19 (of 40).   Current convergence value = 0.000468456 (threshold = 1e-08)
  Iteration 20 (of 40).   Current convergence value = 0.000452889 (threshold = 1e-08)
  Iteration 21 (of 40).   Current convergence value = 0.000438978 (threshold = 1e-08)
  Iteration 22 (of 40).   Current convergence value = 0.000426299 (threshold = 1e-08)
  Iteration 23 (of 40).   Current convergence value = 0.000415025 (threshold = 1e-08)
  Iteration 24 (of 40).   Current convergence value = 0.000404938 (threshold = 1e-08)
  Iteration 25 (of 40).   Current convergence value = 0.000396041 (threshold = 1e-08)
  Iteration 26 (of 40).   Current convergence value = 0.000387845 (threshold = 1e-08)
  Iteration 27 (of 40).   Current convergence value = 0.000380376 (threshold = 1e-08)
  Iteration 28 (of 40).   Current convergence value = 0.000373513 (threshold = 1e-08)
  Iteration 29 (of 40).   Current convergence value = 0.000367427 (threshold = 1e-08)
  Iteration 30 (of 40).   Current convergence value = 0.000361882 (threshold = 1e-08)
  Iteration 31 (of 40).   Current convergence value = 0.000356744 (threshold = 1e-08)
  Iteration 32 (of 40).   Current convergence value = 0.000352059 (threshold = 1e-08)
  Iteration 33 (of 40).   Current convergence value = 0.000347969 (threshold = 1e-08)
  Iteration 34 (of 40).   Current convergence value = 0.00034412 (threshold = 1e-08)
  Iteration 35 (of 40).   Current convergence value = 0.000340922 (threshold = 1e-08)
  Iteration 36 (of 40).   Current convergence value = 0.000337886 (threshold = 1e-08)
  Iteration 37 (of 40).   Current convergence value = 0.000335163 (threshold = 1e-08)
  Iteration 38 (of 40).   Current convergence value = 0.000332822 (threshold = 1e-08)
  Iteration 39 (of 40).   Current convergence value = 0.000330696 (threshold = 1e-08)
  Iteration 40 (of 40).   Current convergence value = 0.000328731 (threshold = 1e-08)
Current level = 4
  Iteration 1 (of 30).   Current convergence value = 0.00175061 (threshold = 1e-08)
  Iteration 2 (of 30).   Current convergence value = 0.00186544 (threshold = 1e-08)
  Iteration 3 (of 30).   Current convergence value = 0.00200173 (threshold = 1e-08)
  Iteration 4 (of 30).   Current convergence value = 0.00186808 (threshold = 1e-08)
  Iteration 5 (of 30).   Current convergence value = 0.00179147 (threshold = 1e-08)
  Iteration 6 (of 30).   Current convergence value = 0.00171841 (threshold = 1e-08)
  Iteration 7 (of 30).   Current convergence value = 0.00165539 (threshold = 1e-08)
  Iteration 8 (of 30).   Current convergence value = 0.00160513 (threshold = 1e-08)
  Iteration 9 (of 30).   Current convergence value = 0.00156049 (threshold = 1e-08)
  Iteration 10 (of 30).   Current convergence value = 0.00151676 (threshold = 1e-08)
  Iteration 11 (of 30).   Current convergence value = 0.00147542 (threshold = 1e-08)
  Iteration 12 (of 30).   Current convergence value = 0.00145197 (threshold = 1e-08)
  Iteration 13 (of 30).   Current convergence value = 0.00143599 (threshold = 1e-08)
  Iteration 14 (of 30).   Current convergence value = 0.00143397 (threshold = 1e-08)
  Iteration 15 (of 30).   Current convergence value = 0.00143553 (threshold = 1e-08)
  Iteration 16 (of 30).   Current convergence value = 0.00143626 (threshold = 1e-08)
  Iteration 17 (of 30).   Current convergence value = 0.00144166 (threshold = 1e-08)
  Iteration 18 (of 30).   Current convergence value = 0.0014411 (threshold = 1e-08)
  Iteration 19 (of 30).   Current convergence value = 0.00142983 (threshold = 1e-08)
  Iteration 20 (of 30).   Current convergence value = 0.00140881 (threshold = 1e-08)
  Iteration 21 (of 30).   Current convergence value = 0.001379 (threshold = 1e-08)
  Iteration 22 (of 30).   Current convergence value = 0.00135525 (threshold = 1e-08)
  Iteration 23 (of 30).   Current convergence value = 0.00137718 (threshold = 1e-08)
  Iteration 24 (of 30).   Current convergence value = 0.0013864 (threshold = 1e-08)
  Iteration 25 (of 30).   Current convergence value = 0.0013643 (threshold = 1e-08)
  Iteration 26 (of 30).   Current convergence value = 0.00132072 (threshold = 1e-08)
  Iteration 27 (of 30).   Current convergence value = 0.00126858 (threshold = 1e-08)
  Iteration 28 (of 30).   Current convergence value = 0.00118368 (threshold = 1e-08)
  Iteration 29 (of 30).   Current convergence value = 0.000880799 (threshold = 1e-08)
  Iteration 30 (of 30).   Current convergence value = 0.000757115 (threshold = 1e-08)
   N4BiasFieldCorrectionImageFilter (0x559716ebfe20)
     RTTI typeinfo:   itk::N4BiasFieldCorrectionImageFilter<itk::Image<float, 3u>, itk::Image<float, 3u>, itk::Image<float, 3u> >
     Reference Count: 1
     Modified Time: 565
     Debug: Off
     Object Name: 
     Observers: 
       IterationEvent(Command)
     Inputs: 
       ConfidenceImage: (0)
       MaskImage: (0x559716eea620)
       Primary: (0x559716ee5b70) *
     Indexed Inputs: 
       0: Primary (0x559716ee5b70)
       1: MaskImage (0x559716eea620)
       2: ConfidenceImage (0)
     Required Input Names: Primary
     NumberOfRequiredInputs: 1
     Outputs: 
       Primary: (0x559716ecfef0)
     Indexed Outputs: 
       0: Primary (0x559716ecfef0)
     NumberOfRequiredOutputs: 1
     Number Of Work Units: 32
     ReleaseDataFlag: Off
     ReleaseDataBeforeUpdateFlag: Off
     AbortGenerateData: Off
     Progress: 0
     Multithreader: 
       RTTI typeinfo:   itk::PoolMultiThreader
       Reference Count: 1
       Modified Time: 144
       Debug: Off
       Object Name: 
       Observers: 
         none
       Number of Work Units: 32
       Number of Threads: 8
       Global Maximum Number Of Threads: 128
       Global Default Number Of Threads: 8
       Global Default Threader Type: itk::MultiThreaderBaseEnums::Threader::Pool
       SingleMethod: 0
       SingleData: 0
     DynamicMultiThreading: On
     CoordinateTolerance: 1e-06
     DirectionTolerance: 1e-06
     Use Mask Label: 0
     Mask label: 1
     Number of histogram bins: 200
     Wiener filter noise: 0.01
     Bias field FWHM: 0.15
     Maximum number of iterations: [50, 50, 40, 30]
     Convergence threshold: 1e-08
     Spline order: 3
     Number of fitting levels: [4, 4, 4]
     Number of control points: [4, 5, 5]
     CurrentConvergenceMeasurement: 0.000757115
     CurrentLevel: 4
     ElapsedIterations: 31
     LogBiasFieldControlPointLattice: 
       Image (0x559722e61740)
         RTTI typeinfo:   itk::Image<itk::Vector<float, 1u>, 3u>
         Reference Count: 1
         Modified Time: 343560
         Debug: Off
         Object Name: 
         Observers: 
           none
         Source: (none)
         Source output name: (none)
         Release Data: Off
         Data Released: False
         Global Release Data: Off
         PipelineMTime: 0
         UpdateMTime: 0
         RealTimeStamp: 0 seconds 
         LargestPossibleRegion: 
           Dimension: 3
           Index: [0, 0, 0]
           Size: [11, 19, 19]
         BufferedRegion: 
           Dimension: 3
           Index: [0, 0, 0]
           Size: [11, 19, 19]
         RequestedRegion: 
           Dimension: 3
           Index: [0, 0, 0]
           Size: [11, 19, 19]
         Spacing: [24.75, 24.875, 24.875]
         Origin: [22.8732, 24.8246, -26.658]
         Direction: 
-0.998535 0.0467792 0.0272117
-0.045518 -0.997938 0.0452542
0.0292725 0.0439493 0.998605

         IndexToPointMatrix: 
-24.7137 1.16363 0.676891
-1.12657 -24.8237 1.1257
0.724495 1.09324 24.8403

         PointToIndexMatrix: 
-0.0403448 -0.00183911 0.00118273
0.00188057 -0.0401181 0.0017668
0.00109394 0.00181927 0.0401449

         Inverse Direction: 
-0.998535 -0.045518 0.0292725
0.0467792 -0.997938 0.0439493
0.0272117 0.0452542 0.998605

         PixelContainer: 
           ImportImageContainer (0x55971d9cc610)
             RTTI typeinfo:   itk::ImportImageContainer<unsigned long, itk::Vector<float, 1u> >
             Reference Count: 1
             Modified Time: 343561
             Debug: Off
             Object Name: 
             Observers: 
               none
             Pointer: 0x559721070c10
             Container manages memory: true
             Size: 3971
             Capacity: 3971
Elapsed time: 308.565
All_Command_lines_OK
Using single precision for computations.
=============================================================================
The composite transform comprises the following transforms (in order): 
  1. Center of mass alignment using fixed image: /home/mpib/nemecz/Projects/miniTRK/Results/01_MRI/GroupTempl/T1w/T_template0.nii.gz and moving image: /home/mpib/nemecz/Projects/miniTRK/Analysis/01_MRI/Preproc/GroupTempl/T1w/sub-700822_T1w.nii.gz (type = Euler3DTransform)
=============================================================================
  number of levels = 4
  number of levels = 4
  number of levels = 4
  fixed image: /home/mpib/nemecz/Projects/miniTRK/Results/01_MRI/GroupTempl/T1w/T_template0.nii.gz
  moving image: /home/mpib/nemecz/Projects/miniTRK/Results/01_MRI/GroupTempl/T1w/T_template0sub-700822_T1wRepaired.nii.gz
  fixed image: /home/mpib/nemecz/Projects/miniTRK/Results/01_MRI/GroupTempl/T1w/T_template0.nii.gz
  moving image: /home/mpib/nemecz/Projects/miniTRK/Results/01_MRI/GroupTempl/T1w/T_template0sub-700822_T1wRepaired.nii.gz
  fixed image: /home/mpib/nemecz/Projects/miniTRK/Results/01_MRI/GroupTempl/T1w/T_template0.nii.gz
  moving image: /home/mpib/nemecz/Projects/miniTRK/Results/01_MRI/GroupTempl/T1w/T_template0sub-700822_T1wRepaired.nii.gz
Dimension = 3
Number of stages = 3
Use Histogram Matching true
Winsorize image intensities true
Lower quantile = 0.01
Upper quantile = 0.99
Stage 1 State
   Image metric = Mattes
     Fixed image = Image (0x556fb253bad0)
  RTTI typeinfo:   itk::Image<float, 3u>
  Reference Count: 2
  Modified Time: 1721
  Debug: Off
  Object Name: 
  Observers: 
    none
  Source: (none)
  Source output name: (none)
  Release Data: Off
  Data Released: False
  Global Release Data: Off
  PipelineMTime: 0
  UpdateMTime: 1506
  RealTimeStamp: 0 seconds 
  LargestPossibleRegion: 
    Dimension: 3
    Index: [0, 0, 0]
    Size: [192, 256, 256]
  BufferedRegion: 
    Dimension: 3
    Index: [0, 0, 0]
    Size: [192, 256, 256]
  RequestedRegion: 
    Dimension: 3
    Index: [0, 0, 0]
    Size: [192, 256, 256]
  Spacing: [1, 1, 1]
  Origin: [95.0313, 100.538, -154.123]
  Direction: 
-0.999853 -0.014134 -0.00966312
0.014129 -0.9999 0.000586045
-0.00967044 0.000449429 0.999953

  IndexToPointMatrix: 
-0.999853 -0.014134 -0.00966312
0.014129 -0.9999 0.000586045
-0.00967044 0.000449429 0.999953

  PointToIndexMatrix: 
-0.999853 0.014129 -0.00967044
-0.014134 -0.9999 0.000449429
-0.00966312 0.000586045 0.999953

  Inverse Direction: 
-0.999853 0.014129 -0.00967044
-0.014134 -0.9999 0.000449429
-0.00966312 0.000586045 0.999953

  PixelContainer: 
    ImportImageContainer (0x556fb2543c80)
      RTTI typeinfo:   itk::ImportImageContainer<unsigned long, float>
      Reference Count: 1
      Modified Time: 1503
      Debug: Off
      Object Name: 
      Observers: 
        none
      Pointer: 0x7ffa46016010
      Container manages memory: true
      Size: 12582912
      Capacity: 12582912

     Moving image = Image (0x556fb253cbc0)
  RTTI typeinfo:   itk::Image<float, 3u>
  Reference Count: 2
  Modified Time: 1722
  Debug: Off
  Object Name: 
  Observers: 
    none
  Source: (none)
  Source output name: (none)
  Release Data: Off
  Data Released: False
  Global Release Data: Off
  PipelineMTime: 0
  UpdateMTime: 1719
  RealTimeStamp: 0 seconds 
  LargestPossibleRegion: 
    Dimension: 3
    Index: [0, 0, 0]
    Size: [192, 256, 256]
  BufferedRegion: 
    Dimension: 3
    Index: [0, 0, 0]
    Size: [192, 256, 256]
  RequestedRegion: 
    Dimension: 3
    Index: [0, 0, 0]
    Size: [192, 256, 256]
  Spacing: [1, 1, 1]
  Origin: [83.8983, 97.5533, -159.033]
  Direction: 
-0.998535 0.0467792 0.0272117
-0.045518 -0.997938 0.0452542
0.0292725 0.0439493 0.998605

  IndexToPointMatrix: 
-0.998535 0.0467792 0.0272117
-0.045518 -0.997938 0.0452542
0.0292725 0.0439493 0.998605

  PointToIndexMatrix: 
-0.998535 -0.045518 0.0292725
0.0467792 -0.997938 0.0439493
0.0272117 0.0452542 0.998605

  Inverse Direction: 
-0.998535 -0.045518 0.0292725
0.0467792 -0.997938 0.0439493
0.0272117 0.0452542 0.998605

  PixelContainer: 
    ImportImageContainer (0x556fb2548100)
      RTTI typeinfo:   itk::ImportImageContainer<unsigned long, float>
      Reference Count: 1
      Modified Time: 1716
      Debug: Off
      Object Name: 
      Observers: 
        none
      Pointer: 0x7ffa43015010
      Container manages memory: true
      Size: 12582912
      Capacity: 12582912

     Weighting = 1
     Sampling strategy = regular
     Number of bins = 32
     Radius = 4
     Sampling percentage  = 0.25
   Transform = Rigid
     Gradient step = 0.1
     Update field sigma (voxel space) = 0
     Total field sigma (voxel space) = 0
     Update field time sigma = 0
     Total field time sigma  = 0
     Number of time indices = 0
     Number of time point samples = 0
Stage 2 State
   Image metric = Mattes
     Fixed image = Image (0x556fb2554870)
  RTTI typeinfo:   itk::Image<float, 3u>
  Reference Count: 2
  Modified Time: 2149
  Debug: Off
  Object Name: 
  Observers: 
    none
  Source: (none)
  Source output name: (none)
  Release Data: Off
  Data Released: False
  Global Release Data: Off
  PipelineMTime: 0
  UpdateMTime: 1934
  RealTimeStamp: 0 seconds 
  LargestPossibleRegion: 
    Dimension: 3
    Index: [0, 0, 0]
    Size: [192, 256, 256]
  BufferedRegion: 
    Dimension: 3
    Index: [0, 0, 0]
    Size: [192, 256, 256]
  RequestedRegion: 
    Dimension: 3
    Index: [0, 0, 0]
    Size: [192, 256, 256]
  Spacing: [1, 1, 1]
  Origin: [95.0313, 100.538, -154.123]
  Direction: 
-0.999853 -0.014134 -0.00966312
0.014129 -0.9999 0.000586045
-0.00967044 0.000449429 0.999953

  IndexToPointMatrix: 
-0.999853 -0.014134 -0.00966312
0.014129 -0.9999 0.000586045
-0.00967044 0.000449429 0.999953

  PointToIndexMatrix: 
-0.999853 0.014129 -0.00967044
-0.014134 -0.9999 0.000449429
-0.00966312 0.000586045 0.999953

  Inverse Direction: 
-0.999853 0.014129 -0.00967044
-0.014134 -0.9999 0.000449429
-0.00966312 0.000586045 0.999953

  PixelContainer: 
    ImportImageContainer (0x556fb253f6d0)
      RTTI typeinfo:   itk::ImportImageContainer<unsigned long, float>
      Reference Count: 1
      Modified Time: 1931
      Debug: Off
      Object Name: 
      Observers: 
        none
      Pointer: 0x7ffa40014010
      Container manages memory: true
      Size: 12582912
      Capacity: 12582912

     Moving image = Image (0x556fb25544c0)
  RTTI typeinfo:   itk::Image<float, 3u>
  Reference Count: 2
  Modified Time: 2150
  Debug: Off
  Object Name: 
  Observers: 
    none
  Source: (none)
  Source output name: (none)
  Release Data: Off
  Data Released: False
  Global Release Data: Off
  PipelineMTime: 0
  UpdateMTime: 2147
  RealTimeStamp: 0 seconds 
  LargestPossibleRegion: 
    Dimension: 3
    Index: [0, 0, 0]
    Size: [192, 256, 256]
  BufferedRegion: 
    Dimension: 3
    Index: [0, 0, 0]
    Size: [192, 256, 256]
  RequestedRegion: 
    Dimension: 3
    Index: [0, 0, 0]
    Size: [192, 256, 256]
  Spacing: [1, 1, 1]
  Origin: [83.8983, 97.5533, -159.033]
  Direction: 
-0.998535 0.0467792 0.0272117
-0.045518 -0.997938 0.0452542
0.0292725 0.0439493 0.998605

  IndexToPointMatrix: 
-0.998535 0.0467792 0.0272117
-0.045518 -0.997938 0.0452542
0.0292725 0.0439493 0.998605

  PointToIndexMatrix: 
-0.998535 -0.045518 0.0292725
0.0467792 -0.997938 0.0439493
0.0272117 0.0452542 0.998605

  Inverse Direction: 
-0.998535 -0.045518 0.0292725
0.0467792 -0.997938 0.0439493
0.0272117 0.0452542 0.998605

  PixelContainer: 
    ImportImageContainer (0x556fb25558c0)
      RTTI typeinfo:   itk::ImportImageContainer<unsigned long, float>
      Reference Count: 1
      Modified Time: 2144
      Debug: Off
      Object Name: 
      Observers: 
        none
      Pointer: 0x7ffa3d013010
      Container manages memory: true
      Size: 12582912
      Capacity: 12582912

     Weighting = 1
     Sampling strategy = regular
     Number of bins = 32
     Radius = 4
     Sampling percentage  = 0.25
   Transform = Affine
     Gradient step = 0.1
     Update field sigma (voxel space) = 0
     Total field sigma (voxel space) = 0
     Update field time sigma = 0
     Total field time sigma  = 0
     Number of time indices = 0
     Number of time point samples = 0
Stage 3 State
   Image metric = CC
     Fixed image = Image (0x556fb255b960)
  RTTI typeinfo:   itk::Image<float, 3u>
  Reference Count: 2
  Modified Time: 2577
  Debug: Off
  Object Name: 
  Observers: 
    none
  Source: (none)
  Source output name: (none)
  Release Data: Off
  Data Released: False
  Global Release Data: Off
  PipelineMTime: 0
  UpdateMTime: 2362
  RealTimeStamp: 0 seconds 
  LargestPossibleRegion: 
    Dimension: 3
    Index: [0, 0, 0]
    Size: [192, 256, 256]
  BufferedRegion: 
    Dimension: 3
    Index: [0, 0, 0]
    Size: [192, 256, 256]
  RequestedRegion: 
    Dimension: 3
    Index: [0, 0, 0]
    Size: [192, 256, 256]
  Spacing: [1, 1, 1]
  Origin: [95.0313, 100.538, -154.123]
  Direction: 
-0.999853 -0.014134 -0.00966312
0.014129 -0.9999 0.000586045
-0.00967044 0.000449429 0.999953

  IndexToPointMatrix: 
-0.999853 -0.014134 -0.00966312
0.014129 -0.9999 0.000586045
-0.00967044 0.000449429 0.999953

  PointToIndexMatrix: 
-0.999853 0.014129 -0.00967044
-0.014134 -0.9999 0.000449429
-0.00966312 0.000586045 0.999953

  Inverse Direction: 
-0.999853 0.014129 -0.00967044
-0.014134 -0.9999 0.000449429
-0.00966312 0.000586045 0.999953

  PixelContainer: 
    ImportImageContainer (0x556fb253c660)
      RTTI typeinfo:   itk::ImportImageContainer<unsigned long, float>
      Reference Count: 1
      Modified Time: 2359
      Debug: Off
      Object Name: 
      Observers: 
        none
      Pointer: 0x7ffa3a012010
      Container manages memory: true
      Size: 12582912
      Capacity: 12582912

     Moving image = Image (0x556fb255d840)
  RTTI typeinfo:   itk::Image<float, 3u>
  Reference Count: 2
  Modified Time: 2578
  Debug: Off
  Object Name: 
  Observers: 
    none
  Source: (none)
  Source output name: (none)
  Release Data: Off
  Data Released: False
  Global Release Data: Off
  PipelineMTime: 0
  UpdateMTime: 2575
  RealTimeStamp: 0 seconds 
  LargestPossibleRegion: 
    Dimension: 3
    Index: [0, 0, 0]
    Size: [192, 256, 256]
  BufferedRegion: 
    Dimension: 3
    Index: [0, 0, 0]
    Size: [192, 256, 256]
  RequestedRegion: 
    Dimension: 3
    Index: [0, 0, 0]
    Size: [192, 256, 256]
  Spacing: [1, 1, 1]
  Origin: [83.8983, 97.5533, -159.033]
  Direction: 
-0.998535 0.0467792 0.0272117
-0.045518 -0.997938 0.0452542
0.0292725 0.0439493 0.998605

  IndexToPointMatrix: 
-0.998535 0.0467792 0.0272117
-0.045518 -0.997938 0.0452542
0.0292725 0.0439493 0.998605

  PointToIndexMatrix: 
-0.998535 -0.045518 0.0292725
0.0467792 -0.997938 0.0439493
0.0272117 0.0452542 0.998605

  Inverse Direction: 
-0.998535 -0.045518 0.0292725
0.0467792 -0.997938 0.0439493
0.0272117 0.0452542 0.998605

  PixelContainer: 
    ImportImageContainer (0x556fb255a660)
      RTTI typeinfo:   itk::ImportImageContainer<unsigned long, float>
      Reference Count: 1
      Modified Time: 2572
      Debug: Off
      Object Name: 
      Observers: 
        none
      Pointer: 0x7ffa37011010
      Container manages memory: true
      Size: 12582912
      Capacity: 12582912

     Weighting = 1
     Sampling strategy = none
     Number of bins = 32
     Radius = 4
     Sampling percentage  = 1
   Transform = SyN
     Gradient step = 0.1
     Update field sigma (voxel space) = 3
     Total field sigma (voxel space) = 0
     Update field time sigma = 0
     Total field time sigma  = 0
     Number of time indices = 0
     Number of time point samples = 0
Registration using 3 total stages.

Stage 0
  iterations = 1000x500x250x0
  convergence threshold = 1e-06
  convergence window size = 10
  number of levels = 4
  using the Mattes MI metric (number of bins = 32, weight = 1)
  preprocessing:  winsorizing the image intensities
  preprocessing:  histogram matching the images
  Shrink factors (level 1 out of 4): [6, 6, 6]
  Shrink factors (level 2 out of 4): [4, 4, 4]
  Shrink factors (level 3 out of 4): [2, 2, 2]
  Shrink factors (level 4 out of 4): [1, 1, 1]
  smoothing sigmas per level: [4, 2, 1, 0]
  regular sampling (percentage = 0.25)

*** Running Euler3DTransform registration ***

DIAGNOSTIC,Iteration,metricValue,convergenceValue,ITERATION_TIME_INDEX,SINCE_LAST
 2DIAGNOSTIC,     1, -7.809846997261e-01, inf, 6.9170e-01, 6.9170e-01, 
 2DIAGNOSTIC,     2, -7.829380631447e-01, inf, 6.9998e-01, 8.2800e-03, 
 2DIAGNOSTIC,     3, -7.857801914215e-01, inf, 7.0792e-01, 7.9429e-03, 
 2DIAGNOSTIC,     4, -7.904348969460e-01, inf, 7.1581e-01, 7.8900e-03, 
 2DIAGNOSTIC,     5, -7.968707084656e-01, inf, 7.2365e-01, 7.8430e-03, 
 2DIAGNOSTIC,     6, -8.043988943100e-01, inf, 7.3195e-01, 8.2998e-03, 
 2DIAGNOSTIC,     7, -8.144920468330e-01, inf, 7.3971e-01, 7.7519e-03, 
 2DIAGNOSTIC,     8, -8.275694847107e-01, inf, 7.4759e-01, 7.8812e-03, 
 2DIAGNOSTIC,     9, -8.575696349144e-01, inf, 7.5653e-01, 8.9469e-03, 
 2DIAGNOSTIC,    10, -8.680796623230e-01, 6.806269288063e-03, 7.6919e-01, 1.2657e-02, 
 2DIAGNOSTIC,    11, -8.818165659904e-01, 7.397053297609e-03, 7.7823e-01, 9.0389e-03, 
 2DIAGNOSTIC,    12, -8.872105479240e-01, 7.432668004185e-03, 7.8772e-01, 9.4881e-03, 
 2DIAGNOSTIC,    13, -9.111628532410e-01, 7.483039051294e-03, 7.9635e-01, 8.6291e-03, 
 2DIAGNOSTIC,    14, -9.563733935356e-01, 8.008760400116e-03, 8.0905e-01, 1.2704e-02, 
 2DIAGNOSTIC,    15, -9.773904085159e-01, 8.306153118610e-03, 8.1793e-01, 8.8758e-03, 
 2DIAGNOSTIC,    16, -9.926297068596e-01, 8.278198540211e-03, 8.2685e-01, 8.9262e-03, 
 2DIAGNOSTIC,    17, -9.961718320847e-01, 7.770001422614e-03, 8.3580e-01, 8.9419e-03, 
 2DIAGNOSTIC,    18, -9.974536895752e-01, 6.861584726721e-03, 8.4372e-01, 7.9219e-03, 
 2DIAGNOSTIC,    19, -9.987911581993e-01, 5.951020866632e-03, 8.5275e-01, 9.0351e-03, 
 2DIAGNOSTIC,    20, -1.000534534454e+00, 4.782507196069e-03, 8.6155e-01, 8.8022e-03, 
 2DIAGNOSTIC,    21, -1.001639127731e+00, 3.529339563102e-03, 8.7053e-01, 8.9710e-03, 
 2DIAGNOSTIC,    22, -1.001835227013e+00, 2.157884882763e-03, 8.7927e-01, 8.7481e-03, 
 2DIAGNOSTIC,    23, -1.001876831055e+00, 1.036631874740e-03, 8.8701e-01, 7.7331e-03, 
 2DIAGNOSTIC,    24, -1.001840472221e+00, 5.085666198283e-04, 8.9490e-01, 7.8888e-03, 
 2DIAGNOSTIC,    25, -1.001934409142e+00, 2.386744163232e-04, 9.0621e-01, 1.1319e-02, 
 2DIAGNOSTIC,    26, -1.001945853233e+00, 1.509789435659e-04, 9.1534e-01, 9.1209e-03, 
 2DIAGNOSTIC,    27, -1.001920938492e+00, 9.678841161076e-05, 9.2424e-01, 8.9078e-03, 
 2DIAGNOSTIC,    28, -1.001891136169e+00, 5.169485666556e-05, 9.3195e-01, 7.7062e-03, 
 2DIAGNOSTIC,    29, -1.001908898354e+00, 1.929693098646e-05, 9.3981e-01, 7.8571e-03, 
 2DIAGNOSTIC,    30, -1.001891613007e+00, 4.904361503577e-06, 9.4783e-01, 8.0190e-03, 
 2DIAGNOSTIC,    31, -1.001877069473e+00, 1.885911160571e-06, 9.5673e-01, 8.9049e-03, 
DIAGNOSTIC,Iteration,metricValue,convergenceValue,ITERATION_TIME_INDEX,SINCE_LAST
 2DIAGNOSTIC,     1, -8.112275004387e-01, inf, 1.6540e+00, 6.9731e-01, 
 2DIAGNOSTIC,     2, -8.117226958275e-01, inf, 1.6869e+00, 3.2831e-02, 
 2DIAGNOSTIC,     3, -8.122429251671e-01, inf, 1.7200e+00, 3.3082e-02, 
 2DIAGNOSTIC,     4, -8.135241270065e-01, inf, 1.7525e+00, 3.2511e-02, 
 2DIAGNOSTIC,     5, -8.145556449890e-01, inf, 1.7890e+00, 3.6530e-02, 
 2DIAGNOSTIC,     6, -8.172578811646e-01, inf, 1.8301e+00, 4.1097e-02, 
 2DIAGNOSTIC,     7, -8.177807927132e-01, inf, 1.8806e+00, 5.0517e-02, 
 2DIAGNOSTIC,     8, -8.177734613419e-01, inf, 1.9174e+00, 3.6818e-02, 
 2DIAGNOSTIC,     9, -8.178278207779e-01, inf, 1.9494e+00, 3.2010e-02, 
 2DIAGNOSTIC,    10, -8.178678750992e-01, 6.408846238628e-04, 1.9865e+00, 3.7098e-02, 
 2DIAGNOSTIC,    11, -8.178682327271e-01, 4.994019982405e-04, 2.0289e+00, 4.2337e-02, 
 2DIAGNOSTIC,    12, -8.178465962410e-01, 3.508024965413e-04, 2.0662e+00, 3.7328e-02, 
 2DIAGNOSTIC,    13, -8.178422451019e-01, 2.080283156829e-04, 2.1034e+00, 3.7199e-02, 
 2DIAGNOSTIC,    14, -8.178359270096e-01, 9.900631266646e-05, 2.1447e+00, 4.1275e-02, 
 2DIAGNOSTIC,    15, -8.178283572197e-01, 1.781513856258e-05, 2.1766e+00, 3.1877e-02, 
 2DIAGNOSTIC,    16, -8.178207278252e-01, 3.690694029501e-06, 2.2178e+00, 4.1265e-02, 
 2DIAGNOSTIC,    17, -8.178219795227e-01, 1.849632553785e-06, 2.2541e+00, 3.6291e-02, 
DIAGNOSTIC,Iteration,metricValue,convergenceValue,ITERATION_TIME_INDEX,SINCE_LAST
 2DIAGNOSTIC,     1, -7.123173475266e-01, inf, 3.2229e+00, 9.6879e-01, 
 2DIAGNOSTIC,     2, -7.127767801285e-01, inf, 3.4554e+00, 2.3247e-01, 
 2DIAGNOSTIC,     3, -7.128015756607e-01, inf, 3.6612e+00, 2.0588e-01, 
 2DIAGNOSTIC,     4, -7.128117084503e-01, inf, 3.8673e+00, 2.0606e-01, 
 2DIAGNOSTIC,     5, -7.128269076347e-01, inf, 4.1260e+00, 2.5865e-01, 
 2DIAGNOSTIC,     6, -7.128301262856e-01, inf, 4.3309e+00, 2.0498e-01, 
 2DIAGNOSTIC,     7, -7.128394842148e-01, inf, 4.5660e+00, 2.3502e-01, 
 2DIAGNOSTIC,     8, -7.128322124481e-01, inf, 4.8006e+00, 2.3459e-01, 
 2DIAGNOSTIC,     9, -7.128491997719e-01, inf, 5.2963e+00, 4.9571e-01, 
 2DIAGNOSTIC,    10, -7.128494381905e-01, 2.831616802723e-05, 5.6296e+00, 3.3334e-01, 
 2DIAGNOSTIC,    11, -7.128492593765e-01, 8.135069037962e-06, 5.9523e+00, 3.2270e-01, 
 2DIAGNOSTIC,    12, -7.128491997719e-01, 6.104966359999e-06, 6.2046e+00, 2.5228e-01, 
 2DIAGNOSTIC,    13, -7.128490209579e-01, 4.829531917494e-06, 6.4232e+00, 2.1862e-01, 
 2DIAGNOSTIC,    14, -7.128493189812e-01, 3.802673973041e-06, 6.6705e+00, 2.4729e-01, 
 2DIAGNOSTIC,    15, -7.128486037254e-01, 3.153331590511e-06, 6.9248e+00, 2.5427e-01, 
 2DIAGNOSTIC,    16, -7.128485441208e-01, 2.567819137766e-06, 7.1799e+00, 2.5514e-01, 
 2DIAGNOSTIC,    17, -7.128487825394e-01, 2.232707856820e-06, 7.4535e+00, 2.7358e-01, 
 2DIAGNOSTIC,    18, -7.128488421440e-01, 1.730516032694e-06, 7.6919e+00, 2.3845e-01, 
 2DIAGNOSTIC,    19, -7.128486037254e-01, 1.635839794289e-06, 7.9253e+00, 2.3340e-01, 
 2DIAGNOSTIC,    20, -7.128485441208e-01, 1.558250460221e-06, 8.1693e+00, 2.4401e-01, 
 2DIAGNOSTIC,    21, -7.128487825394e-01, 1.492327214692e-06, 8.4129e+00, 2.4354e-01, 
 2DIAGNOSTIC,    22, -7.128489017487e-01, 1.435245735593e-06, 8.6565e+00, 2.4367e-01, 
 2DIAGNOSTIC,    23, -7.128488421440e-01, 1.379640821142e-06, 8.8990e+00, 2.4248e-01, 
 2DIAGNOSTIC,    24, -7.128487825394e-01, 1.333532281933e-06, 9.1396e+00, 2.4055e-01, 
 2DIAGNOSTIC,    25, -7.128488421440e-01, 1.280050355490e-06, 9.4120e+00, 2.7241e-01, 
 2DIAGNOSTIC,    26, -7.128488421440e-01, 1.228783048646e-06, 9.6559e+00, 2.4396e-01, 
 2DIAGNOSTIC,    27, -7.128488421440e-01, 1.184212123917e-06, 9.9562e+00, 3.0024e-01, 
 2DIAGNOSTIC,    28, -7.128489613533e-01, 1.144970610767e-06, 1.0199e+01, 2.4297e-01, 
 2DIAGNOSTIC,    29, -7.128489017487e-01, 1.103558247451e-06, 1.0442e+01, 2.4244e-01, 
 2DIAGNOSTIC,    30, -7.128487229347e-01, 1.061058469531e-06, 1.0685e+01, 2.4360e-01, 
 2DIAGNOSTIC,    31, -7.128486633301e-01, 1.023548179546e-06, 1.0929e+01, 2.4363e-01, 
DIAGNOSTIC,Iteration,metricValue,convergenceValue,ITERATION_TIME_INDEX,SINCE_LAST
 2DIAGNOSTIC,     1, -6.462587118149e-01, inf, 1.3507e+01, 2.5782e+00, 
  Elapsed time (stage 0): 1.4599e+01


Stage 1
  iterations = 1000x500x250x0
  convergence threshold = 1.0000e-06
  convergence window size = 10
  number of levels = 4
  using the Mattes MI metric (number of bins = 32, weight = 1.0000e+00)
  preprocessing:  winsorizing the image intensities
  preprocessing:  histogram matching the images
  Shrink factors (level 1 out of 4): [6, 6, 6]
  Shrink factors (level 2 out of 4): [4, 4, 4]
  Shrink factors (level 3 out of 4): [2, 2, 2]
  Shrink factors (level 4 out of 4): [1, 1, 1]
  smoothing sigmas per level: [4, 2, 1, 0]
  regular sampling (percentage = 2.5000e-01)

*** Running AffineTransform registration ***

DIAGNOSTIC,Iteration,metricValue,convergenceValue,ITERATION_TIME_INDEX,SINCE_LAST
 2DIAGNOSTIC,     1, -1.001685142517e+00, inf, 6.3995e-01, 6.3995e-01, 
 2DIAGNOSTIC,     2, -1.004460930824e+00, inf, 6.4952e-01, 9.5620e-03, 
 2DIAGNOSTIC,     3, -1.008644580841e+00, inf, 6.5872e-01, 9.2080e-03, 
 2DIAGNOSTIC,     4, -1.014287590981e+00, inf, 6.6825e-01, 9.5239e-03, 
 2DIAGNOSTIC,     5, -1.021496415138e+00, inf, 6.7758e-01, 9.3341e-03, 
 2DIAGNOSTIC,     6, -1.031500697136e+00, inf, 6.8662e-01, 9.0330e-03, 
 2DIAGNOSTIC,     7, -1.034503936768e+00, inf, 6.9849e-01, 1.1877e-02, 
 2DIAGNOSTIC,     8, -1.035500526428e+00, inf, 7.0807e-01, 9.5820e-03, 
 2DIAGNOSTIC,     9, -1.035938978195e+00, inf, 7.1929e-01, 1.1215e-02, 
 2DIAGNOSTIC,    10, -1.036221623421e+00, 2.560098422691e-03, 7.2850e-01, 9.2111e-03, 
 2DIAGNOSTIC,    11, -1.036412596703e+00, 1.978599699214e-03, 7.4183e-01, 1.3333e-02, 
 2DIAGNOSTIC,    12, -1.036449432373e+00, 1.382665475830e-03, 7.5232e-01, 1.0489e-02, 
