
Running N4 for 3-dimensional images.

Mask not read.  Using the entire image as the mask.

Original intensity range:  [0, 792]

***********************************************************
Warning:  Your input image contains nonpositive values
which could cause failure or problematic results.  A
possible workaround would be to:
   1. rescale your image to positive values e.g., [10,100].
   2. run N4 on your rescaled image.
   3. (optional) rescale the N4 output to the original
      intensity range.
***********************************************************

Specified spline distance: 200mm
  original image size:  [192, 256, 256]
  padded image size:  [201, 401, 401]
  number of control points:  [4, 5, 5]

Current level = 1
  Iteration 1 (of 50).   Current convergence value = 0.000288713 (threshold = 1e-08)
  Iteration 2 (of 50).   Current convergence value = 0.000232093 (threshold = 1e-08)
  Iteration 3 (of 50).   Current convergence value = 0.000169015 (threshold = 1e-08)
  Iteration 4 (of 50).   Current convergence value = 0.000120195 (threshold = 1e-08)
  Iteration 5 (of 50).   Current convergence value = 8.7152e-05 (threshold = 1e-08)
  Iteration 6 (of 50).   Current convergence value = 6.62174e-05 (threshold = 1e-08)
  Iteration 7 (of 50).   Current convergence value = 5.34298e-05 (threshold = 1e-08)
  Iteration 8 (of 50).   Current convergence value = 4.62621e-05 (threshold = 1e-08)
  Iteration 9 (of 50).   Current convergence value = 4.24968e-05 (threshold = 1e-08)
  Iteration 10 (of 50).   Current convergence value = 4.03493e-05 (threshold = 1e-08)
  Iteration 11 (of 50).   Current convergence value = 3.89515e-05 (threshold = 1e-08)
  Iteration 12 (of 50).   Current convergence value = 3.7521e-05 (threshold = 1e-08)
  Iteration 13 (of 50).   Current convergence value = 3.60146e-05 (threshold = 1e-08)
  Iteration 14 (of 50).   Current convergence value = 3.44335e-05 (threshold = 1e-08)
  Iteration 15 (of 50).   Current convergence value = 3.27228e-05 (threshold = 1e-08)
  Iteration 16 (of 50).   Current convergence value = 3.09665e-05 (threshold = 1e-08)
  Iteration 17 (of 50).   Current convergence value = 2.94777e-05 (threshold = 1e-08)
  Iteration 18 (of 50).   Current convergence value = 2.80926e-05 (threshold = 1e-08)
  Iteration 19 (of 50).   Current convergence value = 2.68317e-05 (threshold = 1e-08)
  Iteration 20 (of 50).   Current convergence value = 2.56932e-05 (threshold = 1e-08)
  Iteration 21 (of 50).   Current convergence value = 2.46914e-05 (threshold = 1e-08)
  Iteration 22 (of 50).   Current convergence value = 2.38311e-05 (threshold = 1e-08)
  Iteration 23 (of 50).   Current convergence value = 2.31034e-05 (threshold = 1e-08)
  Iteration 24 (of 50).   Current convergence value = 2.24385e-05 (threshold = 1e-08)
  Iteration 25 (of 50).   Current convergence value = 2.18784e-05 (threshold = 1e-08)
  Iteration 26 (of 50).   Current convergence value = 2.14013e-05 (threshold = 1e-08)
  Iteration 27 (of 50).   Current convergence value = 2.10439e-05 (threshold = 1e-08)
  Iteration 28 (of 50).   Current convergence value = 2.07722e-05 (threshold = 1e-08)
  Iteration 29 (of 50).   Current convergence value = 2.06273e-05 (threshold = 1e-08)
  Iteration 30 (of 50).   Current convergence value = 2.05771e-05 (threshold = 1e-08)
  Iteration 31 (of 50).   Current convergence value = 2.05936e-05 (threshold = 1e-08)
  Iteration 32 (of 50).   Current convergence value = 2.0719e-05 (threshold = 1e-08)
  Iteration 33 (of 50).   Current convergence value = 2.08348e-05 (threshold = 1e-08)
  Iteration 34 (of 50).   Current convergence value = 2.10387e-05 (threshold = 1e-08)
  Iteration 35 (of 50).   Current convergence value = 2.11737e-05 (threshold = 1e-08)
  Iteration 36 (of 50).   Current convergence value = 2.13557e-05 (threshold = 1e-08)
  Iteration 37 (of 50).   Current convergence value = 2.1535e-05 (threshold = 1e-08)
  Iteration 38 (of 50).   Current convergence value = 2.17335e-05 (threshold = 1e-08)
  Iteration 39 (of 50).   Current convergence value = 2.18712e-05 (threshold = 1e-08)
  Iteration 40 (of 50).   Current convergence value = 2.20532e-05 (threshold = 1e-08)
  Iteration 41 (of 50).   Current convergence value = 2.22381e-05 (threshold = 1e-08)
  Iteration 42 (of 50).   Current convergence value = 2.25146e-05 (threshold = 1e-08)
  Iteration 43 (of 50).   Current convergence value = 2.27184e-05 (threshold = 1e-08)
  Iteration 44 (of 50).   Current convergence value = 2.30161e-05 (threshold = 1e-08)
  Iteration 45 (of 50).   Current convergence value = 2.32672e-05 (threshold = 1e-08)
  Iteration 46 (of 50).   Current convergence value = 2.35378e-05 (threshold = 1e-08)
  Iteration 47 (of 50).   Current convergence value = 2.3731e-05 (threshold = 1e-08)
  Iteration 48 (of 50).   Current convergence value = 2.40951e-05 (threshold = 1e-08)
  Iteration 49 (of 50).   Current convergence value = 2.43089e-05 (threshold = 1e-08)
  Iteration 50 (of 50).   Current convergence value = 2.47095e-05 (threshold = 1e-08)
Current level = 2
  Iteration 1 (of 50).   Current convergence value = 0.000303844 (threshold = 1e-08)
  Iteration 2 (of 50).   Current convergence value = 0.00028593 (threshold = 1e-08)
  Iteration 3 (of 50).   Current convergence value = 0.000276338 (threshold = 1e-08)
  Iteration 4 (of 50).   Current convergence value = 0.000268712 (threshold = 1e-08)
  Iteration 5 (of 50).   Current convergence value = 0.000260877 (threshold = 1e-08)
  Iteration 6 (of 50).   Current convergence value = 0.000252822 (threshold = 1e-08)
  Iteration 7 (of 50).   Current convergence value = 0.000244457 (threshold = 1e-08)
  Iteration 8 (of 50).   Current convergence value = 0.000236725 (threshold = 1e-08)
  Iteration 9 (of 50).   Current convergence value = 0.000229845 (threshold = 1e-08)
  Iteration 10 (of 50).   Current convergence value = 0.000223435 (threshold = 1e-08)
  Iteration 11 (of 50).   Current convergence value = 0.000217414 (threshold = 1e-08)
  Iteration 12 (of 50).   Current convergence value = 0.000211722 (threshold = 1e-08)
  Iteration 13 (of 50).   Current convergence value = 0.000206642 (threshold = 1e-08)
  Iteration 14 (of 50).   Current convergence value = 0.000201679 (threshold = 1e-08)
  Iteration 15 (of 50).   Current convergence value = 0.000194942 (threshold = 1e-08)
  Iteration 16 (of 50).   Current convergence value = 0.000189533 (threshold = 1e-08)
  Iteration 17 (of 50).   Current convergence value = 0.000185786 (threshold = 1e-08)
  Iteration 18 (of 50).   Current convergence value = 0.000182938 (threshold = 1e-08)
  Iteration 19 (of 50).   Current convergence value = 0.000180514 (threshold = 1e-08)
  Iteration 20 (of 50).   Current convergence value = 0.000177021 (threshold = 1e-08)
  Iteration 21 (of 50).   Current convergence value = 0.000171475 (threshold = 1e-08)
  Iteration 22 (of 50).   Current convergence value = 0.000166681 (threshold = 1e-08)
  Iteration 23 (of 50).   Current convergence value = 0.000162255 (threshold = 1e-08)
  Iteration 24 (of 50).   Current convergence value = 0.000158329 (threshold = 1e-08)
  Iteration 25 (of 50).   Current convergence value = 0.000154814 (threshold = 1e-08)
  Iteration 26 (of 50).   Current convergence value = 0.000151556 (threshold = 1e-08)
  Iteration 27 (of 50).   Current convergence value = 0.000148541 (threshold = 1e-08)
  Iteration 28 (of 50).   Current convergence value = 0.00014574 (threshold = 1e-08)
  Iteration 29 (of 50).   Current convergence value = 0.000143166 (threshold = 1e-08)
  Iteration 30 (of 50).   Current convergence value = 0.000140796 (threshold = 1e-08)
  Iteration 31 (of 50).   Current convergence value = 0.000138563 (threshold = 1e-08)
  Iteration 32 (of 50).   Current convergence value = 0.000136419 (threshold = 1e-08)
  Iteration 33 (of 50).   Current convergence value = 0.000134401 (threshold = 1e-08)
  Iteration 34 (of 50).   Current convergence value = 0.000132283 (threshold = 1e-08)
  Iteration 35 (of 50).   Current convergence value = 0.000130293 (threshold = 1e-08)
  Iteration 36 (of 50).   Current convergence value = 0.000128378 (threshold = 1e-08)
  Iteration 37 (of 50).   Current convergence value = 0.000126691 (threshold = 1e-08)
  Iteration 38 (of 50).   Current convergence value = 0.000125082 (threshold = 1e-08)
  Iteration 39 (of 50).   Current convergence value = 0.000123517 (threshold = 1e-08)
  Iteration 40 (of 50).   Current convergence value = 0.000121973 (threshold = 1e-08)
  Iteration 41 (of 50).   Current convergence value = 0.000120476 (threshold = 1e-08)
  Iteration 42 (of 50).   Current convergence value = 0.00011901 (threshold = 1e-08)
  Iteration 43 (of 50).   Current convergence value = 0.000117444 (threshold = 1e-08)
  Iteration 44 (of 50).   Current convergence value = 0.000115919 (threshold = 1e-08)
  Iteration 45 (of 50).   Current convergence value = 0.000114512 (threshold = 1e-08)
  Iteration 46 (of 50).   Current convergence value = 0.000113189 (threshold = 1e-08)
  Iteration 47 (of 50).   Current convergence value = 0.000111935 (threshold = 1e-08)
  Iteration 48 (of 50).   Current convergence value = 0.000110669 (threshold = 1e-08)
  Iteration 49 (of 50).   Current convergence value = 0.000109339 (threshold = 1e-08)
  Iteration 50 (of 50).   Current convergence value = 0.000108098 (threshold = 1e-08)
Current level = 3
  Iteration 1 (of 40).   Current convergence value = 0.00156049 (threshold = 1e-08)
  Iteration 2 (of 40).   Current convergence value = 0.00145135 (threshold = 1e-08)
  Iteration 3 (of 40).   Current convergence value = 0.00141101 (threshold = 1e-08)
  Iteration 4 (of 40).   Current convergence value = 0.00137531 (threshold = 1e-08)
  Iteration 5 (of 40).   Current convergence value = 0.00129987 (threshold = 1e-08)
  Iteration 6 (of 40).   Current convergence value = 0.00123119 (threshold = 1e-08)
  Iteration 7 (of 40).   Current convergence value = 0.00117193 (threshold = 1e-08)
  Iteration 8 (of 40).   Current convergence value = 0.0011245 (threshold = 1e-08)
  Iteration 9 (of 40).   Current convergence value = 0.00108652 (threshold = 1e-08)
  Iteration 10 (of 40).   Current convergence value = 0.00105805 (threshold = 1e-08)
  Iteration 11 (of 40).   Current convergence value = 0.00103689 (threshold = 1e-08)
  Iteration 12 (of 40).   Current convergence value = 0.00102366 (threshold = 1e-08)
  Iteration 13 (of 40).   Current convergence value = 0.00101734 (threshold = 1e-08)
  Iteration 14 (of 40).   Current convergence value = 0.00101679 (threshold = 1e-08)
  Iteration 15 (of 40).   Current convergence value = 0.0010205 (threshold = 1e-08)
  Iteration 16 (of 40).   Current convergence value = 0.000989378 (threshold = 1e-08)
  Iteration 17 (of 40).   Current convergence value = 0.000930045 (threshold = 1e-08)
  Iteration 18 (of 40).   Current convergence value = 0.000884456 (threshold = 1e-08)
  Iteration 19 (of 40).   Current convergence value = 0.00084801 (threshold = 1e-08)
  Iteration 20 (of 40).   Current convergence value = 0.000818205 (threshold = 1e-08)
  Iteration 21 (of 40).   Current convergence value = 0.000793772 (threshold = 1e-08)
  Iteration 22 (of 40).   Current convergence value = 0.000762039 (threshold = 1e-08)
  Iteration 23 (of 40).   Current convergence value = 0.000731972 (threshold = 1e-08)
  Iteration 24 (of 40).   Current convergence value = 0.000708612 (threshold = 1e-08)
  Iteration 25 (of 40).   Current convergence value = 0.000690188 (threshold = 1e-08)
  Iteration 26 (of 40).   Current convergence value = 0.000676269 (threshold = 1e-08)
  Iteration 27 (of 40).   Current convergence value = 0.000666166 (threshold = 1e-08)
  Iteration 28 (of 40).   Current convergence value = 0.000659141 (threshold = 1e-08)
  Iteration 29 (of 40).   Current convergence value = 0.000655117 (threshold = 1e-08)
  Iteration 30 (of 40).   Current convergence value = 0.000653442 (threshold = 1e-08)
  Iteration 31 (of 40).   Current convergence value = 0.000653937 (threshold = 1e-08)
  Iteration 32 (of 40).   Current convergence value = 0.000656319 (threshold = 1e-08)
  Iteration 33 (of 40).   Current convergence value = 0.000660395 (threshold = 1e-08)
  Iteration 34 (of 40).   Current convergence value = 0.000666031 (threshold = 1e-08)
  Iteration 35 (of 40).   Current convergence value = 0.00067325 (threshold = 1e-08)
  Iteration 36 (of 40).   Current convergence value = 0.000681778 (threshold = 1e-08)
  Iteration 37 (of 40).   Current convergence value = 0.000691029 (threshold = 1e-08)
  Iteration 38 (of 40).   Current convergence value = 0.000664737 (threshold = 1e-08)
  Iteration 39 (of 40).   Current convergence value = 0.000630293 (threshold = 1e-08)
  Iteration 40 (of 40).   Current convergence value = 0.000602291 (threshold = 1e-08)
Current level = 4
  Iteration 1 (of 30).   Current convergence value = 0.00210214 (threshold = 1e-08)
  Iteration 2 (of 30).   Current convergence value = 0.00169233 (threshold = 1e-08)
  Iteration 3 (of 30).   Current convergence value = 0.00150967 (threshold = 1e-08)
  Iteration 4 (of 30).   Current convergence value = 0.00136019 (threshold = 1e-08)
  Iteration 5 (of 30).   Current convergence value = 0.0012258 (threshold = 1e-08)
  Iteration 6 (of 30).   Current convergence value = 0.00111453 (threshold = 1e-08)
  Iteration 7 (of 30).   Current convergence value = 0.00101732 (threshold = 1e-08)
  Iteration 8 (of 30).   Current convergence value = 0.00093178 (threshold = 1e-08)
  Iteration 9 (of 30).   Current convergence value = 0.000855742 (threshold = 1e-08)
  Iteration 10 (of 30).   Current convergence value = 0.000788668 (threshold = 1e-08)
  Iteration 11 (of 30).   Current convergence value = 0.000728142 (threshold = 1e-08)
  Iteration 12 (of 30).   Current convergence value = 0.000675135 (threshold = 1e-08)
  Iteration 13 (of 30).   Current convergence value = 0.000629442 (threshold = 1e-08)
  Iteration 14 (of 30).   Current convergence value = 0.000589931 (threshold = 1e-08)
  Iteration 15 (of 30).   Current convergence value = 0.000556422 (threshold = 1e-08)
  Iteration 16 (of 30).   Current convergence value = 0.000527276 (threshold = 1e-08)
  Iteration 17 (of 30).   Current convergence value = 0.00050271 (threshold = 1e-08)
  Iteration 18 (of 30).   Current convergence value = 0.000482564 (threshold = 1e-08)
  Iteration 19 (of 30).   Current convergence value = 0.000466562 (threshold = 1e-08)
  Iteration 20 (of 30).   Current convergence value = 0.000454671 (threshold = 1e-08)
  Iteration 21 (of 30).   Current convergence value = 0.000453042 (threshold = 1e-08)
  Iteration 22 (of 30).   Current convergence value = 0.000468378 (threshold = 1e-08)
  Iteration 23 (of 30).   Current convergence value = 0.000442649 (threshold = 1e-08)
  Iteration 24 (of 30).   Current convergence value = 0.000404724 (threshold = 1e-08)
  Iteration 25 (of 30).   Current convergence value = 0.000375229 (threshold = 1e-08)
  Iteration 26 (of 30).   Current convergence value = 0.000351315 (threshold = 1e-08)
  Iteration 27 (of 30).   Current convergence value = 0.000332047 (threshold = 1e-08)
  Iteration 28 (of 30).   Current convergence value = 0.000316086 (threshold = 1e-08)
  Iteration 29 (of 30).   Current convergence value = 0.000302771 (threshold = 1e-08)
  Iteration 30 (of 30).   Current convergence value = 0.000291481 (threshold = 1e-08)
   N4BiasFieldCorrectionImageFilter (0x55f6b2bb5e20)
     RTTI typeinfo:   itk::N4BiasFieldCorrectionImageFilter<itk::Image<float, 3u>, itk::Image<float, 3u>, itk::Image<float, 3u> >
     Reference Count: 1
     Modified Time: 565
     Debug: Off
     Object Name: 
     Observers: 
       IterationEvent(Command)
     Inputs: 
       ConfidenceImage: (0)
       MaskImage: (0x55f6b2be05e0)
       Primary: (0x55f6b2bdbae0) *
     Indexed Inputs: 
       0: Primary (0x55f6b2bdbae0)
       1: MaskImage (0x55f6b2be05e0)
       2: ConfidenceImage (0)
     Required Input Names: Primary
     NumberOfRequiredInputs: 1
     Outputs: 
       Primary: (0x55f6b2bc5ef0)
     Indexed Outputs: 
       0: Primary (0x55f6b2bc5ef0)
     NumberOfRequiredOutputs: 1
     Number Of Work Units: 32
     ReleaseDataFlag: Off
     ReleaseDataBeforeUpdateFlag: Off
     AbortGenerateData: Off
     Progress: 0
     Multithreader: 
       RTTI typeinfo:   itk::PoolMultiThreader
       Reference Count: 1
       Modified Time: 144
       Debug: Off
       Object Name: 
       Observers: 
         none
       Number of Work Units: 32
       Number of Threads: 8
       Global Maximum Number Of Threads: 128
       Global Default Number Of Threads: 8
       Global Default Threader Type: itk::MultiThreaderBaseEnums::Threader::Pool
       SingleMethod: 0
       SingleData: 0
     DynamicMultiThreading: On
     CoordinateTolerance: 1e-06
     DirectionTolerance: 1e-06
     Use Mask Label: 0
     Mask label: 1
     Number of histogram bins: 200
     Wiener filter noise: 0.01
     Bias field FWHM: 0.15
     Maximum number of iterations: [50, 50, 40, 30]
     Convergence threshold: 1e-08
     Spline order: 3
     Number of fitting levels: [4, 4, 4]
     Number of control points: [4, 5, 5]
     CurrentConvergenceMeasurement: 0.000291481
     CurrentLevel: 4
     ElapsedIterations: 31
     LogBiasFieldControlPointLattice: 
       Image (0x55f6bdf55af0)
         RTTI typeinfo:   itk::Image<itk::Vector<float, 1u>, 3u>
         Reference Count: 1
         Modified Time: 343560
         Debug: Off
         Object Name: 
         Observers: 
           none
         Source: (none)
         Source output name: (none)
         Release Data: Off
         Data Released: False
         Global Release Data: Off
         PipelineMTime: 0
         UpdateMTime: 0
         RealTimeStamp: 0 seconds 
         LargestPossibleRegion: 
           Dimension: 3
           Index: [0, 0, 0]
           Size: [11, 19, 19]
         BufferedRegion: 
           Dimension: 3
           Index: [0, 0, 0]
           Size: [11, 19, 19]
         RequestedRegion: 
           Dimension: 3
           Index: [0, 0, 0]
           Size: [11, 19, 19]
         Spacing: [24.75, 24.875, 24.875]
         Origin: [26.2446, 22.8581, -25.275]
         Direction: 
-0.998072 -0.062074 7.14631e-05
0.062066 -0.997923 0.0172516
-0.000999561 0.0172228 0.999851

         IndexToPointMatrix: 
-24.7023 -1.54409 0.00177764
1.53613 -24.8233 0.429134
-0.0247391 0.428417 24.8713

         PointToIndexMatrix: 
-0.0403261 0.00250772 -4.03863e-05
-0.00249544 -0.0401175 0.000692373
2.87296e-06 0.000693533 0.040195

         Inverse Direction: 
-0.998072 0.062066 -0.000999561
-0.062074 -0.997923 0.0172228
7.14648e-05 0.0172516 0.999851

         PixelContainer: 
           ImportImageContainer (0x55f6b96b7810)
             RTTI typeinfo:   itk::ImportImageContainer<unsigned long, itk::Vector<float, 1u> >
             Reference Count: 1
             Modified Time: 343561
             Debug: Off
             Object Name: 
             Observers: 
               none
             Pointer: 0x55f6bcd614f0
             Container manages memory: true
             Size: 3971
             Capacity: 3971
Elapsed time: 267.65
All_Command_lines_OK
Using single precision for computations.
=============================================================================
The composite transform comprises the following transforms (in order): 
  1. Center of mass alignment using fixed image: /home/mpib/nemecz/Projects/miniTRK/Results/01_MRI/GroupTempl/T1w/T_template0.nii.gz and moving image: /home/mpib/nemecz/Projects/miniTRK/Analysis/01_MRI/Preproc/GroupTempl/T1w/sub-317132_T1w.nii.gz (type = Euler3DTransform)
=============================================================================
  number of levels = 4
  number of levels = 4
  number of levels = 4
  fixed image: /home/mpib/nemecz/Projects/miniTRK/Results/01_MRI/GroupTempl/T1w/T_template0.nii.gz
  moving image: /home/mpib/nemecz/Projects/miniTRK/Results/01_MRI/GroupTempl/T1w/T_template0sub-317132_T1wRepaired.nii.gz
  fixed image: /home/mpib/nemecz/Projects/miniTRK/Results/01_MRI/GroupTempl/T1w/T_template0.nii.gz
  moving image: /home/mpib/nemecz/Projects/miniTRK/Results/01_MRI/GroupTempl/T1w/T_template0sub-317132_T1wRepaired.nii.gz
  fixed image: /home/mpib/nemecz/Projects/miniTRK/Results/01_MRI/GroupTempl/T1w/T_template0.nii.gz
  moving image: /home/mpib/nemecz/Projects/miniTRK/Results/01_MRI/GroupTempl/T1w/T_template0sub-317132_T1wRepaired.nii.gz
Dimension = 3
Number of stages = 3
Use Histogram Matching true
Winsorize image intensities true
Lower quantile = 0.01
Upper quantile = 0.99
Stage 1 State
   Image metric = Mattes
     Fixed image = Image (0x55e56f6c0ad0)
  RTTI typeinfo:   itk::Image<float, 3u>
  Reference Count: 2
  Modified Time: 1721
  Debug: Off
  Object Name: 
  Observers: 
    none
  Source: (none)
  Source output name: (none)
  Release Data: Off
  Data Released: False
  Global Release Data: Off
  PipelineMTime: 0
  UpdateMTime: 1506
  RealTimeStamp: 0 seconds 
  LargestPossibleRegion: 
    Dimension: 3
    Index: [0, 0, 0]
    Size: [192, 256, 256]
  BufferedRegion: 
    Dimension: 3
    Index: [0, 0, 0]
    Size: [192, 256, 256]
  RequestedRegion: 
    Dimension: 3
    Index: [0, 0, 0]
    Size: [192, 256, 256]
  Spacing: [1, 1, 1]
  Origin: [95.0313, 100.538, -154.123]
  Direction: 
-0.999853 -0.014134 -0.00966312
0.014129 -0.9999 0.000586045
-0.00967044 0.000449429 0.999953

  IndexToPointMatrix: 
-0.999853 -0.014134 -0.00966312
0.014129 -0.9999 0.000586045
-0.00967044 0.000449429 0.999953

  PointToIndexMatrix: 
-0.999853 0.014129 -0.00967044
-0.014134 -0.9999 0.000449429
-0.00966312 0.000586045 0.999953

  Inverse Direction: 
-0.999853 0.014129 -0.00967044
-0.014134 -0.9999 0.000449429
-0.00966312 0.000586045 0.999953

  PixelContainer: 
    ImportImageContainer (0x55e56f6c8c80)
      RTTI typeinfo:   itk::ImportImageContainer<unsigned long, float>
      Reference Count: 1
      Modified Time: 1503
      Debug: Off
      Object Name: 
      Observers: 
        none
      Pointer: 0x7f0f3d616010
      Container manages memory: true
      Size: 12582912
      Capacity: 12582912

     Moving image = Image (0x55e56f6c1b40)
  RTTI typeinfo:   itk::Image<float, 3u>
  Reference Count: 2
  Modified Time: 1722
  Debug: Off
  Object Name: 
  Observers: 
    none
  Source: (none)
  Source output name: (none)
  Release Data: Off
  Data Released: False
  Global Release Data: Off
  PipelineMTime: 0
  UpdateMTime: 1719
  RealTimeStamp: 0 seconds 
  LargestPossibleRegion: 
    Dimension: 3
    Index: [0, 0, 0]
    Size: [192, 256, 256]
  BufferedRegion: 
    Dimension: 3
    Index: [0, 0, 0]
    Size: [192, 256, 256]
  RequestedRegion: 
    Dimension: 3
    Index: [0, 0, 0]
    Size: [192, 256, 256]
  Spacing: [1, 1, 1]
  Origin: [104.709, 92.8016, -152.229]
  Direction: 
-0.998072 -0.062074 7.1464e-05
0.062066 -0.997923 0.0172516
-0.000999561 0.0172228 0.999851

  IndexToPointMatrix: 
-0.998072 -0.062074 7.1464e-05
0.062066 -0.997923 0.0172516
-0.000999561 0.0172228 0.999851

  PointToIndexMatrix: 
-0.998072 0.062066 -0.000999561
-0.062074 -0.997923 0.0172228
7.1464e-05 0.0172516 0.999851

  Inverse Direction: 
-0.998072 0.062066 -0.000999561
-0.062074 -0.997923 0.0172228
7.1464e-05 0.0172516 0.999851

  PixelContainer: 
    ImportImageContainer (0x55e56f535bf0)
      RTTI typeinfo:   itk::ImportImageContainer<unsigned long, float>
      Reference Count: 1
      Modified Time: 1716
      Debug: Off
      Object Name: 
      Observers: 
        none
      Pointer: 0x7f0f3a615010
      Container manages memory: true
      Size: 12582912
      Capacity: 12582912

     Weighting = 1
     Sampling strategy = regular
     Number of bins = 32
     Radius = 4
     Sampling percentage  = 0.25
   Transform = Rigid
     Gradient step = 0.1
     Update field sigma (voxel space) = 0
     Total field sigma (voxel space) = 0
     Update field time sigma = 0
     Total field time sigma  = 0
     Number of time indices = 0
     Number of time point samples = 0
Stage 2 State
   Image metric = Mattes
     Fixed image = Image (0x55e56f6d98a0)
  RTTI typeinfo:   itk::Image<float, 3u>
  Reference Count: 2
  Modified Time: 2149
  Debug: Off
  Object Name: 
  Observers: 
    none
  Source: (none)
  Source output name: (none)
  Release Data: Off
  Data Released: False
  Global Release Data: Off
  PipelineMTime: 0
  UpdateMTime: 1934
  RealTimeStamp: 0 seconds 
  LargestPossibleRegion: 
    Dimension: 3
    Index: [0, 0, 0]
    Size: [192, 256, 256]
  BufferedRegion: 
    Dimension: 3
    Index: [0, 0, 0]
    Size: [192, 256, 256]
  RequestedRegion: 
    Dimension: 3
    Index: [0, 0, 0]
    Size: [192, 256, 256]
  Spacing: [1, 1, 1]
  Origin: [95.0313, 100.538, -154.123]
  Direction: 
-0.999853 -0.014134 -0.00966312
0.014129 -0.9999 0.000586045
-0.00967044 0.000449429 0.999953

  IndexToPointMatrix: 
-0.999853 -0.014134 -0.00966312
0.014129 -0.9999 0.000586045
-0.00967044 0.000449429 0.999953

  PointToIndexMatrix: 
-0.999853 0.014129 -0.00967044
-0.014134 -0.9999 0.000449429
-0.00966312 0.000586045 0.999953

  Inverse Direction: 
-0.999853 0.014129 -0.00967044
-0.014134 -0.9999 0.000449429
-0.00966312 0.000586045 0.999953

  PixelContainer: 
    ImportImageContainer (0x55e56f6c6d60)
      RTTI typeinfo:   itk::ImportImageContainer<unsigned long, float>
      Reference Count: 1
      Modified Time: 1931
      Debug: Off
      Object Name: 
      Observers: 
        none
      Pointer: 0x7f0f37614010
      Container manages memory: true
      Size: 12582912
      Capacity: 12582912

     Moving image = Image (0x55e56f6d94a0)
  RTTI typeinfo:   itk::Image<float, 3u>
  Reference Count: 2
  Modified Time: 2150
  Debug: Off
  Object Name: 
  Observers: 
    none
  Source: (none)
  Source output name: (none)
  Release Data: Off
  Data Released: False
  Global Release Data: Off
  PipelineMTime: 0
  UpdateMTime: 2147
  RealTimeStamp: 0 seconds 
  LargestPossibleRegion: 
    Dimension: 3
    Index: [0, 0, 0]
    Size: [192, 256, 256]
  BufferedRegion: 
    Dimension: 3
    Index: [0, 0, 0]
    Size: [192, 256, 256]
  RequestedRegion: 
    Dimension: 3
    Index: [0, 0, 0]
    Size: [192, 256, 256]
  Spacing: [1, 1, 1]
  Origin: [104.709, 92.8016, -152.229]
  Direction: 
-0.998072 -0.062074 7.1464e-05
0.062066 -0.997923 0.0172516
-0.000999561 0.0172228 0.999851

  IndexToPointMatrix: 
-0.998072 -0.062074 7.1464e-05
0.062066 -0.997923 0.0172516
-0.000999561 0.0172228 0.999851

  PointToIndexMatrix: 
-0.998072 0.062066 -0.000999561
-0.062074 -0.997923 0.0172228
7.1464e-05 0.0172516 0.999851

  Inverse Direction: 
-0.998072 0.062066 -0.000999561
-0.062074 -0.997923 0.0172228
7.1464e-05 0.0172516 0.999851

  PixelContainer: 
    ImportImageContainer (0x55e56f6de7d0)
      RTTI typeinfo:   itk::ImportImageContainer<unsigned long, float>
      Reference Count: 1
      Modified Time: 2144
      Debug: Off
      Object Name: 
      Observers: 
        none
      Pointer: 0x7f0f34613010
      Container manages memory: true
      Size: 12582912
      Capacity: 12582912

     Weighting = 1
     Sampling strategy = regular
     Number of bins = 32
     Radius = 4
     Sampling percentage  = 0.25
   Transform = Affine
     Gradient step = 0.1
     Update field sigma (voxel space) = 0
     Total field sigma (voxel space) = 0
     Update field time sigma = 0
     Total field time sigma  = 0
     Number of time indices = 0
     Number of time point samples = 0
Stage 3 State
   Image metric = CC
     Fixed image = Image (0x55e56f6e09f0)
  RTTI typeinfo:   itk::Image<float, 3u>
  Reference Count: 2
  Modified Time: 2577
  Debug: Off
  Object Name: 
  Observers: 
    none
  Source: (none)
  Source output name: (none)
  Release Data: Off
  Data Released: False
  Global Release Data: Off
  PipelineMTime: 0
  UpdateMTime: 2362
  RealTimeStamp: 0 seconds 
  LargestPossibleRegion: 
    Dimension: 3
    Index: [0, 0, 0]
    Size: [192, 256, 256]
  BufferedRegion: 
    Dimension: 3
    Index: [0, 0, 0]
    Size: [192, 256, 256]
  RequestedRegion: 
    Dimension: 3
    Index: [0, 0, 0]
    Size: [192, 256, 256]
  Spacing: [1, 1, 1]
  Origin: [95.0313, 100.538, -154.123]
  Direction: 
-0.999853 -0.014134 -0.00966312
0.014129 -0.9999 0.000586045
-0.00967044 0.000449429 0.999953

  IndexToPointMatrix: 
-0.999853 -0.014134 -0.00966312
0.014129 -0.9999 0.000586045
-0.00967044 0.000449429 0.999953

  PointToIndexMatrix: 
-0.999853 0.014129 -0.00967044
-0.014134 -0.9999 0.000449429
-0.00966312 0.000586045 0.999953

  Inverse Direction: 
-0.999853 0.014129 -0.00967044
-0.014134 -0.9999 0.000449429
-0.00966312 0.000586045 0.999953

  PixelContainer: 
    ImportImageContainer (0x55e56f6c1040)
      RTTI typeinfo:   itk::ImportImageContainer<unsigned long, float>
      Reference Count: 1
      Modified Time: 2359
      Debug: Off
      Object Name: 
      Observers: 
        none
      Pointer: 0x7f0f31612010
      Container manages memory: true
      Size: 12582912
      Capacity: 12582912

     Moving image = Image (0x55e56f6e2800)
  RTTI typeinfo:   itk::Image<float, 3u>
  Reference Count: 2
  Modified Time: 2578
  Debug: Off
  Object Name: 
  Observers: 
    none
  Source: (none)
  Source output name: (none)
  Release Data: Off
  Data Released: False
  Global Release Data: Off
  PipelineMTime: 0
  UpdateMTime: 2575
  RealTimeStamp: 0 seconds 
  LargestPossibleRegion: 
    Dimension: 3
    Index: [0, 0, 0]
    Size: [192, 256, 256]
  BufferedRegion: 
    Dimension: 3
    Index: [0, 0, 0]
    Size: [192, 256, 256]
  RequestedRegion: 
    Dimension: 3
    Index: [0, 0, 0]
    Size: [192, 256, 256]
  Spacing: [1, 1, 1]
  Origin: [104.709, 92.8016, -152.229]
  Direction: 
-0.998072 -0.062074 7.1464e-05
0.062066 -0.997923 0.0172516
-0.000999561 0.0172228 0.999851

  IndexToPointMatrix: 
-0.998072 -0.062074 7.1464e-05
0.062066 -0.997923 0.0172516
-0.000999561 0.0172228 0.999851

  PointToIndexMatrix: 
-0.998072 0.062066 -0.000999561
-0.062074 -0.997923 0.0172228
7.1464e-05 0.0172516 0.999851

  Inverse Direction: 
-0.998072 0.062066 -0.000999561
-0.062074 -0.997923 0.0172228
7.1464e-05 0.0172516 0.999851

  PixelContainer: 
    ImportImageContainer (0x55e56f6d8260)
      RTTI typeinfo:   itk::ImportImageContainer<unsigned long, float>
      Reference Count: 1
      Modified Time: 2572
      Debug: Off
      Object Name: 
      Observers: 
        none
      Pointer: 0x7f0f2e611010
      Container manages memory: true
      Size: 12582912
      Capacity: 12582912

     Weighting = 1
     Sampling strategy = none
     Number of bins = 32
     Radius = 4
     Sampling percentage  = 1
   Transform = SyN
     Gradient step = 0.1
     Update field sigma (voxel space) = 3
     Total field sigma (voxel space) = 0
     Update field time sigma = 0
     Total field time sigma  = 0
     Number of time indices = 0
     Number of time point samples = 0
Registration using 3 total stages.

Stage 0
  iterations = 1000x500x250x0
  convergence threshold = 1e-06
  convergence window size = 10
  number of levels = 4
  using the Mattes MI metric (number of bins = 32, weight = 1)
  preprocessing:  winsorizing the image intensities
  preprocessing:  histogram matching the images
  Shrink factors (level 1 out of 4): [6, 6, 6]
  Shrink factors (level 2 out of 4): [4, 4, 4]
  Shrink factors (level 3 out of 4): [2, 2, 2]
  Shrink factors (level 4 out of 4): [1, 1, 1]
  smoothing sigmas per level: [4, 2, 1, 0]
  regular sampling (percentage = 0.25)

*** Running Euler3DTransform registration ***

DIAGNOSTIC,Iteration,metricValue,convergenceValue,ITERATION_TIME_INDEX,SINCE_LAST
 2DIAGNOSTIC,     1, -7.105081081390e-01, inf, 5.8502e-01, 5.8502e-01, 
 2DIAGNOSTIC,     2, -7.130586504936e-01, inf, 5.9542e-01, 1.0391e-02, 
 2DIAGNOSTIC,     3, -7.171730995178e-01, inf, 6.0505e-01, 9.6381e-03, 
 2DIAGNOSTIC,     4, -7.236532568932e-01, inf, 6.1443e-01, 9.3720e-03, 
 2DIAGNOSTIC,     5, -7.331395149231e-01, inf, 6.2302e-01, 8.5981e-03, 
 2DIAGNOSTIC,     6, -7.461856603622e-01, inf, 6.3074e-01, 7.7200e-03, 
 2DIAGNOSTIC,     7, -7.585318088531e-01, inf, 6.3851e-01, 7.7641e-03, 
 2DIAGNOSTIC,     8, -7.641670703888e-01, inf, 6.4723e-01, 8.7268e-03, 
 2DIAGNOSTIC,     9, -7.644294500351e-01, inf, 6.5476e-01, 7.5231e-03, 
 2DIAGNOSTIC,    10, -7.655099630356e-01, 5.817520432174e-03, 6.6444e-01, 9.6791e-03, 
 2DIAGNOSTIC,    11, -7.673876881599e-01, 4.936393350363e-03, 6.7429e-01, 9.8560e-03, 
 2DIAGNOSTIC,    12, -7.687750458717e-01, 3.883927362040e-03, 6.8558e-01, 1.1285e-02, 
 2DIAGNOSTIC,    13, -7.687219381332e-01, 2.767690224573e-03, 6.9700e-01, 1.1420e-02, 
 2DIAGNOSTIC,    14, -7.687270045280e-01, 1.743661472574e-03, 7.0694e-01, 9.9430e-03, 
 2DIAGNOSTIC,    15, -7.687117457390e-01, 9.370656916872e-04, 7.1812e-01, 1.1179e-02, 
 2DIAGNOSTIC,    16, -7.686967253685e-01, 4.489468701649e-04, 7.2758e-01, 9.4578e-03, 
 2DIAGNOSTIC,    17, -7.687160372734e-01, 2.497578971088e-04, 7.3643e-01, 8.8561e-03, 
 2DIAGNOSTIC,    18, -7.687287330627e-01, 1.694685051916e-04, 7.4446e-01, 8.0221e-03, 
 2DIAGNOSTIC,    19, -7.686931490898e-01, 8.706704829820e-05, 7.5330e-01, 8.8470e-03, 
 2DIAGNOSTIC,    20, -7.687169909477e-01, 2.526938442315e-05, 7.6105e-01, 7.7469e-03, 
DIAGNOSTIC,Iteration,metricValue,convergenceValue,ITERATION_TIME_INDEX,SINCE_LAST
 2DIAGNOSTIC,     1, -5.855194330215e-01, inf, 1.2601e+00, 4.9902e-01, 
 2DIAGNOSTIC,     2, -5.857607126236e-01, inf, 1.2897e+00, 2.9631e-02, 
 2DIAGNOSTIC,     3, -5.861180424690e-01, inf, 1.3187e+00, 2.8973e-02, 
 2DIAGNOSTIC,     4, -5.865843892097e-01, inf, 1.3470e+00, 2.8351e-02, 
 2DIAGNOSTIC,     5, -5.870335102081e-01, inf, 1.3790e+00, 3.1938e-02, 
 2DIAGNOSTIC,     6, -5.870794057846e-01, inf, 1.4072e+00, 2.8271e-02, 
 2DIAGNOSTIC,     7, -5.873099565506e-01, inf, 1.4519e+00, 4.4677e-02, 
 2DIAGNOSTIC,     8, -5.873271822929e-01, inf, 1.4878e+00, 3.5859e-02, 
 2DIAGNOSTIC,     9, -5.873520970345e-01, inf, 1.5229e+00, 3.5134e-02, 
 2DIAGNOSTIC,    10, -5.873572230339e-01, 2.174391265726e-04, 1.5577e+00, 3.4750e-02, 
 2DIAGNOSTIC,    11, -5.873636007309e-01, 1.525833940832e-04, 1.5863e+00, 2.8626e-02, 
 2DIAGNOSTIC,    12, -5.873588919640e-01, 9.462754678680e-05, 1.6184e+00, 3.2128e-02, 
 2DIAGNOSTIC,    13, -5.873661637306e-01, 5.056887675892e-05, 1.6505e+00, 3.2133e-02, 
 2DIAGNOSTIC,    14, -5.873628854752e-01, 2.413622132735e-05, 1.6900e+00, 3.9444e-02, 
 2DIAGNOSTIC,    15, -5.873599052429e-01, 1.368959146930e-05, 1.7293e+00, 3.9327e-02, 
 2DIAGNOSTIC,    16, -5.873557925224e-01, 4.573533260555e-06, 1.7615e+00, 3.2165e-02, 
 2DIAGNOSTIC,    17, -5.873557329178e-01, 2.855798811652e-06, 1.7936e+00, 3.2172e-02, 
 2DIAGNOSTIC,    18, -5.873515009880e-01, 1.567849608364e-06, 1.8341e+00, 4.0410e-02, 
 2DIAGNOSTIC,    19, -5.873513817787e-01, 1.064550929186e-06, 1.8682e+00, 3.4112e-02, 
DIAGNOSTIC,Iteration,metricValue,convergenceValue,ITERATION_TIME_INDEX,SINCE_LAST
 2DIAGNOSTIC,     1, -5.267736315727e-01, inf, 2.7506e+00, 8.8240e-01, 
 2DIAGNOSTIC,     2, -5.269669294357e-01, inf, 2.9669e+00, 2.1636e-01, 
 2DIAGNOSTIC,     3, -5.270912051201e-01, inf, 3.1851e+00, 2.1820e-01, 
 2DIAGNOSTIC,     4, -5.271870493889e-01, inf, 3.4033e+00, 2.1815e-01, 
 2DIAGNOSTIC,     5, -5.273283720016e-01, inf, 3.6218e+00, 2.1856e-01, 
 2DIAGNOSTIC,     6, -5.274774432182e-01, inf, 3.8675e+00, 2.4562e-01, 
 2DIAGNOSTIC,     7, -5.276467204094e-01, inf, 4.2838e+00, 4.1637e-01, 
 2DIAGNOSTIC,     8, -5.276564955711e-01, inf, 4.5275e+00, 2.4371e-01, 
 2DIAGNOSTIC,     9, -5.276577472687e-01, inf, 4.7991e+00, 2.7155e-01, 
 2DIAGNOSTIC,    10, -5.276561975479e-01, 1.175556244561e-04, 5.0751e+00, 2.7601e-01, 
 2DIAGNOSTIC,    11, -5.276548266411e-01, 8.584259921918e-05, 5.3206e+00, 2.4549e-01, 
 2DIAGNOSTIC,    12, -5.276546478271e-01, 6.049517105566e-05, 5.5685e+00, 2.4789e-01, 
 2DIAGNOSTIC,    13, -5.276547670364e-01, 3.900554656866e-05, 5.8153e+00, 2.4680e-01, 
 2DIAGNOSTIC,    14, -5.276538729668e-01, 2.093779221468e-05, 6.0637e+00, 2.4843e-01, 
 2DIAGNOSTIC,    15, -5.276536941528e-01, 8.573643754062e-06, 6.3124e+00, 2.4872e-01, 
 2DIAGNOSTIC,    16, -5.276530981064e-01, 2.006114073083e-06, 6.5594e+00, 2.4701e-01, 
 2DIAGNOSTIC,    17, -5.276544690132e-01, 1.609662831470e-06, 6.8349e+00, 2.7551e-01, 
 2DIAGNOSTIC,    18, -5.276582837105e-01, 1.684564495008e-06, 7.0825e+00, 2.4754e-01, 
 2DIAGNOSTIC,    19, -5.276573896408e-01, 1.767677304088e-06, 7.3592e+00, 2.7668e-01, 
 2DIAGNOSTIC,    20, -5.276588201523e-01, 1.834440240600e-06, 7.6065e+00, 2.4736e-01, 
 2DIAGNOSTIC,    21, -5.276584029198e-01, 1.826492393775e-06, 7.8252e+00, 2.1871e-01, 
 2DIAGNOSTIC,    22, -5.276604890823e-01, 1.835984448917e-06, 8.1287e+00, 3.0343e-01, 
 2DIAGNOSTIC,    23, -5.276602506638e-01, 1.803204213502e-06, 8.3746e+00, 2.4591e-01, 
 2DIAGNOSTIC,    24, -5.276609659195e-01, 1.730705662339e-06, 8.6212e+00, 2.4657e-01, 
 2DIAGNOSTIC,    25, -5.276596546173e-01, 1.595753587935e-06, 8.8666e+00, 2.4541e-01, 
 2DIAGNOSTIC,    26, -5.276584029198e-01, 1.403097940056e-06, 9.1118e+00, 2.4528e-01, 
 2DIAGNOSTIC,    27, -5.276588797569e-01, 1.242737539542e-06, 9.3566e+00, 2.4474e-01, 
 2DIAGNOSTIC,    28, -5.276600122452e-01, 1.182558207802e-06, 9.6027e+00, 2.4611e-01, 
 2DIAGNOSTIC,    29, -5.276612043381e-01, 1.126485017267e-06, 9.8494e+00, 2.4668e-01, 
 2DIAGNOSTIC,    30, -5.276622176170e-01, 1.116061412176e-06, 1.0098e+01, 2.4834e-01, 
 2DIAGNOSTIC,    31, -5.276631712914e-01, 1.109978143177e-06, 1.0373e+01, 2.7540e-01, 
 2DIAGNOSTIC,    32, -5.276632905006e-01, 1.133322598434e-06, 1.0620e+01, 2.4699e-01, 
 2DIAGNOSTIC,    33, -5.276623368263e-01, 1.121661739489e-06, 1.0895e+01, 2.7533e-01, 
 2DIAGNOSTIC,    34, -5.276616811752e-01, 1.097409608519e-06, 1.1143e+01, 2.4785e-01, 
 2DIAGNOSTIC,    35, -5.276613831520e-01, 1.035092736856e-06, 1.1446e+01, 3.0266e-01, 
DIAGNOSTIC,Iteration,metricValue,convergenceValue,ITERATION_TIME_INDEX,SINCE_LAST
 2DIAGNOSTIC,     1, -4.895904958248e-01, inf, 1.3944e+01, 2.4978e+00, 
  Elapsed time (stage 0): 1.5011e+01


Stage 1
  iterations = 1000x500x250x0
  convergence threshold = 1.0000e-06
  convergence window size = 10
  number of levels = 4
  using the Mattes MI metric (number of bins = 32, weight = 1.0000e+00)
  preprocessing:  winsorizing the image intensities
  preprocessing:  histogram matching the images
  Shrink factors (level 1 out of 4): [6, 6, 6]
  Shrink factors (level 2 out of 4): [4, 4, 4]
  Shrink factors (level 3 out of 4): [2, 2, 2]
  Shrink factors (level 4 out of 4): [1, 1, 1]
  smoothing sigmas per level: [4, 2, 1, 0]
  regular sampling (percentage = 2.5000e-01)

*** Running AffineTransform registration ***

DIAGNOSTIC,Iteration,metricValue,convergenceValue,ITERATION_TIME_INDEX,SINCE_LAST
 2DIAGNOSTIC,     1, -7.621672749519e-01, inf, 5.6270e-01, 5.6270e-01, 
 2DIAGNOSTIC,     2, -7.648060917854e-01, inf, 5.7340e-01, 1.0697e-02, 
 2DIAGNOSTIC,     3, -7.689435482025e-01, inf, 5.8392e-01, 1.0524e-02, 
 2DIAGNOSTIC,     4, -7.760109901428e-01, inf, 5.9444e-01, 1.0520e-02, 
 2DIAGNOSTIC,     5, -7.885636091232e-01, inf, 6.0509e-01, 1.0653e-02, 
 2DIAGNOSTIC,     6, -8.100619316101e-01, inf, 6.1506e-01, 9.9621e-03, 
 2DIAGNOSTIC,     7, -8.431512117386e-01, inf, 6.2469e-01, 9.6369e-03, 
 2DIAGNOSTIC,     8, -8.891796469688e-01, inf, 6.3533e-01, 1.0639e-02, 
 2DIAGNOSTIC,     9, -9.403100609779e-01, inf, 6.4842e-01, 1.3083e-02, 
 2DIAGNOSTIC,    10, -9.479635953903e-01, 1.571760885417e-02, 6.5895e-01, 1.0530e-02, 
 2DIAGNOSTIC,    11, -9.515039324760e-01, 1.571270823479e-02, 6.7312e-01, 1.4174e-02, 
 2DIAGNOSTIC,    12, -9.523668289185e-01, 1.441703550518e-02, 6.8256e-01, 9.4371e-03, 
 2DIAGNOSTIC,    13, -9.542102813721e-01, 1.218715496361e-02, 6.9185e-01, 9.2981e-03, 
 2DIAGNOSTIC,    14, -9.545388817787e-01, 9.370106272399e-03, 7.0172e-01, 9.8619e-03, 
 2DIAGNOSTIC,    15, -9.548265933990e-01, 6.399814970791e-03, 7.1208e-01, 1.0368e-02, 
 2DIAGNOSTIC,    16, -9.549187421799e-01, 3.696604399011e-03, 7.2264e-01, 1.0553e-02, 
 2DIAGNOSTIC,    17, -9.549513459206e-01, 1.617340254597e-03, 7.3768e-01, 1.5044e-02, 
