
Running N4 for 3-dimensional images.

Mask not read.  Using the entire image as the mask.

Original intensity range:  [0, 923]

***********************************************************
Warning:  Your input image contains nonpositive values
which could cause failure or problematic results.  A
possible workaround would be to:
   1. rescale your image to positive values e.g., [10,100].
   2. run N4 on your rescaled image.
   3. (optional) rescale the N4 output to the original
      intensity range.
***********************************************************

Specified spline distance: 200mm
  original image size:  [192, 256, 256]
  padded image size:  [201, 401, 401]
  number of control points:  [4, 5, 5]

Current level = 1
  Iteration 1 (of 50).   Current convergence value = 0.000370016 (threshold = 1e-08)
  Iteration 2 (of 50).   Current convergence value = 0.000329433 (threshold = 1e-08)
  Iteration 3 (of 50).   Current convergence value = 0.000301741 (threshold = 1e-08)
  Iteration 4 (of 50).   Current convergence value = 0.000253889 (threshold = 1e-08)
  Iteration 5 (of 50).   Current convergence value = 0.00019331 (threshold = 1e-08)
  Iteration 6 (of 50).   Current convergence value = 0.000147024 (threshold = 1e-08)
  Iteration 7 (of 50).   Current convergence value = 0.000114336 (threshold = 1e-08)
  Iteration 8 (of 50).   Current convergence value = 9.13221e-05 (threshold = 1e-08)
  Iteration 9 (of 50).   Current convergence value = 7.5945e-05 (threshold = 1e-08)
  Iteration 10 (of 50).   Current convergence value = 6.53859e-05 (threshold = 1e-08)
  Iteration 11 (of 50).   Current convergence value = 5.83411e-05 (threshold = 1e-08)
  Iteration 12 (of 50).   Current convergence value = 5.35648e-05 (threshold = 1e-08)
  Iteration 13 (of 50).   Current convergence value = 5.00951e-05 (threshold = 1e-08)
  Iteration 14 (of 50).   Current convergence value = 4.74656e-05 (threshold = 1e-08)
  Iteration 15 (of 50).   Current convergence value = 4.52705e-05 (threshold = 1e-08)
  Iteration 16 (of 50).   Current convergence value = 4.34111e-05 (threshold = 1e-08)
  Iteration 17 (of 50).   Current convergence value = 4.1753e-05 (threshold = 1e-08)
  Iteration 18 (of 50).   Current convergence value = 4.01944e-05 (threshold = 1e-08)
  Iteration 19 (of 50).   Current convergence value = 3.87553e-05 (threshold = 1e-08)
  Iteration 20 (of 50).   Current convergence value = 3.74393e-05 (threshold = 1e-08)
  Iteration 21 (of 50).   Current convergence value = 3.62002e-05 (threshold = 1e-08)
  Iteration 22 (of 50).   Current convergence value = 3.50598e-05 (threshold = 1e-08)
  Iteration 23 (of 50).   Current convergence value = 3.40041e-05 (threshold = 1e-08)
  Iteration 24 (of 50).   Current convergence value = 3.30406e-05 (threshold = 1e-08)
  Iteration 25 (of 50).   Current convergence value = 3.22134e-05 (threshold = 1e-08)
  Iteration 26 (of 50).   Current convergence value = 3.14773e-05 (threshold = 1e-08)
  Iteration 27 (of 50).   Current convergence value = 3.08425e-05 (threshold = 1e-08)
  Iteration 28 (of 50).   Current convergence value = 3.03205e-05 (threshold = 1e-08)
  Iteration 29 (of 50).   Current convergence value = 2.98781e-05 (threshold = 1e-08)
  Iteration 30 (of 50).   Current convergence value = 2.95285e-05 (threshold = 1e-08)
  Iteration 31 (of 50).   Current convergence value = 2.92542e-05 (threshold = 1e-08)
  Iteration 32 (of 50).   Current convergence value = 2.9065e-05 (threshold = 1e-08)
  Iteration 33 (of 50).   Current convergence value = 2.89816e-05 (threshold = 1e-08)
  Iteration 34 (of 50).   Current convergence value = 2.89838e-05 (threshold = 1e-08)
  Iteration 35 (of 50).   Current convergence value = 2.90348e-05 (threshold = 1e-08)
  Iteration 36 (of 50).   Current convergence value = 2.91073e-05 (threshold = 1e-08)
  Iteration 37 (of 50).   Current convergence value = 2.91796e-05 (threshold = 1e-08)
  Iteration 38 (of 50).   Current convergence value = 2.94135e-05 (threshold = 1e-08)
  Iteration 39 (of 50).   Current convergence value = 2.96195e-05 (threshold = 1e-08)
  Iteration 40 (of 50).   Current convergence value = 2.98927e-05 (threshold = 1e-08)
  Iteration 41 (of 50).   Current convergence value = 3.01649e-05 (threshold = 1e-08)
  Iteration 42 (of 50).   Current convergence value = 3.0412e-05 (threshold = 1e-08)
  Iteration 43 (of 50).   Current convergence value = 3.07911e-05 (threshold = 1e-08)
  Iteration 44 (of 50).   Current convergence value = 3.11794e-05 (threshold = 1e-08)
  Iteration 45 (of 50).   Current convergence value = 3.15069e-05 (threshold = 1e-08)
  Iteration 46 (of 50).   Current convergence value = 3.18386e-05 (threshold = 1e-08)
  Iteration 47 (of 50).   Current convergence value = 3.22736e-05 (threshold = 1e-08)
  Iteration 48 (of 50).   Current convergence value = 3.26667e-05 (threshold = 1e-08)
  Iteration 49 (of 50).   Current convergence value = 3.3063e-05 (threshold = 1e-08)
  Iteration 50 (of 50).   Current convergence value = 3.34003e-05 (threshold = 1e-08)
Current level = 2
  Iteration 1 (of 50).   Current convergence value = 0.00048994 (threshold = 1e-08)
  Iteration 2 (of 50).   Current convergence value = 0.000464625 (threshold = 1e-08)
  Iteration 3 (of 50).   Current convergence value = 0.000454726 (threshold = 1e-08)
  Iteration 4 (of 50).   Current convergence value = 0.000447864 (threshold = 1e-08)
  Iteration 5 (of 50).   Current convergence value = 0.000436628 (threshold = 1e-08)
  Iteration 6 (of 50).   Current convergence value = 0.000424665 (threshold = 1e-08)
  Iteration 7 (of 50).   Current convergence value = 0.000409247 (threshold = 1e-08)
  Iteration 8 (of 50).   Current convergence value = 0.000391191 (threshold = 1e-08)
  Iteration 9 (of 50).   Current convergence value = 0.00036807 (threshold = 1e-08)
  Iteration 10 (of 50).   Current convergence value = 0.00034552 (threshold = 1e-08)
  Iteration 11 (of 50).   Current convergence value = 0.00032555 (threshold = 1e-08)
  Iteration 12 (of 50).   Current convergence value = 0.000308944 (threshold = 1e-08)
  Iteration 13 (of 50).   Current convergence value = 0.000295527 (threshold = 1e-08)
  Iteration 14 (of 50).   Current convergence value = 0.000284394 (threshold = 1e-08)
  Iteration 15 (of 50).   Current convergence value = 0.000275182 (threshold = 1e-08)
  Iteration 16 (of 50).   Current convergence value = 0.000241231 (threshold = 1e-08)
  Iteration 17 (of 50).   Current convergence value = 0.000229793 (threshold = 1e-08)
  Iteration 18 (of 50).   Current convergence value = 0.000217211 (threshold = 1e-08)
  Iteration 19 (of 50).   Current convergence value = 0.000204872 (threshold = 1e-08)
  Iteration 20 (of 50).   Current convergence value = 0.000193812 (threshold = 1e-08)
  Iteration 21 (of 50).   Current convergence value = 0.000184071 (threshold = 1e-08)
  Iteration 22 (of 50).   Current convergence value = 0.000175541 (threshold = 1e-08)
  Iteration 23 (of 50).   Current convergence value = 0.000168081 (threshold = 1e-08)
  Iteration 24 (of 50).   Current convergence value = 0.000161394 (threshold = 1e-08)
  Iteration 25 (of 50).   Current convergence value = 0.000155471 (threshold = 1e-08)
  Iteration 26 (of 50).   Current convergence value = 0.000150162 (threshold = 1e-08)
  Iteration 27 (of 50).   Current convergence value = 0.000145426 (threshold = 1e-08)
  Iteration 28 (of 50).   Current convergence value = 0.000140932 (threshold = 1e-08)
  Iteration 29 (of 50).   Current convergence value = 0.000137162 (threshold = 1e-08)
  Iteration 30 (of 50).   Current convergence value = 0.000133368 (threshold = 1e-08)
  Iteration 31 (of 50).   Current convergence value = 0.000130205 (threshold = 1e-08)
  Iteration 32 (of 50).   Current convergence value = 0.000127182 (threshold = 1e-08)
  Iteration 33 (of 50).   Current convergence value = 0.000124279 (threshold = 1e-08)
  Iteration 34 (of 50).   Current convergence value = 0.000121589 (threshold = 1e-08)
  Iteration 35 (of 50).   Current convergence value = 0.000119047 (threshold = 1e-08)
  Iteration 36 (of 50).   Current convergence value = 0.000116908 (threshold = 1e-08)
  Iteration 37 (of 50).   Current convergence value = 0.000114736 (threshold = 1e-08)
  Iteration 38 (of 50).   Current convergence value = 0.000112651 (threshold = 1e-08)
  Iteration 39 (of 50).   Current convergence value = 0.00010665 (threshold = 1e-08)
  Iteration 40 (of 50).   Current convergence value = 0.000104533 (threshold = 1e-08)
  Iteration 41 (of 50).   Current convergence value = 0.000103961 (threshold = 1e-08)
  Iteration 42 (of 50).   Current convergence value = 0.000104066 (threshold = 1e-08)
  Iteration 43 (of 50).   Current convergence value = 0.000104519 (threshold = 1e-08)
  Iteration 44 (of 50).   Current convergence value = 0.000104969 (threshold = 1e-08)
  Iteration 45 (of 50).   Current convergence value = 0.000105333 (threshold = 1e-08)
  Iteration 46 (of 50).   Current convergence value = 0.000105447 (threshold = 1e-08)
  Iteration 47 (of 50).   Current convergence value = 0.000105255 (threshold = 1e-08)
  Iteration 48 (of 50).   Current convergence value = 0.000105293 (threshold = 1e-08)
  Iteration 49 (of 50).   Current convergence value = 0.000105315 (threshold = 1e-08)
  Iteration 50 (of 50).   Current convergence value = 0.000105163 (threshold = 1e-08)
Current level = 3
  Iteration 1 (of 40).   Current convergence value = 0.00126113 (threshold = 1e-08)
  Iteration 2 (of 40).   Current convergence value = 0.000870215 (threshold = 1e-08)
  Iteration 3 (of 40).   Current convergence value = 0.00080449 (threshold = 1e-08)
  Iteration 4 (of 40).   Current convergence value = 0.000835612 (threshold = 1e-08)
  Iteration 5 (of 40).   Current convergence value = 0.000853519 (threshold = 1e-08)
  Iteration 6 (of 40).   Current convergence value = 0.000825371 (threshold = 1e-08)
  Iteration 7 (of 40).   Current convergence value = 0.000794487 (threshold = 1e-08)
  Iteration 8 (of 40).   Current convergence value = 0.000768642 (threshold = 1e-08)
  Iteration 9 (of 40).   Current convergence value = 0.000745954 (threshold = 1e-08)
  Iteration 10 (of 40).   Current convergence value = 0.000708177 (threshold = 1e-08)
  Iteration 11 (of 40).   Current convergence value = 0.000668338 (threshold = 1e-08)
  Iteration 12 (of 40).   Current convergence value = 0.00063638 (threshold = 1e-08)
  Iteration 13 (of 40).   Current convergence value = 0.000609758 (threshold = 1e-08)
  Iteration 14 (of 40).   Current convergence value = 0.000586829 (threshold = 1e-08)
  Iteration 15 (of 40).   Current convergence value = 0.000566477 (threshold = 1e-08)
  Iteration 16 (of 40).   Current convergence value = 0.000547812 (threshold = 1e-08)
  Iteration 17 (of 40).   Current convergence value = 0.000521322 (threshold = 1e-08)
  Iteration 18 (of 40).   Current convergence value = 0.000494491 (threshold = 1e-08)
  Iteration 19 (of 40).   Current convergence value = 0.000471496 (threshold = 1e-08)
  Iteration 20 (of 40).   Current convergence value = 0.000451548 (threshold = 1e-08)
  Iteration 21 (of 40).   Current convergence value = 0.000434192 (threshold = 1e-08)
  Iteration 22 (of 40).   Current convergence value = 0.000419053 (threshold = 1e-08)
  Iteration 23 (of 40).   Current convergence value = 0.00040182 (threshold = 1e-08)
  Iteration 24 (of 40).   Current convergence value = 0.000385631 (threshold = 1e-08)
  Iteration 25 (of 40).   Current convergence value = 0.000370866 (threshold = 1e-08)
  Iteration 26 (of 40).   Current convergence value = 0.000357237 (threshold = 1e-08)
  Iteration 27 (of 40).   Current convergence value = 0.000344869 (threshold = 1e-08)
  Iteration 28 (of 40).   Current convergence value = 0.0003336 (threshold = 1e-08)
  Iteration 29 (of 40).   Current convergence value = 0.000323121 (threshold = 1e-08)
  Iteration 30 (of 40).   Current convergence value = 0.00031353 (threshold = 1e-08)
  Iteration 31 (of 40).   Current convergence value = 0.00030466 (threshold = 1e-08)
  Iteration 32 (of 40).   Current convergence value = 0.000296408 (threshold = 1e-08)
  Iteration 33 (of 40).   Current convergence value = 0.000288831 (threshold = 1e-08)
  Iteration 34 (of 40).   Current convergence value = 0.000281886 (threshold = 1e-08)
  Iteration 35 (of 40).   Current convergence value = 0.000274576 (threshold = 1e-08)
  Iteration 36 (of 40).   Current convergence value = 0.000268139 (threshold = 1e-08)
  Iteration 37 (of 40).   Current convergence value = 0.000262483 (threshold = 1e-08)
  Iteration 38 (of 40).   Current convergence value = 0.000257363 (threshold = 1e-08)
  Iteration 39 (of 40).   Current convergence value = 0.000252729 (threshold = 1e-08)
  Iteration 40 (of 40).   Current convergence value = 0.00024894 (threshold = 1e-08)
Current level = 4
  Iteration 1 (of 30).   Current convergence value = 0.00194543 (threshold = 1e-08)
  Iteration 2 (of 30).   Current convergence value = 0.0017596 (threshold = 1e-08)
  Iteration 3 (of 30).   Current convergence value = 0.00169677 (threshold = 1e-08)
  Iteration 4 (of 30).   Current convergence value = 0.00166034 (threshold = 1e-08)
  Iteration 5 (of 30).   Current convergence value = 0.0016445 (threshold = 1e-08)
  Iteration 6 (of 30).   Current convergence value = 0.00163807 (threshold = 1e-08)
  Iteration 7 (of 30).   Current convergence value = 0.00163134 (threshold = 1e-08)
  Iteration 8 (of 30).   Current convergence value = 0.00162653 (threshold = 1e-08)
  Iteration 9 (of 30).   Current convergence value = 0.0016163 (threshold = 1e-08)
  Iteration 10 (of 30).   Current convergence value = 0.00159445 (threshold = 1e-08)
  Iteration 11 (of 30).   Current convergence value = 0.00157247 (threshold = 1e-08)
  Iteration 12 (of 30).   Current convergence value = 0.00155988 (threshold = 1e-08)
  Iteration 13 (of 30).   Current convergence value = 0.00153677 (threshold = 1e-08)
  Iteration 14 (of 30).   Current convergence value = 0.00150034 (threshold = 1e-08)
  Iteration 15 (of 30).   Current convergence value = 0.00142343 (threshold = 1e-08)
  Iteration 16 (of 30).   Current convergence value = 0.00127718 (threshold = 1e-08)
  Iteration 17 (of 30).   Current convergence value = 0.00116499 (threshold = 1e-08)
  Iteration 18 (of 30).   Current convergence value = 0.00114234 (threshold = 1e-08)
  Iteration 19 (of 30).   Current convergence value = 0.00111405 (threshold = 1e-08)
  Iteration 20 (of 30).   Current convergence value = 0.00107475 (threshold = 1e-08)
  Iteration 21 (of 30).   Current convergence value = 0.0010268 (threshold = 1e-08)
  Iteration 22 (of 30).   Current convergence value = 0.000970523 (threshold = 1e-08)
  Iteration 23 (of 30).   Current convergence value = 0.000908201 (threshold = 1e-08)
  Iteration 24 (of 30).   Current convergence value = 0.000849807 (threshold = 1e-08)
  Iteration 25 (of 30).   Current convergence value = 0.000813915 (threshold = 1e-08)
  Iteration 26 (of 30).   Current convergence value = 0.000798435 (threshold = 1e-08)
  Iteration 27 (of 30).   Current convergence value = 0.000812697 (threshold = 1e-08)
  Iteration 28 (of 30).   Current convergence value = 0.000858043 (threshold = 1e-08)
  Iteration 29 (of 30).   Current convergence value = 0.000880416 (threshold = 1e-08)
  Iteration 30 (of 30).   Current convergence value = 0.000887078 (threshold = 1e-08)
   N4BiasFieldCorrectionImageFilter (0x55dc89626e20)
     RTTI typeinfo:   itk::N4BiasFieldCorrectionImageFilter<itk::Image<float, 3u>, itk::Image<float, 3u>, itk::Image<float, 3u> >
     Reference Count: 1
     Modified Time: 565
     Debug: Off
     Object Name: 
     Observers: 
       IterationEvent(Command)
     Inputs: 
       ConfidenceImage: (0)
       MaskImage: (0x55dc896515e0)
       Primary: (0x55dc8964cae0) *
     Indexed Inputs: 
       0: Primary (0x55dc8964cae0)
       1: MaskImage (0x55dc896515e0)
       2: ConfidenceImage (0)
     Required Input Names: Primary
     NumberOfRequiredInputs: 1
     Outputs: 
       Primary: (0x55dc89636ef0)
     Indexed Outputs: 
       0: Primary (0x55dc89636ef0)
     NumberOfRequiredOutputs: 1
     Number Of Work Units: 32
     ReleaseDataFlag: Off
     ReleaseDataBeforeUpdateFlag: Off
     AbortGenerateData: Off
     Progress: 0
     Multithreader: 
       RTTI typeinfo:   itk::PoolMultiThreader
       Reference Count: 1
       Modified Time: 144
       Debug: Off
       Object Name: 
       Observers: 
         none
       Number of Work Units: 32
       Number of Threads: 8
       Global Maximum Number Of Threads: 128
       Global Default Number Of Threads: 8
       Global Default Threader Type: itk::MultiThreaderBaseEnums::Threader::Pool
       SingleMethod: 0
       SingleData: 0
     DynamicMultiThreading: On
     CoordinateTolerance: 1e-06
     DirectionTolerance: 1e-06
     Use Mask Label: 0
     Mask label: 1
     Number of histogram bins: 200
     Wiener filter noise: 0.01
     Bias field FWHM: 0.15
     Maximum number of iterations: [50, 50, 40, 30]
     Convergence threshold: 1e-08
     Spline order: 3
     Number of fitting levels: [4, 4, 4]
     Number of control points: [4, 5, 5]
     CurrentConvergenceMeasurement: 0.000887078
     CurrentLevel: 4
     ElapsedIterations: 31
     LogBiasFieldControlPointLattice: 
       Image (0x55dc949c5160)
         RTTI typeinfo:   itk::Image<itk::Vector<float, 1u>, 3u>
         Reference Count: 1
         Modified Time: 343560
         Debug: Off
         Object Name: 
         Observers: 
           none
         Source: (none)
         Source output name: (none)
         Release Data: Off
         Data Released: False
         Global Release Data: Off
         PipelineMTime: 0
         UpdateMTime: 0
         RealTimeStamp: 0 seconds 
         LargestPossibleRegion: 
           Dimension: 3
           Index: [0, 0, 0]
           Size: [11, 19, 19]
         BufferedRegion: 
           Dimension: 3
           Index: [0, 0, 0]
           Size: [11, 19, 19]
         RequestedRegion: 
           Dimension: 3
           Index: [0, 0, 0]
           Size: [11, 19, 19]
         Spacing: [24.75, 24.875, 24.875]
         Origin: [23.4566, 22.0087, -28.557]
         Direction: 
-0.999129 0.0403126 0.0108169
-0.0383639 -0.989057 0.142458
0.0164414 0.141919 0.989742

         IndexToPointMatrix: 
-24.7284 1.00278 0.26907
-0.949508 -24.6028 3.54364
0.406924 3.53024 24.6198

         PointToIndexMatrix: 
-0.0403688 -0.00155006 0.000664298
0.00162061 -0.0397611 0.00570528
0.00043485 0.00572696 0.0397886

         Inverse Direction: 
-0.999129 -0.0383639 0.0164414
0.0403126 -0.989057 0.141919
0.0108169 0.142458 0.989742

         PixelContainer: 
           ImportImageContainer (0x55dc955cac30)
             RTTI typeinfo:   itk::ImportImageContainer<unsigned long, itk::Vector<float, 1u> >
             Reference Count: 1
             Modified Time: 343561
             Debug: Off
             Object Name: 
             Observers: 
               none
             Pointer: 0x55dc937efb20
             Container manages memory: true
             Size: 3971
             Capacity: 3971
Elapsed time: 317.622
All_Command_lines_OK
Using single precision for computations.
=============================================================================
The composite transform comprises the following transforms (in order): 
  1. Center of mass alignment using fixed image: /home/mpib/nemecz/Projects/miniTRK/Results/01_MRI/GroupTempl/T1w/T_template0.nii.gz and moving image: /home/mpib/nemecz/Projects/miniTRK/Analysis/01_MRI/Preproc/GroupTempl/T1w/sub-378141_T1w.nii.gz (type = Euler3DTransform)
=============================================================================
  number of levels = 4
  number of levels = 4
  number of levels = 4
  fixed image: /home/mpib/nemecz/Projects/miniTRK/Results/01_MRI/GroupTempl/T1w/T_template0.nii.gz
  moving image: /home/mpib/nemecz/Projects/miniTRK/Results/01_MRI/GroupTempl/T1w/T_template0sub-378141_T1wRepaired.nii.gz
  fixed image: /home/mpib/nemecz/Projects/miniTRK/Results/01_MRI/GroupTempl/T1w/T_template0.nii.gz
  moving image: /home/mpib/nemecz/Projects/miniTRK/Results/01_MRI/GroupTempl/T1w/T_template0sub-378141_T1wRepaired.nii.gz
  fixed image: /home/mpib/nemecz/Projects/miniTRK/Results/01_MRI/GroupTempl/T1w/T_template0.nii.gz
  moving image: /home/mpib/nemecz/Projects/miniTRK/Results/01_MRI/GroupTempl/T1w/T_template0sub-378141_T1wRepaired.nii.gz
Dimension = 3
Number of stages = 3
Use Histogram Matching true
Winsorize image intensities true
Lower quantile = 0.01
Upper quantile = 0.99
Stage 1 State
   Image metric = Mattes
     Fixed image = Image (0x55568e067ad0)
  RTTI typeinfo:   itk::Image<float, 3u>
  Reference Count: 2
  Modified Time: 1721
  Debug: Off
  Object Name: 
  Observers: 
    none
  Source: (none)
  Source output name: (none)
  Release Data: Off
  Data Released: False
  Global Release Data: Off
  PipelineMTime: 0
  UpdateMTime: 1506
  RealTimeStamp: 0 seconds 
  LargestPossibleRegion: 
    Dimension: 3
    Index: [0, 0, 0]
    Size: [192, 256, 256]
  BufferedRegion: 
    Dimension: 3
    Index: [0, 0, 0]
    Size: [192, 256, 256]
  RequestedRegion: 
    Dimension: 3
    Index: [0, 0, 0]
    Size: [192, 256, 256]
  Spacing: [1, 1, 1]
  Origin: [95.0313, 100.538, -154.123]
  Direction: 
-0.999853 -0.014134 -0.00966312
0.014129 -0.9999 0.000586045
-0.00967044 0.000449429 0.999953

  IndexToPointMatrix: 
-0.999853 -0.014134 -0.00966312
0.014129 -0.9999 0.000586045
-0.00967044 0.000449429 0.999953

  PointToIndexMatrix: 
-0.999853 0.014129 -0.00967044
-0.014134 -0.9999 0.000449429
-0.00966312 0.000586045 0.999953

  Inverse Direction: 
-0.999853 0.014129 -0.00967044
-0.014134 -0.9999 0.000449429
-0.00966312 0.000586045 0.999953

  PixelContainer: 
    ImportImageContainer (0x55568e06fc80)
      RTTI typeinfo:   itk::ImportImageContainer<unsigned long, float>
      Reference Count: 1
      Modified Time: 1503
      Debug: Off
      Object Name: 
      Observers: 
        none
      Pointer: 0x7f21d5c16010
      Container manages memory: true
      Size: 12582912
      Capacity: 12582912

     Moving image = Image (0x55568e068bc0)
  RTTI typeinfo:   itk::Image<float, 3u>
  Reference Count: 2
  Modified Time: 1722
  Debug: Off
  Object Name: 
  Observers: 
    none
  Source: (none)
  Source output name: (none)
  Release Data: Off
  Data Released: False
  Global Release Data: Off
  PipelineMTime: 0
  UpdateMTime: 1719
  RealTimeStamp: 0 seconds 
  LargestPossibleRegion: 
    Dimension: 3
    Index: [0, 0, 0]
    Size: [192, 256, 256]
  BufferedRegion: 
    Dimension: 3
    Index: [0, 0, 0]
    Size: [192, 256, 256]
  RequestedRegion: 
    Dimension: 3
    Index: [0, 0, 0]
    Size: [192, 256, 256]
  Spacing: [1, 1, 1]
  Origin: [86.9801, 83.5423, -170.776]
  Direction: 
-0.999129 0.0403126 0.0108169
-0.0383639 -0.989057 0.142458
0.0164414 0.141919 0.989742

  IndexToPointMatrix: 
-0.999129 0.0403126 0.0108169
-0.0383639 -0.989057 0.142458
0.0164414 0.141919 0.989742

  PointToIndexMatrix: 
-0.999129 -0.0383639 0.0164414
0.0403126 -0.989057 0.141919
0.0108169 0.142458 0.989742

  Inverse Direction: 
-0.999129 -0.0383639 0.0164414
0.0403126 -0.989057 0.141919
0.0108169 0.142458 0.989742

  PixelContainer: 
    ImportImageContainer (0x55568e074100)
      RTTI typeinfo:   itk::ImportImageContainer<unsigned long, float>
      Reference Count: 1
      Modified Time: 1716
      Debug: Off
      Object Name: 
      Observers: 
        none
      Pointer: 0x7f21d2c15010
      Container manages memory: true
      Size: 12582912
      Capacity: 12582912

     Weighting = 1
     Sampling strategy = regular
     Number of bins = 32
     Radius = 4
     Sampling percentage  = 0.25
   Transform = Rigid
     Gradient step = 0.1
     Update field sigma (voxel space) = 0
     Total field sigma (voxel space) = 0
     Update field time sigma = 0
     Total field time sigma  = 0
     Number of time indices = 0
     Number of time point samples = 0
Stage 2 State
   Image metric = Mattes
     Fixed image = Image (0x55568e080870)
  RTTI typeinfo:   itk::Image<float, 3u>
  Reference Count: 2
  Modified Time: 2149
  Debug: Off
  Object Name: 
  Observers: 
    none
  Source: (none)
  Source output name: (none)
  Release Data: Off
  Data Released: False
  Global Release Data: Off
  PipelineMTime: 0
  UpdateMTime: 1934
  RealTimeStamp: 0 seconds 
  LargestPossibleRegion: 
    Dimension: 3
    Index: [0, 0, 0]
    Size: [192, 256, 256]
  BufferedRegion: 
    Dimension: 3
    Index: [0, 0, 0]
    Size: [192, 256, 256]
  RequestedRegion: 
    Dimension: 3
    Index: [0, 0, 0]
    Size: [192, 256, 256]
  Spacing: [1, 1, 1]
  Origin: [95.0313, 100.538, -154.123]
  Direction: 
-0.999853 -0.014134 -0.00966312
0.014129 -0.9999 0.000586045
-0.00967044 0.000449429 0.999953

  IndexToPointMatrix: 
-0.999853 -0.014134 -0.00966312
0.014129 -0.9999 0.000586045
-0.00967044 0.000449429 0.999953

  PointToIndexMatrix: 
-0.999853 0.014129 -0.00967044
-0.014134 -0.9999 0.000449429
-0.00966312 0.000586045 0.999953

  Inverse Direction: 
-0.999853 0.014129 -0.00967044
-0.014134 -0.9999 0.000449429
-0.00966312 0.000586045 0.999953

  PixelContainer: 
    ImportImageContainer (0x55568e06b6d0)
      RTTI typeinfo:   itk::ImportImageContainer<unsigned long, float>
      Reference Count: 1
      Modified Time: 1931
      Debug: Off
      Object Name: 
      Observers: 
        none
      Pointer: 0x7f21cfc14010
      Container manages memory: true
      Size: 12582912
      Capacity: 12582912

     Moving image = Image (0x55568e0804c0)
  RTTI typeinfo:   itk::Image<float, 3u>
  Reference Count: 2
  Modified Time: 2150
  Debug: Off
  Object Name: 
  Observers: 
    none
  Source: (none)
  Source output name: (none)
  Release Data: Off
  Data Released: False
  Global Release Data: Off
  PipelineMTime: 0
  UpdateMTime: 2147
  RealTimeStamp: 0 seconds 
  LargestPossibleRegion: 
    Dimension: 3
    Index: [0, 0, 0]
    Size: [192, 256, 256]
  BufferedRegion: 
    Dimension: 3
    Index: [0, 0, 0]
    Size: [192, 256, 256]
  RequestedRegion: 
    Dimension: 3
    Index: [0, 0, 0]
    Size: [192, 256, 256]
  Spacing: [1, 1, 1]
  Origin: [86.9801, 83.5423, -170.776]
  Direction: 
-0.999129 0.0403126 0.0108169
-0.0383639 -0.989057 0.142458
0.0164414 0.141919 0.989742

  IndexToPointMatrix: 
-0.999129 0.0403126 0.0108169
-0.0383639 -0.989057 0.142458
0.0164414 0.141919 0.989742

  PointToIndexMatrix: 
-0.999129 -0.0383639 0.0164414
0.0403126 -0.989057 0.141919
0.0108169 0.142458 0.989742

  Inverse Direction: 
-0.999129 -0.0383639 0.0164414
0.0403126 -0.989057 0.141919
0.0108169 0.142458 0.989742

  PixelContainer: 
    ImportImageContainer (0x55568e0818c0)
      RTTI typeinfo:   itk::ImportImageContainer<unsigned long, float>
      Reference Count: 1
      Modified Time: 2144
      Debug: Off
      Object Name: 
      Observers: 
        none
      Pointer: 0x7f21ccc13010
      Container manages memory: true
      Size: 12582912
      Capacity: 12582912

     Weighting = 1
     Sampling strategy = regular
     Number of bins = 32
     Radius = 4
     Sampling percentage  = 0.25
   Transform = Affine
     Gradient step = 0.1
     Update field sigma (voxel space) = 0
     Total field sigma (voxel space) = 0
     Update field time sigma = 0
     Total field time sigma  = 0
     Number of time indices = 0
     Number of time point samples = 0
Stage 3 State
   Image metric = CC
     Fixed image = Image (0x55568e087960)
  RTTI typeinfo:   itk::Image<float, 3u>
  Reference Count: 2
  Modified Time: 2577
  Debug: Off
  Object Name: 
  Observers: 
    none
  Source: (none)
  Source output name: (none)
  Release Data: Off
  Data Released: False
  Global Release Data: Off
  PipelineMTime: 0
  UpdateMTime: 2362
  RealTimeStamp: 0 seconds 
  LargestPossibleRegion: 
    Dimension: 3
    Index: [0, 0, 0]
    Size: [192, 256, 256]
  BufferedRegion: 
    Dimension: 3
    Index: [0, 0, 0]
    Size: [192, 256, 256]
  RequestedRegion: 
    Dimension: 3
    Index: [0, 0, 0]
    Size: [192, 256, 256]
  Spacing: [1, 1, 1]
  Origin: [95.0313, 100.538, -154.123]
  Direction: 
-0.999853 -0.014134 -0.00966312
0.014129 -0.9999 0.000586045
-0.00967044 0.000449429 0.999953

  IndexToPointMatrix: 
-0.999853 -0.014134 -0.00966312
0.014129 -0.9999 0.000586045
-0.00967044 0.000449429 0.999953

  PointToIndexMatrix: 
-0.999853 0.014129 -0.00967044
-0.014134 -0.9999 0.000449429
-0.00966312 0.000586045 0.999953

  Inverse Direction: 
-0.999853 0.014129 -0.00967044
-0.014134 -0.9999 0.000449429
-0.00966312 0.000586045 0.999953

  PixelContainer: 
    ImportImageContainer (0x55568e068660)
      RTTI typeinfo:   itk::ImportImageContainer<unsigned long, float>
      Reference Count: 1
      Modified Time: 2359
      Debug: Off
      Object Name: 
      Observers: 
        none
      Pointer: 0x7f21c9c12010
      Container manages memory: true
      Size: 12582912
      Capacity: 12582912

     Moving image = Image (0x55568e089840)
  RTTI typeinfo:   itk::Image<float, 3u>
  Reference Count: 2
  Modified Time: 2578
  Debug: Off
  Object Name: 
  Observers: 
    none
  Source: (none)
  Source output name: (none)
  Release Data: Off
  Data Released: False
  Global Release Data: Off
  PipelineMTime: 0
  UpdateMTime: 2575
  RealTimeStamp: 0 seconds 
  LargestPossibleRegion: 
    Dimension: 3
    Index: [0, 0, 0]
    Size: [192, 256, 256]
  BufferedRegion: 
    Dimension: 3
    Index: [0, 0, 0]
    Size: [192, 256, 256]
  RequestedRegion: 
    Dimension: 3
    Index: [0, 0, 0]
    Size: [192, 256, 256]
  Spacing: [1, 1, 1]
  Origin: [86.9801, 83.5423, -170.776]
  Direction: 
-0.999129 0.0403126 0.0108169
-0.0383639 -0.989057 0.142458
0.0164414 0.141919 0.989742

  IndexToPointMatrix: 
-0.999129 0.0403126 0.0108169
-0.0383639 -0.989057 0.142458
0.0164414 0.141919 0.989742

  PointToIndexMatrix: 
-0.999129 -0.0383639 0.0164414
0.0403126 -0.989057 0.141919
0.0108169 0.142458 0.989742

  Inverse Direction: 
-0.999129 -0.0383639 0.0164414
0.0403126 -0.989057 0.141919
0.0108169 0.142458 0.989742

  PixelContainer: 
    ImportImageContainer (0x55568e086660)
      RTTI typeinfo:   itk::ImportImageContainer<unsigned long, float>
      Reference Count: 1
      Modified Time: 2572
      Debug: Off
      Object Name: 
      Observers: 
        none
      Pointer: 0x7f21c6c11010
      Container manages memory: true
      Size: 12582912
      Capacity: 12582912

     Weighting = 1
     Sampling strategy = none
     Number of bins = 32
     Radius = 4
     Sampling percentage  = 1
   Transform = SyN
     Gradient step = 0.1
     Update field sigma (voxel space) = 3
     Total field sigma (voxel space) = 0
     Update field time sigma = 0
     Total field time sigma  = 0
     Number of time indices = 0
     Number of time point samples = 0
Registration using 3 total stages.

Stage 0
  iterations = 1000x500x250x0
  convergence threshold = 1e-06
  convergence window size = 10
  number of levels = 4
  using the Mattes MI metric (number of bins = 32, weight = 1)
  preprocessing:  winsorizing the image intensities
  preprocessing:  histogram matching the images
  Shrink factors (level 1 out of 4): [6, 6, 6]
  Shrink factors (level 2 out of 4): [4, 4, 4]
  Shrink factors (level 3 out of 4): [2, 2, 2]
  Shrink factors (level 4 out of 4): [1, 1, 1]
  smoothing sigmas per level: [4, 2, 1, 0]
  regular sampling (percentage = 0.25)

*** Running Euler3DTransform registration ***

DIAGNOSTIC,Iteration,metricValue,convergenceValue,ITERATION_TIME_INDEX,SINCE_LAST
 2DIAGNOSTIC,     1, -9.432739019394e-01, inf, 7.0883e-01, 7.0883e-01, 
 2DIAGNOSTIC,     2, -9.454389810562e-01, inf, 7.1802e-01, 9.1901e-03, 
 2DIAGNOSTIC,     3, -9.481759071350e-01, inf, 7.2728e-01, 9.2609e-03, 
 2DIAGNOSTIC,     4, -9.517881870270e-01, inf, 7.3767e-01, 1.0390e-02, 
 2DIAGNOSTIC,     5, -9.553387165070e-01, inf, 7.4776e-01, 1.0087e-02, 
 2DIAGNOSTIC,     6, -9.572140574455e-01, inf, 7.5744e-01, 9.6850e-03, 
 2DIAGNOSTIC,     7, -9.584485888481e-01, inf, 7.6763e-01, 1.0190e-02, 
 2DIAGNOSTIC,     8, -9.602819681168e-01, inf, 7.7742e-01, 9.7861e-03, 
 2DIAGNOSTIC,     9, -9.620509743690e-01, inf, 7.8938e-01, 1.1957e-02, 
 2DIAGNOSTIC,    10, -9.646869897842e-01, 1.427535898983e-03, 8.1637e-01, 2.6994e-02, 
 2DIAGNOSTIC,    11, -9.646769762039e-01, 1.175805344246e-03, 8.2806e-01, 1.1687e-02, 
 2DIAGNOSTIC,    12, -9.646944999695e-01, 9.165800292976e-04, 8.3885e-01, 1.0794e-02, 
 2DIAGNOSTIC,    13, -9.647186398506e-01, 6.774829234928e-04, 8.5156e-01, 1.2713e-02, 
 2DIAGNOSTIC,    14, -9.647343158722e-01, 4.861838533543e-04, 8.6319e-01, 1.1627e-02, 
 2DIAGNOSTIC,    15, -9.647258520126e-01, 3.452842065599e-04, 8.7459e-01, 1.1402e-02, 
 2DIAGNOSTIC,    16, -9.647989869118e-01, 2.268916432513e-04, 8.8585e-01, 1.1252e-02, 
 2DIAGNOSTIC,    17, -9.648180007935e-01, 1.238409749931e-04, 8.9769e-01, 1.1848e-02, 
 2DIAGNOSTIC,    18, -9.648915529251e-01, 5.211677489569e-05, 9.0983e-01, 1.2132e-02, 
 2DIAGNOSTIC,    19, -9.648929238319e-01, 9.731350473885e-06, 9.2088e-01, 1.1055e-02, 
 2DIAGNOSTIC,    20, -9.649555683136e-01, 1.084571340471e-05, 9.3356e-01, 1.2682e-02, 
 2DIAGNOSTIC,    21, -9.650009870529e-01, 1.146586964751e-05, 9.4348e-01, 9.9130e-03, 
 2DIAGNOSTIC,    22, -9.651214480400e-01, 1.293010154768e-05, 9.5320e-01, 9.7229e-03, 
 2DIAGNOSTIC,    23, -9.652560949326e-01, 1.520277510281e-05, 9.6293e-01, 9.7308e-03, 
 2DIAGNOSTIC,    24, -9.655094742775e-01, 1.929762038344e-05, 9.7697e-01, 1.4042e-02, 
 2DIAGNOSTIC,    25, -9.655785560608e-01, 2.202790346928e-05, 9.8689e-01, 9.9139e-03, 
 2DIAGNOSTIC,    26, -9.656032919884e-01, 2.373397182964e-05, 9.9675e-01, 9.8660e-03, 
 2DIAGNOSTIC,    27, -9.661602973938e-01, 2.950611451524e-05, 1.0090e+00, 1.2272e-02, 
 2DIAGNOSTIC,    28, -9.665348529816e-01, 3.674683466670e-05, 1.0209e+00, 1.1918e-02, 
 2DIAGNOSTIC,    29, -9.665089249611e-01, 3.979261600762e-05, 1.0306e+00, 9.6500e-03, 
 2DIAGNOSTIC,    30, -9.665132761002e-01, 3.977904270869e-05, 1.0415e+00, 1.0949e-02, 
 2DIAGNOSTIC,    31, -9.665164351463e-01, 3.661481969175e-05, 1.0510e+00, 9.4979e-03, 
 2DIAGNOSTIC,    32, -9.664850831032e-01, 3.099871537415e-05, 1.0618e+00, 1.0796e-02, 
 2DIAGNOSTIC,    33, -9.664899110794e-01, 2.400840094197e-05, 1.0736e+00, 1.1767e-02, 
 2DIAGNOSTIC,    34, -9.664213657379e-01, 1.690128920018e-05, 1.0865e+00, 1.2898e-02, 
 2DIAGNOSTIC,    35, -9.664226770401e-01, 9.394470907864e-06, 1.0980e+00, 1.1545e-02, 
 2DIAGNOSTIC,    36, -9.664233326912e-01, 1.604644808140e-06, 1.1106e+00, 1.2543e-02, 
DIAGNOSTIC,Iteration,metricValue,convergenceValue,ITERATION_TIME_INDEX,SINCE_LAST
 2DIAGNOSTIC,     1, -7.686411142349e-01, inf, 1.6690e+00, 5.5838e-01, 
 2DIAGNOSTIC,     2, -7.693618535995e-01, inf, 1.7139e+00, 4.4891e-02, 
 2DIAGNOSTIC,     3, -7.700831890106e-01, inf, 1.7658e+00, 5.1935e-02, 
 2DIAGNOSTIC,     4, -7.707437276840e-01, inf, 1.8107e+00, 4.4933e-02, 
 2DIAGNOSTIC,     5, -7.712299227715e-01, inf, 1.8552e+00, 4.4469e-02, 
 2DIAGNOSTIC,     6, -7.718166708946e-01, inf, 1.8992e+00, 4.4007e-02, 
 2DIAGNOSTIC,     7, -7.723293304443e-01, inf, 1.9699e+00, 7.0673e-02, 
 2DIAGNOSTIC,     8, -7.724918723106e-01, inf, 2.0142e+00, 4.4295e-02, 
 2DIAGNOSTIC,     9, -7.726787924767e-01, inf, 2.0640e+00, 4.9831e-02, 
 2DIAGNOSTIC,    10, -7.729334235191e-01, 3.613167791627e-04, 2.1266e+00, 6.2636e-02, 
 2DIAGNOSTIC,    11, -7.729846239090e-01, 2.757125184871e-04, 2.1767e+00, 5.0098e-02, 
 2DIAGNOSTIC,    12, -7.730467319489e-01, 2.036192017840e-04, 2.2199e+00, 4.3129e-02, 
 2DIAGNOSTIC,    13, -7.731119990349e-01, 1.466129615437e-04, 2.2611e+00, 4.1252e-02, 
 2DIAGNOSTIC,    14, -7.731218934059e-01, 1.022155629471e-04, 2.3086e+00, 4.7511e-02, 
 2DIAGNOSTIC,    15, -7.731379270554e-01, 6.666695844615e-05, 2.3552e+00, 4.6563e-02, 
 2DIAGNOSTIC,    16, -7.731295228004e-01, 4.270566205378e-05, 2.3957e+00, 4.0524e-02, 
 2DIAGNOSTIC,    17, -7.731541395187e-01, 2.947317079816e-05, 2.4461e+00, 5.0342e-02, 
 2DIAGNOSTIC,    18, -7.731681466103e-01, 1.870523374237e-05, 2.4894e+00, 4.3392e-02, 
 2DIAGNOSTIC,    19, -7.731834053993e-01, 1.129614520323e-05, 2.5334e+00, 4.3968e-02, 
 2DIAGNOSTIC,    20, -7.731789350510e-01, 8.342583896592e-06, 2.5768e+00, 4.3399e-02, 
 2DIAGNOSTIC,    21, -7.732140421867e-01, 6.549119007104e-06, 2.6198e+00, 4.3011e-02, 
 2DIAGNOSTIC,    22, -7.732189893723e-01, 5.524975222215e-06, 2.6731e+00, 5.3301e-02, 
 2DIAGNOSTIC,    23, -7.732215523720e-01, 5.287320618663e-06, 2.7097e+00, 3.6594e-02, 
 2DIAGNOSTIC,    24, -7.732216715813e-01, 4.858830379817e-06, 2.7569e+00, 4.7164e-02, 
 2DIAGNOSTIC,    25, -7.732155323029e-01, 4.289839125704e-06, 2.7987e+00, 4.1790e-02, 
 2DIAGNOSTIC,    26, -7.732074856758e-01, 3.238809995310e-06, 2.8397e+00, 4.1002e-02, 
 2DIAGNOSTIC,    27, -7.732096314430e-01, 2.435830765535e-06, 2.8764e+00, 3.6706e-02, 
 2DIAGNOSTIC,    28, -7.732097506523e-01, 1.754222807904e-06, 2.9126e+00, 3.6218e-02, 
 2DIAGNOSTIC,    29, -7.732118964195e-01, 1.288980456593e-06, 2.9486e+00, 3.5989e-02, 
DIAGNOSTIC,Iteration,metricValue,convergenceValue,ITERATION_TIME_INDEX,SINCE_LAST
 2DIAGNOSTIC,     1, -6.693648695946e-01, inf, 3.9680e+00, 1.0194e+00, 
 2DIAGNOSTIC,     2, -6.697489023209e-01, inf, 4.2024e+00, 2.3436e-01, 
 2DIAGNOSTIC,     3, -6.699304580688e-01, inf, 4.4337e+00, 2.3129e-01, 
 2DIAGNOSTIC,     4, -6.700007915497e-01, inf, 4.6936e+00, 2.5989e-01, 
 2DIAGNOSTIC,     5, -6.700111627579e-01, inf, 4.9229e+00, 2.2928e-01, 
 2DIAGNOSTIC,     6, -6.700099706650e-01, inf, 5.1814e+00, 2.5856e-01, 
 2DIAGNOSTIC,     7, -6.700131893158e-01, inf, 5.4694e+00, 2.8794e-01, 
 2DIAGNOSTIC,     8, -6.700128912926e-01, inf, 5.7248e+00, 2.5547e-01, 
 2DIAGNOSTIC,     9, -6.700148582458e-01, inf, 5.9805e+00, 2.5568e-01, 
 2DIAGNOSTIC,    10, -6.700118780136e-01, 4.317998536862e-05, 6.2391e+00, 2.5862e-01, 
 2DIAGNOSTIC,    11, -6.700120568275e-01, 1.621708543098e-05, 6.5830e+00, 3.4390e-01, 
 2DIAGNOSTIC,    12, -6.700105667114e-01, 5.927811798756e-06, 6.8412e+00, 2.5813e-01, 
 2DIAGNOSTIC,    13, -6.700099110603e-01, 2.766267016341e-06, 7.1197e+00, 2.7859e-01, 
 2DIAGNOSTIC,    14, -6.700096726418e-01, 2.143106485164e-06, 7.3713e+00, 2.5151e-01, 
 2DIAGNOSTIC,    15, -6.700084209442e-01, 1.875165935417e-06, 7.6226e+00, 2.5130e-01, 
 2DIAGNOSTIC,    16, -6.700078845024e-01, 1.616685381123e-06, 7.8729e+00, 2.5038e-01, 
 2DIAGNOSTIC,    17, -6.700071692467e-01, 1.485473262619e-06, 8.1205e+00, 2.4754e-01, 
 2DIAGNOSTIC,    18, -6.700072884560e-01, 1.398427571075e-06, 8.3725e+00, 2.5207e-01, 
 2DIAGNOSTIC,    19, -6.700081825256e-01, 1.419811383130e-06, 8.6029e+00, 2.3032e-01, 
 2DIAGNOSTIC,    20, -6.700087189674e-01, 1.409905735272e-06, 8.8331e+00, 2.3022e-01, 
 2DIAGNOSTIC,    21, -6.700078248978e-01, 1.404233557878e-06, 9.0642e+00, 2.3116e-01, 
 2DIAGNOSTIC,    22, -6.700071692467e-01, 1.369105802951e-06, 9.2990e+00, 2.3481e-01, 
 2DIAGNOSTIC,    23, -6.700062751770e-01, 1.315589770456e-06, 9.5385e+00, 2.3949e-01, 
 2DIAGNOSTIC,    24, -6.700067520142e-01, 1.277136561839e-06, 9.7871e+00, 2.4856e-01, 
 2DIAGNOSTIC,    25, -6.700070500374e-01, 1.229516556123e-06, 1.0049e+01, 2.6211e-01, 
 2DIAGNOSTIC,    26, -6.700075268745e-01, 1.189192971651e-06, 1.0301e+01, 2.5171e-01, 
 2DIAGNOSTIC,    27, -6.700076460838e-01, 1.146222189163e-06, 1.0532e+01, 2.3068e-01, 
 2DIAGNOSTIC,    28, -6.700067520142e-01, 1.097434960684e-06, 1.0807e+01, 2.7572e-01, 
 2DIAGNOSTIC,    29, -6.700063347816e-01, 1.062526507667e-06, 1.1077e+01, 2.6925e-01, 
 2DIAGNOSTIC,    30, -6.700064539909e-01, 1.042437816068e-06, 1.1391e+01, 3.1457e-01, 
 2DIAGNOSTIC,    31, -6.700062155724e-01, 1.009616312331e-06, 1.1632e+01, 2.4083e-01, 
DIAGNOSTIC,Iteration,metricValue,convergenceValue,ITERATION_TIME_INDEX,SINCE_LAST
 2DIAGNOSTIC,     1, -6.029564738274e-01, inf, 1.4195e+01, 2.5632e+00, 
  Elapsed time (stage 0): 1.5395e+01


Stage 1
  iterations = 1000x500x250x0
  convergence threshold = 1.0000e-06
  convergence window size = 10
  number of levels = 4
  using the Mattes MI metric (number of bins = 32, weight = 1.0000e+00)
