
Running N4 for 3-dimensional images.

Mask not read.  Using the entire image as the mask.

Original intensity range:  [0, 918]

***********************************************************
Warning:  Your input image contains nonpositive values
which could cause failure or problematic results.  A
possible workaround would be to:
   1. rescale your image to positive values e.g., [10,100].
   2. run N4 on your rescaled image.
   3. (optional) rescale the N4 output to the original
      intensity range.
***********************************************************

Specified spline distance: 200mm
  original image size:  [192, 256, 256]
  padded image size:  [201, 401, 401]
  number of control points:  [4, 5, 5]

Current level = 1
  Iteration 1 (of 50).   Current convergence value = 0.000625239 (threshold = 1e-08)
  Iteration 2 (of 50).   Current convergence value = 0.000409196 (threshold = 1e-08)
  Iteration 3 (of 50).   Current convergence value = 0.000269897 (threshold = 1e-08)
  Iteration 4 (of 50).   Current convergence value = 0.000182491 (threshold = 1e-08)
  Iteration 5 (of 50).   Current convergence value = 0.000129521 (threshold = 1e-08)
  Iteration 6 (of 50).   Current convergence value = 0.000100658 (threshold = 1e-08)
  Iteration 7 (of 50).   Current convergence value = 8.81541e-05 (threshold = 1e-08)
  Iteration 8 (of 50).   Current convergence value = 8.49767e-05 (threshold = 1e-08)
  Iteration 9 (of 50).   Current convergence value = 8.58649e-05 (threshold = 1e-08)
  Iteration 10 (of 50).   Current convergence value = 8.79916e-05 (threshold = 1e-08)
  Iteration 11 (of 50).   Current convergence value = 9.01704e-05 (threshold = 1e-08)
  Iteration 12 (of 50).   Current convergence value = 9.19958e-05 (threshold = 1e-08)
  Iteration 13 (of 50).   Current convergence value = 9.36216e-05 (threshold = 1e-08)
  Iteration 14 (of 50).   Current convergence value = 9.46671e-05 (threshold = 1e-08)
  Iteration 15 (of 50).   Current convergence value = 9.53946e-05 (threshold = 1e-08)
  Iteration 16 (of 50).   Current convergence value = 9.59593e-05 (threshold = 1e-08)
  Iteration 17 (of 50).   Current convergence value = 9.61824e-05 (threshold = 1e-08)
  Iteration 18 (of 50).   Current convergence value = 9.64669e-05 (threshold = 1e-08)
  Iteration 19 (of 50).   Current convergence value = 9.65652e-05 (threshold = 1e-08)
  Iteration 20 (of 50).   Current convergence value = 9.66902e-05 (threshold = 1e-08)
  Iteration 21 (of 50).   Current convergence value = 9.66191e-05 (threshold = 1e-08)
  Iteration 22 (of 50).   Current convergence value = 9.64853e-05 (threshold = 1e-08)
  Iteration 23 (of 50).   Current convergence value = 9.64114e-05 (threshold = 1e-08)
  Iteration 24 (of 50).   Current convergence value = 9.62393e-05 (threshold = 1e-08)
  Iteration 25 (of 50).   Current convergence value = 9.6145e-05 (threshold = 1e-08)
  Iteration 26 (of 50).   Current convergence value = 9.58856e-05 (threshold = 1e-08)
  Iteration 27 (of 50).   Current convergence value = 9.55834e-05 (threshold = 1e-08)
  Iteration 28 (of 50).   Current convergence value = 9.52708e-05 (threshold = 1e-08)
  Iteration 29 (of 50).   Current convergence value = 9.49384e-05 (threshold = 1e-08)
  Iteration 30 (of 50).   Current convergence value = 9.45539e-05 (threshold = 1e-08)
  Iteration 31 (of 50).   Current convergence value = 9.40931e-05 (threshold = 1e-08)
  Iteration 32 (of 50).   Current convergence value = 9.36197e-05 (threshold = 1e-08)
  Iteration 33 (of 50).   Current convergence value = 9.31627e-05 (threshold = 1e-08)
  Iteration 34 (of 50).   Current convergence value = 9.27604e-05 (threshold = 1e-08)
  Iteration 35 (of 50).   Current convergence value = 9.2311e-05 (threshold = 1e-08)
  Iteration 36 (of 50).   Current convergence value = 9.17946e-05 (threshold = 1e-08)
  Iteration 37 (of 50).   Current convergence value = 9.13577e-05 (threshold = 1e-08)
  Iteration 38 (of 50).   Current convergence value = 9.09495e-05 (threshold = 1e-08)
  Iteration 39 (of 50).   Current convergence value = 9.05673e-05 (threshold = 1e-08)
  Iteration 40 (of 50).   Current convergence value = 9.01425e-05 (threshold = 1e-08)
  Iteration 41 (of 50).   Current convergence value = 8.97438e-05 (threshold = 1e-08)
  Iteration 42 (of 50).   Current convergence value = 8.93295e-05 (threshold = 1e-08)
  Iteration 43 (of 50).   Current convergence value = 8.88446e-05 (threshold = 1e-08)
  Iteration 44 (of 50).   Current convergence value = 8.83771e-05 (threshold = 1e-08)
  Iteration 45 (of 50).   Current convergence value = 8.80455e-05 (threshold = 1e-08)
  Iteration 46 (of 50).   Current convergence value = 8.77289e-05 (threshold = 1e-08)
  Iteration 47 (of 50).   Current convergence value = 8.74338e-05 (threshold = 1e-08)
  Iteration 48 (of 50).   Current convergence value = 8.70138e-05 (threshold = 1e-08)
  Iteration 49 (of 50).   Current convergence value = 8.65756e-05 (threshold = 1e-08)
  Iteration 50 (of 50).   Current convergence value = 8.62617e-05 (threshold = 1e-08)
Current level = 2
  Iteration 1 (of 50).   Current convergence value = 0.000537503 (threshold = 1e-08)
  Iteration 2 (of 50).   Current convergence value = 0.000440167 (threshold = 1e-08)
  Iteration 3 (of 50).   Current convergence value = 0.000374177 (threshold = 1e-08)
  Iteration 4 (of 50).   Current convergence value = 0.00032147 (threshold = 1e-08)
  Iteration 5 (of 50).   Current convergence value = 0.000277834 (threshold = 1e-08)
  Iteration 6 (of 50).   Current convergence value = 0.000242518 (threshold = 1e-08)
  Iteration 7 (of 50).   Current convergence value = 0.000216354 (threshold = 1e-08)
  Iteration 8 (of 50).   Current convergence value = 0.000197853 (threshold = 1e-08)
  Iteration 9 (of 50).   Current convergence value = 0.000177076 (threshold = 1e-08)
  Iteration 10 (of 50).   Current convergence value = 0.000159575 (threshold = 1e-08)
  Iteration 11 (of 50).   Current convergence value = 0.000144504 (threshold = 1e-08)
  Iteration 12 (of 50).   Current convergence value = 0.00013132 (threshold = 1e-08)
  Iteration 13 (of 50).   Current convergence value = 0.000120241 (threshold = 1e-08)
  Iteration 14 (of 50).   Current convergence value = 0.000110613 (threshold = 1e-08)
  Iteration 15 (of 50).   Current convergence value = 0.00010341 (threshold = 1e-08)
  Iteration 16 (of 50).   Current convergence value = 9.96468e-05 (threshold = 1e-08)
  Iteration 17 (of 50).   Current convergence value = 9.67489e-05 (threshold = 1e-08)
  Iteration 18 (of 50).   Current convergence value = 9.44306e-05 (threshold = 1e-08)
  Iteration 19 (of 50).   Current convergence value = 9.2799e-05 (threshold = 1e-08)
  Iteration 20 (of 50).   Current convergence value = 9.14725e-05 (threshold = 1e-08)
  Iteration 21 (of 50).   Current convergence value = 9.028e-05 (threshold = 1e-08)
  Iteration 22 (of 50).   Current convergence value = 8.94719e-05 (threshold = 1e-08)
  Iteration 23 (of 50).   Current convergence value = 8.84715e-05 (threshold = 1e-08)
  Iteration 24 (of 50).   Current convergence value = 8.74667e-05 (threshold = 1e-08)
  Iteration 25 (of 50).   Current convergence value = 8.68484e-05 (threshold = 1e-08)
  Iteration 26 (of 50).   Current convergence value = 8.59607e-05 (threshold = 1e-08)
  Iteration 27 (of 50).   Current convergence value = 8.51405e-05 (threshold = 1e-08)
  Iteration 28 (of 50).   Current convergence value = 8.43497e-05 (threshold = 1e-08)
  Iteration 29 (of 50).   Current convergence value = 8.37912e-05 (threshold = 1e-08)
  Iteration 30 (of 50).   Current convergence value = 8.30635e-05 (threshold = 1e-08)
  Iteration 31 (of 50).   Current convergence value = 8.23385e-05 (threshold = 1e-08)
  Iteration 32 (of 50).   Current convergence value = 8.1665e-05 (threshold = 1e-08)
  Iteration 33 (of 50).   Current convergence value = 8.10773e-05 (threshold = 1e-08)
  Iteration 34 (of 50).   Current convergence value = 8.03776e-05 (threshold = 1e-08)
  Iteration 35 (of 50).   Current convergence value = 7.98716e-05 (threshold = 1e-08)
  Iteration 36 (of 50).   Current convergence value = 7.91509e-05 (threshold = 1e-08)
  Iteration 37 (of 50).   Current convergence value = 7.83296e-05 (threshold = 1e-08)
  Iteration 38 (of 50).   Current convergence value = 7.78176e-05 (threshold = 1e-08)
  Iteration 39 (of 50).   Current convergence value = 7.70292e-05 (threshold = 1e-08)
  Iteration 40 (of 50).   Current convergence value = 7.6248e-05 (threshold = 1e-08)
  Iteration 41 (of 50).   Current convergence value = 7.56204e-05 (threshold = 1e-08)
  Iteration 42 (of 50).   Current convergence value = 7.48097e-05 (threshold = 1e-08)
  Iteration 43 (of 50).   Current convergence value = 7.4084e-05 (threshold = 1e-08)
  Iteration 44 (of 50).   Current convergence value = 7.33779e-05 (threshold = 1e-08)
  Iteration 45 (of 50).   Current convergence value = 7.27559e-05 (threshold = 1e-08)
  Iteration 46 (of 50).   Current convergence value = 7.19156e-05 (threshold = 1e-08)
  Iteration 47 (of 50).   Current convergence value = 7.13168e-05 (threshold = 1e-08)
  Iteration 48 (of 50).   Current convergence value = 7.05143e-05 (threshold = 1e-08)
  Iteration 49 (of 50).   Current convergence value = 6.97938e-05 (threshold = 1e-08)
  Iteration 50 (of 50).   Current convergence value = 6.92941e-05 (threshold = 1e-08)
Current level = 3
  Iteration 1 (of 40).   Current convergence value = 0.00160852 (threshold = 1e-08)
  Iteration 2 (of 40).   Current convergence value = 0.00115826 (threshold = 1e-08)
  Iteration 3 (of 40).   Current convergence value = 0.000917235 (threshold = 1e-08)
  Iteration 4 (of 40).   Current convergence value = 0.000770685 (threshold = 1e-08)
  Iteration 5 (of 40).   Current convergence value = 0.000674256 (threshold = 1e-08)
  Iteration 6 (of 40).   Current convergence value = 0.00059681 (threshold = 1e-08)
  Iteration 7 (of 40).   Current convergence value = 0.000536115 (threshold = 1e-08)
  Iteration 8 (of 40).   Current convergence value = 0.000490413 (threshold = 1e-08)
  Iteration 9 (of 40).   Current convergence value = 0.000455603 (threshold = 1e-08)
  Iteration 10 (of 40).   Current convergence value = 0.000427228 (threshold = 1e-08)
  Iteration 11 (of 40).   Current convergence value = 0.000404274 (threshold = 1e-08)
  Iteration 12 (of 40).   Current convergence value = 0.000385387 (threshold = 1e-08)
  Iteration 13 (of 40).   Current convergence value = 0.000369162 (threshold = 1e-08)
  Iteration 14 (of 40).   Current convergence value = 0.00035532 (threshold = 1e-08)
  Iteration 15 (of 40).   Current convergence value = 0.000343309 (threshold = 1e-08)
  Iteration 16 (of 40).   Current convergence value = 0.000332756 (threshold = 1e-08)
  Iteration 17 (of 40).   Current convergence value = 0.000323468 (threshold = 1e-08)
  Iteration 18 (of 40).   Current convergence value = 0.000315086 (threshold = 1e-08)
  Iteration 19 (of 40).   Current convergence value = 0.000307454 (threshold = 1e-08)
  Iteration 20 (of 40).   Current convergence value = 0.000300508 (threshold = 1e-08)
  Iteration 21 (of 40).   Current convergence value = 0.000294233 (threshold = 1e-08)
  Iteration 22 (of 40).   Current convergence value = 0.000289295 (threshold = 1e-08)
  Iteration 23 (of 40).   Current convergence value = 0.000284714 (threshold = 1e-08)
  Iteration 24 (of 40).   Current convergence value = 0.000280437 (threshold = 1e-08)
  Iteration 25 (of 40).   Current convergence value = 0.000276163 (threshold = 1e-08)
  Iteration 26 (of 40).   Current convergence value = 0.000272243 (threshold = 1e-08)
  Iteration 27 (of 40).   Current convergence value = 0.00026874 (threshold = 1e-08)
  Iteration 28 (of 40).   Current convergence value = 0.000265321 (threshold = 1e-08)
  Iteration 29 (of 40).   Current convergence value = 0.000262147 (threshold = 1e-08)
  Iteration 30 (of 40).   Current convergence value = 0.000259191 (threshold = 1e-08)
  Iteration 31 (of 40).   Current convergence value = 0.000256239 (threshold = 1e-08)
  Iteration 32 (of 40).   Current convergence value = 0.000253563 (threshold = 1e-08)
  Iteration 33 (of 40).   Current convergence value = 0.000251008 (threshold = 1e-08)
  Iteration 34 (of 40).   Current convergence value = 0.000248516 (threshold = 1e-08)
  Iteration 35 (of 40).   Current convergence value = 0.000246246 (threshold = 1e-08)
  Iteration 36 (of 40).   Current convergence value = 0.000243962 (threshold = 1e-08)
  Iteration 37 (of 40).   Current convergence value = 0.000241808 (threshold = 1e-08)
  Iteration 38 (of 40).   Current convergence value = 0.000239764 (threshold = 1e-08)
  Iteration 39 (of 40).   Current convergence value = 0.000237867 (threshold = 1e-08)
  Iteration 40 (of 40).   Current convergence value = 0.000236014 (threshold = 1e-08)
Current level = 4
  Iteration 1 (of 30).   Current convergence value = 0.00188371 (threshold = 1e-08)
  Iteration 2 (of 30).   Current convergence value = 0.00167032 (threshold = 1e-08)
  Iteration 3 (of 30).   Current convergence value = 0.0015873 (threshold = 1e-08)
  Iteration 4 (of 30).   Current convergence value = 0.00153173 (threshold = 1e-08)
  Iteration 5 (of 30).   Current convergence value = 0.00148844 (threshold = 1e-08)
  Iteration 6 (of 30).   Current convergence value = 0.00144859 (threshold = 1e-08)
  Iteration 7 (of 30).   Current convergence value = 0.00141101 (threshold = 1e-08)
  Iteration 8 (of 30).   Current convergence value = 0.00137221 (threshold = 1e-08)
  Iteration 9 (of 30).   Current convergence value = 0.00134323 (threshold = 1e-08)
  Iteration 10 (of 30).   Current convergence value = 0.00131803 (threshold = 1e-08)
  Iteration 11 (of 30).   Current convergence value = 0.00129534 (threshold = 1e-08)
  Iteration 12 (of 30).   Current convergence value = 0.00127366 (threshold = 1e-08)
  Iteration 13 (of 30).   Current convergence value = 0.00125349 (threshold = 1e-08)
  Iteration 14 (of 30).   Current convergence value = 0.00123348 (threshold = 1e-08)
  Iteration 15 (of 30).   Current convergence value = 0.00121299 (threshold = 1e-08)
  Iteration 16 (of 30).   Current convergence value = 0.00119237 (threshold = 1e-08)
  Iteration 17 (of 30).   Current convergence value = 0.00117009 (threshold = 1e-08)
  Iteration 18 (of 30).   Current convergence value = 0.00114594 (threshold = 1e-08)
  Iteration 19 (of 30).   Current convergence value = 0.00112033 (threshold = 1e-08)
  Iteration 20 (of 30).   Current convergence value = 0.00109267 (threshold = 1e-08)
  Iteration 21 (of 30).   Current convergence value = 0.00106276 (threshold = 1e-08)
  Iteration 22 (of 30).   Current convergence value = 0.0010315 (threshold = 1e-08)
  Iteration 23 (of 30).   Current convergence value = 0.000999542 (threshold = 1e-08)
  Iteration 24 (of 30).   Current convergence value = 0.000966354 (threshold = 1e-08)
  Iteration 25 (of 30).   Current convergence value = 0.000932216 (threshold = 1e-08)
  Iteration 26 (of 30).   Current convergence value = 0.000900322 (threshold = 1e-08)
  Iteration 27 (of 30).   Current convergence value = 0.000881461 (threshold = 1e-08)
  Iteration 28 (of 30).   Current convergence value = 0.000860336 (threshold = 1e-08)
  Iteration 29 (of 30).   Current convergence value = 0.0008462 (threshold = 1e-08)
  Iteration 30 (of 30).   Current convergence value = 0.000835923 (threshold = 1e-08)
   N4BiasFieldCorrectionImageFilter (0x55e7d228ee20)
     RTTI typeinfo:   itk::N4BiasFieldCorrectionImageFilter<itk::Image<float, 3u>, itk::Image<float, 3u>, itk::Image<float, 3u> >
     Reference Count: 1
     Modified Time: 565
     Debug: Off
     Object Name: 
     Observers: 
       IterationEvent(Command)
     Inputs: 
       ConfidenceImage: (0)
       MaskImage: (0x55e7d22b95e0)
       Primary: (0x55e7d22b4b30) *
     Indexed Inputs: 
       0: Primary (0x55e7d22b4b30)
       1: MaskImage (0x55e7d22b95e0)
       2: ConfidenceImage (0)
     Required Input Names: Primary
     NumberOfRequiredInputs: 1
     Outputs: 
       Primary: (0x55e7d229eef0)
     Indexed Outputs: 
       0: Primary (0x55e7d229eef0)
     NumberOfRequiredOutputs: 1
     Number Of Work Units: 32
     ReleaseDataFlag: Off
     ReleaseDataBeforeUpdateFlag: Off
     AbortGenerateData: Off
     Progress: 0
     Multithreader: 
       RTTI typeinfo:   itk::PoolMultiThreader
       Reference Count: 1
       Modified Time: 144
       Debug: Off
       Object Name: 
       Observers: 
         none
       Number of Work Units: 32
       Number of Threads: 8
       Global Maximum Number Of Threads: 128
       Global Default Number Of Threads: 8
       Global Default Threader Type: itk::MultiThreaderBaseEnums::Threader::Pool
       SingleMethod: 0
       SingleData: 0
     DynamicMultiThreading: On
     CoordinateTolerance: 1e-06
     DirectionTolerance: 1e-06
     Use Mask Label: 0
     Mask label: 1
     Number of histogram bins: 200
     Wiener filter noise: 0.01
     Bias field FWHM: 0.15
     Maximum number of iterations: [50, 50, 40, 30]
     Convergence threshold: 1e-08
     Spline order: 3
     Number of fitting levels: [4, 4, 4]
     Number of control points: [4, 5, 5]
     CurrentConvergenceMeasurement: 0.000835923
     CurrentLevel: 4
     ElapsedIterations: 31
     LogBiasFieldControlPointLattice: 
       Image (0x55e7d8d8f170)
         RTTI typeinfo:   itk::Image<itk::Vector<float, 1u>, 3u>
         Reference Count: 1
         Modified Time: 343560
         Debug: Off
         Object Name: 
         Observers: 
           none
         Source: (none)
         Source output name: (none)
         Release Data: Off
         Data Released: False
         Global Release Data: Off
         PipelineMTime: 0
         UpdateMTime: 0
         RealTimeStamp: 0 seconds 
         LargestPossibleRegion: 
           Dimension: 3
           Index: [0, 0, 0]
           Size: [11, 19, 19]
         BufferedRegion: 
           Dimension: 3
           Index: [0, 0, 0]
           Size: [11, 19, 19]
         RequestedRegion: 
           Dimension: 3
           Index: [0, 0, 0]
           Size: [11, 19, 19]
         Spacing: [24.75, 24.875, 24.875]
         Origin: [23.6469, 24.6791, -26.1124]
         Direction: 
-0.999472 0.0288095 0.0150123
-0.02827 -0.998988 0.0349891
0.0160051 0.0345462 0.999275

         IndexToPointMatrix: 
-24.7369 0.716636 0.373431
-0.699682 -24.8498 0.870354
0.396127 0.859337 24.857

         PointToIndexMatrix: 
-0.0403827 -0.00114222 0.000646672
0.00115817 -0.0401603 0.00138879
0.00060351 0.0014066 0.0401719

         Inverse Direction: 
-0.999472 -0.02827 0.0160051
0.0288095 -0.998988 0.0345462
0.0150123 0.0349891 0.999275

         PixelContainer: 
           ImportImageContainer (0x55e7dc42c380)
             RTTI typeinfo:   itk::ImportImageContainer<unsigned long, itk::Vector<float, 1u> >
             Reference Count: 1
             Modified Time: 343561
             Debug: Off
             Object Name: 
             Observers: 
               none
             Pointer: 0x55e7dc427960
             Container manages memory: true
             Size: 3971
             Capacity: 3971
Elapsed time: 308.418
All_Command_lines_OK
Using single precision for computations.
=============================================================================
The composite transform comprises the following transforms (in order): 
  1. Center of mass alignment using fixed image: /home/mpib/nemecz/Projects/miniTRK/Results/01_MRI/GroupTempl/T1w/T_template0.nii.gz and moving image: /home/mpib/nemecz/Projects/miniTRK/Analysis/01_MRI/Preproc/GroupTempl/T1w/sub-641566_T1w.nii.gz (type = Euler3DTransform)
=============================================================================
  number of levels = 4
  number of levels = 4
  number of levels = 4
  fixed image: /home/mpib/nemecz/Projects/miniTRK/Results/01_MRI/GroupTempl/T1w/T_template0.nii.gz
  moving image: /home/mpib/nemecz/Projects/miniTRK/Results/01_MRI/GroupTempl/T1w/T_template0sub-641566_T1wRepaired.nii.gz
  fixed image: /home/mpib/nemecz/Projects/miniTRK/Results/01_MRI/GroupTempl/T1w/T_template0.nii.gz
  moving image: /home/mpib/nemecz/Projects/miniTRK/Results/01_MRI/GroupTempl/T1w/T_template0sub-641566_T1wRepaired.nii.gz
  fixed image: /home/mpib/nemecz/Projects/miniTRK/Results/01_MRI/GroupTempl/T1w/T_template0.nii.gz
  moving image: /home/mpib/nemecz/Projects/miniTRK/Results/01_MRI/GroupTempl/T1w/T_template0sub-641566_T1wRepaired.nii.gz
Dimension = 3
Number of stages = 3
Use Histogram Matching true
Winsorize image intensities true
Lower quantile = 0.01
Upper quantile = 0.99
Stage 1 State
   Image metric = Mattes
     Fixed image = Image (0x55d564ac3ad0)
  RTTI typeinfo:   itk::Image<float, 3u>
  Reference Count: 2
  Modified Time: 1721
  Debug: Off
  Object Name: 
  Observers: 
    none
  Source: (none)
  Source output name: (none)
  Release Data: Off
  Data Released: False
  Global Release Data: Off
  PipelineMTime: 0
  UpdateMTime: 1506
  RealTimeStamp: 0 seconds 
  LargestPossibleRegion: 
    Dimension: 3
    Index: [0, 0, 0]
    Size: [192, 256, 256]
  BufferedRegion: 
    Dimension: 3
    Index: [0, 0, 0]
    Size: [192, 256, 256]
  RequestedRegion: 
    Dimension: 3
    Index: [0, 0, 0]
    Size: [192, 256, 256]
  Spacing: [1, 1, 1]
  Origin: [95.0313, 100.538, -154.123]
  Direction: 
-0.999853 -0.014134 -0.00966312
0.014129 -0.9999 0.000586045
-0.00967044 0.000449429 0.999953

  IndexToPointMatrix: 
-0.999853 -0.014134 -0.00966312
0.014129 -0.9999 0.000586045
-0.00967044 0.000449429 0.999953

  PointToIndexMatrix: 
-0.999853 0.014129 -0.00967044
-0.014134 -0.9999 0.000449429
-0.00966312 0.000586045 0.999953

  Inverse Direction: 
-0.999853 0.014129 -0.00967044
-0.014134 -0.9999 0.000449429
-0.00966312 0.000586045 0.999953

  PixelContainer: 
    ImportImageContainer (0x55d564acbc80)
      RTTI typeinfo:   itk::ImportImageContainer<unsigned long, float>
      Reference Count: 1
      Modified Time: 1503
      Debug: Off
      Object Name: 
      Observers: 
        none
      Pointer: 0x7fad91c16010
      Container manages memory: true
      Size: 12582912
      Capacity: 12582912

     Moving image = Image (0x55d564ac4bc0)
  RTTI typeinfo:   itk::Image<float, 3u>
  Reference Count: 2
  Modified Time: 1722
  Debug: Off
  Object Name: 
  Observers: 
    none
  Source: (none)
  Source output name: (none)
  Release Data: Off
  Data Released: False
  Global Release Data: Off
  PipelineMTime: 0
  UpdateMTime: 1719
  RealTimeStamp: 0 seconds 
  LargestPossibleRegion: 
    Dimension: 3
    Index: [0, 0, 0]
    Size: [192, 256, 256]
  BufferedRegion: 
    Dimension: 3
    Index: [0, 0, 0]
    Size: [192, 256, 256]
  RequestedRegion: 
    Dimension: 3
    Index: [0, 0, 0]
    Size: [192, 256, 256]
  Spacing: [1, 1, 1]
  Origin: [88.6966, 94.9972, -154.979]
  Direction: 
-0.999472 0.0288095 0.0150123
-0.02827 -0.998988 0.0349891
0.0160051 0.0345462 0.999275

  IndexToPointMatrix: 
-0.999472 0.0288095 0.0150123
-0.02827 -0.998988 0.0349891
0.0160051 0.0345462 0.999275

  PointToIndexMatrix: 
-0.999472 -0.02827 0.0160051
0.0288095 -0.998988 0.0345462
0.0150123 0.0349891 0.999275

  Inverse Direction: 
-0.999472 -0.02827 0.0160051
0.0288095 -0.998988 0.0345462
0.0150123 0.0349891 0.999275

  PixelContainer: 
    ImportImageContainer (0x55d564ad0100)
      RTTI typeinfo:   itk::ImportImageContainer<unsigned long, float>
      Reference Count: 1
      Modified Time: 1716
      Debug: Off
      Object Name: 
      Observers: 
        none
      Pointer: 0x7fad8ec15010
      Container manages memory: true
      Size: 12582912
      Capacity: 12582912

     Weighting = 1
     Sampling strategy = regular
     Number of bins = 32
     Radius = 4
     Sampling percentage  = 0.25
   Transform = Rigid
     Gradient step = 0.1
     Update field sigma (voxel space) = 0
     Total field sigma (voxel space) = 0
     Update field time sigma = 0
     Total field time sigma  = 0
     Number of time indices = 0
     Number of time point samples = 0
Stage 2 State
   Image metric = Mattes
     Fixed image = Image (0x55d564adc870)
  RTTI typeinfo:   itk::Image<float, 3u>
  Reference Count: 2
  Modified Time: 2149
  Debug: Off
  Object Name: 
  Observers: 
    none
  Source: (none)
  Source output name: (none)
  Release Data: Off
  Data Released: False
  Global Release Data: Off
  PipelineMTime: 0
  UpdateMTime: 1934
  RealTimeStamp: 0 seconds 
  LargestPossibleRegion: 
    Dimension: 3
    Index: [0, 0, 0]
    Size: [192, 256, 256]
  BufferedRegion: 
    Dimension: 3
    Index: [0, 0, 0]
    Size: [192, 256, 256]
  RequestedRegion: 
    Dimension: 3
    Index: [0, 0, 0]
    Size: [192, 256, 256]
  Spacing: [1, 1, 1]
  Origin: [95.0313, 100.538, -154.123]
  Direction: 
-0.999853 -0.014134 -0.00966312
0.014129 -0.9999 0.000586045
-0.00967044 0.000449429 0.999953

  IndexToPointMatrix: 
-0.999853 -0.014134 -0.00966312
0.014129 -0.9999 0.000586045
-0.00967044 0.000449429 0.999953

  PointToIndexMatrix: 
-0.999853 0.014129 -0.00967044
-0.014134 -0.9999 0.000449429
-0.00966312 0.000586045 0.999953

  Inverse Direction: 
-0.999853 0.014129 -0.00967044
-0.014134 -0.9999 0.000449429
-0.00966312 0.000586045 0.999953

  PixelContainer: 
    ImportImageContainer (0x55d564ac76d0)
      RTTI typeinfo:   itk::ImportImageContainer<unsigned long, float>
      Reference Count: 1
      Modified Time: 1931
      Debug: Off
      Object Name: 
      Observers: 
        none
      Pointer: 0x7fad8bc14010
      Container manages memory: true
      Size: 12582912
      Capacity: 12582912

     Moving image = Image (0x55d564adc4c0)
  RTTI typeinfo:   itk::Image<float, 3u>
  Reference Count: 2
  Modified Time: 2150
  Debug: Off
  Object Name: 
  Observers: 
    none
  Source: (none)
  Source output name: (none)
  Release Data: Off
  Data Released: False
  Global Release Data: Off
  PipelineMTime: 0
  UpdateMTime: 2147
  RealTimeStamp: 0 seconds 
  LargestPossibleRegion: 
    Dimension: 3
    Index: [0, 0, 0]
    Size: [192, 256, 256]
  BufferedRegion: 
    Dimension: 3
    Index: [0, 0, 0]
    Size: [192, 256, 256]
  RequestedRegion: 
    Dimension: 3
    Index: [0, 0, 0]
    Size: [192, 256, 256]
  Spacing: [1, 1, 1]
  Origin: [88.6966, 94.9972, -154.979]
  Direction: 
-0.999472 0.0288095 0.0150123
-0.02827 -0.998988 0.0349891
0.0160051 0.0345462 0.999275

  IndexToPointMatrix: 
-0.999472 0.0288095 0.0150123
-0.02827 -0.998988 0.0349891
0.0160051 0.0345462 0.999275

  PointToIndexMatrix: 
-0.999472 -0.02827 0.0160051
0.0288095 -0.998988 0.0345462
0.0150123 0.0349891 0.999275

  Inverse Direction: 
-0.999472 -0.02827 0.0160051
0.0288095 -0.998988 0.0345462
0.0150123 0.0349891 0.999275

  PixelContainer: 
    ImportImageContainer (0x55d564add8c0)
      RTTI typeinfo:   itk::ImportImageContainer<unsigned long, float>
      Reference Count: 1
      Modified Time: 2144
      Debug: Off
      Object Name: 
      Observers: 
        none
      Pointer: 0x7fad88c13010
      Container manages memory: true
      Size: 12582912
      Capacity: 12582912

     Weighting = 1
     Sampling strategy = regular
     Number of bins = 32
     Radius = 4
     Sampling percentage  = 0.25
   Transform = Affine
     Gradient step = 0.1
     Update field sigma (voxel space) = 0
     Total field sigma (voxel space) = 0
     Update field time sigma = 0
     Total field time sigma  = 0
     Number of time indices = 0
     Number of time point samples = 0
Stage 3 State
   Image metric = CC
     Fixed image = Image (0x55d564ae3960)
  RTTI typeinfo:   itk::Image<float, 3u>
  Reference Count: 2
  Modified Time: 2577
  Debug: Off
  Object Name: 
  Observers: 
    none
  Source: (none)
  Source output name: (none)
  Release Data: Off
  Data Released: False
  Global Release Data: Off
  PipelineMTime: 0
  UpdateMTime: 2362
  RealTimeStamp: 0 seconds 
  LargestPossibleRegion: 
    Dimension: 3
    Index: [0, 0, 0]
    Size: [192, 256, 256]
  BufferedRegion: 
    Dimension: 3
    Index: [0, 0, 0]
    Size: [192, 256, 256]
  RequestedRegion: 
    Dimension: 3
    Index: [0, 0, 0]
    Size: [192, 256, 256]
  Spacing: [1, 1, 1]
  Origin: [95.0313, 100.538, -154.123]
  Direction: 
-0.999853 -0.014134 -0.00966312
0.014129 -0.9999 0.000586045
-0.00967044 0.000449429 0.999953

  IndexToPointMatrix: 
-0.999853 -0.014134 -0.00966312
0.014129 -0.9999 0.000586045
-0.00967044 0.000449429 0.999953

  PointToIndexMatrix: 
-0.999853 0.014129 -0.00967044
-0.014134 -0.9999 0.000449429
-0.00966312 0.000586045 0.999953

  Inverse Direction: 
-0.999853 0.014129 -0.00967044
-0.014134 -0.9999 0.000449429
-0.00966312 0.000586045 0.999953

  PixelContainer: 
    ImportImageContainer (0x55d564ac4660)
      RTTI typeinfo:   itk::ImportImageContainer<unsigned long, float>
      Reference Count: 1
      Modified Time: 2359
      Debug: Off
      Object Name: 
      Observers: 
        none
      Pointer: 0x7fad85c12010
      Container manages memory: true
      Size: 12582912
      Capacity: 12582912

     Moving image = Image (0x55d564ae5840)
  RTTI typeinfo:   itk::Image<float, 3u>
  Reference Count: 2
  Modified Time: 2578
  Debug: Off
  Object Name: 
  Observers: 
    none
  Source: (none)
  Source output name: (none)
  Release Data: Off
  Data Released: False
  Global Release Data: Off
  PipelineMTime: 0
  UpdateMTime: 2575
  RealTimeStamp: 0 seconds 
  LargestPossibleRegion: 
    Dimension: 3
    Index: [0, 0, 0]
    Size: [192, 256, 256]
  BufferedRegion: 
    Dimension: 3
    Index: [0, 0, 0]
    Size: [192, 256, 256]
  RequestedRegion: 
    Dimension: 3
    Index: [0, 0, 0]
    Size: [192, 256, 256]
  Spacing: [1, 1, 1]
  Origin: [88.6966, 94.9972, -154.979]
  Direction: 
-0.999472 0.0288095 0.0150123
-0.02827 -0.998988 0.0349891
0.0160051 0.0345462 0.999275

  IndexToPointMatrix: 
-0.999472 0.0288095 0.0150123
-0.02827 -0.998988 0.0349891
0.0160051 0.0345462 0.999275

  PointToIndexMatrix: 
-0.999472 -0.02827 0.0160051
0.0288095 -0.998988 0.0345462
0.0150123 0.0349891 0.999275

  Inverse Direction: 
-0.999472 -0.02827 0.0160051
0.0288095 -0.998988 0.0345462
0.0150123 0.0349891 0.999275

  PixelContainer: 
    ImportImageContainer (0x55d564ae2660)
      RTTI typeinfo:   itk::ImportImageContainer<unsigned long, float>
      Reference Count: 1
      Modified Time: 2572
      Debug: Off
      Object Name: 
      Observers: 
        none
      Pointer: 0x7fad82c11010
      Container manages memory: true
      Size: 12582912
      Capacity: 12582912

     Weighting = 1
     Sampling strategy = none
     Number of bins = 32
     Radius = 4
     Sampling percentage  = 1
   Transform = SyN
     Gradient step = 0.1
     Update field sigma (voxel space) = 3
     Total field sigma (voxel space) = 0
     Update field time sigma = 0
     Total field time sigma  = 0
     Number of time indices = 0
     Number of time point samples = 0
Registration using 3 total stages.

Stage 0
  iterations = 1000x500x250x0
  convergence threshold = 1e-06
  convergence window size = 10
  number of levels = 4
  using the Mattes MI metric (number of bins = 32, weight = 1)
  preprocessing:  winsorizing the image intensities
  preprocessing:  histogram matching the images
  Shrink factors (level 1 out of 4): [6, 6, 6]
  Shrink factors (level 2 out of 4): [4, 4, 4]
  Shrink factors (level 3 out of 4): [2, 2, 2]
  Shrink factors (level 4 out of 4): [1, 1, 1]
  smoothing sigmas per level: [4, 2, 1, 0]
  regular sampling (percentage = 0.25)

*** Running Euler3DTransform registration ***

DIAGNOSTIC,Iteration,metricValue,convergenceValue,ITERATION_TIME_INDEX,SINCE_LAST
 2DIAGNOSTIC,     1, -8.421868085861e-01, inf, 7.6110e-01, 7.6110e-01, 
 2DIAGNOSTIC,     2, -8.434624671936e-01, inf, 7.6886e-01, 7.7600e-03, 
 2DIAGNOSTIC,     3, -8.454005122185e-01, inf, 7.7611e-01, 7.2470e-03, 
 2DIAGNOSTIC,     4, -8.482729792595e-01, inf, 7.8343e-01, 7.3249e-03, 
 2DIAGNOSTIC,     5, -8.515361547470e-01, inf, 7.9065e-01, 7.2160e-03, 
 2DIAGNOSTIC,     6, -8.547841310501e-01, inf, 7.9792e-01, 7.2758e-03, 
 2DIAGNOSTIC,     7, -8.609418869019e-01, inf, 8.0545e-01, 7.5250e-03, 
 2DIAGNOSTIC,     8, -8.771382570267e-01, inf, 8.1671e-01, 1.1266e-02, 
 2DIAGNOSTIC,     9, -8.784250020981e-01, inf, 8.2397e-01, 7.2510e-03, 
 2DIAGNOSTIC,    10, -8.792919516563e-01, 3.195361001417e-03, 8.3130e-01, 7.3369e-03, 
 2DIAGNOSTIC,    11, -8.809152841568e-01, 3.042523982003e-03, 8.3887e-01, 7.5679e-03, 
 2DIAGNOSTIC,    12, -8.818886280060e-01, 2.700877143070e-03, 8.4905e-01, 1.0181e-02, 
 2DIAGNOSTIC,    13, -8.826312422752e-01, 2.230211859569e-03, 8.5637e-01, 7.3190e-03, 
 2DIAGNOSTIC,    14, -8.834025859833e-01, 1.711008488201e-03, 8.6395e-01, 7.5829e-03, 
 2DIAGNOSTIC,    15, -8.868778944016e-01, 1.258547184989e-03, 8.7263e-01, 8.6770e-03, 
 2DIAGNOSTIC,    16, -8.921427130699e-01, 9.212659788318e-04, 8.8211e-01, 9.4800e-03, 
 2DIAGNOSTIC,    17, -8.934580683708e-01, 6.731423200108e-04, 8.9049e-01, 8.3759e-03, 
 2DIAGNOSTIC,    18, -8.937543034554e-01, 6.915353005752e-04, 8.9880e-01, 8.3120e-03, 
 2DIAGNOSTIC,    19, -8.939681053162e-01, 6.711299647577e-04, 9.0829e-01, 9.4881e-03, 
 2DIAGNOSTIC,    20, -8.940508961678e-01, 6.047532660887e-04, 9.1648e-01, 8.1971e-03, 
 2DIAGNOSTIC,    21, -8.940895199776e-01, 5.127731710672e-04, 9.2549e-01, 9.0082e-03, 
 2DIAGNOSTIC,    22, -8.940814733505e-01, 3.959761525039e-04, 9.3270e-01, 7.2041e-03, 
 2DIAGNOSTIC,    23, -8.940762281418e-01, 2.644400228746e-04, 9.4099e-01, 8.2941e-03, 
 2DIAGNOSTIC,    24, -8.940687179565e-01, 1.295073307119e-04, 9.4944e-01, 8.4510e-03, 
 2DIAGNOSTIC,    25, -8.940705060959e-01, 3.688396100188e-05, 9.5758e-01, 8.1360e-03, 
 2DIAGNOSTIC,    26, -8.940258622169e-01, 1.276355487789e-05, 9.6563e-01, 8.0502e-03, 
 2DIAGNOSTIC,    27, -8.940471410751e-01, 5.349873845262e-06, 9.7386e-01, 8.2340e-03, 
 2DIAGNOSTIC,    28, -8.940438032150e-01, 1.401793383593e-06, 9.8101e-01, 7.1452e-03, 
DIAGNOSTIC,Iteration,metricValue,convergenceValue,ITERATION_TIME_INDEX,SINCE_LAST
 2DIAGNOSTIC,     1, -7.026599049568e-01, inf, 1.7881e+00, 8.0714e-01, 
 2DIAGNOSTIC,     2, -7.034945487976e-01, inf, 1.8186e+00, 3.0413e-02, 
 2DIAGNOSTIC,     3, -7.043550610542e-01, inf, 1.8487e+00, 3.0136e-02, 
 2DIAGNOSTIC,     4, -7.052078247070e-01, inf, 1.8788e+00, 3.0126e-02, 
 2DIAGNOSTIC,     5, -7.063364386559e-01, inf, 1.9097e+00, 3.0889e-02, 
 2DIAGNOSTIC,     6, -7.070773839951e-01, inf, 1.9572e+00, 4.7542e-02, 
 2DIAGNOSTIC,     7, -7.071212530136e-01, inf, 1.9963e+00, 3.9086e-02, 
 2DIAGNOSTIC,     8, -7.071358561516e-01, inf, 2.0350e+00, 3.8675e-02, 
 2DIAGNOSTIC,     9, -7.071367502213e-01, inf, 2.0694e+00, 3.4394e-02, 
 2DIAGNOSTIC,    10, -7.071264386177e-01, 4.307072376832e-04, 2.0999e+00, 3.0508e-02, 
 2DIAGNOSTIC,    11, -7.071330547333e-01, 2.881885156967e-04, 2.1305e+00, 3.0588e-02, 
 2DIAGNOSTIC,    12, -7.071507573128e-01, 1.724826288410e-04, 2.1694e+00, 3.8932e-02, 
 2DIAGNOSTIC,    13, -7.071538567543e-01, 8.601947047282e-05, 2.2041e+00, 3.4625e-02, 
 2DIAGNOSTIC,    14, -7.071485519409e-01, 2.805146505125e-05, 2.2343e+00, 3.0254e-02, 
 2DIAGNOSTIC,    15, -7.071452736855e-01, 5.128491011419e-06, 2.2648e+00, 3.0456e-02, 
 2DIAGNOSTIC,    16, -7.071453332901e-01, 3.406926680327e-06, 2.2997e+00, 3.4913e-02, 
 2DIAGNOSTIC,    17, -7.071486115456e-01, 2.849084239642e-06, 2.3342e+00, 3.4562e-02, 
 2DIAGNOSTIC,    18, -7.071449756622e-01, 2.501884409867e-06, 2.3644e+00, 3.0176e-02, 
 2DIAGNOSTIC,    19, -7.071495652199e-01, 2.258515905851e-06, 2.3946e+00, 3.0211e-02, 
 2DIAGNOSTIC,    20, -7.071583271027e-01, 1.954749450306e-06, 2.4249e+00, 3.0232e-02, 
 2DIAGNOSTIC,    21, -7.071719169617e-01, 2.017653059738e-06, 2.4596e+00, 3.4721e-02, 
 2DIAGNOSTIC,    22, -7.071824073792e-01, 2.535164185247e-06, 2.4942e+00, 3.4598e-02, 
 2DIAGNOSTIC,    23, -7.071600556374e-01, 2.571816594354e-06, 2.5289e+00, 3.4757e-02, 
 2DIAGNOSTIC,    24, -7.071617245674e-01, 2.450560714351e-06, 2.5647e+00, 3.5789e-02, 
 2DIAGNOSTIC,    25, -7.071515917778e-01, 2.011532615143e-06, 2.5957e+00, 3.1022e-02, 
 2DIAGNOSTIC,    26, -7.071589827538e-01, 1.645649263082e-06, 2.6357e+00, 3.9990e-02, 
 2DIAGNOSTIC,    27, -7.071658968925e-01, 1.416837903889e-06, 2.6710e+00, 3.5291e-02, 
 2DIAGNOSTIC,    28, -7.071566581726e-01, 1.000661654871e-06, 2.7060e+00, 3.4935e-02, 
DIAGNOSTIC,Iteration,metricValue,convergenceValue,ITERATION_TIME_INDEX,SINCE_LAST
 2DIAGNOSTIC,     1, -6.191477775574e-01, inf, 3.7790e+00, 1.0731e+00, 
 2DIAGNOSTIC,     2, -6.192467212677e-01, inf, 4.0091e+00, 2.3004e-01, 
 2DIAGNOSTIC,     3, -6.192622780800e-01, inf, 4.2332e+00, 2.2414e-01, 
 2DIAGNOSTIC,     4, -6.192612648010e-01, inf, 4.4815e+00, 2.4833e-01, 
 2DIAGNOSTIC,     5, -6.192619800568e-01, inf, 4.7052e+00, 2.2361e-01, 
 2DIAGNOSTIC,     6, -6.192619800568e-01, inf, 4.9281e+00, 2.2291e-01, 
 2DIAGNOSTIC,     7, -6.192631125450e-01, inf, 5.2804e+00, 3.5233e-01, 
 2DIAGNOSTIC,     8, -6.192629337311e-01, inf, 5.5085e+00, 2.2808e-01, 
 2DIAGNOSTIC,     9, -6.192628741264e-01, inf, 5.8095e+00, 3.0097e-01, 
 2DIAGNOSTIC,    10, -6.192630529404e-01, 9.180018423649e-06, 6.0324e+00, 2.2296e-01, 
 2DIAGNOSTIC,    11, -6.192626953125e-01, 3.660140464490e-06, 6.2841e+00, 2.5164e-01, 
 2DIAGNOSTIC,    12, -6.192625164986e-01, 2.751431111392e-06, 6.5083e+00, 2.2424e-01, 
 2DIAGNOSTIC,    13, -6.192625164986e-01, 2.524096316847e-06, 6.7320e+00, 2.2373e-01, 
 2DIAGNOSTIC,    14, -6.192624568939e-01, 2.286764356541e-06, 6.9806e+00, 2.4857e-01, 
 2DIAGNOSTIC,    15, -6.192623376846e-01, 2.098229970215e-06, 7.2042e+00, 2.2365e-01, 
 2DIAGNOSTIC,    16, -6.192624568939e-01, 1.937970409926e-06, 7.4333e+00, 2.2901e-01, 
 2DIAGNOSTIC,    17, -6.192622780800e-01, 1.827089818107e-06, 7.6601e+00, 2.2684e-01, 
 2DIAGNOSTIC,    18, -6.192625164986e-01, 1.734213469717e-06, 7.8848e+00, 2.2468e-01, 
 2DIAGNOSTIC,    19, -6.192624568939e-01, 1.650861463531e-06, 8.1079e+00, 2.2317e-01, 
 2DIAGNOSTIC,    20, -6.192625164986e-01, 1.583751895851e-06, 8.3308e+00, 2.2283e-01, 
 2DIAGNOSTIC,    21, -6.192623972893e-01, 1.513345864623e-06, 8.5541e+00, 2.2331e-01, 
 2DIAGNOSTIC,    22, -6.192623376846e-01, 1.444545091545e-06, 8.7773e+00, 2.2323e-01, 
 2DIAGNOSTIC,    23, -6.192623376846e-01, 1.381862261951e-06, 9.0006e+00, 2.2324e-01, 
 2DIAGNOSTIC,    24, -6.192622780800e-01, 1.322219077338e-06, 9.2239e+00, 2.2337e-01, 
 2DIAGNOSTIC,    25, -6.192623376846e-01, 1.266530489374e-06, 9.4562e+00, 2.3229e-01, 
 2DIAGNOSTIC,    26, -6.192622780800e-01, 1.216847408614e-06, 9.6915e+00, 2.3527e-01, 
 2DIAGNOSTIC,    27, -6.192623376846e-01, 1.169379402199e-06, 9.9238e+00, 2.3230e-01, 
 2DIAGNOSTIC,    28, -6.192623376846e-01, 1.130028977059e-06, 1.0150e+01, 2.2583e-01, 
 2DIAGNOSTIC,    29, -6.192623376846e-01, 1.092963543670e-06, 1.0373e+01, 2.2307e-01, 
 2DIAGNOSTIC,    30, -6.192624568939e-01, 1.061524585566e-06, 1.0596e+01, 2.2368e-01, 
 2DIAGNOSTIC,    31, -6.192623376846e-01, 1.028440692608e-06, 1.0821e+01, 2.2470e-01, 
DIAGNOSTIC,Iteration,metricValue,convergenceValue,ITERATION_TIME_INDEX,SINCE_LAST
 2DIAGNOSTIC,     1, -5.544402599335e-01, inf, 1.3201e+01, 2.3800e+00, 
  Elapsed time (stage 0): 1.4272e+01


Stage 1
  iterations = 1000x500x250x0
  convergence threshold = 1.0000e-06
  convergence window size = 10
  number of levels = 4
  using the Mattes MI metric (number of bins = 32, weight = 1.0000e+00)
  preprocessing:  winsorizing the image intensities
  preprocessing:  histogram matching the images
  Shrink factors (level 1 out of 4): [6, 6, 6]
  Shrink factors (level 2 out of 4): [4, 4, 4]
  Shrink factors (level 3 out of 4): [2, 2, 2]
  Shrink factors (level 4 out of 4): [1, 1, 1]
  smoothing sigmas per level: [4, 2, 1, 0]
  regular sampling (percentage = 2.5000e-01)

*** Running AffineTransform registration ***

DIAGNOSTIC,Iteration,metricValue,convergenceValue,ITERATION_TIME_INDEX,SINCE_LAST
 2DIAGNOSTIC,     1, -8.891094923019e-01, inf, 7.4844e-01, 7.4844e-01, 
 2DIAGNOSTIC,     2, -8.923873305321e-01, inf, 7.5676e-01, 8.3230e-03, 
 2DIAGNOSTIC,     3, -8.977460861206e-01, inf, 7.6484e-01, 8.0810e-03, 
