
Running N4 for 3-dimensional images.

Mask not read.  Using the entire image as the mask.

Original intensity range:  [0, 777]

***********************************************************
Warning:  Your input image contains nonpositive values
which could cause failure or problematic results.  A
possible workaround would be to:
   1. rescale your image to positive values e.g., [10,100].
   2. run N4 on your rescaled image.
   3. (optional) rescale the N4 output to the original
      intensity range.
***********************************************************

Specified spline distance: 200mm
  original image size:  [192, 256, 256]
  padded image size:  [201, 401, 401]
  number of control points:  [4, 5, 5]

Current level = 1
  Iteration 1 (of 50).   Current convergence value = 0.000577064 (threshold = 1e-08)
  Iteration 2 (of 50).   Current convergence value = 0.000463314 (threshold = 1e-08)
  Iteration 3 (of 50).   Current convergence value = 0.000344612 (threshold = 1e-08)
  Iteration 4 (of 50).   Current convergence value = 0.000258453 (threshold = 1e-08)
  Iteration 5 (of 50).   Current convergence value = 0.000198275 (threshold = 1e-08)
  Iteration 6 (of 50).   Current convergence value = 0.000155622 (threshold = 1e-08)
  Iteration 7 (of 50).   Current convergence value = 0.000125502 (threshold = 1e-08)
  Iteration 8 (of 50).   Current convergence value = 0.000104894 (threshold = 1e-08)
  Iteration 9 (of 50).   Current convergence value = 9.04344e-05 (threshold = 1e-08)
  Iteration 10 (of 50).   Current convergence value = 8.04368e-05 (threshold = 1e-08)
  Iteration 11 (of 50).   Current convergence value = 7.39333e-05 (threshold = 1e-08)
  Iteration 12 (of 50).   Current convergence value = 6.92979e-05 (threshold = 1e-08)
  Iteration 13 (of 50).   Current convergence value = 6.60457e-05 (threshold = 1e-08)
  Iteration 14 (of 50).   Current convergence value = 6.36809e-05 (threshold = 1e-08)
  Iteration 15 (of 50).   Current convergence value = 6.18572e-05 (threshold = 1e-08)
  Iteration 16 (of 50).   Current convergence value = 6.06427e-05 (threshold = 1e-08)
  Iteration 17 (of 50).   Current convergence value = 5.97711e-05 (threshold = 1e-08)
  Iteration 18 (of 50).   Current convergence value = 5.90578e-05 (threshold = 1e-08)
  Iteration 19 (of 50).   Current convergence value = 5.88268e-05 (threshold = 1e-08)
  Iteration 20 (of 50).   Current convergence value = 5.85518e-05 (threshold = 1e-08)
  Iteration 21 (of 50).   Current convergence value = 5.84305e-05 (threshold = 1e-08)
  Iteration 22 (of 50).   Current convergence value = 5.8465e-05 (threshold = 1e-08)
  Iteration 23 (of 50).   Current convergence value = 5.86185e-05 (threshold = 1e-08)
  Iteration 24 (of 50).   Current convergence value = 5.87083e-05 (threshold = 1e-08)
  Iteration 25 (of 50).   Current convergence value = 5.89195e-05 (threshold = 1e-08)
  Iteration 26 (of 50).   Current convergence value = 5.90097e-05 (threshold = 1e-08)
  Iteration 27 (of 50).   Current convergence value = 5.91718e-05 (threshold = 1e-08)
  Iteration 28 (of 50).   Current convergence value = 5.9479e-05 (threshold = 1e-08)
  Iteration 29 (of 50).   Current convergence value = 5.96471e-05 (threshold = 1e-08)
  Iteration 30 (of 50).   Current convergence value = 5.99261e-05 (threshold = 1e-08)
  Iteration 31 (of 50).   Current convergence value = 6.03083e-05 (threshold = 1e-08)
  Iteration 32 (of 50).   Current convergence value = 6.04776e-05 (threshold = 1e-08)
  Iteration 33 (of 50).   Current convergence value = 6.07958e-05 (threshold = 1e-08)
  Iteration 34 (of 50).   Current convergence value = 6.10783e-05 (threshold = 1e-08)
  Iteration 35 (of 50).   Current convergence value = 6.14481e-05 (threshold = 1e-08)
  Iteration 36 (of 50).   Current convergence value = 6.17462e-05 (threshold = 1e-08)
  Iteration 37 (of 50).   Current convergence value = 6.19966e-05 (threshold = 1e-08)
  Iteration 38 (of 50).   Current convergence value = 6.25116e-05 (threshold = 1e-08)
  Iteration 39 (of 50).   Current convergence value = 6.29275e-05 (threshold = 1e-08)
  Iteration 40 (of 50).   Current convergence value = 6.32139e-05 (threshold = 1e-08)
  Iteration 41 (of 50).   Current convergence value = 6.3585e-05 (threshold = 1e-08)
  Iteration 42 (of 50).   Current convergence value = 6.38172e-05 (threshold = 1e-08)
  Iteration 43 (of 50).   Current convergence value = 6.39686e-05 (threshold = 1e-08)
  Iteration 44 (of 50).   Current convergence value = 6.41789e-05 (threshold = 1e-08)
  Iteration 45 (of 50).   Current convergence value = 6.41597e-05 (threshold = 1e-08)
  Iteration 46 (of 50).   Current convergence value = 6.43429e-05 (threshold = 1e-08)
  Iteration 47 (of 50).   Current convergence value = 6.4504e-05 (threshold = 1e-08)
  Iteration 48 (of 50).   Current convergence value = 6.46839e-05 (threshold = 1e-08)
  Iteration 49 (of 50).   Current convergence value = 6.47194e-05 (threshold = 1e-08)
  Iteration 50 (of 50).   Current convergence value = 6.47866e-05 (threshold = 1e-08)
Current level = 2
  Iteration 1 (of 50).   Current convergence value = 0.000517642 (threshold = 1e-08)
  Iteration 2 (of 50).   Current convergence value = 0.000476336 (threshold = 1e-08)
  Iteration 3 (of 50).   Current convergence value = 0.000446545 (threshold = 1e-08)
  Iteration 4 (of 50).   Current convergence value = 0.000422111 (threshold = 1e-08)
  Iteration 5 (of 50).   Current convergence value = 0.000401256 (threshold = 1e-08)
  Iteration 6 (of 50).   Current convergence value = 0.000382763 (threshold = 1e-08)
  Iteration 7 (of 50).   Current convergence value = 0.000365564 (threshold = 1e-08)
  Iteration 8 (of 50).   Current convergence value = 0.000349688 (threshold = 1e-08)
  Iteration 9 (of 50).   Current convergence value = 0.000334691 (threshold = 1e-08)
  Iteration 10 (of 50).   Current convergence value = 0.000320319 (threshold = 1e-08)
  Iteration 11 (of 50).   Current convergence value = 0.000306775 (threshold = 1e-08)
  Iteration 12 (of 50).   Current convergence value = 0.000294323 (threshold = 1e-08)
  Iteration 13 (of 50).   Current convergence value = 0.000283026 (threshold = 1e-08)
  Iteration 14 (of 50).   Current convergence value = 0.000273171 (threshold = 1e-08)
  Iteration 15 (of 50).   Current convergence value = 0.000264143 (threshold = 1e-08)
  Iteration 16 (of 50).   Current convergence value = 0.00025596 (threshold = 1e-08)
  Iteration 17 (of 50).   Current convergence value = 0.000248765 (threshold = 1e-08)
  Iteration 18 (of 50).   Current convergence value = 0.000242309 (threshold = 1e-08)
  Iteration 19 (of 50).   Current convergence value = 0.000236525 (threshold = 1e-08)
  Iteration 20 (of 50).   Current convergence value = 0.00023127 (threshold = 1e-08)
  Iteration 21 (of 50).   Current convergence value = 0.0002265 (threshold = 1e-08)
  Iteration 22 (of 50).   Current convergence value = 0.000222254 (threshold = 1e-08)
  Iteration 23 (of 50).   Current convergence value = 0.000218309 (threshold = 1e-08)
  Iteration 24 (of 50).   Current convergence value = 0.000214591 (threshold = 1e-08)
  Iteration 25 (of 50).   Current convergence value = 0.000211143 (threshold = 1e-08)
  Iteration 26 (of 50).   Current convergence value = 0.000207981 (threshold = 1e-08)
  Iteration 27 (of 50).   Current convergence value = 0.000204801 (threshold = 1e-08)
  Iteration 28 (of 50).   Current convergence value = 0.000201906 (threshold = 1e-08)
  Iteration 29 (of 50).   Current convergence value = 0.000199209 (threshold = 1e-08)
  Iteration 30 (of 50).   Current convergence value = 0.000196705 (threshold = 1e-08)
  Iteration 31 (of 50).   Current convergence value = 0.000194267 (threshold = 1e-08)
  Iteration 32 (of 50).   Current convergence value = 0.000191932 (threshold = 1e-08)
  Iteration 33 (of 50).   Current convergence value = 0.000189674 (threshold = 1e-08)
  Iteration 34 (of 50).   Current convergence value = 0.000187558 (threshold = 1e-08)
  Iteration 35 (of 50).   Current convergence value = 0.000185442 (threshold = 1e-08)
  Iteration 36 (of 50).   Current convergence value = 0.000183473 (threshold = 1e-08)
  Iteration 37 (of 50).   Current convergence value = 0.000181497 (threshold = 1e-08)
  Iteration 38 (of 50).   Current convergence value = 0.000179645 (threshold = 1e-08)
  Iteration 39 (of 50).   Current convergence value = 0.000177782 (threshold = 1e-08)
  Iteration 40 (of 50).   Current convergence value = 0.000175973 (threshold = 1e-08)
  Iteration 41 (of 50).   Current convergence value = 0.000174202 (threshold = 1e-08)
  Iteration 42 (of 50).   Current convergence value = 0.000172532 (threshold = 1e-08)
  Iteration 43 (of 50).   Current convergence value = 0.000170919 (threshold = 1e-08)
  Iteration 44 (of 50).   Current convergence value = 0.000169347 (threshold = 1e-08)
  Iteration 45 (of 50).   Current convergence value = 0.000167792 (threshold = 1e-08)
  Iteration 46 (of 50).   Current convergence value = 0.000166176 (threshold = 1e-08)
  Iteration 47 (of 50).   Current convergence value = 0.000164523 (threshold = 1e-08)
  Iteration 48 (of 50).   Current convergence value = 0.000162959 (threshold = 1e-08)
  Iteration 49 (of 50).   Current convergence value = 0.000161513 (threshold = 1e-08)
  Iteration 50 (of 50).   Current convergence value = 0.000160026 (threshold = 1e-08)
Current level = 3
  Iteration 1 (of 40).   Current convergence value = 0.0015 (threshold = 1e-08)
  Iteration 2 (of 40).   Current convergence value = 0.0013821 (threshold = 1e-08)
  Iteration 3 (of 40).   Current convergence value = 0.00133104 (threshold = 1e-08)
  Iteration 4 (of 40).   Current convergence value = 0.00129816 (threshold = 1e-08)
  Iteration 5 (of 40).   Current convergence value = 0.00127719 (threshold = 1e-08)
  Iteration 6 (of 40).   Current convergence value = 0.00124983 (threshold = 1e-08)
  Iteration 7 (of 40).   Current convergence value = 0.00122747 (threshold = 1e-08)
  Iteration 8 (of 40).   Current convergence value = 0.00120669 (threshold = 1e-08)
  Iteration 9 (of 40).   Current convergence value = 0.00118273 (threshold = 1e-08)
  Iteration 10 (of 40).   Current convergence value = 0.00115553 (threshold = 1e-08)
  Iteration 11 (of 40).   Current convergence value = 0.00112867 (threshold = 1e-08)
  Iteration 12 (of 40).   Current convergence value = 0.0011033 (threshold = 1e-08)
  Iteration 13 (of 40).   Current convergence value = 0.00105358 (threshold = 1e-08)
  Iteration 14 (of 40).   Current convergence value = 0.0010026 (threshold = 1e-08)
  Iteration 15 (of 40).   Current convergence value = 0.000959153 (threshold = 1e-08)
  Iteration 16 (of 40).   Current convergence value = 0.000921832 (threshold = 1e-08)
  Iteration 17 (of 40).   Current convergence value = 0.00088932 (threshold = 1e-08)
  Iteration 18 (of 40).   Current convergence value = 0.000859782 (threshold = 1e-08)
  Iteration 19 (of 40).   Current convergence value = 0.000833596 (threshold = 1e-08)
  Iteration 20 (of 40).   Current convergence value = 0.000810147 (threshold = 1e-08)
  Iteration 21 (of 40).   Current convergence value = 0.00078931 (threshold = 1e-08)
  Iteration 22 (of 40).   Current convergence value = 0.000770349 (threshold = 1e-08)
  Iteration 23 (of 40).   Current convergence value = 0.000753685 (threshold = 1e-08)
  Iteration 24 (of 40).   Current convergence value = 0.000725366 (threshold = 1e-08)
  Iteration 25 (of 40).   Current convergence value = 0.000685553 (threshold = 1e-08)
  Iteration 26 (of 40).   Current convergence value = 0.000652743 (threshold = 1e-08)
  Iteration 27 (of 40).   Current convergence value = 0.000627725 (threshold = 1e-08)
  Iteration 28 (of 40).   Current convergence value = 0.000607865 (threshold = 1e-08)
  Iteration 29 (of 40).   Current convergence value = 0.000591468 (threshold = 1e-08)
  Iteration 30 (of 40).   Current convergence value = 0.000570392 (threshold = 1e-08)
  Iteration 31 (of 40).   Current convergence value = 0.000530286 (threshold = 1e-08)
  Iteration 32 (of 40).   Current convergence value = 0.000496532 (threshold = 1e-08)
  Iteration 33 (of 40).   Current convergence value = 0.000467554 (threshold = 1e-08)
  Iteration 34 (of 40).   Current convergence value = 0.00044285 (threshold = 1e-08)
  Iteration 35 (of 40).   Current convergence value = 0.000421265 (threshold = 1e-08)
  Iteration 36 (of 40).   Current convergence value = 0.000402677 (threshold = 1e-08)
  Iteration 37 (of 40).   Current convergence value = 0.000384779 (threshold = 1e-08)
  Iteration 38 (of 40).   Current convergence value = 0.000363362 (threshold = 1e-08)
  Iteration 39 (of 40).   Current convergence value = 0.000344747 (threshold = 1e-08)
  Iteration 40 (of 40).   Current convergence value = 0.000328211 (threshold = 1e-08)
Current level = 4
  Iteration 1 (of 30).   Current convergence value = 0.00172783 (threshold = 1e-08)
  Iteration 2 (of 30).   Current convergence value = 0.00197974 (threshold = 1e-08)
  Iteration 3 (of 30).   Current convergence value = 0.00227856 (threshold = 1e-08)
  Iteration 4 (of 30).   Current convergence value = 0.0020753 (threshold = 1e-08)
  Iteration 5 (of 30).   Current convergence value = 0.00193693 (threshold = 1e-08)
  Iteration 6 (of 30).   Current convergence value = 0.00185728 (threshold = 1e-08)
  Iteration 7 (of 30).   Current convergence value = 0.00179931 (threshold = 1e-08)
  Iteration 8 (of 30).   Current convergence value = 0.00174584 (threshold = 1e-08)
  Iteration 9 (of 30).   Current convergence value = 0.00168978 (threshold = 1e-08)
  Iteration 10 (of 30).   Current convergence value = 0.00160299 (threshold = 1e-08)
  Iteration 11 (of 30).   Current convergence value = 0.00135726 (threshold = 1e-08)
  Iteration 12 (of 30).   Current convergence value = 0.00101309 (threshold = 1e-08)
  Iteration 13 (of 30).   Current convergence value = 0.0010161 (threshold = 1e-08)
  Iteration 14 (of 30).   Current convergence value = 0.00103825 (threshold = 1e-08)
  Iteration 15 (of 30).   Current convergence value = 0.00103702 (threshold = 1e-08)
  Iteration 16 (of 30).   Current convergence value = 0.00101623 (threshold = 1e-08)
  Iteration 17 (of 30).   Current convergence value = 0.000887655 (threshold = 1e-08)
  Iteration 18 (of 30).   Current convergence value = 0.00081346 (threshold = 1e-08)
  Iteration 19 (of 30).   Current convergence value = 0.000785987 (threshold = 1e-08)
  Iteration 20 (of 30).   Current convergence value = 0.000774785 (threshold = 1e-08)
  Iteration 21 (of 30).   Current convergence value = 0.000772676 (threshold = 1e-08)
  Iteration 22 (of 30).   Current convergence value = 0.000776018 (threshold = 1e-08)
  Iteration 23 (of 30).   Current convergence value = 0.000784375 (threshold = 1e-08)
  Iteration 24 (of 30).   Current convergence value = 0.000795994 (threshold = 1e-08)
  Iteration 25 (of 30).   Current convergence value = 0.000812559 (threshold = 1e-08)
  Iteration 26 (of 30).   Current convergence value = 0.000784275 (threshold = 1e-08)
  Iteration 27 (of 30).   Current convergence value = 0.000733377 (threshold = 1e-08)
  Iteration 28 (of 30).   Current convergence value = 0.000697465 (threshold = 1e-08)
  Iteration 29 (of 30).   Current convergence value = 0.000670625 (threshold = 1e-08)
  Iteration 30 (of 30).   Current convergence value = 0.00064951 (threshold = 1e-08)
   N4BiasFieldCorrectionImageFilter (0x56290b9cde20)
     RTTI typeinfo:   itk::N4BiasFieldCorrectionImageFilter<itk::Image<float, 3u>, itk::Image<float, 3u>, itk::Image<float, 3u> >
     Reference Count: 1
     Modified Time: 565
     Debug: Off
     Object Name: 
     Observers: 
       IterationEvent(Command)
     Inputs: 
       ConfidenceImage: (0)
       MaskImage: (0x56290b9f85c0)
       Primary: (0x56290b9f3a40) *
     Indexed Inputs: 
       0: Primary (0x56290b9f3a40)
       1: MaskImage (0x56290b9f85c0)
       2: ConfidenceImage (0)
     Required Input Names: Primary
     NumberOfRequiredInputs: 1
     Outputs: 
       Primary: (0x56290b9ddef0)
     Indexed Outputs: 
       0: Primary (0x56290b9ddef0)
     NumberOfRequiredOutputs: 1
     Number Of Work Units: 32
     ReleaseDataFlag: Off
     ReleaseDataBeforeUpdateFlag: Off
     AbortGenerateData: Off
     Progress: 0
     Multithreader: 
       RTTI typeinfo:   itk::PoolMultiThreader
       Reference Count: 1
       Modified Time: 144
       Debug: Off
       Object Name: 
       Observers: 
         none
       Number of Work Units: 32
       Number of Threads: 8
       Global Maximum Number Of Threads: 128
       Global Default Number Of Threads: 8
       Global Default Threader Type: itk::MultiThreaderBaseEnums::Threader::Pool
       SingleMethod: 0
       SingleData: 0
     DynamicMultiThreading: On
     CoordinateTolerance: 1e-06
     DirectionTolerance: 1e-06
     Use Mask Label: 0
     Mask label: 1
     Number of histogram bins: 200
     Wiener filter noise: 0.01
     Bias field FWHM: 0.15
     Maximum number of iterations: [50, 50, 40, 30]
     Convergence threshold: 1e-08
     Spline order: 3
     Number of fitting levels: [4, 4, 4]
     Number of control points: [4, 5, 5]
     CurrentConvergenceMeasurement: 0.00064951
     CurrentLevel: 4
     ElapsedIterations: 31
     LogBiasFieldControlPointLattice: 
       Image (0x562915e24000)
         RTTI typeinfo:   itk::Image<itk::Vector<float, 1u>, 3u>
         Reference Count: 1
         Modified Time: 343560
         Debug: Off
         Object Name: 
         Observers: 
           none
         Source: (none)
         Source output name: (none)
         Release Data: Off
         Data Released: False
         Global Release Data: Off
         PipelineMTime: 0
         UpdateMTime: 0
         RealTimeStamp: 0 seconds 
         LargestPossibleRegion: 
           Dimension: 3
           Index: [0, 0, 0]
           Size: [11, 19, 19]
         BufferedRegion: 
           Dimension: 3
           Index: [0, 0, 0]
           Size: [11, 19, 19]
         RequestedRegion: 
           Dimension: 3
           Index: [0, 0, 0]
           Size: [11, 19, 19]
         Spacing: [24.75, 24.875, 24.875]
         Origin: [23.0251, 23.1837, -27.9725]
         Direction: 
-0.998762 0.0252342 0.042878
-0.021497 -0.996107 0.0854899
0.0448683 0.0844623 0.995416

         IndexToPointMatrix: 
-24.7193 0.627701 1.06659
-0.53205 -24.7782 2.12656
1.11049 2.101 24.761

         PointToIndexMatrix: 
-0.040354 -0.000868564 0.00181286
0.00101444 -0.0400445 0.00339547
0.00172374 0.00343678 0.0400167

         Inverse Direction: 
-0.998762 -0.021497 0.0448683
0.0252342 -0.996107 0.0844623
0.042878 0.0854899 0.995416

         PixelContainer: 
           ImportImageContainer (0x562916d6c310)
             RTTI typeinfo:   itk::ImportImageContainer<unsigned long, itk::Vector<float, 1u> >
             Reference Count: 1
             Modified Time: 343561
             Debug: Off
             Object Name: 
             Observers: 
               none
             Pointer: 0x562915b8aa30
             Container manages memory: true
             Size: 3971
             Capacity: 3971
Elapsed time: 317.336
All_Command_lines_OK
Using single precision for computations.
=============================================================================
The composite transform comprises the following transforms (in order): 
  1. Center of mass alignment using fixed image: /home/mpib/nemecz/Projects/miniTRK/Results/01_MRI/GroupTempl/T1w/T_template0.nii.gz and moving image: /home/mpib/nemecz/Projects/miniTRK/Analysis/01_MRI/Preproc/GroupTempl/T1w/sub-439021_T1w.nii.gz (type = Euler3DTransform)
=============================================================================
  number of levels = 4
  number of levels = 4
  number of levels = 4
  fixed image: /home/mpib/nemecz/Projects/miniTRK/Results/01_MRI/GroupTempl/T1w/T_template0.nii.gz
  moving image: /home/mpib/nemecz/Projects/miniTRK/Results/01_MRI/GroupTempl/T1w/T_template0sub-439021_T1wRepaired.nii.gz
  fixed image: /home/mpib/nemecz/Projects/miniTRK/Results/01_MRI/GroupTempl/T1w/T_template0.nii.gz
  moving image: /home/mpib/nemecz/Projects/miniTRK/Results/01_MRI/GroupTempl/T1w/T_template0sub-439021_T1wRepaired.nii.gz
  fixed image: /home/mpib/nemecz/Projects/miniTRK/Results/01_MRI/GroupTempl/T1w/T_template0.nii.gz
  moving image: /home/mpib/nemecz/Projects/miniTRK/Results/01_MRI/GroupTempl/T1w/T_template0sub-439021_T1wRepaired.nii.gz
Dimension = 3
Number of stages = 3
Use Histogram Matching true
Winsorize image intensities true
Lower quantile = 0.01
Upper quantile = 0.99
Stage 1 State
   Image metric = Mattes
     Fixed image = Image (0x559c749d6ad0)
  RTTI typeinfo:   itk::Image<float, 3u>
  Reference Count: 2
  Modified Time: 1721
  Debug: Off
  Object Name: 
  Observers: 
    none
  Source: (none)
  Source output name: (none)
  Release Data: Off
  Data Released: False
  Global Release Data: Off
  PipelineMTime: 0
  UpdateMTime: 1506
  RealTimeStamp: 0 seconds 
  LargestPossibleRegion: 
    Dimension: 3
    Index: [0, 0, 0]
    Size: [192, 256, 256]
  BufferedRegion: 
    Dimension: 3
    Index: [0, 0, 0]
    Size: [192, 256, 256]
  RequestedRegion: 
    Dimension: 3
    Index: [0, 0, 0]
    Size: [192, 256, 256]
  Spacing: [1, 1, 1]
  Origin: [95.0313, 100.538, -154.123]
  Direction: 
-0.999853 -0.014134 -0.00966312
0.014129 -0.9999 0.000586045
-0.00967044 0.000449429 0.999953

  IndexToPointMatrix: 
-0.999853 -0.014134 -0.00966312
0.014129 -0.9999 0.000586045
-0.00967044 0.000449429 0.999953

  PointToIndexMatrix: 
-0.999853 0.014129 -0.00967044
-0.014134 -0.9999 0.000449429
-0.00966312 0.000586045 0.999953

  Inverse Direction: 
-0.999853 0.014129 -0.00967044
-0.014134 -0.9999 0.000449429
-0.00966312 0.000586045 0.999953

  PixelContainer: 
    ImportImageContainer (0x559c749dec80)
      RTTI typeinfo:   itk::ImportImageContainer<unsigned long, float>
      Reference Count: 1
      Modified Time: 1503
      Debug: Off
      Object Name: 
      Observers: 
        none
      Pointer: 0x7f10b4ff5010
      Container manages memory: true
      Size: 12582912
      Capacity: 12582912

     Moving image = Image (0x559c749d7bc0)
  RTTI typeinfo:   itk::Image<float, 3u>
  Reference Count: 2
  Modified Time: 1722
  Debug: Off
  Object Name: 
  Observers: 
    none
  Source: (none)
  Source output name: (none)
  Release Data: Off
  Data Released: False
  Global Release Data: Off
  PipelineMTime: 0
  UpdateMTime: 1719
  RealTimeStamp: 0 seconds 
  LargestPossibleRegion: 
    Dimension: 3
    Index: [0, 0, 0]
    Size: [192, 256, 256]
  BufferedRegion: 
    Dimension: 3
    Index: [0, 0, 0]
    Size: [192, 256, 256]
  RequestedRegion: 
    Dimension: 3
    Index: [0, 0, 0]
    Size: [192, 256, 256]
  Spacing: [1, 1, 1]
  Origin: [86.0592, 92.8093, -163.517]
  Direction: 
-0.998762 0.0252342 0.042878
-0.021497 -0.996107 0.0854899
0.0448683 0.0844623 0.995416

  IndexToPointMatrix: 
-0.998762 0.0252342 0.042878
-0.021497 -0.996107 0.0854899
0.0448683 0.0844623 0.995416

  PointToIndexMatrix: 
-0.998762 -0.021497 0.0448683
0.0252342 -0.996107 0.0844623
0.042878 0.0854899 0.995416

  Inverse Direction: 
-0.998762 -0.021497 0.0448683
0.0252342 -0.996107 0.0844623
0.042878 0.0854899 0.995416

  PixelContainer: 
    ImportImageContainer (0x559c749e3100)
      RTTI typeinfo:   itk::ImportImageContainer<unsigned long, float>
      Reference Count: 1
      Modified Time: 1716
      Debug: Off
      Object Name: 
      Observers: 
        none
      Pointer: 0x7f10b1ff4010
      Container manages memory: true
      Size: 12582912
      Capacity: 12582912

     Weighting = 1
     Sampling strategy = regular
     Number of bins = 32
     Radius = 4
     Sampling percentage  = 0.25
   Transform = Rigid
     Gradient step = 0.1
     Update field sigma (voxel space) = 0
     Total field sigma (voxel space) = 0
     Update field time sigma = 0
     Total field time sigma  = 0
     Number of time indices = 0
     Number of time point samples = 0
Stage 2 State
   Image metric = Mattes
     Fixed image = Image (0x559c749ef870)
  RTTI typeinfo:   itk::Image<float, 3u>
  Reference Count: 2
  Modified Time: 2149
  Debug: Off
  Object Name: 
  Observers: 
    none
  Source: (none)
  Source output name: (none)
  Release Data: Off
  Data Released: False
  Global Release Data: Off
  PipelineMTime: 0
  UpdateMTime: 1934
  RealTimeStamp: 0 seconds 
  LargestPossibleRegion: 
    Dimension: 3
    Index: [0, 0, 0]
    Size: [192, 256, 256]
  BufferedRegion: 
    Dimension: 3
    Index: [0, 0, 0]
    Size: [192, 256, 256]
  RequestedRegion: 
    Dimension: 3
    Index: [0, 0, 0]
    Size: [192, 256, 256]
  Spacing: [1, 1, 1]
  Origin: [95.0313, 100.538, -154.123]
  Direction: 
-0.999853 -0.014134 -0.00966312
0.014129 -0.9999 0.000586045
-0.00967044 0.000449429 0.999953

  IndexToPointMatrix: 
-0.999853 -0.014134 -0.00966312
0.014129 -0.9999 0.000586045
-0.00967044 0.000449429 0.999953

  PointToIndexMatrix: 
-0.999853 0.014129 -0.00967044
-0.014134 -0.9999 0.000449429
-0.00966312 0.000586045 0.999953

  Inverse Direction: 
-0.999853 0.014129 -0.00967044
-0.014134 -0.9999 0.000449429
-0.00966312 0.000586045 0.999953

  PixelContainer: 
    ImportImageContainer (0x559c749da6d0)
      RTTI typeinfo:   itk::ImportImageContainer<unsigned long, float>
      Reference Count: 1
      Modified Time: 1931
      Debug: Off
      Object Name: 
      Observers: 
        none
      Pointer: 0x7f10aeff3010
      Container manages memory: true
      Size: 12582912
      Capacity: 12582912

     Moving image = Image (0x559c749ef4c0)
  RTTI typeinfo:   itk::Image<float, 3u>
  Reference Count: 2
  Modified Time: 2150
  Debug: Off
  Object Name: 
  Observers: 
    none
  Source: (none)
  Source output name: (none)
  Release Data: Off
  Data Released: False
  Global Release Data: Off
  PipelineMTime: 0
  UpdateMTime: 2147
  RealTimeStamp: 0 seconds 
  LargestPossibleRegion: 
    Dimension: 3
    Index: [0, 0, 0]
    Size: [192, 256, 256]
  BufferedRegion: 
    Dimension: 3
    Index: [0, 0, 0]
    Size: [192, 256, 256]
  RequestedRegion: 
    Dimension: 3
    Index: [0, 0, 0]
    Size: [192, 256, 256]
  Spacing: [1, 1, 1]
  Origin: [86.0592, 92.8093, -163.517]
  Direction: 
-0.998762 0.0252342 0.042878
-0.021497 -0.996107 0.0854899
0.0448683 0.0844623 0.995416

  IndexToPointMatrix: 
-0.998762 0.0252342 0.042878
-0.021497 -0.996107 0.0854899
0.0448683 0.0844623 0.995416

  PointToIndexMatrix: 
-0.998762 -0.021497 0.0448683
0.0252342 -0.996107 0.0844623
0.042878 0.0854899 0.995416

  Inverse Direction: 
-0.998762 -0.021497 0.0448683
0.0252342 -0.996107 0.0844623
0.042878 0.0854899 0.995416

  PixelContainer: 
    ImportImageContainer (0x559c749f08c0)
      RTTI typeinfo:   itk::ImportImageContainer<unsigned long, float>
      Reference Count: 1
      Modified Time: 2144
      Debug: Off
      Object Name: 
      Observers: 
        none
      Pointer: 0x7f10abff2010
      Container manages memory: true
      Size: 12582912
      Capacity: 12582912

     Weighting = 1
     Sampling strategy = regular
     Number of bins = 32
     Radius = 4
     Sampling percentage  = 0.25
   Transform = Affine
     Gradient step = 0.1
     Update field sigma (voxel space) = 0
     Total field sigma (voxel space) = 0
     Update field time sigma = 0
     Total field time sigma  = 0
     Number of time indices = 0
     Number of time point samples = 0
Stage 3 State
   Image metric = CC
     Fixed image = Image (0x559c749f6960)
  RTTI typeinfo:   itk::Image<float, 3u>
  Reference Count: 2
  Modified Time: 2577
  Debug: Off
  Object Name: 
  Observers: 
    none
  Source: (none)
  Source output name: (none)
  Release Data: Off
  Data Released: False
  Global Release Data: Off
  PipelineMTime: 0
  UpdateMTime: 2362
  RealTimeStamp: 0 seconds 
  LargestPossibleRegion: 
    Dimension: 3
    Index: [0, 0, 0]
    Size: [192, 256, 256]
  BufferedRegion: 
    Dimension: 3
    Index: [0, 0, 0]
    Size: [192, 256, 256]
  RequestedRegion: 
    Dimension: 3
    Index: [0, 0, 0]
    Size: [192, 256, 256]
  Spacing: [1, 1, 1]
  Origin: [95.0313, 100.538, -154.123]
  Direction: 
-0.999853 -0.014134 -0.00966312
0.014129 -0.9999 0.000586045
-0.00967044 0.000449429 0.999953

  IndexToPointMatrix: 
-0.999853 -0.014134 -0.00966312
0.014129 -0.9999 0.000586045
-0.00967044 0.000449429 0.999953

  PointToIndexMatrix: 
-0.999853 0.014129 -0.00967044
-0.014134 -0.9999 0.000449429
-0.00966312 0.000586045 0.999953

  Inverse Direction: 
-0.999853 0.014129 -0.00967044
-0.014134 -0.9999 0.000449429
-0.00966312 0.000586045 0.999953

  PixelContainer: 
    ImportImageContainer (0x559c749d7660)
      RTTI typeinfo:   itk::ImportImageContainer<unsigned long, float>
      Reference Count: 1
      Modified Time: 2359
      Debug: Off
      Object Name: 
      Observers: 
        none
      Pointer: 0x7f10a8ff1010
      Container manages memory: true
      Size: 12582912
      Capacity: 12582912

     Moving image = Image (0x559c749f8840)
  RTTI typeinfo:   itk::Image<float, 3u>
  Reference Count: 2
  Modified Time: 2578
  Debug: Off
  Object Name: 
  Observers: 
    none
  Source: (none)
  Source output name: (none)
  Release Data: Off
  Data Released: False
  Global Release Data: Off
  PipelineMTime: 0
  UpdateMTime: 2575
  RealTimeStamp: 0 seconds 
  LargestPossibleRegion: 
    Dimension: 3
    Index: [0, 0, 0]
    Size: [192, 256, 256]
  BufferedRegion: 
    Dimension: 3
    Index: [0, 0, 0]
    Size: [192, 256, 256]
  RequestedRegion: 
    Dimension: 3
    Index: [0, 0, 0]
    Size: [192, 256, 256]
  Spacing: [1, 1, 1]
  Origin: [86.0592, 92.8093, -163.517]
  Direction: 
-0.998762 0.0252342 0.042878
-0.021497 -0.996107 0.0854899
0.0448683 0.0844623 0.995416

  IndexToPointMatrix: 
-0.998762 0.0252342 0.042878
-0.021497 -0.996107 0.0854899
0.0448683 0.0844623 0.995416

  PointToIndexMatrix: 
-0.998762 -0.021497 0.0448683
0.0252342 -0.996107 0.0844623
0.042878 0.0854899 0.995416

  Inverse Direction: 
-0.998762 -0.021497 0.0448683
0.0252342 -0.996107 0.0844623
0.042878 0.0854899 0.995416

  PixelContainer: 
    ImportImageContainer (0x559c749f5660)
      RTTI typeinfo:   itk::ImportImageContainer<unsigned long, float>
      Reference Count: 1
      Modified Time: 2572
      Debug: Off
      Object Name: 
      Observers: 
        none
      Pointer: 0x7f10a5ff0010
      Container manages memory: true
      Size: 12582912
      Capacity: 12582912

     Weighting = 1
     Sampling strategy = none
     Number of bins = 32
     Radius = 4
     Sampling percentage  = 1
   Transform = SyN
     Gradient step = 0.1
     Update field sigma (voxel space) = 3
     Total field sigma (voxel space) = 0
     Update field time sigma = 0
     Total field time sigma  = 0
     Number of time indices = 0
     Number of time point samples = 0
Registration using 3 total stages.

Stage 0
  iterations = 1000x500x250x0
  convergence threshold = 1e-06
  convergence window size = 10
  number of levels = 4
  using the Mattes MI metric (number of bins = 32, weight = 1)
  preprocessing:  winsorizing the image intensities
  preprocessing:  histogram matching the images
  Shrink factors (level 1 out of 4): [6, 6, 6]
  Shrink factors (level 2 out of 4): [4, 4, 4]
  Shrink factors (level 3 out of 4): [2, 2, 2]
  Shrink factors (level 4 out of 4): [1, 1, 1]
  smoothing sigmas per level: [4, 2, 1, 0]
  regular sampling (percentage = 0.25)

*** Running Euler3DTransform registration ***

DIAGNOSTIC,Iteration,metricValue,convergenceValue,ITERATION_TIME_INDEX,SINCE_LAST
 2DIAGNOSTIC,     1, -8.756630420685e-01, inf, 8.5802e-01, 8.5802e-01, 
 2DIAGNOSTIC,     2, -8.770225644112e-01, inf, 8.6612e-01, 8.1000e-03, 
 2DIAGNOSTIC,     3, -8.789692521095e-01, inf, 8.7585e-01, 9.7320e-03, 
 2DIAGNOSTIC,     4, -8.812982439995e-01, inf, 8.8524e-01, 9.3830e-03, 
 2DIAGNOSTIC,     5, -8.836752176285e-01, inf, 8.9380e-01, 8.5628e-03, 
 2DIAGNOSTIC,     6, -8.850691914558e-01, inf, 9.0233e-01, 8.5261e-03, 
 2DIAGNOSTIC,     7, -8.868531584740e-01, inf, 9.0993e-01, 7.6060e-03, 
 2DIAGNOSTIC,     8, -8.892164230347e-01, inf, 9.1831e-01, 8.3759e-03, 
 2DIAGNOSTIC,     9, -8.912791013718e-01, inf, 9.2924e-01, 1.0928e-02, 
 2DIAGNOSTIC,    10, -8.921065330505e-01, 1.254197559319e-03, 9.3940e-01, 1.0165e-02, 
 2DIAGNOSTIC,    11, -8.928005695343e-01, 1.087426790036e-03, 9.4730e-01, 7.8959e-03, 
 2DIAGNOSTIC,    12, -8.957105278969e-01, 9.651742293499e-04, 9.5676e-01, 9.4631e-03, 
 2DIAGNOSTIC,    13, -8.960242271423e-01, 8.275777217932e-04, 9.6559e-01, 8.8310e-03, 
 2DIAGNOSTIC,    14, -8.963537812233e-01, 6.950300885364e-04, 9.7609e-01, 1.0503e-02, 
 2DIAGNOSTIC,    15, -8.964639306068e-01, 5.709946854040e-04, 9.8544e-01, 9.3451e-03, 
 2DIAGNOSTIC,    16, -8.973181247711e-01, 4.552140890155e-04, 9.9470e-01, 9.2580e-03, 
 2DIAGNOSTIC,    17, -8.985471725464e-01, 3.662334056571e-04, 1.0035e+00, 8.8000e-03, 
 2DIAGNOSTIC,    18, -8.987036347389e-01, 2.969278430101e-04, 1.0128e+00, 9.3231e-03, 
 2DIAGNOSTIC,    19, -8.987449407578e-01, 2.438374503981e-04, 1.0208e+00, 7.9968e-03, 
 2DIAGNOSTIC,    20, -8.987524509430e-01, 1.874920271803e-04, 1.0314e+00, 1.0630e-02, 
 2DIAGNOSTIC,    21, -8.987568020821e-01, 1.284788158955e-04, 1.0413e+00, 9.8889e-03, 
 2DIAGNOSTIC,    22, -8.987588286400e-01, 1.048418125720e-04, 1.0506e+00, 9.2840e-03, 
 2DIAGNOSTIC,    23, -8.987584114075e-01, 7.792862015776e-05, 1.0584e+00, 7.7331e-03, 
 2DIAGNOSTIC,    24, -8.987613320351e-01, 5.086288001621e-05, 1.0665e+00, 8.1561e-03, 
 2DIAGNOSTIC,    25, -8.987662196159e-01, 2.269959077239e-05, 1.0745e+00, 7.9892e-03, 
 2DIAGNOSTIC,    26, -8.987743854523e-01, 4.864014044870e-06, 1.0832e+00, 8.7161e-03, 
 2DIAGNOSTIC,    27, -8.988171815872e-01, 2.966548890981e-06, 1.0921e+00, 8.9259e-03, 
 2DIAGNOSTIC,    28, -8.987600803375e-01, 2.143558049283e-06, 1.1000e+00, 7.8862e-03, 
 2DIAGNOSTIC,    29, -8.988007903099e-01, 2.206138333349e-06, 1.1130e+00, 1.3004e-02, 
 2DIAGNOSTIC,    30, -8.988431692123e-01, 2.674701818250e-06, 1.1238e+00, 1.0782e-02, 
 2DIAGNOSTIC,    31, -8.988441228867e-01, 2.994753003804e-06, 1.1321e+00, 8.2731e-03, 
 2DIAGNOSTIC,    32, -8.988442420959e-01, 3.137403609799e-06, 1.1411e+00, 9.0411e-03, 
 2DIAGNOSTIC,    33, -8.988451361656e-01, 3.087268623858e-06, 1.1500e+00, 8.8930e-03, 
 2DIAGNOSTIC,    34, -8.988452553749e-01, 2.867642024285e-06, 1.1591e+00, 9.0649e-03, 
 2DIAGNOSTIC,    35, -8.988463282585e-01, 2.517970642657e-06, 1.1680e+00, 8.9040e-03, 
 2DIAGNOSTIC,    36, -8.988465070724e-01, 2.096223397530e-06, 1.1777e+00, 9.6731e-03, 
 2DIAGNOSTIC,    37, -8.988466262817e-01, 1.975257646336e-06, 1.1870e+00, 9.3000e-03, 
 2DIAGNOSTIC,    38, -8.988466858864e-01, 1.272543727282e-06, 1.1956e+00, 8.6441e-03, 
DIAGNOSTIC,Iteration,metricValue,convergenceValue,ITERATION_TIME_INDEX,SINCE_LAST
 2DIAGNOSTIC,     1, -7.152587771416e-01, inf, 1.8678e+00, 6.7216e-01, 
 2DIAGNOSTIC,     2, -7.164555788040e-01, inf, 1.8997e+00, 3.1904e-02, 
 2DIAGNOSTIC,     3, -7.180735468864e-01, inf, 1.9307e+00, 3.1043e-02, 
 2DIAGNOSTIC,     4, -7.197890877724e-01, inf, 1.9601e+00, 2.9414e-02, 
 2DIAGNOSTIC,     5, -7.206965088844e-01, inf, 1.9892e+00, 2.9110e-02, 
 2DIAGNOSTIC,     6, -7.208977341652e-01, inf, 2.0223e+00, 3.3089e-02, 
 2DIAGNOSTIC,     7, -7.209321260452e-01, inf, 2.0556e+00, 3.3257e-02, 
 2DIAGNOSTIC,     8, -7.210507988930e-01, inf, 2.0999e+00, 4.4360e-02, 
 2DIAGNOSTIC,     9, -7.210507988930e-01, inf, 2.1331e+00, 3.3111e-02, 
 2DIAGNOSTIC,    10, -7.210487127304e-01, 4.954130272381e-04, 2.1625e+00, 2.9474e-02, 
 2DIAGNOSTIC,    11, -7.210394144058e-01, 2.987216576003e-04, 2.1941e+00, 3.1583e-02, 
 2DIAGNOSTIC,    12, -7.210509181023e-01, 1.476980396546e-04, 2.2308e+00, 3.6673e-02, 
 2DIAGNOSTIC,    13, -7.210602760315e-01, 5.513219730346e-05, 2.2676e+00, 3.6795e-02, 
 2DIAGNOSTIC,    14, -7.210609912872e-01, 1.874920235423e-05, 2.3021e+00, 3.4503e-02, 
 2DIAGNOSTIC,    15, -7.210619449615e-01, 9.543018677505e-06, 2.3361e+00, 3.4037e-02, 
 2DIAGNOSTIC,    16, -7.210546135902e-01, 5.609019808617e-06, 2.3668e+00, 3.0677e-02, 
 2DIAGNOSTIC,    17, -7.210639715195e-01, 2.742069455053e-06, 2.4027e+00, 3.5878e-02, 
 2DIAGNOSTIC,    18, -7.210808992386e-01, 3.070837010455e-06, 2.4332e+00, 3.0546e-02, 
 2DIAGNOSTIC,    19, -7.211050987244e-01, 3.738473651538e-06, 2.4690e+00, 3.5738e-02, 
 2DIAGNOSTIC,    20, -7.211142778397e-01, 4.292128323868e-06, 2.4991e+00, 3.0100e-02, 
 2DIAGNOSTIC,    21, -7.211223840714e-01, 4.522553354036e-06, 2.5367e+00, 3.7628e-02, 
 2DIAGNOSTIC,    22, -7.211379408836e-01, 4.933646778227e-06, 2.5665e+00, 2.9851e-02, 
 2DIAGNOSTIC,    23, -7.211452126503e-01, 5.255369160295e-06, 2.6158e+00, 4.9243e-02, 
 2DIAGNOSTIC,    24, -7.211515307426e-01, 5.297130883264e-06, 2.6501e+00, 3.4279e-02, 
 2DIAGNOSTIC,    25, -7.211596965790e-01, 5.114248324389e-06, 2.6848e+00, 3.4726e-02, 
 2DIAGNOSTIC,    26, -7.211595177650e-01, 4.471228749026e-06, 2.7215e+00, 3.6733e-02, 
 2DIAGNOSTIC,    27, -7.211595177650e-01, 3.704492655743e-06, 2.7588e+00, 3.7251e-02, 
 2DIAGNOSTIC,    28, -7.211597561836e-01, 2.988811047544e-06, 2.7923e+00, 3.3542e-02, 
 2DIAGNOSTIC,    29, -7.211594581604e-01, 2.471559582773e-06, 2.8343e+00, 4.1980e-02, 
 2DIAGNOSTIC,    30, -7.211599349976e-01, 1.984881691897e-06, 2.8707e+00, 3.6429e-02, 
 2DIAGNOSTIC,    31, -7.211593389511e-01, 1.533970703349e-06, 2.9165e+00, 4.5778e-02, 
 2DIAGNOSTIC,    32, -7.211595177650e-01, 1.257385861209e-06, 2.9504e+00, 3.3920e-02, 
 2DIAGNOSTIC,    33, -7.211592793465e-01, 1.055615143741e-06, 2.9846e+00, 3.4204e-02, 
DIAGNOSTIC,Iteration,metricValue,convergenceValue,ITERATION_TIME_INDEX,SINCE_LAST
 2DIAGNOSTIC,     1, -6.258842349052e-01, inf, 4.1498e+00, 1.1652e+00, 
 2DIAGNOSTIC,     2, -6.259437203407e-01, inf, 4.4375e+00, 2.8763e-01, 
 2DIAGNOSTIC,     3, -6.260667443275e-01, inf, 4.6869e+00, 2.4942e-01, 
 2DIAGNOSTIC,     4, -6.261180043221e-01, inf, 4.9936e+00, 3.0669e-01, 
 2DIAGNOSTIC,     5, -6.261498332024e-01, inf, 5.2038e+00, 2.1023e-01, 
 2DIAGNOSTIC,     6, -6.261640787125e-01, inf, 5.4115e+00, 2.0764e-01, 
 2DIAGNOSTIC,     7, -6.261907815933e-01, inf, 5.6594e+00, 2.4791e-01, 
 2DIAGNOSTIC,     8, -6.261966824532e-01, inf, 5.9509e+00, 2.9150e-01, 
 2DIAGNOSTIC,     9, -6.262112855911e-01, inf, 6.1951e+00, 2.4428e-01, 
 2DIAGNOSTIC,    10, -6.262162923813e-01, 3.465444024187e-05, 6.4026e+00, 2.0741e-01, 
 2DIAGNOSTIC,    11, -6.262198090553e-01, 2.346336805203e-05, 6.6102e+00, 2.0767e-01, 
 2DIAGNOSTIC,    12, -6.262233257294e-01, 1.457352209400e-05, 6.8968e+00, 2.8661e-01, 
 2DIAGNOSTIC,    13, -6.262280941010e-01, 1.039915787260e-05, 7.1052e+00, 2.0835e-01, 
 2DIAGNOSTIC,    14, -6.262283325195e-01, 7.748214557068e-06, 7.3407e+00, 2.3551e-01, 
 2DIAGNOSTIC,    15, -6.262307167053e-01, 5.985096322547e-06, 7.5737e+00, 2.3296e-01, 
 2DIAGNOSTIC,    16, -6.262311935425e-01, 4.490505034482e-06, 7.8085e+00, 2.3485e-01, 
 2DIAGNOSTIC,    17, -6.262329816818e-01, 3.702568164954e-06, 8.0492e+00, 2.4071e-01, 
 2DIAGNOSTIC,    18, -6.262330412865e-01, 2.973182745336e-06, 8.2888e+00, 2.3959e-01, 
 2DIAGNOSTIC,    19, -6.262329816818e-01, 2.555149194450e-06, 8.5101e+00, 2.2131e-01, 
 2DIAGNOSTIC,    20, -6.262339353561e-01, 2.232527322121e-06, 8.7536e+00, 2.4344e-01, 
 2DIAGNOSTIC,    21, -6.262381076813e-01, 2.045070232271e-06, 8.9950e+00, 2.4140e-01, 
 2DIAGNOSTIC,    22, -6.262381672859e-01, 1.894069441732e-06, 9.2371e+00, 2.4216e-01, 
 2DIAGNOSTIC,    23, -6.262389421463e-01, 1.825373260544e-06, 9.4536e+00, 2.1653e-01, 
 2DIAGNOSTIC,    24, -6.262407302856e-01, 1.759468318596e-06, 9.6928e+00, 2.3920e-01, 
 2DIAGNOSTIC,    25, -6.262402534485e-01, 1.691563397799e-06, 1.0100e+01, 4.0750e-01, 
 2DIAGNOSTIC,    26, -6.262406110764e-01, 1.602675638424e-06, 1.0364e+01, 2.6353e-01, 
 2DIAGNOSTIC,    27, -6.262407302856e-01, 1.516838210591e-06, 1.0579e+01, 2.1509e-01, 
 2DIAGNOSTIC,    28, -6.262404322624e-01, 1.402212205903e-06, 1.0824e+01, 2.4530e-01, 
 2DIAGNOSTIC,    29, -6.262401938438e-01, 1.265833475372e-06, 1.1071e+01, 2.4720e-01, 
