
Running N4 for 3-dimensional images.

Mask not read.  Using the entire image as the mask.

Original intensity range:  [0, 1062]

***********************************************************
Warning:  Your input image contains nonpositive values
which could cause failure or problematic results.  A
possible workaround would be to:
   1. rescale your image to positive values e.g., [10,100].
   2. run N4 on your rescaled image.
   3. (optional) rescale the N4 output to the original
      intensity range.
***********************************************************

Specified spline distance: 200mm
  original image size:  [192, 256, 256]
  padded image size:  [201, 401, 401]
  number of control points:  [4, 5, 5]

Current level = 1
  Iteration 1 (of 50).   Current convergence value = 0.000471157 (threshold = 1e-08)
  Iteration 2 (of 50).   Current convergence value = 0.000295553 (threshold = 1e-08)
  Iteration 3 (of 50).   Current convergence value = 0.000226765 (threshold = 1e-08)
  Iteration 4 (of 50).   Current convergence value = 0.000174537 (threshold = 1e-08)
  Iteration 5 (of 50).   Current convergence value = 0.00013617 (threshold = 1e-08)
  Iteration 6 (of 50).   Current convergence value = 0.000110738 (threshold = 1e-08)
  Iteration 7 (of 50).   Current convergence value = 9.46768e-05 (threshold = 1e-08)
  Iteration 8 (of 50).   Current convergence value = 8.48457e-05 (threshold = 1e-08)
  Iteration 9 (of 50).   Current convergence value = 7.88654e-05 (threshold = 1e-08)
  Iteration 10 (of 50).   Current convergence value = 7.50288e-05 (threshold = 1e-08)
  Iteration 11 (of 50).   Current convergence value = 7.22396e-05 (threshold = 1e-08)
  Iteration 12 (of 50).   Current convergence value = 6.9635e-05 (threshold = 1e-08)
  Iteration 13 (of 50).   Current convergence value = 6.69984e-05 (threshold = 1e-08)
  Iteration 14 (of 50).   Current convergence value = 6.43227e-05 (threshold = 1e-08)
  Iteration 15 (of 50).   Current convergence value = 6.14957e-05 (threshold = 1e-08)
  Iteration 16 (of 50).   Current convergence value = 5.8709e-05 (threshold = 1e-08)
  Iteration 17 (of 50).   Current convergence value = 5.6095e-05 (threshold = 1e-08)
  Iteration 18 (of 50).   Current convergence value = 5.3767e-05 (threshold = 1e-08)
  Iteration 19 (of 50).   Current convergence value = 5.13931e-05 (threshold = 1e-08)
  Iteration 20 (of 50).   Current convergence value = 4.93185e-05 (threshold = 1e-08)
  Iteration 21 (of 50).   Current convergence value = 4.71519e-05 (threshold = 1e-08)
  Iteration 22 (of 50).   Current convergence value = 4.48972e-05 (threshold = 1e-08)
  Iteration 23 (of 50).   Current convergence value = 4.26761e-05 (threshold = 1e-08)
  Iteration 24 (of 50).   Current convergence value = 4.06838e-05 (threshold = 1e-08)
  Iteration 25 (of 50).   Current convergence value = 3.88305e-05 (threshold = 1e-08)
  Iteration 26 (of 50).   Current convergence value = 3.69003e-05 (threshold = 1e-08)
  Iteration 27 (of 50).   Current convergence value = 3.51889e-05 (threshold = 1e-08)
  Iteration 28 (of 50).   Current convergence value = 3.35354e-05 (threshold = 1e-08)
  Iteration 29 (of 50).   Current convergence value = 3.19316e-05 (threshold = 1e-08)
  Iteration 30 (of 50).   Current convergence value = 3.04439e-05 (threshold = 1e-08)
  Iteration 31 (of 50).   Current convergence value = 2.91287e-05 (threshold = 1e-08)
  Iteration 32 (of 50).   Current convergence value = 2.79152e-05 (threshold = 1e-08)
  Iteration 33 (of 50).   Current convergence value = 2.68126e-05 (threshold = 1e-08)
  Iteration 34 (of 50).   Current convergence value = 2.58758e-05 (threshold = 1e-08)
  Iteration 35 (of 50).   Current convergence value = 2.50141e-05 (threshold = 1e-08)
  Iteration 36 (of 50).   Current convergence value = 2.42999e-05 (threshold = 1e-08)
  Iteration 37 (of 50).   Current convergence value = 2.36708e-05 (threshold = 1e-08)
  Iteration 38 (of 50).   Current convergence value = 2.31664e-05 (threshold = 1e-08)
  Iteration 39 (of 50).   Current convergence value = 2.27756e-05 (threshold = 1e-08)
  Iteration 40 (of 50).   Current convergence value = 2.25003e-05 (threshold = 1e-08)
  Iteration 41 (of 50).   Current convergence value = 2.23425e-05 (threshold = 1e-08)
  Iteration 42 (of 50).   Current convergence value = 2.22701e-05 (threshold = 1e-08)
  Iteration 43 (of 50).   Current convergence value = 2.22614e-05 (threshold = 1e-08)
  Iteration 44 (of 50).   Current convergence value = 2.23379e-05 (threshold = 1e-08)
  Iteration 45 (of 50).   Current convergence value = 2.24978e-05 (threshold = 1e-08)
  Iteration 46 (of 50).   Current convergence value = 2.26741e-05 (threshold = 1e-08)
  Iteration 47 (of 50).   Current convergence value = 2.29128e-05 (threshold = 1e-08)
  Iteration 48 (of 50).   Current convergence value = 2.32378e-05 (threshold = 1e-08)
  Iteration 49 (of 50).   Current convergence value = 2.3573e-05 (threshold = 1e-08)
  Iteration 50 (of 50).   Current convergence value = 2.3953e-05 (threshold = 1e-08)
Current level = 2
  Iteration 1 (of 50).   Current convergence value = 0.000405551 (threshold = 1e-08)
  Iteration 2 (of 50).   Current convergence value = 0.000389617 (threshold = 1e-08)
  Iteration 3 (of 50).   Current convergence value = 0.000386328 (threshold = 1e-08)
  Iteration 4 (of 50).   Current convergence value = 0.000384995 (threshold = 1e-08)
  Iteration 5 (of 50).   Current convergence value = 0.000382405 (threshold = 1e-08)
  Iteration 6 (of 50).   Current convergence value = 0.000376593 (threshold = 1e-08)
  Iteration 7 (of 50).   Current convergence value = 0.000368165 (threshold = 1e-08)
  Iteration 8 (of 50).   Current convergence value = 0.000357966 (threshold = 1e-08)
  Iteration 9 (of 50).   Current convergence value = 0.000346805 (threshold = 1e-08)
  Iteration 10 (of 50).   Current convergence value = 0.000335217 (threshold = 1e-08)
  Iteration 11 (of 50).   Current convergence value = 0.000324068 (threshold = 1e-08)
  Iteration 12 (of 50).   Current convergence value = 0.000313766 (threshold = 1e-08)
  Iteration 13 (of 50).   Current convergence value = 0.000304132 (threshold = 1e-08)
  Iteration 14 (of 50).   Current convergence value = 0.000295559 (threshold = 1e-08)
  Iteration 15 (of 50).   Current convergence value = 0.000287704 (threshold = 1e-08)
  Iteration 16 (of 50).   Current convergence value = 0.000280673 (threshold = 1e-08)
  Iteration 17 (of 50).   Current convergence value = 0.000273609 (threshold = 1e-08)
  Iteration 18 (of 50).   Current convergence value = 0.000267244 (threshold = 1e-08)
  Iteration 19 (of 50).   Current convergence value = 0.000261285 (threshold = 1e-08)
  Iteration 20 (of 50).   Current convergence value = 0.000255586 (threshold = 1e-08)
  Iteration 21 (of 50).   Current convergence value = 0.000250444 (threshold = 1e-08)
  Iteration 22 (of 50).   Current convergence value = 0.000245512 (threshold = 1e-08)
  Iteration 23 (of 50).   Current convergence value = 0.000240974 (threshold = 1e-08)
  Iteration 24 (of 50).   Current convergence value = 0.000236393 (threshold = 1e-08)
  Iteration 25 (of 50).   Current convergence value = 0.000231891 (threshold = 1e-08)
  Iteration 26 (of 50).   Current convergence value = 0.000227955 (threshold = 1e-08)
  Iteration 27 (of 50).   Current convergence value = 0.000224111 (threshold = 1e-08)
  Iteration 28 (of 50).   Current convergence value = 0.00022072 (threshold = 1e-08)
  Iteration 29 (of 50).   Current convergence value = 0.000217139 (threshold = 1e-08)
  Iteration 30 (of 50).   Current convergence value = 0.000213431 (threshold = 1e-08)
  Iteration 31 (of 50).   Current convergence value = 0.000209941 (threshold = 1e-08)
  Iteration 32 (of 50).   Current convergence value = 0.000206616 (threshold = 1e-08)
  Iteration 33 (of 50).   Current convergence value = 0.000203415 (threshold = 1e-08)
  Iteration 34 (of 50).   Current convergence value = 0.000200407 (threshold = 1e-08)
  Iteration 35 (of 50).   Current convergence value = 0.000197594 (threshold = 1e-08)
  Iteration 36 (of 50).   Current convergence value = 0.00019485 (threshold = 1e-08)
  Iteration 37 (of 50).   Current convergence value = 0.00019233 (threshold = 1e-08)
  Iteration 38 (of 50).   Current convergence value = 0.000189846 (threshold = 1e-08)
  Iteration 39 (of 50).   Current convergence value = 0.000187352 (threshold = 1e-08)
  Iteration 40 (of 50).   Current convergence value = 0.000184911 (threshold = 1e-08)
  Iteration 41 (of 50).   Current convergence value = 0.000182483 (threshold = 1e-08)
  Iteration 42 (of 50).   Current convergence value = 0.000178837 (threshold = 1e-08)
  Iteration 43 (of 50).   Current convergence value = 0.000175489 (threshold = 1e-08)
  Iteration 44 (of 50).   Current convergence value = 0.000172386 (threshold = 1e-08)
  Iteration 45 (of 50).   Current convergence value = 0.000169565 (threshold = 1e-08)
  Iteration 46 (of 50).   Current convergence value = 0.000166966 (threshold = 1e-08)
  Iteration 47 (of 50).   Current convergence value = 0.000164527 (threshold = 1e-08)
  Iteration 48 (of 50).   Current convergence value = 0.000162305 (threshold = 1e-08)
  Iteration 49 (of 50).   Current convergence value = 0.000160269 (threshold = 1e-08)
  Iteration 50 (of 50).   Current convergence value = 0.000158305 (threshold = 1e-08)
Current level = 3
  Iteration 1 (of 40).   Current convergence value = 0.00130921 (threshold = 1e-08)
  Iteration 2 (of 40).   Current convergence value = 0.00123244 (threshold = 1e-08)
  Iteration 3 (of 40).   Current convergence value = 0.00119777 (threshold = 1e-08)
  Iteration 4 (of 40).   Current convergence value = 0.00117294 (threshold = 1e-08)
  Iteration 5 (of 40).   Current convergence value = 0.00116196 (threshold = 1e-08)
  Iteration 6 (of 40).   Current convergence value = 0.00112291 (threshold = 1e-08)
  Iteration 7 (of 40).   Current convergence value = 0.00107498 (threshold = 1e-08)
  Iteration 8 (of 40).   Current convergence value = 0.000949881 (threshold = 1e-08)
  Iteration 9 (of 40).   Current convergence value = 0.000857006 (threshold = 1e-08)
  Iteration 10 (of 40).   Current convergence value = 0.000799124 (threshold = 1e-08)
  Iteration 11 (of 40).   Current convergence value = 0.000760627 (threshold = 1e-08)
  Iteration 12 (of 40).   Current convergence value = 0.000728246 (threshold = 1e-08)
  Iteration 13 (of 40).   Current convergence value = 0.000705315 (threshold = 1e-08)
  Iteration 14 (of 40).   Current convergence value = 0.000684304 (threshold = 1e-08)
  Iteration 15 (of 40).   Current convergence value = 0.000665326 (threshold = 1e-08)
  Iteration 16 (of 40).   Current convergence value = 0.000648309 (threshold = 1e-08)
  Iteration 17 (of 40).   Current convergence value = 0.000632797 (threshold = 1e-08)
  Iteration 18 (of 40).   Current convergence value = 0.000615445 (threshold = 1e-08)
  Iteration 19 (of 40).   Current convergence value = 0.000579498 (threshold = 1e-08)
  Iteration 20 (of 40).   Current convergence value = 0.00055037 (threshold = 1e-08)
  Iteration 21 (of 40).   Current convergence value = 0.000525331 (threshold = 1e-08)
  Iteration 22 (of 40).   Current convergence value = 0.000503482 (threshold = 1e-08)
  Iteration 23 (of 40).   Current convergence value = 0.000484198 (threshold = 1e-08)
  Iteration 24 (of 40).   Current convergence value = 0.000467 (threshold = 1e-08)
  Iteration 25 (of 40).   Current convergence value = 0.000451679 (threshold = 1e-08)
  Iteration 26 (of 40).   Current convergence value = 0.000437851 (threshold = 1e-08)
  Iteration 27 (of 40).   Current convergence value = 0.000424332 (threshold = 1e-08)
  Iteration 28 (of 40).   Current convergence value = 0.000407793 (threshold = 1e-08)
  Iteration 29 (of 40).   Current convergence value = 0.000394793 (threshold = 1e-08)
  Iteration 30 (of 40).   Current convergence value = 0.000383517 (threshold = 1e-08)
  Iteration 31 (of 40).   Current convergence value = 0.000373865 (threshold = 1e-08)
  Iteration 32 (of 40).   Current convergence value = 0.000365462 (threshold = 1e-08)
  Iteration 33 (of 40).   Current convergence value = 0.000357973 (threshold = 1e-08)
  Iteration 34 (of 40).   Current convergence value = 0.000351215 (threshold = 1e-08)
  Iteration 35 (of 40).   Current convergence value = 0.000345276 (threshold = 1e-08)
  Iteration 36 (of 40).   Current convergence value = 0.000339945 (threshold = 1e-08)
  Iteration 37 (of 40).   Current convergence value = 0.000335328 (threshold = 1e-08)
  Iteration 38 (of 40).   Current convergence value = 0.00033111 (threshold = 1e-08)
  Iteration 39 (of 40).   Current convergence value = 0.00032735 (threshold = 1e-08)
  Iteration 40 (of 40).   Current convergence value = 0.000323659 (threshold = 1e-08)
Current level = 4
  Iteration 1 (of 30).   Current convergence value = 0.00192666 (threshold = 1e-08)
  Iteration 2 (of 30).   Current convergence value = 0.00194478 (threshold = 1e-08)
  Iteration 3 (of 30).   Current convergence value = 0.00171862 (threshold = 1e-08)
  Iteration 4 (of 30).   Current convergence value = 0.00159375 (threshold = 1e-08)
  Iteration 5 (of 30).   Current convergence value = 0.00147261 (threshold = 1e-08)
  Iteration 6 (of 30).   Current convergence value = 0.00136107 (threshold = 1e-08)
  Iteration 7 (of 30).   Current convergence value = 0.00129252 (threshold = 1e-08)
  Iteration 8 (of 30).   Current convergence value = 0.00123245 (threshold = 1e-08)
  Iteration 9 (of 30).   Current convergence value = 0.0011799 (threshold = 1e-08)
  Iteration 10 (of 30).   Current convergence value = 0.00113427 (threshold = 1e-08)
  Iteration 11 (of 30).   Current convergence value = 0.00109484 (threshold = 1e-08)
  Iteration 12 (of 30).   Current convergence value = 0.00106061 (threshold = 1e-08)
  Iteration 13 (of 30).   Current convergence value = 0.00100175 (threshold = 1e-08)
  Iteration 14 (of 30).   Current convergence value = 0.000920482 (threshold = 1e-08)
  Iteration 15 (of 30).   Current convergence value = 0.000855942 (threshold = 1e-08)
  Iteration 16 (of 30).   Current convergence value = 0.000800809 (threshold = 1e-08)
  Iteration 17 (of 30).   Current convergence value = 0.000752749 (threshold = 1e-08)
  Iteration 18 (of 30).   Current convergence value = 0.000709981 (threshold = 1e-08)
  Iteration 19 (of 30).   Current convergence value = 0.000671597 (threshold = 1e-08)
  Iteration 20 (of 30).   Current convergence value = 0.000636841 (threshold = 1e-08)
  Iteration 21 (of 30).   Current convergence value = 0.000605458 (threshold = 1e-08)
  Iteration 22 (of 30).   Current convergence value = 0.000577142 (threshold = 1e-08)
  Iteration 23 (of 30).   Current convergence value = 0.000551757 (threshold = 1e-08)
  Iteration 24 (of 30).   Current convergence value = 0.000528692 (threshold = 1e-08)
  Iteration 25 (of 30).   Current convergence value = 0.000508044 (threshold = 1e-08)
  Iteration 26 (of 30).   Current convergence value = 0.00048958 (threshold = 1e-08)
  Iteration 27 (of 30).   Current convergence value = 0.000473241 (threshold = 1e-08)
  Iteration 28 (of 30).   Current convergence value = 0.000458898 (threshold = 1e-08)
  Iteration 29 (of 30).   Current convergence value = 0.000446527 (threshold = 1e-08)
  Iteration 30 (of 30).   Current convergence value = 0.000431813 (threshold = 1e-08)
   N4BiasFieldCorrectionImageFilter (0x5639667e4e20)
     RTTI typeinfo:   itk::N4BiasFieldCorrectionImageFilter<itk::Image<float, 3u>, itk::Image<float, 3u>, itk::Image<float, 3u> >
     Reference Count: 1
     Modified Time: 565
     Debug: Off
     Object Name: 
     Observers: 
       IterationEvent(Command)
     Inputs: 
       ConfidenceImage: (0)
       MaskImage: (0x56396680f5e0)
       Primary: (0x56396680aae0) *
     Indexed Inputs: 
       0: Primary (0x56396680aae0)
       1: MaskImage (0x56396680f5e0)
       2: ConfidenceImage (0)
     Required Input Names: Primary
     NumberOfRequiredInputs: 1
     Outputs: 
       Primary: (0x5639667f4ef0)
     Indexed Outputs: 
       0: Primary (0x5639667f4ef0)
     NumberOfRequiredOutputs: 1
     Number Of Work Units: 32
     ReleaseDataFlag: Off
     ReleaseDataBeforeUpdateFlag: Off
     AbortGenerateData: Off
     Progress: 0
     Multithreader: 
       RTTI typeinfo:   itk::PoolMultiThreader
       Reference Count: 1
       Modified Time: 144
       Debug: Off
       Object Name: 
       Observers: 
         none
       Number of Work Units: 32
       Number of Threads: 8
       Global Maximum Number Of Threads: 128
       Global Default Number Of Threads: 8
       Global Default Threader Type: itk::MultiThreaderBaseEnums::Threader::Pool
       SingleMethod: 0
       SingleData: 0
     DynamicMultiThreading: On
     CoordinateTolerance: 1e-06
     DirectionTolerance: 1e-06
     Use Mask Label: 0
     Mask label: 1
     Number of histogram bins: 200
     Wiener filter noise: 0.01
     Bias field FWHM: 0.15
     Maximum number of iterations: [50, 50, 40, 30]
     Convergence threshold: 1e-08
     Spline order: 3
     Number of fitting levels: [4, 4, 4]
     Number of control points: [4, 5, 5]
     CurrentConvergenceMeasurement: 0.000431813
     CurrentLevel: 4
     ElapsedIterations: 31
     LogBiasFieldControlPointLattice: 
       Image (0x56396d2e8750)
         RTTI typeinfo:   itk::Image<itk::Vector<float, 1u>, 3u>
         Reference Count: 1
         Modified Time: 343560
         Debug: Off
         Object Name: 
         Observers: 
           none
         Source: (none)
         Source output name: (none)
         Release Data: Off
         Data Released: False
         Global Release Data: Off
         PipelineMTime: 0
         UpdateMTime: 0
         RealTimeStamp: 0 seconds 
         LargestPossibleRegion: 
           Dimension: 3
           Index: [0, 0, 0]
           Size: [11, 19, 19]
         BufferedRegion: 
           Dimension: 3
           Index: [0, 0, 0]
           Size: [11, 19, 19]
         RequestedRegion: 
           Dimension: 3
           Index: [0, 0, 0]
           Size: [11, 19, 19]
         Spacing: [24.75, 24.875, 24.875]
         Origin: [25.8285, 16.9604, -29.9221]
         Direction: 
-0.998332 -0.05657 0.0115551
0.057707 -0.971049 0.231807
-0.00189275 0.232087 0.972693

         IndexToPointMatrix: 
-24.7087 -1.40718 0.287433
1.42825 -24.1548 5.7662
-0.0468457 5.77316 24.1957

         PointToIndexMatrix: 
-0.0403366 0.0023316 -7.64749e-05
-0.00227417 -0.0390371 0.00933014
0.000464526 0.00931887 0.0391032

         Inverse Direction: 
-0.998332 0.057707 -0.00189275
-0.05657 -0.971049 0.232087
0.0115551 0.231807 0.972693

         PixelContainer: 
           ImportImageContainer (0x563971b80700)
             RTTI typeinfo:   itk::ImportImageContainer<unsigned long, itk::Vector<float, 1u> >
             Reference Count: 1
             Modified Time: 343561
             Debug: Off
             Object Name: 
             Observers: 
               none
             Pointer: 0x563970995e10
             Container manages memory: true
             Size: 3971
             Capacity: 3971
Elapsed time: 297.49
All_Command_lines_OK
Using single precision for computations.
=============================================================================
The composite transform comprises the following transforms (in order): 
  1. Center of mass alignment using fixed image: /home/mpib/nemecz/Projects/miniTRK/Results/01_MRI/GroupTempl/T1w/T_template0.nii.gz and moving image: /home/mpib/nemecz/Projects/miniTRK/Analysis/01_MRI/Preproc/GroupTempl/T1w/sub-526477_T1w.nii.gz (type = Euler3DTransform)
=============================================================================
  number of levels = 4
  number of levels = 4
  number of levels = 4
  fixed image: /home/mpib/nemecz/Projects/miniTRK/Results/01_MRI/GroupTempl/T1w/T_template0.nii.gz
  moving image: /home/mpib/nemecz/Projects/miniTRK/Results/01_MRI/GroupTempl/T1w/T_template0sub-526477_T1wRepaired.nii.gz
  fixed image: /home/mpib/nemecz/Projects/miniTRK/Results/01_MRI/GroupTempl/T1w/T_template0.nii.gz
  moving image: /home/mpib/nemecz/Projects/miniTRK/Results/01_MRI/GroupTempl/T1w/T_template0sub-526477_T1wRepaired.nii.gz
  fixed image: /home/mpib/nemecz/Projects/miniTRK/Results/01_MRI/GroupTempl/T1w/T_template0.nii.gz
  moving image: /home/mpib/nemecz/Projects/miniTRK/Results/01_MRI/GroupTempl/T1w/T_template0sub-526477_T1wRepaired.nii.gz
Dimension = 3
Number of stages = 3
Use Histogram Matching true
Winsorize image intensities true
Lower quantile = 0.01
Upper quantile = 0.99
Stage 1 State
   Image metric = Mattes
     Fixed image = Image (0x555bc2e2fad0)
  RTTI typeinfo:   itk::Image<float, 3u>
  Reference Count: 2
  Modified Time: 1721
  Debug: Off
  Object Name: 
  Observers: 
    none
  Source: (none)
  Source output name: (none)
  Release Data: Off
  Data Released: False
  Global Release Data: Off
  PipelineMTime: 0
  UpdateMTime: 1506
  RealTimeStamp: 0 seconds 
  LargestPossibleRegion: 
    Dimension: 3
    Index: [0, 0, 0]
    Size: [192, 256, 256]
  BufferedRegion: 
    Dimension: 3
    Index: [0, 0, 0]
    Size: [192, 256, 256]
  RequestedRegion: 
    Dimension: 3
    Index: [0, 0, 0]
    Size: [192, 256, 256]
  Spacing: [1, 1, 1]
  Origin: [95.0313, 100.538, -154.123]
  Direction: 
-0.999853 -0.014134 -0.00966312
0.014129 -0.9999 0.000586045
-0.00967044 0.000449429 0.999953

  IndexToPointMatrix: 
-0.999853 -0.014134 -0.00966312
0.014129 -0.9999 0.000586045
-0.00967044 0.000449429 0.999953

  PointToIndexMatrix: 
-0.999853 0.014129 -0.00967044
-0.014134 -0.9999 0.000449429
-0.00966312 0.000586045 0.999953

  Inverse Direction: 
-0.999853 0.014129 -0.00967044
-0.014134 -0.9999 0.000449429
-0.00966312 0.000586045 0.999953

  PixelContainer: 
    ImportImageContainer (0x555bc2e37c80)
      RTTI typeinfo:   itk::ImportImageContainer<unsigned long, float>
      Reference Count: 1
      Modified Time: 1503
      Debug: Off
      Object Name: 
      Observers: 
        none
      Pointer: 0x7fd4c3816010
      Container manages memory: true
      Size: 12582912
      Capacity: 12582912

     Moving image = Image (0x555bc2e30bc0)
  RTTI typeinfo:   itk::Image<float, 3u>
  Reference Count: 2
  Modified Time: 1722
  Debug: Off
  Object Name: 
  Observers: 
    none
  Source: (none)
  Source output name: (none)
  Release Data: Off
  Data Released: False
  Global Release Data: Off
  PipelineMTime: 0
  UpdateMTime: 1719
  RealTimeStamp: 0 seconds 
  LargestPossibleRegion: 
    Dimension: 3
    Index: [0, 0, 0]
    Size: [192, 256, 256]
  BufferedRegion: 
    Dimension: 3
    Index: [0, 0, 0]
    Size: [192, 256, 256]
  RequestedRegion: 
    Dimension: 3
    Index: [0, 0, 0]
    Size: [192, 256, 256]
  Spacing: [1, 1, 1]
  Origin: [97.1242, 56.5596, -178.766]
  Direction: 
-0.998332 -0.05657 0.0115551
0.057707 -0.971049 0.231807
-0.00189275 0.232087 0.972693

  IndexToPointMatrix: 
-0.998332 -0.05657 0.0115551
0.057707 -0.971049 0.231807
-0.00189275 0.232087 0.972693

  PointToIndexMatrix: 
-0.998332 0.057707 -0.00189275
-0.05657 -0.971049 0.232087
0.0115551 0.231807 0.972693

  Inverse Direction: 
-0.998332 0.057707 -0.00189275
-0.05657 -0.971049 0.232087
0.0115551 0.231807 0.972693

  PixelContainer: 
    ImportImageContainer (0x555bc2e3c100)
      RTTI typeinfo:   itk::ImportImageContainer<unsigned long, float>
      Reference Count: 1
      Modified Time: 1716
      Debug: Off
      Object Name: 
      Observers: 
        none
      Pointer: 0x7fd4c0815010
      Container manages memory: true
      Size: 12582912
      Capacity: 12582912

     Weighting = 1
     Sampling strategy = regular
     Number of bins = 32
     Radius = 4
     Sampling percentage  = 0.25
   Transform = Rigid
     Gradient step = 0.1
     Update field sigma (voxel space) = 0
     Total field sigma (voxel space) = 0
     Update field time sigma = 0
     Total field time sigma  = 0
     Number of time indices = 0
     Number of time point samples = 0
Stage 2 State
   Image metric = Mattes
     Fixed image = Image (0x555bc2e48870)
  RTTI typeinfo:   itk::Image<float, 3u>
  Reference Count: 2
  Modified Time: 2149
  Debug: Off
  Object Name: 
  Observers: 
    none
  Source: (none)
  Source output name: (none)
  Release Data: Off
  Data Released: False
  Global Release Data: Off
  PipelineMTime: 0
  UpdateMTime: 1934
  RealTimeStamp: 0 seconds 
  LargestPossibleRegion: 
    Dimension: 3
    Index: [0, 0, 0]
    Size: [192, 256, 256]
  BufferedRegion: 
    Dimension: 3
    Index: [0, 0, 0]
    Size: [192, 256, 256]
  RequestedRegion: 
    Dimension: 3
    Index: [0, 0, 0]
    Size: [192, 256, 256]
  Spacing: [1, 1, 1]
  Origin: [95.0313, 100.538, -154.123]
  Direction: 
-0.999853 -0.014134 -0.00966312
0.014129 -0.9999 0.000586045
-0.00967044 0.000449429 0.999953

  IndexToPointMatrix: 
-0.999853 -0.014134 -0.00966312
0.014129 -0.9999 0.000586045
-0.00967044 0.000449429 0.999953

  PointToIndexMatrix: 
-0.999853 0.014129 -0.00967044
-0.014134 -0.9999 0.000449429
-0.00966312 0.000586045 0.999953

  Inverse Direction: 
-0.999853 0.014129 -0.00967044
-0.014134 -0.9999 0.000449429
-0.00966312 0.000586045 0.999953

  PixelContainer: 
    ImportImageContainer (0x555bc2e336d0)
      RTTI typeinfo:   itk::ImportImageContainer<unsigned long, float>
      Reference Count: 1
      Modified Time: 1931
      Debug: Off
      Object Name: 
      Observers: 
        none
      Pointer: 0x7fd4bd814010
      Container manages memory: true
      Size: 12582912
      Capacity: 12582912

     Moving image = Image (0x555bc2e484c0)
  RTTI typeinfo:   itk::Image<float, 3u>
  Reference Count: 2
  Modified Time: 2150
  Debug: Off
  Object Name: 
  Observers: 
    none
  Source: (none)
  Source output name: (none)
  Release Data: Off
  Data Released: False
  Global Release Data: Off
  PipelineMTime: 0
  UpdateMTime: 2147
  RealTimeStamp: 0 seconds 
  LargestPossibleRegion: 
    Dimension: 3
    Index: [0, 0, 0]
    Size: [192, 256, 256]
  BufferedRegion: 
    Dimension: 3
    Index: [0, 0, 0]
    Size: [192, 256, 256]
  RequestedRegion: 
    Dimension: 3
    Index: [0, 0, 0]
    Size: [192, 256, 256]
  Spacing: [1, 1, 1]
  Origin: [97.1242, 56.5596, -178.766]
  Direction: 
-0.998332 -0.05657 0.0115551
0.057707 -0.971049 0.231807
-0.00189275 0.232087 0.972693

  IndexToPointMatrix: 
-0.998332 -0.05657 0.0115551
0.057707 -0.971049 0.231807
-0.00189275 0.232087 0.972693

  PointToIndexMatrix: 
-0.998332 0.057707 -0.00189275
-0.05657 -0.971049 0.232087
0.0115551 0.231807 0.972693

  Inverse Direction: 
-0.998332 0.057707 -0.00189275
-0.05657 -0.971049 0.232087
0.0115551 0.231807 0.972693

  PixelContainer: 
    ImportImageContainer (0x555bc2e498c0)
      RTTI typeinfo:   itk::ImportImageContainer<unsigned long, float>
      Reference Count: 1
      Modified Time: 2144
      Debug: Off
      Object Name: 
      Observers: 
        none
      Pointer: 0x7fd4ba813010
      Container manages memory: true
      Size: 12582912
      Capacity: 12582912

     Weighting = 1
     Sampling strategy = regular
     Number of bins = 32
     Radius = 4
     Sampling percentage  = 0.25
   Transform = Affine
     Gradient step = 0.1
     Update field sigma (voxel space) = 0
     Total field sigma (voxel space) = 0
     Update field time sigma = 0
     Total field time sigma  = 0
     Number of time indices = 0
     Number of time point samples = 0
Stage 3 State
   Image metric = CC
     Fixed image = Image (0x555bc2e4f960)
  RTTI typeinfo:   itk::Image<float, 3u>
  Reference Count: 2
  Modified Time: 2577
  Debug: Off
  Object Name: 
  Observers: 
    none
  Source: (none)
  Source output name: (none)
  Release Data: Off
  Data Released: False
  Global Release Data: Off
  PipelineMTime: 0
  UpdateMTime: 2362
  RealTimeStamp: 0 seconds 
  LargestPossibleRegion: 
    Dimension: 3
    Index: [0, 0, 0]
    Size: [192, 256, 256]
  BufferedRegion: 
    Dimension: 3
    Index: [0, 0, 0]
    Size: [192, 256, 256]
  RequestedRegion: 
    Dimension: 3
    Index: [0, 0, 0]
    Size: [192, 256, 256]
  Spacing: [1, 1, 1]
  Origin: [95.0313, 100.538, -154.123]
  Direction: 
-0.999853 -0.014134 -0.00966312
0.014129 -0.9999 0.000586045
-0.00967044 0.000449429 0.999953

  IndexToPointMatrix: 
-0.999853 -0.014134 -0.00966312
0.014129 -0.9999 0.000586045
-0.00967044 0.000449429 0.999953

  PointToIndexMatrix: 
-0.999853 0.014129 -0.00967044
-0.014134 -0.9999 0.000449429
-0.00966312 0.000586045 0.999953

  Inverse Direction: 
-0.999853 0.014129 -0.00967044
-0.014134 -0.9999 0.000449429
-0.00966312 0.000586045 0.999953

  PixelContainer: 
    ImportImageContainer (0x555bc2e30660)
      RTTI typeinfo:   itk::ImportImageContainer<unsigned long, float>
      Reference Count: 1
      Modified Time: 2359
      Debug: Off
      Object Name: 
      Observers: 
        none
      Pointer: 0x7fd4b7812010
      Container manages memory: true
      Size: 12582912
      Capacity: 12582912

     Moving image = Image (0x555bc2e51840)
  RTTI typeinfo:   itk::Image<float, 3u>
  Reference Count: 2
  Modified Time: 2578
  Debug: Off
  Object Name: 
  Observers: 
    none
  Source: (none)
  Source output name: (none)
  Release Data: Off
  Data Released: False
  Global Release Data: Off
  PipelineMTime: 0
  UpdateMTime: 2575
  RealTimeStamp: 0 seconds 
  LargestPossibleRegion: 
    Dimension: 3
    Index: [0, 0, 0]
    Size: [192, 256, 256]
  BufferedRegion: 
    Dimension: 3
    Index: [0, 0, 0]
    Size: [192, 256, 256]
  RequestedRegion: 
    Dimension: 3
    Index: [0, 0, 0]
    Size: [192, 256, 256]
  Spacing: [1, 1, 1]
  Origin: [97.1242, 56.5596, -178.766]
  Direction: 
-0.998332 -0.05657 0.0115551
0.057707 -0.971049 0.231807
-0.00189275 0.232087 0.972693

  IndexToPointMatrix: 
-0.998332 -0.05657 0.0115551
0.057707 -0.971049 0.231807
-0.00189275 0.232087 0.972693

  PointToIndexMatrix: 
-0.998332 0.057707 -0.00189275
-0.05657 -0.971049 0.232087
0.0115551 0.231807 0.972693

  Inverse Direction: 
-0.998332 0.057707 -0.00189275
-0.05657 -0.971049 0.232087
0.0115551 0.231807 0.972693

  PixelContainer: 
    ImportImageContainer (0x555bc2e4e660)
      RTTI typeinfo:   itk::ImportImageContainer<unsigned long, float>
      Reference Count: 1
      Modified Time: 2572
      Debug: Off
      Object Name: 
      Observers: 
        none
      Pointer: 0x7fd4b4811010
      Container manages memory: true
      Size: 12582912
      Capacity: 12582912

     Weighting = 1
     Sampling strategy = none
     Number of bins = 32
     Radius = 4
     Sampling percentage  = 1
   Transform = SyN
     Gradient step = 0.1
     Update field sigma (voxel space) = 3
     Total field sigma (voxel space) = 0
     Update field time sigma = 0
     Total field time sigma  = 0
     Number of time indices = 0
     Number of time point samples = 0
Registration using 3 total stages.

Stage 0
  iterations = 1000x500x250x0
  convergence threshold = 1e-06
  convergence window size = 10
  number of levels = 4
  using the Mattes MI metric (number of bins = 32, weight = 1)
  preprocessing:  winsorizing the image intensities
  preprocessing:  histogram matching the images
  Shrink factors (level 1 out of 4): [6, 6, 6]
  Shrink factors (level 2 out of 4): [4, 4, 4]
  Shrink factors (level 3 out of 4): [2, 2, 2]
  Shrink factors (level 4 out of 4): [1, 1, 1]
  smoothing sigmas per level: [4, 2, 1, 0]
  regular sampling (percentage = 0.25)

*** Running Euler3DTransform registration ***

DIAGNOSTIC,Iteration,metricValue,convergenceValue,ITERATION_TIME_INDEX,SINCE_LAST
 2DIAGNOSTIC,     1, -9.769321084023e-01, inf, 8.3168e-01, 8.3168e-01, 
 2DIAGNOSTIC,     2, -9.791595339775e-01, inf, 8.3934e-01, 7.6599e-03, 
 2DIAGNOSTIC,     3, -9.815002083778e-01, inf, 8.4677e-01, 7.4310e-03, 
 2DIAGNOSTIC,     4, -9.839944243431e-01, inf, 8.5442e-01, 7.6580e-03, 
 2DIAGNOSTIC,     5, -9.873967170715e-01, inf, 8.6175e-01, 7.3252e-03, 
 2DIAGNOSTIC,     6, -9.927153587341e-01, inf, 8.6896e-01, 7.2119e-03, 
 2DIAGNOSTIC,     7, -1.002582907677e+00, inf, 8.7662e-01, 7.6599e-03, 
 2DIAGNOSTIC,     8, -1.026621699333e+00, inf, 8.8527e-01, 8.6460e-03, 
 2DIAGNOSTIC,     9, -1.031791567802e+00, inf, 8.9694e-01, 1.1671e-02, 
 2DIAGNOSTIC,    10, -1.034734845161e+00, 4.125888459384e-03, 9.0474e-01, 7.7980e-03, 
 2DIAGNOSTIC,    11, -1.036219358444e+00, 4.048700910062e-03, 9.1238e-01, 7.6480e-03, 
 2DIAGNOSTIC,    12, -1.038947582245e+00, 3.734583035111e-03, 9.2217e-01, 9.7861e-03, 
 2DIAGNOSTIC,    13, -1.041677474976e+00, 3.234315663576e-03, 9.3188e-01, 9.7060e-03, 
 2DIAGNOSTIC,    14, -1.043686389923e+00, 2.603205153719e-03, 9.3953e-01, 7.6511e-03, 
 2DIAGNOSTIC,    15, -1.044128298759e+00, 1.899310969748e-03, 9.4831e-01, 8.7771e-03, 
 2DIAGNOSTIC,    16, -1.044187068939e+00, 1.208084169775e-03, 9.5599e-01, 7.6878e-03, 
 2DIAGNOSTIC,    17, -1.044181466103e+00, 6.416672840714e-04, 9.6579e-01, 9.8000e-03, 
 2DIAGNOSTIC,    18, -1.044230222702e+00, 4.519025678746e-04, 9.7440e-01, 8.6050e-03, 
 2DIAGNOSTIC,    19, -1.044227480888e+00, 3.157141909469e-04, 9.8190e-01, 7.5049e-03, 
 2DIAGNOSTIC,    20, -1.044209599495e+00, 2.053000207525e-04, 9.9007e-01, 8.1642e-03, 
 2DIAGNOSTIC,    21, -1.044202089310e+00, 1.060441209120e-04, 9.9753e-01, 7.4630e-03, 
 2DIAGNOSTIC,    22, -1.044148087502e+00, 3.941530667362e-05, 1.0071e+00, 9.5251e-03, 
 2DIAGNOSTIC,    23, -1.044158458710e+00, 7.594630915264e-06, 1.0162e+00, 9.1610e-03, 
 2DIAGNOSTIC,    24, -1.044174909592e+00, 1.143333633991e-06, 1.0258e+00, 9.5451e-03, 
DIAGNOSTIC,Iteration,metricValue,convergenceValue,ITERATION_TIME_INDEX,SINCE_LAST
 2DIAGNOSTIC,     1, -8.156756162643e-01, inf, 1.8861e+00, 8.6034e-01, 
 2DIAGNOSTIC,     2, -8.160569667816e-01, inf, 1.9222e+00, 3.6062e-02, 
 2DIAGNOSTIC,     3, -8.160717487335e-01, inf, 1.9575e+00, 3.5380e-02, 
 2DIAGNOSTIC,     4, -8.160797953606e-01, inf, 1.9883e+00, 3.0785e-02, 
 2DIAGNOSTIC,     5, -8.160831928253e-01, inf, 2.0189e+00, 3.0616e-02, 
 2DIAGNOSTIC,     6, -8.160970211029e-01, inf, 2.0538e+00, 3.4828e-02, 
 2DIAGNOSTIC,     7, -8.161118030548e-01, inf, 2.0843e+00, 3.0541e-02, 
 2DIAGNOSTIC,     8, -8.161228895187e-01, inf, 2.1256e+00, 4.1318e-02, 
 2DIAGNOSTIC,     9, -8.161256909370e-01, inf, 2.1612e+00, 3.5560e-02, 
 2DIAGNOSTIC,    10, -8.161269426346e-01, 2.284113543283e-05, 2.1979e+00, 3.6670e-02, 
 2DIAGNOSTIC,    11, -8.161268234253e-01, 8.314596925629e-06, 2.2351e+00, 3.7240e-02, 
 2DIAGNOSTIC,    12, -8.161293864250e-01, 6.849226338090e-06, 2.2711e+00, 3.5996e-02, 
 2DIAGNOSTIC,    13, -8.161290884018e-01, 5.610997050098e-06, 2.3077e+00, 3.6556e-02, 
 2DIAGNOSTIC,    14, -8.161301016808e-01, 4.493994765653e-06, 2.3450e+00, 3.7374e-02, 
 2DIAGNOSTIC,    15, -8.161303997040e-01, 3.407524673094e-06, 2.3805e+00, 3.5508e-02, 
 2DIAGNOSTIC,    16, -8.161227703094e-01, 2.468193770255e-06, 2.4165e+00, 3.5983e-02, 
 2DIAGNOSTIC,    17, -8.161222338676e-01, 1.885648998723e-06, 2.4516e+00, 3.5110e-02, 
 2DIAGNOSTIC,    18, -8.161225914955e-01, 1.585072595844e-06, 2.4863e+00, 3.4688e-02, 
 2DIAGNOSTIC,    19, -8.161232471466e-01, 1.393572460984e-06, 2.5211e+00, 3.4806e-02, 
 2DIAGNOSTIC,    20, -8.161227703094e-01, 1.261256329599e-06, 2.5566e+00, 3.5460e-02, 
 2DIAGNOSTIC,    21, -8.161234855652e-01, 1.183701101581e-06, 2.5881e+00, 3.1531e-02, 
 2DIAGNOSTIC,    22, -8.161227703094e-01, 1.174098656520e-06, 2.6231e+00, 3.4961e-02, 
 2DIAGNOSTIC,    23, -8.161150813103e-01, 1.067790549314e-06, 2.6579e+00, 3.4802e-02, 
DIAGNOSTIC,Iteration,metricValue,convergenceValue,ITERATION_TIME_INDEX,SINCE_LAST
 2DIAGNOSTIC,     1, -7.220652103424e-01, inf, 3.8008e+00, 1.1430e+00, 
 2DIAGNOSTIC,     2, -7.221689224243e-01, inf, 4.0109e+00, 2.1004e-01, 
 2DIAGNOSTIC,     3, -7.222021222115e-01, inf, 4.2134e+00, 2.0250e-01, 
 2DIAGNOSTIC,     4, -7.222495675087e-01, inf, 4.4156e+00, 2.0221e-01, 
 2DIAGNOSTIC,     5, -7.223253846169e-01, inf, 4.6278e+00, 2.1224e-01, 
 2DIAGNOSTIC,     6, -7.224032878876e-01, inf, 4.9387e+00, 3.1085e-01, 
 2DIAGNOSTIC,     7, -7.224309444427e-01, inf, 5.1899e+00, 2.5123e-01, 
 2DIAGNOSTIC,     8, -7.224365472794e-01, inf, 5.3969e+00, 2.0694e-01, 
 2DIAGNOSTIC,     9, -7.225354909897e-01, inf, 5.7135e+00, 3.1665e-01, 
 2DIAGNOSTIC,    10, -7.225435376167e-01, 4.491509025684e-05, 5.9524e+00, 2.3885e-01, 
 2DIAGNOSTIC,    11, -7.225434780121e-01, 3.615800233092e-05, 6.1798e+00, 2.2745e-01, 
 2DIAGNOSTIC,    12, -7.225422263145e-01, 2.929607944679e-05, 6.4127e+00, 2.3289e-01, 
 2DIAGNOSTIC,    13, -7.225442528725e-01, 2.216311258962e-05, 6.6465e+00, 2.3384e-01, 
 2DIAGNOSTIC,    14, -7.225469350815e-01, 1.559486554470e-05, 6.8561e+00, 2.0953e-01, 
 2DIAGNOSTIC,    15, -7.225481271744e-01, 1.064345906343e-05, 7.0887e+00, 2.3260e-01, 
 2DIAGNOSTIC,    16, -7.225503325462e-01, 7.521343832195e-06, 7.3172e+00, 2.2850e-01, 
 2DIAGNOSTIC,    17, -7.225520610809e-01, 4.964400432073e-06, 7.5290e+00, 2.1186e-01, 
 2DIAGNOSTIC,    18, -7.225538492203e-01, 2.506559894755e-06, 7.7295e+00, 2.0046e-01, 
 2DIAGNOSTIC,    19, -7.225559353828e-01, 2.324587057956e-06, 7.9574e+00, 2.2788e-01, 
 2DIAGNOSTIC,    20, -7.225594520569e-01, 2.327285528736e-06, 8.1867e+00, 2.2930e-01, 
 2DIAGNOSTIC,    21, -7.225649356842e-01, 2.362897930652e-06, 8.3924e+00, 2.0571e-01, 
 2DIAGNOSTIC,    22, -7.225790023804e-01, 2.542902620917e-06, 8.5953e+00, 2.0292e-01, 
 2DIAGNOSTIC,    23, -7.225908041000e-01, 2.835158738890e-06, 8.8252e+00, 2.2987e-01, 
 2DIAGNOSTIC,    24, -7.225900888443e-01, 2.997342335220e-06, 9.1588e+00, 3.3367e-01, 
 2DIAGNOSTIC,    25, -7.225965261459e-01, 3.114194441878e-06, 9.3871e+00, 2.2826e-01, 
 2DIAGNOSTIC,    26, -7.225971221924e-01, 3.088920720984e-06, 9.6412e+00, 2.5407e-01, 
 2DIAGNOSTIC,    27, -7.225969433784e-01, 2.909167733378e-06, 9.8740e+00, 2.3277e-01, 
 2DIAGNOSTIC,    28, -7.225966453552e-01, 2.599093932076e-06, 1.0100e+01, 2.2557e-01, 
 2DIAGNOSTIC,    29, -7.225964665413e-01, 2.200218432336e-06, 1.0302e+01, 2.0199e-01, 
 2DIAGNOSTIC,    30, -7.225970029831e-01, 1.778026216925e-06, 1.0505e+01, 2.0302e-01, 
 2DIAGNOSTIC,    31, -7.225970625877e-01, 1.381322931593e-06, 1.0734e+01, 2.2929e-01, 
 2DIAGNOSTIC,    32, -7.225969433784e-01, 1.144297471001e-06, 1.0970e+01, 2.3662e-01, 
 2DIAGNOSTIC,    33, -7.225967645645e-01, 1.047465502779e-06, 1.1196e+01, 2.2604e-01, 
DIAGNOSTIC,Iteration,metricValue,convergenceValue,ITERATION_TIME_INDEX,SINCE_LAST
 2DIAGNOSTIC,     1, -6.525056958199e-01, inf, 1.3822e+01, 2.6255e+00, 
  Elapsed time (stage 0): 1.4906e+01


Stage 1
  iterations = 1000x500x250x0
  convergence threshold = 1.0000e-06
  convergence window size = 10
  number of levels = 4
  using the Mattes MI metric (number of bins = 32, weight = 1.0000e+00)
  preprocessing:  winsorizing the image intensities
  preprocessing:  histogram matching the images
  Shrink factors (level 1 out of 4): [6, 6, 6]
  Shrink factors (level 2 out of 4): [4, 4, 4]
  Shrink factors (level 3 out of 4): [2, 2, 2]
  Shrink factors (level 4 out of 4): [1, 1, 1]
  smoothing sigmas per level: [4, 2, 1, 0]
  regular sampling (percentage = 2.5000e-01)

*** Running AffineTransform registration ***

DIAGNOSTIC,Iteration,metricValue,convergenceValue,ITERATION_TIME_INDEX,SINCE_LAST
 2DIAGNOSTIC,     1, -1.044271230698e+00, inf, 7.8353e-01, 7.8353e-01, 
 2DIAGNOSTIC,     2, -1.046269059181e+00, inf, 7.9288e-01, 9.3498e-03, 
 2DIAGNOSTIC,     3, -1.049147963524e+00, inf, 8.0210e-01, 9.2211e-03, 
 2DIAGNOSTIC,     4, -1.053181290627e+00, inf, 8.1138e-01, 9.2781e-03, 
 2DIAGNOSTIC,     5, -1.058005213737e+00, inf, 8.2037e-01, 8.9951e-03, 
 2DIAGNOSTIC,     6, -1.063476681709e+00, inf, 8.2913e-01, 8.7550e-03, 
 2DIAGNOSTIC,     7, -1.067905306816e+00, inf, 8.3809e-01, 8.9600e-03, 
 2DIAGNOSTIC,     8, -1.069644093513e+00, inf, 8.5242e-01, 1.4333e-02, 
 2DIAGNOSTIC,     9, -1.070252776146e+00, inf, 8.6232e-01, 9.9020e-03, 
 2DIAGNOSTIC,    10, -1.070482730865e+00, 1.863436074927e-03, 8.7134e-01, 9.0141e-03, 
 2DIAGNOSTIC,    11, -1.070559859276e+00, 1.491316012107e-03, 8.8045e-01, 9.1090e-03, 
