
Running N4 for 3-dimensional images.

Mask not read.  Using the entire image as the mask.

Original intensity range:  [0, 772]

***********************************************************
Warning:  Your input image contains nonpositive values
which could cause failure or problematic results.  A
possible workaround would be to:
   1. rescale your image to positive values e.g., [10,100].
   2. run N4 on your rescaled image.
   3. (optional) rescale the N4 output to the original
      intensity range.
***********************************************************

Specified spline distance: 200mm
  original image size:  [192, 256, 256]
  padded image size:  [201, 401, 401]
  number of control points:  [4, 5, 5]

Current level = 1
  Iteration 1 (of 50).   Current convergence value = 0.00015042 (threshold = 1e-08)
  Iteration 2 (of 50).   Current convergence value = 0.000151175 (threshold = 1e-08)
  Iteration 3 (of 50).   Current convergence value = 0.000152696 (threshold = 1e-08)
  Iteration 4 (of 50).   Current convergence value = 0.000152984 (threshold = 1e-08)
  Iteration 5 (of 50).   Current convergence value = 0.000152099 (threshold = 1e-08)
  Iteration 6 (of 50).   Current convergence value = 0.000150386 (threshold = 1e-08)
  Iteration 7 (of 50).   Current convergence value = 0.000147968 (threshold = 1e-08)
  Iteration 8 (of 50).   Current convergence value = 0.000145101 (threshold = 1e-08)
  Iteration 9 (of 50).   Current convergence value = 0.000142183 (threshold = 1e-08)
  Iteration 10 (of 50).   Current convergence value = 0.000139271 (threshold = 1e-08)
  Iteration 11 (of 50).   Current convergence value = 0.000136434 (threshold = 1e-08)
  Iteration 12 (of 50).   Current convergence value = 0.000133441 (threshold = 1e-08)
  Iteration 13 (of 50).   Current convergence value = 0.000130682 (threshold = 1e-08)
  Iteration 14 (of 50).   Current convergence value = 0.000128231 (threshold = 1e-08)
  Iteration 15 (of 50).   Current convergence value = 0.000125914 (threshold = 1e-08)
  Iteration 16 (of 50).   Current convergence value = 0.000123559 (threshold = 1e-08)
  Iteration 17 (of 50).   Current convergence value = 0.000121467 (threshold = 1e-08)
  Iteration 18 (of 50).   Current convergence value = 0.000119445 (threshold = 1e-08)
  Iteration 19 (of 50).   Current convergence value = 0.000117638 (threshold = 1e-08)
  Iteration 20 (of 50).   Current convergence value = 0.000115948 (threshold = 1e-08)
  Iteration 21 (of 50).   Current convergence value = 0.000114271 (threshold = 1e-08)
  Iteration 22 (of 50).   Current convergence value = 0.00011267 (threshold = 1e-08)
  Iteration 23 (of 50).   Current convergence value = 0.000111196 (threshold = 1e-08)
  Iteration 24 (of 50).   Current convergence value = 0.000109746 (threshold = 1e-08)
  Iteration 25 (of 50).   Current convergence value = 0.000108463 (threshold = 1e-08)
  Iteration 26 (of 50).   Current convergence value = 0.000107129 (threshold = 1e-08)
  Iteration 27 (of 50).   Current convergence value = 0.000105954 (threshold = 1e-08)
  Iteration 28 (of 50).   Current convergence value = 0.000104929 (threshold = 1e-08)
  Iteration 29 (of 50).   Current convergence value = 0.000103764 (threshold = 1e-08)
  Iteration 30 (of 50).   Current convergence value = 0.00010273 (threshold = 1e-08)
  Iteration 31 (of 50).   Current convergence value = 0.000101712 (threshold = 1e-08)
  Iteration 32 (of 50).   Current convergence value = 0.000100662 (threshold = 1e-08)
  Iteration 33 (of 50).   Current convergence value = 9.98694e-05 (threshold = 1e-08)
  Iteration 34 (of 50).   Current convergence value = 9.90498e-05 (threshold = 1e-08)
  Iteration 35 (of 50).   Current convergence value = 9.83457e-05 (threshold = 1e-08)
  Iteration 36 (of 50).   Current convergence value = 9.75556e-05 (threshold = 1e-08)
  Iteration 37 (of 50).   Current convergence value = 9.67876e-05 (threshold = 1e-08)
  Iteration 38 (of 50).   Current convergence value = 9.59493e-05 (threshold = 1e-08)
  Iteration 39 (of 50).   Current convergence value = 9.53632e-05 (threshold = 1e-08)
  Iteration 40 (of 50).   Current convergence value = 9.47859e-05 (threshold = 1e-08)
  Iteration 41 (of 50).   Current convergence value = 9.43448e-05 (threshold = 1e-08)
  Iteration 42 (of 50).   Current convergence value = 9.39733e-05 (threshold = 1e-08)
  Iteration 43 (of 50).   Current convergence value = 9.3523e-05 (threshold = 1e-08)
  Iteration 44 (of 50).   Current convergence value = 9.29832e-05 (threshold = 1e-08)
  Iteration 45 (of 50).   Current convergence value = 9.24864e-05 (threshold = 1e-08)
  Iteration 46 (of 50).   Current convergence value = 9.20226e-05 (threshold = 1e-08)
  Iteration 47 (of 50).   Current convergence value = 9.16578e-05 (threshold = 1e-08)
  Iteration 48 (of 50).   Current convergence value = 9.13174e-05 (threshold = 1e-08)
  Iteration 49 (of 50).   Current convergence value = 9.09523e-05 (threshold = 1e-08)
  Iteration 50 (of 50).   Current convergence value = 9.04943e-05 (threshold = 1e-08)
Current level = 2
  Iteration 1 (of 50).   Current convergence value = 0.00052348 (threshold = 1e-08)
  Iteration 2 (of 50).   Current convergence value = 0.000428904 (threshold = 1e-08)
  Iteration 3 (of 50).   Current convergence value = 0.000360448 (threshold = 1e-08)
  Iteration 4 (of 50).   Current convergence value = 0.000305426 (threshold = 1e-08)
  Iteration 5 (of 50).   Current convergence value = 0.000260535 (threshold = 1e-08)
  Iteration 6 (of 50).   Current convergence value = 0.000223285 (threshold = 1e-08)
  Iteration 7 (of 50).   Current convergence value = 0.000195962 (threshold = 1e-08)
  Iteration 8 (of 50).   Current convergence value = 0.00017302 (threshold = 1e-08)
  Iteration 9 (of 50).   Current convergence value = 0.000152039 (threshold = 1e-08)
  Iteration 10 (of 50).   Current convergence value = 0.000134277 (threshold = 1e-08)
  Iteration 11 (of 50).   Current convergence value = 0.000119385 (threshold = 1e-08)
  Iteration 12 (of 50).   Current convergence value = 0.0001069 (threshold = 1e-08)
  Iteration 13 (of 50).   Current convergence value = 9.67066e-05 (threshold = 1e-08)
  Iteration 14 (of 50).   Current convergence value = 8.88837e-05 (threshold = 1e-08)
  Iteration 15 (of 50).   Current convergence value = 8.35841e-05 (threshold = 1e-08)
  Iteration 16 (of 50).   Current convergence value = 7.9686e-05 (threshold = 1e-08)
  Iteration 17 (of 50).   Current convergence value = 7.66911e-05 (threshold = 1e-08)
  Iteration 18 (of 50).   Current convergence value = 7.44806e-05 (threshold = 1e-08)
  Iteration 19 (of 50).   Current convergence value = 7.28116e-05 (threshold = 1e-08)
  Iteration 20 (of 50).   Current convergence value = 7.14593e-05 (threshold = 1e-08)
  Iteration 21 (of 50).   Current convergence value = 7.04201e-05 (threshold = 1e-08)
  Iteration 22 (of 50).   Current convergence value = 6.96189e-05 (threshold = 1e-08)
  Iteration 23 (of 50).   Current convergence value = 6.89518e-05 (threshold = 1e-08)
  Iteration 24 (of 50).   Current convergence value = 6.81834e-05 (threshold = 1e-08)
  Iteration 25 (of 50).   Current convergence value = 6.75785e-05 (threshold = 1e-08)
  Iteration 26 (of 50).   Current convergence value = 6.7169e-05 (threshold = 1e-08)
  Iteration 27 (of 50).   Current convergence value = 6.66422e-05 (threshold = 1e-08)
  Iteration 28 (of 50).   Current convergence value = 6.61092e-05 (threshold = 1e-08)
  Iteration 29 (of 50).   Current convergence value = 6.5667e-05 (threshold = 1e-08)
  Iteration 30 (of 50).   Current convergence value = 6.52231e-05 (threshold = 1e-08)
  Iteration 31 (of 50).   Current convergence value = 6.46581e-05 (threshold = 1e-08)
  Iteration 32 (of 50).   Current convergence value = 6.42423e-05 (threshold = 1e-08)
  Iteration 33 (of 50).   Current convergence value = 6.37608e-05 (threshold = 1e-08)
  Iteration 34 (of 50).   Current convergence value = 6.33138e-05 (threshold = 1e-08)
  Iteration 35 (of 50).   Current convergence value = 6.29007e-05 (threshold = 1e-08)
  Iteration 36 (of 50).   Current convergence value = 6.23715e-05 (threshold = 1e-08)
  Iteration 37 (of 50).   Current convergence value = 6.18326e-05 (threshold = 1e-08)
  Iteration 38 (of 50).   Current convergence value = 6.13472e-05 (threshold = 1e-08)
  Iteration 39 (of 50).   Current convergence value = 6.10458e-05 (threshold = 1e-08)
  Iteration 40 (of 50).   Current convergence value = 6.04849e-05 (threshold = 1e-08)
  Iteration 41 (of 50).   Current convergence value = 5.99072e-05 (threshold = 1e-08)
  Iteration 42 (of 50).   Current convergence value = 5.94617e-05 (threshold = 1e-08)
  Iteration 43 (of 50).   Current convergence value = 5.90201e-05 (threshold = 1e-08)
  Iteration 44 (of 50).   Current convergence value = 5.85874e-05 (threshold = 1e-08)
  Iteration 45 (of 50).   Current convergence value = 5.79981e-05 (threshold = 1e-08)
  Iteration 46 (of 50).   Current convergence value = 5.75384e-05 (threshold = 1e-08)
  Iteration 47 (of 50).   Current convergence value = 5.71645e-05 (threshold = 1e-08)
  Iteration 48 (of 50).   Current convergence value = 5.67447e-05 (threshold = 1e-08)
  Iteration 49 (of 50).   Current convergence value = 5.61474e-05 (threshold = 1e-08)
  Iteration 50 (of 50).   Current convergence value = 5.57484e-05 (threshold = 1e-08)
Current level = 3
  Iteration 1 (of 40).   Current convergence value = 0.00154853 (threshold = 1e-08)
  Iteration 2 (of 40).   Current convergence value = 0.00108248 (threshold = 1e-08)
  Iteration 3 (of 40).   Current convergence value = 0.000840871 (threshold = 1e-08)
  Iteration 4 (of 40).   Current convergence value = 0.000689729 (threshold = 1e-08)
  Iteration 5 (of 40).   Current convergence value = 0.000581777 (threshold = 1e-08)
  Iteration 6 (of 40).   Current convergence value = 0.000508323 (threshold = 1e-08)
  Iteration 7 (of 40).   Current convergence value = 0.000460745 (threshold = 1e-08)
  Iteration 8 (of 40).   Current convergence value = 0.00042595 (threshold = 1e-08)
  Iteration 9 (of 40).   Current convergence value = 0.000392121 (threshold = 1e-08)
  Iteration 10 (of 40).   Current convergence value = 0.00036387 (threshold = 1e-08)
  Iteration 11 (of 40).   Current convergence value = 0.000341576 (threshold = 1e-08)
  Iteration 12 (of 40).   Current convergence value = 0.000323544 (threshold = 1e-08)
  Iteration 13 (of 40).   Current convergence value = 0.00030931 (threshold = 1e-08)
  Iteration 14 (of 40).   Current convergence value = 0.00029878 (threshold = 1e-08)
  Iteration 15 (of 40).   Current convergence value = 0.000291162 (threshold = 1e-08)
  Iteration 16 (of 40).   Current convergence value = 0.000284981 (threshold = 1e-08)
  Iteration 17 (of 40).   Current convergence value = 0.000279887 (threshold = 1e-08)
  Iteration 18 (of 40).   Current convergence value = 0.000275476 (threshold = 1e-08)
  Iteration 19 (of 40).   Current convergence value = 0.000271805 (threshold = 1e-08)
  Iteration 20 (of 40).   Current convergence value = 0.00027486 (threshold = 1e-08)
  Iteration 21 (of 40).   Current convergence value = 0.000285388 (threshold = 1e-08)
  Iteration 22 (of 40).   Current convergence value = 0.000296393 (threshold = 1e-08)
  Iteration 23 (of 40).   Current convergence value = 0.000305471 (threshold = 1e-08)
  Iteration 24 (of 40).   Current convergence value = 0.000312353 (threshold = 1e-08)
  Iteration 25 (of 40).   Current convergence value = 0.000317225 (threshold = 1e-08)
  Iteration 26 (of 40).   Current convergence value = 0.000320846 (threshold = 1e-08)
  Iteration 27 (of 40).   Current convergence value = 0.00032328 (threshold = 1e-08)
  Iteration 28 (of 40).   Current convergence value = 0.000324735 (threshold = 1e-08)
  Iteration 29 (of 40).   Current convergence value = 0.000325311 (threshold = 1e-08)
  Iteration 30 (of 40).   Current convergence value = 0.00032539 (threshold = 1e-08)
  Iteration 31 (of 40).   Current convergence value = 0.000324665 (threshold = 1e-08)
  Iteration 32 (of 40).   Current convergence value = 0.000323561 (threshold = 1e-08)
  Iteration 33 (of 40).   Current convergence value = 0.000316565 (threshold = 1e-08)
  Iteration 34 (of 40).   Current convergence value = 0.00030271 (threshold = 1e-08)
  Iteration 35 (of 40).   Current convergence value = 0.000291579 (threshold = 1e-08)
  Iteration 36 (of 40).   Current convergence value = 0.000282231 (threshold = 1e-08)
  Iteration 37 (of 40).   Current convergence value = 0.000274068 (threshold = 1e-08)
  Iteration 38 (of 40).   Current convergence value = 0.000266937 (threshold = 1e-08)
  Iteration 39 (of 40).   Current convergence value = 0.000260735 (threshold = 1e-08)
  Iteration 40 (of 40).   Current convergence value = 0.000255333 (threshold = 1e-08)
Current level = 4
  Iteration 1 (of 30).   Current convergence value = 0.001524 (threshold = 1e-08)
  Iteration 2 (of 30).   Current convergence value = 0.00150413 (threshold = 1e-08)
  Iteration 3 (of 30).   Current convergence value = 0.00144023 (threshold = 1e-08)
  Iteration 4 (of 30).   Current convergence value = 0.00138539 (threshold = 1e-08)
  Iteration 5 (of 30).   Current convergence value = 0.00135927 (threshold = 1e-08)
  Iteration 6 (of 30).   Current convergence value = 0.00136327 (threshold = 1e-08)
  Iteration 7 (of 30).   Current convergence value = 0.00132338 (threshold = 1e-08)
  Iteration 8 (of 30).   Current convergence value = 0.00121358 (threshold = 1e-08)
  Iteration 9 (of 30).   Current convergence value = 0.00113223 (threshold = 1e-08)
  Iteration 10 (of 30).   Current convergence value = 0.00104406 (threshold = 1e-08)
  Iteration 11 (of 30).   Current convergence value = 0.000969479 (threshold = 1e-08)
  Iteration 12 (of 30).   Current convergence value = 0.000910194 (threshold = 1e-08)
  Iteration 13 (of 30).   Current convergence value = 0.000862106 (threshold = 1e-08)
  Iteration 14 (of 30).   Current convergence value = 0.000821268 (threshold = 1e-08)
  Iteration 15 (of 30).   Current convergence value = 0.000786015 (threshold = 1e-08)
  Iteration 16 (of 30).   Current convergence value = 0.000754898 (threshold = 1e-08)
  Iteration 17 (of 30).   Current convergence value = 0.00072772 (threshold = 1e-08)
  Iteration 18 (of 30).   Current convergence value = 0.000704211 (threshold = 1e-08)
  Iteration 19 (of 30).   Current convergence value = 0.0006839 (threshold = 1e-08)
  Iteration 20 (of 30).   Current convergence value = 0.000666981 (threshold = 1e-08)
  Iteration 21 (of 30).   Current convergence value = 0.000653751 (threshold = 1e-08)
  Iteration 22 (of 30).   Current convergence value = 0.000644107 (threshold = 1e-08)
  Iteration 23 (of 30).   Current convergence value = 0.000638467 (threshold = 1e-08)
  Iteration 24 (of 30).   Current convergence value = 0.000637103 (threshold = 1e-08)
  Iteration 25 (of 30).   Current convergence value = 0.000610929 (threshold = 1e-08)
  Iteration 26 (of 30).   Current convergence value = 0.000567402 (threshold = 1e-08)
  Iteration 27 (of 30).   Current convergence value = 0.000531806 (threshold = 1e-08)
  Iteration 28 (of 30).   Current convergence value = 0.000502434 (threshold = 1e-08)
  Iteration 29 (of 30).   Current convergence value = 0.000477487 (threshold = 1e-08)
  Iteration 30 (of 30).   Current convergence value = 0.000456507 (threshold = 1e-08)
   N4BiasFieldCorrectionImageFilter (0x55752492be20)
     RTTI typeinfo:   itk::N4BiasFieldCorrectionImageFilter<itk::Image<float, 3u>, itk::Image<float, 3u>, itk::Image<float, 3u> >
     Reference Count: 1
     Modified Time: 565
     Debug: Off
     Object Name: 
     Observers: 
       IterationEvent(Command)
     Inputs: 
       ConfidenceImage: (0)
       MaskImage: (0x5575249565e0)
       Primary: (0x557524951ae0) *
     Indexed Inputs: 
       0: Primary (0x557524951ae0)
       1: MaskImage (0x5575249565e0)
       2: ConfidenceImage (0)
     Required Input Names: Primary
     NumberOfRequiredInputs: 1
     Outputs: 
       Primary: (0x55752493bef0)
     Indexed Outputs: 
       0: Primary (0x55752493bef0)
     NumberOfRequiredOutputs: 1
     Number Of Work Units: 32
     ReleaseDataFlag: Off
     ReleaseDataBeforeUpdateFlag: Off
     AbortGenerateData: Off
     Progress: 0
     Multithreader: 
       RTTI typeinfo:   itk::PoolMultiThreader
       Reference Count: 1
       Modified Time: 144
       Debug: Off
       Object Name: 
       Observers: 
         none
       Number of Work Units: 32
       Number of Threads: 8
       Global Maximum Number Of Threads: 128
       Global Default Number Of Threads: 8
       Global Default Threader Type: itk::MultiThreaderBaseEnums::Threader::Pool
       SingleMethod: 0
       SingleData: 0
     DynamicMultiThreading: On
     CoordinateTolerance: 1e-06
     DirectionTolerance: 1e-06
     Use Mask Label: 0
     Mask label: 1
     Number of histogram bins: 200
     Wiener filter noise: 0.01
     Bias field FWHM: 0.15
     Maximum number of iterations: [50, 50, 40, 30]
     Convergence threshold: 1e-08
     Spline order: 3
     Number of fitting levels: [4, 4, 4]
     Number of control points: [4, 5, 5]
     CurrentConvergenceMeasurement: 0.000456507
     CurrentLevel: 4
     ElapsedIterations: 31
     LogBiasFieldControlPointLattice: 
       Image (0x55752fccc130)
         RTTI typeinfo:   itk::Image<itk::Vector<float, 1u>, 3u>
         Reference Count: 1
         Modified Time: 343560
         Debug: Off
         Object Name: 
         Observers: 
           none
         Source: (none)
         Source output name: (none)
         Release Data: Off
         Data Released: False
         Global Release Data: Off
         PipelineMTime: 0
         UpdateMTime: 0
         RealTimeStamp: 0 seconds 
         LargestPossibleRegion: 
           Dimension: 3
           Index: [0, 0, 0]
           Size: [11, 19, 19]
         BufferedRegion: 
           Dimension: 3
           Index: [0, 0, 0]
           Size: [11, 19, 19]
         RequestedRegion: 
           Dimension: 3
           Index: [0, 0, 0]
           Size: [11, 19, 19]
         Spacing: [24.75, 24.875, 24.875]
         Origin: [27.5131, 20.4937, -25.9448]
         Direction: 
-0.996707 -0.0529318 -0.061423
0.04509 -0.99142 0.122691
-0.0673903 0.119518 0.990542

         IndexToPointMatrix: 
-24.6685 -1.31668 -1.5279
1.11598 -24.6616 3.05194
-1.66791 2.97301 24.6397

         PointToIndexMatrix: 
-0.040271 0.00182182 -0.00272284
-0.00212791 -0.0398561 0.00480472
-0.00246927 0.00493232 0.0398208

         Inverse Direction: 
-0.996707 0.04509 -0.0673903
-0.0529318 -0.99142 0.119517
-0.061423 0.122692 0.990542

         PixelContainer: 
           ImportImageContainer (0x55752fccbc50)
             RTTI typeinfo:   itk::ImportImageContainer<unsigned long, itk::Vector<float, 1u> >
             Reference Count: 1
             Modified Time: 343561
             Debug: Off
             Object Name: 
             Observers: 
               none
             Pointer: 0x55752eae7f80
             Container manages memory: true
             Size: 3971
             Capacity: 3971
Elapsed time: 319.276
All_Command_lines_OK
Using single precision for computations.
=============================================================================
The composite transform comprises the following transforms (in order): 
  1. Center of mass alignment using fixed image: /home/mpib/nemecz/Projects/miniTRK/Results/01_MRI/GroupTempl/T1w/T_template0.nii.gz and moving image: /home/mpib/nemecz/Projects/miniTRK/Analysis/01_MRI/Preproc/GroupTempl/T1w/sub-848038_T1w.nii.gz (type = Euler3DTransform)
=============================================================================
  number of levels = 4
  number of levels = 4
  number of levels = 4
  fixed image: /home/mpib/nemecz/Projects/miniTRK/Results/01_MRI/GroupTempl/T1w/T_template0.nii.gz
  moving image: /home/mpib/nemecz/Projects/miniTRK/Results/01_MRI/GroupTempl/T1w/T_template0sub-848038_T1wRepaired.nii.gz
  fixed image: /home/mpib/nemecz/Projects/miniTRK/Results/01_MRI/GroupTempl/T1w/T_template0.nii.gz
  moving image: /home/mpib/nemecz/Projects/miniTRK/Results/01_MRI/GroupTempl/T1w/T_template0sub-848038_T1wRepaired.nii.gz
  fixed image: /home/mpib/nemecz/Projects/miniTRK/Results/01_MRI/GroupTempl/T1w/T_template0.nii.gz
  moving image: /home/mpib/nemecz/Projects/miniTRK/Results/01_MRI/GroupTempl/T1w/T_template0sub-848038_T1wRepaired.nii.gz
Dimension = 3
Number of stages = 3
Use Histogram Matching true
Winsorize image intensities true
Lower quantile = 0.01
Upper quantile = 0.99
Stage 1 State
   Image metric = Mattes
     Fixed image = Image (0x5571df349ad0)
  RTTI typeinfo:   itk::Image<float, 3u>
  Reference Count: 2
  Modified Time: 1721
  Debug: Off
  Object Name: 
  Observers: 
    none
  Source: (none)
  Source output name: (none)
  Release Data: Off
  Data Released: False
  Global Release Data: Off
  PipelineMTime: 0
  UpdateMTime: 1506
  RealTimeStamp: 0 seconds 
  LargestPossibleRegion: 
    Dimension: 3
    Index: [0, 0, 0]
    Size: [192, 256, 256]
  BufferedRegion: 
    Dimension: 3
    Index: [0, 0, 0]
    Size: [192, 256, 256]
  RequestedRegion: 
    Dimension: 3
    Index: [0, 0, 0]
    Size: [192, 256, 256]
  Spacing: [1, 1, 1]
  Origin: [95.0313, 100.538, -154.123]
  Direction: 
-0.999853 -0.014134 -0.00966312
0.014129 -0.9999 0.000586045
-0.00967044 0.000449429 0.999953

  IndexToPointMatrix: 
-0.999853 -0.014134 -0.00966312
0.014129 -0.9999 0.000586045
-0.00967044 0.000449429 0.999953

  PointToIndexMatrix: 
-0.999853 0.014129 -0.00967044
-0.014134 -0.9999 0.000449429
-0.00966312 0.000586045 0.999953

  Inverse Direction: 
-0.999853 0.014129 -0.00967044
-0.014134 -0.9999 0.000449429
-0.00966312 0.000586045 0.999953

  PixelContainer: 
    ImportImageContainer (0x5571df351c80)
      RTTI typeinfo:   itk::ImportImageContainer<unsigned long, float>
      Reference Count: 1
      Modified Time: 1503
      Debug: Off
      Object Name: 
      Observers: 
        none
      Pointer: 0x7fcc7a416010
      Container manages memory: true
      Size: 12582912
      Capacity: 12582912

     Moving image = Image (0x5571df34abc0)
  RTTI typeinfo:   itk::Image<float, 3u>
  Reference Count: 2
  Modified Time: 1722
  Debug: Off
  Object Name: 
  Observers: 
    none
  Source: (none)
  Source output name: (none)
  Release Data: Off
  Data Released: False
  Global Release Data: Off
  PipelineMTime: 0
  UpdateMTime: 1719
  RealTimeStamp: 0 seconds 
  LargestPossibleRegion: 
    Dimension: 3
    Index: [0, 0, 0]
    Size: [192, 256, 256]
  BufferedRegion: 
    Dimension: 3
    Index: [0, 0, 0]
    Size: [192, 256, 256]
  RequestedRegion: 
    Dimension: 3
    Index: [0, 0, 0]
    Size: [192, 256, 256]
  Spacing: [1, 1, 1]
  Origin: [108.095, 80.6547, -162.718]
  Direction: 
-0.996707 -0.0529318 -0.061423
0.04509 -0.99142 0.122691
-0.0673903 0.119518 0.990542

  IndexToPointMatrix: 
-0.996707 -0.0529318 -0.061423
0.04509 -0.99142 0.122691
-0.0673903 0.119518 0.990542

  PointToIndexMatrix: 
-0.996707 0.04509 -0.0673903
-0.0529318 -0.99142 0.119518
-0.061423 0.122691 0.990542

  Inverse Direction: 
-0.996707 0.04509 -0.0673903
-0.0529318 -0.99142 0.119518
-0.061423 0.122691 0.990542

  PixelContainer: 
    ImportImageContainer (0x5571df356100)
      RTTI typeinfo:   itk::ImportImageContainer<unsigned long, float>
      Reference Count: 1
      Modified Time: 1716
      Debug: Off
      Object Name: 
      Observers: 
        none
      Pointer: 0x7fcc77415010
      Container manages memory: true
      Size: 12582912
      Capacity: 12582912

     Weighting = 1
     Sampling strategy = regular
     Number of bins = 32
     Radius = 4
     Sampling percentage  = 0.25
   Transform = Rigid
     Gradient step = 0.1
     Update field sigma (voxel space) = 0
     Total field sigma (voxel space) = 0
     Update field time sigma = 0
     Total field time sigma  = 0
     Number of time indices = 0
     Number of time point samples = 0
Stage 2 State
   Image metric = Mattes
     Fixed image = Image (0x5571df362870)
  RTTI typeinfo:   itk::Image<float, 3u>
  Reference Count: 2
  Modified Time: 2149
  Debug: Off
  Object Name: 
  Observers: 
    none
  Source: (none)
  Source output name: (none)
  Release Data: Off
  Data Released: False
  Global Release Data: Off
  PipelineMTime: 0
  UpdateMTime: 1934
  RealTimeStamp: 0 seconds 
  LargestPossibleRegion: 
    Dimension: 3
    Index: [0, 0, 0]
    Size: [192, 256, 256]
  BufferedRegion: 
    Dimension: 3
    Index: [0, 0, 0]
    Size: [192, 256, 256]
  RequestedRegion: 
    Dimension: 3
    Index: [0, 0, 0]
    Size: [192, 256, 256]
  Spacing: [1, 1, 1]
  Origin: [95.0313, 100.538, -154.123]
  Direction: 
-0.999853 -0.014134 -0.00966312
0.014129 -0.9999 0.000586045
-0.00967044 0.000449429 0.999953

  IndexToPointMatrix: 
-0.999853 -0.014134 -0.00966312
0.014129 -0.9999 0.000586045
-0.00967044 0.000449429 0.999953

  PointToIndexMatrix: 
-0.999853 0.014129 -0.00967044
-0.014134 -0.9999 0.000449429
-0.00966312 0.000586045 0.999953

  Inverse Direction: 
-0.999853 0.014129 -0.00967044
-0.014134 -0.9999 0.000449429
-0.00966312 0.000586045 0.999953

  PixelContainer: 
    ImportImageContainer (0x5571df34d6d0)
      RTTI typeinfo:   itk::ImportImageContainer<unsigned long, float>
      Reference Count: 1
      Modified Time: 1931
      Debug: Off
      Object Name: 
      Observers: 
        none
      Pointer: 0x7fcc74414010
      Container manages memory: true
      Size: 12582912
      Capacity: 12582912

     Moving image = Image (0x5571df3624c0)
  RTTI typeinfo:   itk::Image<float, 3u>
  Reference Count: 2
  Modified Time: 2150
  Debug: Off
  Object Name: 
  Observers: 
    none
  Source: (none)
  Source output name: (none)
  Release Data: Off
  Data Released: False
  Global Release Data: Off
  PipelineMTime: 0
  UpdateMTime: 2147
  RealTimeStamp: 0 seconds 
  LargestPossibleRegion: 
    Dimension: 3
    Index: [0, 0, 0]
    Size: [192, 256, 256]
  BufferedRegion: 
    Dimension: 3
    Index: [0, 0, 0]
    Size: [192, 256, 256]
  RequestedRegion: 
    Dimension: 3
    Index: [0, 0, 0]
    Size: [192, 256, 256]
  Spacing: [1, 1, 1]
  Origin: [108.095, 80.6547, -162.718]
  Direction: 
-0.996707 -0.0529318 -0.061423
0.04509 -0.99142 0.122691
-0.0673903 0.119518 0.990542

  IndexToPointMatrix: 
-0.996707 -0.0529318 -0.061423
0.04509 -0.99142 0.122691
-0.0673903 0.119518 0.990542

  PointToIndexMatrix: 
-0.996707 0.04509 -0.0673903
-0.0529318 -0.99142 0.119518
-0.061423 0.122691 0.990542

  Inverse Direction: 
-0.996707 0.04509 -0.0673903
-0.0529318 -0.99142 0.119518
-0.061423 0.122691 0.990542

  PixelContainer: 
    ImportImageContainer (0x5571df3638c0)
      RTTI typeinfo:   itk::ImportImageContainer<unsigned long, float>
      Reference Count: 1
      Modified Time: 2144
      Debug: Off
      Object Name: 
      Observers: 
        none
      Pointer: 0x7fcc71413010
      Container manages memory: true
      Size: 12582912
      Capacity: 12582912

     Weighting = 1
     Sampling strategy = regular
     Number of bins = 32
     Radius = 4
     Sampling percentage  = 0.25
   Transform = Affine
     Gradient step = 0.1
     Update field sigma (voxel space) = 0
     Total field sigma (voxel space) = 0
     Update field time sigma = 0
     Total field time sigma  = 0
     Number of time indices = 0
     Number of time point samples = 0
Stage 3 State
   Image metric = CC
     Fixed image = Image (0x5571df369960)
  RTTI typeinfo:   itk::Image<float, 3u>
  Reference Count: 2
  Modified Time: 2577
  Debug: Off
  Object Name: 
  Observers: 
    none
  Source: (none)
  Source output name: (none)
  Release Data: Off
  Data Released: False
  Global Release Data: Off
  PipelineMTime: 0
  UpdateMTime: 2362
  RealTimeStamp: 0 seconds 
  LargestPossibleRegion: 
    Dimension: 3
    Index: [0, 0, 0]
    Size: [192, 256, 256]
  BufferedRegion: 
    Dimension: 3
    Index: [0, 0, 0]
    Size: [192, 256, 256]
  RequestedRegion: 
    Dimension: 3
    Index: [0, 0, 0]
    Size: [192, 256, 256]
  Spacing: [1, 1, 1]
  Origin: [95.0313, 100.538, -154.123]
  Direction: 
-0.999853 -0.014134 -0.00966312
0.014129 -0.9999 0.000586045
-0.00967044 0.000449429 0.999953

  IndexToPointMatrix: 
-0.999853 -0.014134 -0.00966312
0.014129 -0.9999 0.000586045
-0.00967044 0.000449429 0.999953

  PointToIndexMatrix: 
-0.999853 0.014129 -0.00967044
-0.014134 -0.9999 0.000449429
-0.00966312 0.000586045 0.999953

  Inverse Direction: 
-0.999853 0.014129 -0.00967044
-0.014134 -0.9999 0.000449429
-0.00966312 0.000586045 0.999953

  PixelContainer: 
    ImportImageContainer (0x5571df34a660)
      RTTI typeinfo:   itk::ImportImageContainer<unsigned long, float>
      Reference Count: 1
      Modified Time: 2359
      Debug: Off
      Object Name: 
      Observers: 
        none
      Pointer: 0x7fcc6e412010
      Container manages memory: true
      Size: 12582912
      Capacity: 12582912

     Moving image = Image (0x5571df36b840)
  RTTI typeinfo:   itk::Image<float, 3u>
  Reference Count: 2
  Modified Time: 2578
  Debug: Off
  Object Name: 
  Observers: 
    none
  Source: (none)
  Source output name: (none)
  Release Data: Off
  Data Released: False
  Global Release Data: Off
  PipelineMTime: 0
  UpdateMTime: 2575
  RealTimeStamp: 0 seconds 
  LargestPossibleRegion: 
    Dimension: 3
    Index: [0, 0, 0]
    Size: [192, 256, 256]
  BufferedRegion: 
    Dimension: 3
    Index: [0, 0, 0]
    Size: [192, 256, 256]
  RequestedRegion: 
    Dimension: 3
    Index: [0, 0, 0]
    Size: [192, 256, 256]
  Spacing: [1, 1, 1]
  Origin: [108.095, 80.6547, -162.718]
  Direction: 
-0.996707 -0.0529318 -0.061423
0.04509 -0.99142 0.122691
-0.0673903 0.119518 0.990542

  IndexToPointMatrix: 
-0.996707 -0.0529318 -0.061423
0.04509 -0.99142 0.122691
-0.0673903 0.119518 0.990542

  PointToIndexMatrix: 
-0.996707 0.04509 -0.0673903
-0.0529318 -0.99142 0.119518
-0.061423 0.122691 0.990542

  Inverse Direction: 
-0.996707 0.04509 -0.0673903
-0.0529318 -0.99142 0.119518
-0.061423 0.122691 0.990542

  PixelContainer: 
    ImportImageContainer (0x5571df368660)
      RTTI typeinfo:   itk::ImportImageContainer<unsigned long, float>
      Reference Count: 1
      Modified Time: 2572
      Debug: Off
      Object Name: 
      Observers: 
        none
      Pointer: 0x7fcc6b411010
      Container manages memory: true
      Size: 12582912
      Capacity: 12582912

     Weighting = 1
     Sampling strategy = none
     Number of bins = 32
     Radius = 4
     Sampling percentage  = 1
   Transform = SyN
     Gradient step = 0.1
     Update field sigma (voxel space) = 3
     Total field sigma (voxel space) = 0
     Update field time sigma = 0
     Total field time sigma  = 0
     Number of time indices = 0
     Number of time point samples = 0
Registration using 3 total stages.

Stage 0
  iterations = 1000x500x250x0
  convergence threshold = 1e-06
  convergence window size = 10
  number of levels = 4
  using the Mattes MI metric (number of bins = 32, weight = 1)
  preprocessing:  winsorizing the image intensities
  preprocessing:  histogram matching the images
  Shrink factors (level 1 out of 4): [6, 6, 6]
  Shrink factors (level 2 out of 4): [4, 4, 4]
  Shrink factors (level 3 out of 4): [2, 2, 2]
  Shrink factors (level 4 out of 4): [1, 1, 1]
  smoothing sigmas per level: [4, 2, 1, 0]
  regular sampling (percentage = 0.25)

*** Running Euler3DTransform registration ***

DIAGNOSTIC,Iteration,metricValue,convergenceValue,ITERATION_TIME_INDEX,SINCE_LAST
 2DIAGNOSTIC,     1, -6.982611417770e-01, inf, 6.7298e-01, 6.7298e-01, 
 2DIAGNOSTIC,     2, -6.995000243187e-01, inf, 6.8214e-01, 9.1641e-03, 
 2DIAGNOSTIC,     3, -7.013368606567e-01, inf, 6.9103e-01, 8.8890e-03, 
 2DIAGNOSTIC,     4, -7.043017745018e-01, inf, 6.9955e-01, 8.5230e-03, 
 2DIAGNOSTIC,     5, -7.077225446701e-01, inf, 7.0827e-01, 8.7149e-03, 
 2DIAGNOSTIC,     6, -7.111391425133e-01, inf, 7.1688e-01, 8.6119e-03, 
 2DIAGNOSTIC,     7, -7.147508263588e-01, inf, 7.2522e-01, 8.3380e-03, 
 2DIAGNOSTIC,     8, -7.162632942200e-01, inf, 7.3365e-01, 8.4310e-03, 
 2DIAGNOSTIC,     9, -7.185092568398e-01, inf, 7.4571e-01, 1.2058e-02, 
 2DIAGNOSTIC,    10, -7.202687263489e-01, 2.188709098846e-03, 7.6084e-01, 1.5137e-02, 
 2DIAGNOSTIC,    11, -7.208261489868e-01, 1.909949816763e-03, 7.6956e-01, 8.7121e-03, 
 2DIAGNOSTIC,    12, -7.219887375832e-01, 1.587307779118e-03, 7.7810e-01, 8.5480e-03, 
 2DIAGNOSTIC,    13, -7.226312756538e-01, 1.247092382982e-03, 7.9075e-01, 1.2647e-02, 
 2DIAGNOSTIC,    14, -7.229427099228e-01, 9.352526976727e-04, 8.0080e-01, 1.0050e-02, 
 2DIAGNOSTIC,    15, -7.231953144073e-01, 6.765832658857e-04, 8.1035e-01, 9.5460e-03, 
 2DIAGNOSTIC,    16, -7.233397960663e-01, 4.758817958646e-04, 8.1998e-01, 9.6331e-03, 
 2DIAGNOSTIC,    17, -7.234560847282e-01, 3.425022005104e-04, 8.2959e-01, 9.6071e-03, 
 2DIAGNOSTIC,    18, -7.236923575401e-01, 2.302117500221e-04, 8.4236e-01, 1.2774e-02, 
 2DIAGNOSTIC,    19, -7.237828373909e-01, 1.567920407979e-04, 8.5161e-01, 9.2471e-03, 
 2DIAGNOSTIC,    20, -7.237999439240e-01, 1.117375286412e-04, 8.6092e-01, 9.3131e-03, 
 2DIAGNOSTIC,    21, -7.238178849220e-01, 7.125660340535e-05, 8.7021e-01, 9.2852e-03, 
 2DIAGNOSTIC,    22, -7.238025069237e-01, 4.843048009207e-05, 8.7946e-01, 9.2499e-03, 
 2DIAGNOSTIC,    23, -7.238093614578e-01, 3.427857518545e-05, 8.8870e-01, 9.2390e-03, 
 2DIAGNOSTIC,    24, -7.237911224365e-01, 2.297345963598e-05, 8.9887e-01, 1.0174e-02, 
 2DIAGNOSTIC,    25, -7.237685918808e-01, 1.420652279194e-05, 9.0821e-01, 9.3431e-03, 
 2DIAGNOSTIC,    26, -7.237465381622e-01, 6.787254278606e-06, 9.1777e-01, 9.5599e-03, 
DIAGNOSTIC,Iteration,metricValue,convergenceValue,ITERATION_TIME_INDEX,SINCE_LAST
 2DIAGNOSTIC,     1, -5.460976362228e-01, inf, 1.6170e+00, 6.9918e-01, 
 2DIAGNOSTIC,     2, -5.463616251945e-01, inf, 1.6537e+00, 3.6759e-02, 
 2DIAGNOSTIC,     3, -5.465931296349e-01, inf, 1.6863e+00, 3.2613e-02, 
 2DIAGNOSTIC,     4, -5.468021035194e-01, inf, 1.7240e+00, 3.7652e-02, 
 2DIAGNOSTIC,     5, -5.469453930855e-01, inf, 1.7567e+00, 3.2695e-02, 
 2DIAGNOSTIC,     6, -5.471704602242e-01, inf, 1.7911e+00, 3.4422e-02, 
 2DIAGNOSTIC,     7, -5.474719405174e-01, inf, 1.8256e+00, 3.4517e-02, 
 2DIAGNOSTIC,     8, -5.479288697243e-01, inf, 1.8731e+00, 4.7447e-02, 
 2DIAGNOSTIC,     9, -5.483297109604e-01, inf, 1.9116e+00, 3.8521e-02, 
 2DIAGNOSTIC,    10, -5.487126708031e-01, 2.951645001303e-04, 1.9506e+00, 3.8975e-02, 
 2DIAGNOSTIC,    11, -5.491700768471e-01, 2.974849194288e-04, 1.9938e+00, 4.3199e-02, 
 2DIAGNOSTIC,    12, -5.492752790451e-01, 2.884831046686e-04, 2.0335e+00, 3.9697e-02, 
 2DIAGNOSTIC,    13, -5.494284033775e-01, 2.703279023990e-04, 2.0690e+00, 3.5568e-02, 
 2DIAGNOSTIC,    14, -5.495857000351e-01, 2.439398376737e-04, 2.1069e+00, 3.7880e-02, 
 2DIAGNOSTIC,    15, -5.496354699135e-01, 2.054899086943e-04, 2.1595e+00, 5.2552e-02, 
 2DIAGNOSTIC,    16, -5.496519207954e-01, 1.609389437363e-04, 2.1964e+00, 3.6932e-02, 
 2DIAGNOSTIC,    17, -5.496530532837e-01, 1.161386753665e-04, 2.2392e+00, 4.2843e-02, 
 2DIAGNOSTIC,    18, -5.496549010277e-01, 7.892963185441e-05, 2.2778e+00, 3.8532e-02, 
 2DIAGNOSTIC,    19, -5.496550798416e-01, 4.924850145471e-05, 2.3121e+00, 3.4305e-02, 
 2DIAGNOSTIC,    20, -5.496553182602e-01, 2.777222471195e-05, 2.3461e+00, 3.3999e-02, 
 2DIAGNOSTIC,    21, -5.496565103531e-01, 1.724748835841e-05, 2.3844e+00, 3.8331e-02, 
 2DIAGNOSTIC,    22, -5.496584177017e-01, 8.693380550540e-06, 2.4226e+00, 3.8167e-02, 
 2DIAGNOSTIC,    23, -5.496569275856e-01, 3.538949158610e-06, 2.4557e+00, 3.3118e-02, 
 2DIAGNOSTIC,    24, -5.496623516083e-01, 2.101021664203e-06, 2.4937e+00, 3.7987e-02, 
 2DIAGNOSTIC,    25, -5.496711730957e-01, 1.907816340463e-06, 2.5272e+00, 3.3568e-02, 
 2DIAGNOSTIC,    26, -5.496824979782e-01, 2.218402187282e-06, 2.5607e+00, 3.3504e-02, 
 2DIAGNOSTIC,    27, -5.497092008591e-01, 2.942413857454e-06, 2.5940e+00, 3.3292e-02, 
 2DIAGNOSTIC,    28, -5.497328042984e-01, 3.910494797310e-06, 2.6319e+00, 3.7884e-02, 
 2DIAGNOSTIC,    29, -5.497481226921e-01, 4.822159098694e-06, 2.6700e+00, 3.8130e-02, 
 2DIAGNOSTIC,    30, -5.497615933418e-01, 5.558116299653e-06, 2.7223e+00, 5.2232e-02, 
 2DIAGNOSTIC,    31, -5.497590303421e-01, 5.795960987598e-06, 2.7602e+00, 3.7873e-02, 
 2DIAGNOSTIC,    32, -5.497601628304e-01, 5.618817795039e-06, 2.8120e+00, 5.1873e-02, 
 2DIAGNOSTIC,    33, -5.497600436211e-01, 4.984537554265e-06, 2.8496e+00, 3.7554e-02, 
 2DIAGNOSTIC,    34, -5.497560501099e-01, 4.026285296277e-06, 2.8828e+00, 3.3196e-02, 
 2DIAGNOSTIC,    35, -5.497565865517e-01, 2.971285539388e-06, 2.9208e+00, 3.8008e-02, 
 2DIAGNOSTIC,    36, -5.497565865517e-01, 1.937404476848e-06, 2.9588e+00, 3.8026e-02, 
 2DIAGNOSTIC,    37, -5.497582554817e-01, 1.251522348866e-06, 2.9971e+00, 3.8321e-02, 
DIAGNOSTIC,Iteration,metricValue,convergenceValue,ITERATION_TIME_INDEX,SINCE_LAST
 2DIAGNOSTIC,     1, -4.907691776752e-01, inf, 4.1105e+00, 1.1133e+00, 
 2DIAGNOSTIC,     2, -4.909082055092e-01, inf, 4.3271e+00, 2.1669e-01, 
 2DIAGNOSTIC,     3, -4.911490678787e-01, inf, 4.5582e+00, 2.3111e-01, 
 2DIAGNOSTIC,     4, -4.914140999317e-01, inf, 4.7885e+00, 2.3024e-01, 
 2DIAGNOSTIC,     5, -4.916549623013e-01, inf, 5.0201e+00, 2.3165e-01, 
 2DIAGNOSTIC,     6, -4.918870329857e-01, inf, 5.3765e+00, 3.5636e-01, 
 2DIAGNOSTIC,     7, -4.919340014458e-01, inf, 5.6151e+00, 2.3866e-01, 
 2DIAGNOSTIC,     8, -4.919675886631e-01, inf, 5.8486e+00, 2.3343e-01, 
 2DIAGNOSTIC,     9, -4.920072853565e-01, inf, 6.0881e+00, 2.3952e-01, 
 2DIAGNOSTIC,    10, -4.920696020126e-01, 1.833561545936e-04, 6.3232e+00, 2.3507e-01, 
 2DIAGNOSTIC,    11, -4.921355247498e-01, 1.396233710693e-04, 6.6553e+00, 3.3212e-01, 
 2DIAGNOSTIC,    12, -4.921768009663e-01, 9.951298852684e-05, 6.9835e+00, 3.2821e-01, 
 2DIAGNOSTIC,    13, -4.921777546406e-01, 6.753369962098e-05, 7.2243e+00, 2.4079e-01, 
 2DIAGNOSTIC,    14, -4.922138750553e-01, 4.653114956454e-05, 7.5523e+00, 3.2800e-01, 
 2DIAGNOSTIC,    15, -4.922141134739e-01, 3.329769606353e-05, 7.8163e+00, 2.6404e-01, 
 2DIAGNOSTIC,    16, -4.922138452530e-01, 2.718458017625e-05, 8.0818e+00, 2.6547e-01, 
 2DIAGNOSTIC,    17, -4.922139942646e-01, 2.107971158694e-05, 8.3517e+00, 2.6994e-01, 
 2DIAGNOSTIC,    18, -4.922131597996e-01, 1.494291063864e-05, 8.6227e+00, 2.7093e-01, 
 2DIAGNOSTIC,    19, -4.922122657299e-01, 9.384080840391e-06, 8.9182e+00, 2.9556e-01, 
 2DIAGNOSTIC,    20, -4.922132492065e-01, 5.450638127513e-06, 9.1900e+00, 2.7177e-01, 
 2DIAGNOSTIC,    21, -4.922125637531e-01, 3.310039119242e-06, 9.4535e+00, 2.6346e-01, 
 2DIAGNOSTIC,    22, -4.922113418579e-01, 2.259838993268e-06, 9.7217e+00, 2.6826e-01, 
 2DIAGNOSTIC,    23, -4.922122061253e-01, 1.246043893843e-06, 9.9889e+00, 2.6715e-01, 
 2DIAGNOSTIC,    24, -4.922117292881e-01, 1.186661052088e-06, 1.0284e+01, 2.9478e-01, 
 2DIAGNOSTIC,    25, -4.922111332417e-01, 1.136619175668e-06, 1.0582e+01, 2.9790e-01, 
 2DIAGNOSTIC,    26, -4.922111034393e-01, 1.096838559533e-06, 1.0846e+01, 2.6403e-01, 
 2DIAGNOSTIC,    27, -4.922112524509e-01, 1.079116486835e-06, 1.1080e+01, 2.3448e-01, 
 2DIAGNOSTIC,    28, -4.922112524509e-01, 1.054917674992e-06, 1.1342e+01, 2.6179e-01, 
 2DIAGNOSTIC,    29, -4.922117888927e-01, 1.032021032188e-06, 1.1616e+01, 2.7393e-01, 
 2DIAGNOSTIC,    30, -4.922115206718e-01, 1.030953512782e-06, 1.1853e+01, 2.3713e-01, 
 2DIAGNOSTIC,    31, -4.922112524509e-01, 1.016015403366e-06, 1.2127e+01, 2.7455e-01, 
 2DIAGNOSTIC,    32, -4.922125637531e-01, 1.004091359391e-06, 1.2356e+01, 2.2879e-01, 
 2DIAGNOSTIC,    33, -4.922128021717e-01, 1.010549794955e-06, 1.2610e+01, 2.5384e-01, 
DIAGNOSTIC,Iteration,metricValue,convergenceValue,ITERATION_TIME_INDEX,SINCE_LAST
 2DIAGNOSTIC,     1, -4.576903879642e-01, inf, 1.5176e+01, 2.5654e+00, 
  Elapsed time (stage 0): 1.6195e+01


Stage 1
  iterations = 1000x500x250x0
  convergence threshold = 1.0000e-06
  convergence window size = 10
  number of levels = 4
  using the Mattes MI metric (number of bins = 32, weight = 1.0000e+00)
