
Running N4 for 3-dimensional images.

Mask not read.  Using the entire image as the mask.

Original intensity range:  [0, 796]

***********************************************************
Warning:  Your input image contains nonpositive values
which could cause failure or problematic results.  A
possible workaround would be to:
   1. rescale your image to positive values e.g., [10,100].
   2. run N4 on your rescaled image.
   3. (optional) rescale the N4 output to the original
      intensity range.
***********************************************************

Specified spline distance: 200mm
  original image size:  [192, 256, 256]
  padded image size:  [201, 401, 401]
  number of control points:  [4, 5, 5]

Current level = 1
  Iteration 1 (of 50).   Current convergence value = 0.000504197 (threshold = 1e-08)
  Iteration 2 (of 50).   Current convergence value = 0.000342305 (threshold = 1e-08)
  Iteration 3 (of 50).   Current convergence value = 0.000232119 (threshold = 1e-08)
  Iteration 4 (of 50).   Current convergence value = 0.000160439 (threshold = 1e-08)
  Iteration 5 (of 50).   Current convergence value = 0.000117683 (threshold = 1e-08)
  Iteration 6 (of 50).   Current convergence value = 9.60244e-05 (threshold = 1e-08)
  Iteration 7 (of 50).   Current convergence value = 8.90548e-05 (threshold = 1e-08)
  Iteration 8 (of 50).   Current convergence value = 8.97341e-05 (threshold = 1e-08)
  Iteration 9 (of 50).   Current convergence value = 9.28211e-05 (threshold = 1e-08)
  Iteration 10 (of 50).   Current convergence value = 9.62416e-05 (threshold = 1e-08)
  Iteration 11 (of 50).   Current convergence value = 9.91049e-05 (threshold = 1e-08)
  Iteration 12 (of 50).   Current convergence value = 0.000101075 (threshold = 1e-08)
  Iteration 13 (of 50).   Current convergence value = 0.000102367 (threshold = 1e-08)
  Iteration 14 (of 50).   Current convergence value = 0.000103062 (threshold = 1e-08)
  Iteration 15 (of 50).   Current convergence value = 0.000103338 (threshold = 1e-08)
  Iteration 16 (of 50).   Current convergence value = 0.000103215 (threshold = 1e-08)
  Iteration 17 (of 50).   Current convergence value = 0.000103008 (threshold = 1e-08)
  Iteration 18 (of 50).   Current convergence value = 0.000102429 (threshold = 1e-08)
  Iteration 19 (of 50).   Current convergence value = 0.000101837 (threshold = 1e-08)
  Iteration 20 (of 50).   Current convergence value = 0.000101164 (threshold = 1e-08)
  Iteration 21 (of 50).   Current convergence value = 0.000100344 (threshold = 1e-08)
  Iteration 22 (of 50).   Current convergence value = 9.87818e-05 (threshold = 1e-08)
  Iteration 23 (of 50).   Current convergence value = 9.71329e-05 (threshold = 1e-08)
  Iteration 24 (of 50).   Current convergence value = 9.56447e-05 (threshold = 1e-08)
  Iteration 25 (of 50).   Current convergence value = 9.43477e-05 (threshold = 1e-08)
  Iteration 26 (of 50).   Current convergence value = 9.31477e-05 (threshold = 1e-08)
  Iteration 27 (of 50).   Current convergence value = 9.18254e-05 (threshold = 1e-08)
  Iteration 28 (of 50).   Current convergence value = 9.06301e-05 (threshold = 1e-08)
  Iteration 29 (of 50).   Current convergence value = 8.9569e-05 (threshold = 1e-08)
  Iteration 30 (of 50).   Current convergence value = 8.84587e-05 (threshold = 1e-08)
  Iteration 31 (of 50).   Current convergence value = 8.73578e-05 (threshold = 1e-08)
  Iteration 32 (of 50).   Current convergence value = 8.63671e-05 (threshold = 1e-08)
  Iteration 33 (of 50).   Current convergence value = 8.54695e-05 (threshold = 1e-08)
  Iteration 34 (of 50).   Current convergence value = 8.45423e-05 (threshold = 1e-08)
  Iteration 35 (of 50).   Current convergence value = 8.35438e-05 (threshold = 1e-08)
  Iteration 36 (of 50).   Current convergence value = 8.25982e-05 (threshold = 1e-08)
  Iteration 37 (of 50).   Current convergence value = 8.18839e-05 (threshold = 1e-08)
  Iteration 38 (of 50).   Current convergence value = 8.09699e-05 (threshold = 1e-08)
  Iteration 39 (of 50).   Current convergence value = 8.00129e-05 (threshold = 1e-08)
  Iteration 40 (of 50).   Current convergence value = 7.90797e-05 (threshold = 1e-08)
  Iteration 41 (of 50).   Current convergence value = 7.84499e-05 (threshold = 1e-08)
  Iteration 42 (of 50).   Current convergence value = 7.75603e-05 (threshold = 1e-08)
  Iteration 43 (of 50).   Current convergence value = 7.66348e-05 (threshold = 1e-08)
  Iteration 44 (of 50).   Current convergence value = 7.58892e-05 (threshold = 1e-08)
  Iteration 45 (of 50).   Current convergence value = 7.51741e-05 (threshold = 1e-08)
  Iteration 46 (of 50).   Current convergence value = 7.45345e-05 (threshold = 1e-08)
  Iteration 47 (of 50).   Current convergence value = 7.37496e-05 (threshold = 1e-08)
  Iteration 48 (of 50).   Current convergence value = 7.28434e-05 (threshold = 1e-08)
  Iteration 49 (of 50).   Current convergence value = 7.21488e-05 (threshold = 1e-08)
  Iteration 50 (of 50).   Current convergence value = 7.14328e-05 (threshold = 1e-08)
Current level = 2
  Iteration 1 (of 50).   Current convergence value = 0.000432535 (threshold = 1e-08)
  Iteration 2 (of 50).   Current convergence value = 0.000358402 (threshold = 1e-08)
  Iteration 3 (of 50).   Current convergence value = 0.000309099 (threshold = 1e-08)
  Iteration 4 (of 50).   Current convergence value = 0.000267265 (threshold = 1e-08)
  Iteration 5 (of 50).   Current convergence value = 0.00023283 (threshold = 1e-08)
  Iteration 6 (of 50).   Current convergence value = 0.000204995 (threshold = 1e-08)
  Iteration 7 (of 50).   Current convergence value = 0.000184317 (threshold = 1e-08)
  Iteration 8 (of 50).   Current convergence value = 0.000172576 (threshold = 1e-08)
  Iteration 9 (of 50).   Current convergence value = 0.000156446 (threshold = 1e-08)
  Iteration 10 (of 50).   Current convergence value = 0.000142614 (threshold = 1e-08)
  Iteration 11 (of 50).   Current convergence value = 0.000130606 (threshold = 1e-08)
  Iteration 12 (of 50).   Current convergence value = 0.000120366 (threshold = 1e-08)
  Iteration 13 (of 50).   Current convergence value = 0.000111566 (threshold = 1e-08)
  Iteration 14 (of 50).   Current convergence value = 0.000104319 (threshold = 1e-08)
  Iteration 15 (of 50).   Current convergence value = 9.78386e-05 (threshold = 1e-08)
  Iteration 16 (of 50).   Current convergence value = 9.19648e-05 (threshold = 1e-08)
  Iteration 17 (of 50).   Current convergence value = 8.6939e-05 (threshold = 1e-08)
  Iteration 18 (of 50).   Current convergence value = 8.45715e-05 (threshold = 1e-08)
  Iteration 19 (of 50).   Current convergence value = 8.53276e-05 (threshold = 1e-08)
  Iteration 20 (of 50).   Current convergence value = 8.67334e-05 (threshold = 1e-08)
  Iteration 21 (of 50).   Current convergence value = 8.82761e-05 (threshold = 1e-08)
  Iteration 22 (of 50).   Current convergence value = 8.99242e-05 (threshold = 1e-08)
  Iteration 23 (of 50).   Current convergence value = 9.16644e-05 (threshold = 1e-08)
  Iteration 24 (of 50).   Current convergence value = 9.35808e-05 (threshold = 1e-08)
  Iteration 25 (of 50).   Current convergence value = 9.50713e-05 (threshold = 1e-08)
  Iteration 26 (of 50).   Current convergence value = 9.67611e-05 (threshold = 1e-08)
  Iteration 27 (of 50).   Current convergence value = 9.83088e-05 (threshold = 1e-08)
  Iteration 28 (of 50).   Current convergence value = 9.96843e-05 (threshold = 1e-08)
  Iteration 29 (of 50).   Current convergence value = 0.000101003 (threshold = 1e-08)
  Iteration 30 (of 50).   Current convergence value = 0.000102262 (threshold = 1e-08)
  Iteration 31 (of 50).   Current convergence value = 0.000103265 (threshold = 1e-08)
  Iteration 32 (of 50).   Current convergence value = 0.000104221 (threshold = 1e-08)
  Iteration 33 (of 50).   Current convergence value = 0.000105158 (threshold = 1e-08)
  Iteration 34 (of 50).   Current convergence value = 0.000106001 (threshold = 1e-08)
  Iteration 35 (of 50).   Current convergence value = 0.000106781 (threshold = 1e-08)
  Iteration 36 (of 50).   Current convergence value = 0.000107528 (threshold = 1e-08)
  Iteration 37 (of 50).   Current convergence value = 0.000108283 (threshold = 1e-08)
  Iteration 38 (of 50).   Current convergence value = 0.000108659 (threshold = 1e-08)
  Iteration 39 (of 50).   Current convergence value = 0.000109273 (threshold = 1e-08)
  Iteration 40 (of 50).   Current convergence value = 0.000109684 (threshold = 1e-08)
  Iteration 41 (of 50).   Current convergence value = 0.000110141 (threshold = 1e-08)
  Iteration 42 (of 50).   Current convergence value = 0.000110441 (threshold = 1e-08)
  Iteration 43 (of 50).   Current convergence value = 0.000110849 (threshold = 1e-08)
  Iteration 44 (of 50).   Current convergence value = 0.000110908 (threshold = 1e-08)
  Iteration 45 (of 50).   Current convergence value = 0.000111038 (threshold = 1e-08)
  Iteration 46 (of 50).   Current convergence value = 0.000111279 (threshold = 1e-08)
  Iteration 47 (of 50).   Current convergence value = 0.000111228 (threshold = 1e-08)
  Iteration 48 (of 50).   Current convergence value = 0.000111364 (threshold = 1e-08)
  Iteration 49 (of 50).   Current convergence value = 0.000111278 (threshold = 1e-08)
  Iteration 50 (of 50).   Current convergence value = 0.000111087 (threshold = 1e-08)
Current level = 3
  Iteration 1 (of 40).   Current convergence value = 0.00100649 (threshold = 1e-08)
  Iteration 2 (of 40).   Current convergence value = 0.000862841 (threshold = 1e-08)
  Iteration 3 (of 40).   Current convergence value = 0.000769258 (threshold = 1e-08)
  Iteration 4 (of 40).   Current convergence value = 0.000687994 (threshold = 1e-08)
  Iteration 5 (of 40).   Current convergence value = 0.000634782 (threshold = 1e-08)
  Iteration 6 (of 40).   Current convergence value = 0.000602409 (threshold = 1e-08)
  Iteration 7 (of 40).   Current convergence value = 0.000577405 (threshold = 1e-08)
  Iteration 8 (of 40).   Current convergence value = 0.000557547 (threshold = 1e-08)
  Iteration 9 (of 40).   Current convergence value = 0.000539469 (threshold = 1e-08)
  Iteration 10 (of 40).   Current convergence value = 0.000521718 (threshold = 1e-08)
  Iteration 11 (of 40).   Current convergence value = 0.000505956 (threshold = 1e-08)
  Iteration 12 (of 40).   Current convergence value = 0.0004915 (threshold = 1e-08)
  Iteration 13 (of 40).   Current convergence value = 0.000478474 (threshold = 1e-08)
  Iteration 14 (of 40).   Current convergence value = 0.000466192 (threshold = 1e-08)
  Iteration 15 (of 40).   Current convergence value = 0.000455465 (threshold = 1e-08)
  Iteration 16 (of 40).   Current convergence value = 0.00044557 (threshold = 1e-08)
  Iteration 17 (of 40).   Current convergence value = 0.000436319 (threshold = 1e-08)
  Iteration 18 (of 40).   Current convergence value = 0.000427445 (threshold = 1e-08)
  Iteration 19 (of 40).   Current convergence value = 0.000418983 (threshold = 1e-08)
  Iteration 20 (of 40).   Current convergence value = 0.000411365 (threshold = 1e-08)
  Iteration 21 (of 40).   Current convergence value = 0.000403949 (threshold = 1e-08)
  Iteration 22 (of 40).   Current convergence value = 0.000397217 (threshold = 1e-08)
  Iteration 23 (of 40).   Current convergence value = 0.000390236 (threshold = 1e-08)
  Iteration 24 (of 40).   Current convergence value = 0.000383644 (threshold = 1e-08)
  Iteration 25 (of 40).   Current convergence value = 0.000377269 (threshold = 1e-08)
  Iteration 26 (of 40).   Current convergence value = 0.000371164 (threshold = 1e-08)
  Iteration 27 (of 40).   Current convergence value = 0.000365144 (threshold = 1e-08)
  Iteration 28 (of 40).   Current convergence value = 0.00035914 (threshold = 1e-08)
  Iteration 29 (of 40).   Current convergence value = 0.00035342 (threshold = 1e-08)
  Iteration 30 (of 40).   Current convergence value = 0.000347837 (threshold = 1e-08)
  Iteration 31 (of 40).   Current convergence value = 0.00034252 (threshold = 1e-08)
  Iteration 32 (of 40).   Current convergence value = 0.00033734 (threshold = 1e-08)
  Iteration 33 (of 40).   Current convergence value = 0.000332148 (threshold = 1e-08)
  Iteration 34 (of 40).   Current convergence value = 0.000327058 (threshold = 1e-08)
  Iteration 35 (of 40).   Current convergence value = 0.000322073 (threshold = 1e-08)
  Iteration 36 (of 40).   Current convergence value = 0.000317181 (threshold = 1e-08)
  Iteration 37 (of 40).   Current convergence value = 0.000312293 (threshold = 1e-08)
  Iteration 38 (of 40).   Current convergence value = 0.000307493 (threshold = 1e-08)
  Iteration 39 (of 40).   Current convergence value = 0.00030275 (threshold = 1e-08)
  Iteration 40 (of 40).   Current convergence value = 0.000298066 (threshold = 1e-08)
Current level = 4
  Iteration 1 (of 30).   Current convergence value = 0.00200145 (threshold = 1e-08)
  Iteration 2 (of 30).   Current convergence value = 0.00175899 (threshold = 1e-08)
  Iteration 3 (of 30).   Current convergence value = 0.00168431 (threshold = 1e-08)
  Iteration 4 (of 30).   Current convergence value = 0.00162652 (threshold = 1e-08)
  Iteration 5 (of 30).   Current convergence value = 0.0015681 (threshold = 1e-08)
  Iteration 6 (of 30).   Current convergence value = 0.0015064 (threshold = 1e-08)
  Iteration 7 (of 30).   Current convergence value = 0.00141377 (threshold = 1e-08)
  Iteration 8 (of 30).   Current convergence value = 0.00133204 (threshold = 1e-08)
  Iteration 9 (of 30).   Current convergence value = 0.00126576 (threshold = 1e-08)
  Iteration 10 (of 30).   Current convergence value = 0.00121022 (threshold = 1e-08)
  Iteration 11 (of 30).   Current convergence value = 0.00116159 (threshold = 1e-08)
  Iteration 12 (of 30).   Current convergence value = 0.00111909 (threshold = 1e-08)
  Iteration 13 (of 30).   Current convergence value = 0.00107941 (threshold = 1e-08)
  Iteration 14 (of 30).   Current convergence value = 0.00104241 (threshold = 1e-08)
  Iteration 15 (of 30).   Current convergence value = 0.00100718 (threshold = 1e-08)
  Iteration 16 (of 30).   Current convergence value = 0.000973836 (threshold = 1e-08)
  Iteration 17 (of 30).   Current convergence value = 0.000941739 (threshold = 1e-08)
  Iteration 18 (of 30).   Current convergence value = 0.000910101 (threshold = 1e-08)
  Iteration 19 (of 30).   Current convergence value = 0.000879351 (threshold = 1e-08)
  Iteration 20 (of 30).   Current convergence value = 0.000848575 (threshold = 1e-08)
  Iteration 21 (of 30).   Current convergence value = 0.000818261 (threshold = 1e-08)
  Iteration 22 (of 30).   Current convergence value = 0.000789201 (threshold = 1e-08)
  Iteration 23 (of 30).   Current convergence value = 0.000760445 (threshold = 1e-08)
  Iteration 24 (of 30).   Current convergence value = 0.000732287 (threshold = 1e-08)
  Iteration 25 (of 30).   Current convergence value = 0.000705078 (threshold = 1e-08)
  Iteration 26 (of 30).   Current convergence value = 0.000678988 (threshold = 1e-08)
  Iteration 27 (of 30).   Current convergence value = 0.000655362 (threshold = 1e-08)
  Iteration 28 (of 30).   Current convergence value = 0.000633007 (threshold = 1e-08)
  Iteration 29 (of 30).   Current convergence value = 0.000610976 (threshold = 1e-08)
  Iteration 30 (of 30).   Current convergence value = 0.000589546 (threshold = 1e-08)
   N4BiasFieldCorrectionImageFilter (0x558743cbae20)
     RTTI typeinfo:   itk::N4BiasFieldCorrectionImageFilter<itk::Image<float, 3u>, itk::Image<float, 3u>, itk::Image<float, 3u> >
     Reference Count: 1
     Modified Time: 565
     Debug: Off
     Object Name: 
     Observers: 
       IterationEvent(Command)
     Inputs: 
       ConfidenceImage: (0)
       MaskImage: (0x558743ce5610)
       Primary: (0x558743ce0b30) *
     Indexed Inputs: 
       0: Primary (0x558743ce0b30)
       1: MaskImage (0x558743ce5610)
       2: ConfidenceImage (0)
     Required Input Names: Primary
     NumberOfRequiredInputs: 1
     Outputs: 
       Primary: (0x558743ccaef0)
     Indexed Outputs: 
       0: Primary (0x558743ccaef0)
     NumberOfRequiredOutputs: 1
     Number Of Work Units: 32
     ReleaseDataFlag: Off
     ReleaseDataBeforeUpdateFlag: Off
     AbortGenerateData: Off
     Progress: 0
     Multithreader: 
       RTTI typeinfo:   itk::PoolMultiThreader
       Reference Count: 1
       Modified Time: 144
       Debug: Off
       Object Name: 
       Observers: 
         none
       Number of Work Units: 32
       Number of Threads: 8
       Global Maximum Number Of Threads: 128
       Global Default Number Of Threads: 8
       Global Default Threader Type: itk::MultiThreaderBaseEnums::Threader::Pool
       SingleMethod: 0
       SingleData: 0
     DynamicMultiThreading: On
     CoordinateTolerance: 1e-06
     DirectionTolerance: 1e-06
     Use Mask Label: 0
     Mask label: 1
     Number of histogram bins: 200
     Wiener filter noise: 0.01
     Bias field FWHM: 0.15
     Maximum number of iterations: [50, 50, 40, 30]
     Convergence threshold: 1e-08
     Spline order: 3
     Number of fitting levels: [4, 4, 4]
     Number of control points: [4, 5, 5]
     CurrentConvergenceMeasurement: 0.000589546
     CurrentLevel: 4
     ElapsedIterations: 31
     LogBiasFieldControlPointLattice: 
       Image (0x558750ee4740)
         RTTI typeinfo:   itk::Image<itk::Vector<float, 1u>, 3u>
         Reference Count: 1
         Modified Time: 343560
         Debug: Off
         Object Name: 
         Observers: 
           none
         Source: (none)
         Source output name: (none)
         Release Data: Off
         Data Released: False
         Global Release Data: Off
         PipelineMTime: 0
         UpdateMTime: 0
         RealTimeStamp: 0 seconds 
         LargestPossibleRegion: 
           Dimension: 3
           Index: [0, 0, 0]
           Size: [11, 19, 19]
         BufferedRegion: 
           Dimension: 3
           Index: [0, 0, 0]
           Size: [11, 19, 19]
         RequestedRegion: 
           Dimension: 3
           Index: [0, 0, 0]
           Size: [11, 19, 19]
         Spacing: [24.75, 24.875, 24.875]
         Origin: [26.2705, 17.606, -29.1545]
         Direction: 
-0.998965 -0.0227992 -0.0393569
0.012314 -0.968549 0.248518
-0.0437851 0.247776 0.967827

         IndexToPointMatrix: 
-24.7244 -0.56713 -0.979003
0.304771 -24.0927 6.18189
-1.08368 6.16343 24.0747

         PointToIndexMatrix: 
-0.0403622 0.000497535 -0.0017691
-0.000916551 -0.0389366 0.00996085
-0.00158219 0.00999067 0.0389076

         Inverse Direction: 
-0.998965 0.012314 -0.0437851
-0.0227992 -0.968549 0.247776
-0.0393569 0.248518 0.967827

         PixelContainer: 
           ImportImageContainer (0x55874ffa1b20)
             RTTI typeinfo:   itk::ImportImageContainer<unsigned long, itk::Vector<float, 1u> >
             Reference Count: 1
             Modified Time: 343561
             Debug: Off
             Object Name: 
             Observers: 
               none
             Pointer: 0x55874de6f780
             Container manages memory: true
             Size: 3971
             Capacity: 3971
Elapsed time: 316.089
All_Command_lines_OK
Using single precision for computations.
=============================================================================
The composite transform comprises the following transforms (in order): 
  1. Center of mass alignment using fixed image: /home/mpib/nemecz/Projects/miniTRK/Results/01_MRI/GroupTempl/T1w/T_template0.nii.gz and moving image: /home/mpib/nemecz/Projects/miniTRK/Analysis/01_MRI/Preproc/GroupTempl/T1w/sub-940925_T1w.nii.gz (type = Euler3DTransform)
=============================================================================
  number of levels = 4
  number of levels = 4
  number of levels = 4
  fixed image: /home/mpib/nemecz/Projects/miniTRK/Results/01_MRI/GroupTempl/T1w/T_template0.nii.gz
  moving image: /home/mpib/nemecz/Projects/miniTRK/Results/01_MRI/GroupTempl/T1w/T_template0sub-940925_T1wRepaired.nii.gz
  fixed image: /home/mpib/nemecz/Projects/miniTRK/Results/01_MRI/GroupTempl/T1w/T_template0.nii.gz
  moving image: /home/mpib/nemecz/Projects/miniTRK/Results/01_MRI/GroupTempl/T1w/T_template0sub-940925_T1wRepaired.nii.gz
  fixed image: /home/mpib/nemecz/Projects/miniTRK/Results/01_MRI/GroupTempl/T1w/T_template0.nii.gz
  moving image: /home/mpib/nemecz/Projects/miniTRK/Results/01_MRI/GroupTempl/T1w/T_template0sub-940925_T1wRepaired.nii.gz
Dimension = 3
Number of stages = 3
Use Histogram Matching true
Winsorize image intensities true
Lower quantile = 0.01
Upper quantile = 0.99
Stage 1 State
   Image metric = Mattes
     Fixed image = Image (0x56419c8b6ad0)
  RTTI typeinfo:   itk::Image<float, 3u>
  Reference Count: 2
  Modified Time: 1721
  Debug: Off
  Object Name: 
  Observers: 
    none
  Source: (none)
  Source output name: (none)
  Release Data: Off
  Data Released: False
  Global Release Data: Off
  PipelineMTime: 0
  UpdateMTime: 1506
  RealTimeStamp: 0 seconds 
  LargestPossibleRegion: 
    Dimension: 3
    Index: [0, 0, 0]
    Size: [192, 256, 256]
  BufferedRegion: 
    Dimension: 3
    Index: [0, 0, 0]
    Size: [192, 256, 256]
  RequestedRegion: 
    Dimension: 3
    Index: [0, 0, 0]
    Size: [192, 256, 256]
  Spacing: [1, 1, 1]
  Origin: [95.0313, 100.538, -154.123]
  Direction: 
-0.999853 -0.014134 -0.00966312
0.014129 -0.9999 0.000586045
-0.00967044 0.000449429 0.999953

  IndexToPointMatrix: 
-0.999853 -0.014134 -0.00966312
0.014129 -0.9999 0.000586045
-0.00967044 0.000449429 0.999953

  PointToIndexMatrix: 
-0.999853 0.014129 -0.00967044
-0.014134 -0.9999 0.000449429
-0.00966312 0.000586045 0.999953

  Inverse Direction: 
-0.999853 0.014129 -0.00967044
-0.014134 -0.9999 0.000449429
-0.00966312 0.000586045 0.999953

  PixelContainer: 
    ImportImageContainer (0x56419c8bec80)
      RTTI typeinfo:   itk::ImportImageContainer<unsigned long, float>
      Reference Count: 1
      Modified Time: 1503
      Debug: Off
      Object Name: 
      Observers: 
        none
      Pointer: 0x7efe33c16010
      Container manages memory: true
      Size: 12582912
      Capacity: 12582912

     Moving image = Image (0x56419c8b7bc0)
  RTTI typeinfo:   itk::Image<float, 3u>
  Reference Count: 2
  Modified Time: 1722
  Debug: Off
  Object Name: 
  Observers: 
    none
  Source: (none)
  Source output name: (none)
  Release Data: Off
  Data Released: False
  Global Release Data: Off
  PipelineMTime: 0
  UpdateMTime: 1719
  RealTimeStamp: 0 seconds 
  LargestPossibleRegion: 
    Dimension: 3
    Index: [0, 0, 0]
    Size: [192, 256, 256]
  BufferedRegion: 
    Dimension: 3
    Index: [0, 0, 0]
    Size: [192, 256, 256]
  RequestedRegion: 
    Dimension: 3
    Index: [0, 0, 0]
    Size: [192, 256, 256]
  Spacing: [1, 1, 1]
  Origin: [101.939, 55.8649, -183.884]
  Direction: 
-0.998965 -0.0227992 -0.0393569
0.012314 -0.968549 0.248518
-0.0437851 0.247776 0.967827

  IndexToPointMatrix: 
-0.998965 -0.0227992 -0.0393569
0.012314 -0.968549 0.248518
-0.0437851 0.247776 0.967827

  PointToIndexMatrix: 
-0.998965 0.012314 -0.0437851
-0.0227992 -0.968549 0.247776
-0.0393569 0.248518 0.967827

  Inverse Direction: 
-0.998965 0.012314 -0.0437851
-0.0227992 -0.968549 0.247776
-0.0393569 0.248518 0.967827

  PixelContainer: 
    ImportImageContainer (0x56419c8c3100)
      RTTI typeinfo:   itk::ImportImageContainer<unsigned long, float>
      Reference Count: 1
      Modified Time: 1716
      Debug: Off
      Object Name: 
      Observers: 
        none
      Pointer: 0x7efe30c15010
      Container manages memory: true
      Size: 12582912
      Capacity: 12582912

     Weighting = 1
     Sampling strategy = regular
     Number of bins = 32
     Radius = 4
     Sampling percentage  = 0.25
   Transform = Rigid
     Gradient step = 0.1
     Update field sigma (voxel space) = 0
     Total field sigma (voxel space) = 0
     Update field time sigma = 0
     Total field time sigma  = 0
     Number of time indices = 0
     Number of time point samples = 0
Stage 2 State
   Image metric = Mattes
     Fixed image = Image (0x56419c8cf870)
  RTTI typeinfo:   itk::Image<float, 3u>
  Reference Count: 2
  Modified Time: 2149
  Debug: Off
  Object Name: 
  Observers: 
    none
  Source: (none)
  Source output name: (none)
  Release Data: Off
  Data Released: False
  Global Release Data: Off
  PipelineMTime: 0
  UpdateMTime: 1934
  RealTimeStamp: 0 seconds 
  LargestPossibleRegion: 
    Dimension: 3
    Index: [0, 0, 0]
    Size: [192, 256, 256]
  BufferedRegion: 
    Dimension: 3
    Index: [0, 0, 0]
    Size: [192, 256, 256]
  RequestedRegion: 
    Dimension: 3
    Index: [0, 0, 0]
    Size: [192, 256, 256]
  Spacing: [1, 1, 1]
  Origin: [95.0313, 100.538, -154.123]
  Direction: 
-0.999853 -0.014134 -0.00966312
0.014129 -0.9999 0.000586045
-0.00967044 0.000449429 0.999953

  IndexToPointMatrix: 
-0.999853 -0.014134 -0.00966312
0.014129 -0.9999 0.000586045
-0.00967044 0.000449429 0.999953

  PointToIndexMatrix: 
-0.999853 0.014129 -0.00967044
-0.014134 -0.9999 0.000449429
-0.00966312 0.000586045 0.999953

  Inverse Direction: 
-0.999853 0.014129 -0.00967044
-0.014134 -0.9999 0.000449429
-0.00966312 0.000586045 0.999953

  PixelContainer: 
    ImportImageContainer (0x56419c8ba6d0)
      RTTI typeinfo:   itk::ImportImageContainer<unsigned long, float>
      Reference Count: 1
      Modified Time: 1931
      Debug: Off
      Object Name: 
      Observers: 
        none
      Pointer: 0x7efe2dc14010
      Container manages memory: true
      Size: 12582912
      Capacity: 12582912

     Moving image = Image (0x56419c8cf4c0)
  RTTI typeinfo:   itk::Image<float, 3u>
  Reference Count: 2
  Modified Time: 2150
  Debug: Off
  Object Name: 
  Observers: 
    none
  Source: (none)
  Source output name: (none)
  Release Data: Off
  Data Released: False
  Global Release Data: Off
  PipelineMTime: 0
  UpdateMTime: 2147
  RealTimeStamp: 0 seconds 
  LargestPossibleRegion: 
    Dimension: 3
    Index: [0, 0, 0]
    Size: [192, 256, 256]
  BufferedRegion: 
    Dimension: 3
    Index: [0, 0, 0]
    Size: [192, 256, 256]
  RequestedRegion: 
    Dimension: 3
    Index: [0, 0, 0]
    Size: [192, 256, 256]
  Spacing: [1, 1, 1]
  Origin: [101.939, 55.8649, -183.884]
  Direction: 
-0.998965 -0.0227992 -0.0393569
0.012314 -0.968549 0.248518
-0.0437851 0.247776 0.967827

  IndexToPointMatrix: 
-0.998965 -0.0227992 -0.0393569
0.012314 -0.968549 0.248518
-0.0437851 0.247776 0.967827

  PointToIndexMatrix: 
-0.998965 0.012314 -0.0437851
-0.0227992 -0.968549 0.247776
-0.0393569 0.248518 0.967827

  Inverse Direction: 
-0.998965 0.012314 -0.0437851
-0.0227992 -0.968549 0.247776
-0.0393569 0.248518 0.967827

  PixelContainer: 
    ImportImageContainer (0x56419c8d08c0)
      RTTI typeinfo:   itk::ImportImageContainer<unsigned long, float>
      Reference Count: 1
      Modified Time: 2144
      Debug: Off
      Object Name: 
      Observers: 
        none
      Pointer: 0x7efe2ac13010
      Container manages memory: true
      Size: 12582912
      Capacity: 12582912

     Weighting = 1
     Sampling strategy = regular
     Number of bins = 32
     Radius = 4
     Sampling percentage  = 0.25
   Transform = Affine
     Gradient step = 0.1
     Update field sigma (voxel space) = 0
     Total field sigma (voxel space) = 0
     Update field time sigma = 0
     Total field time sigma  = 0
     Number of time indices = 0
     Number of time point samples = 0
Stage 3 State
   Image metric = CC
     Fixed image = Image (0x56419c8d6960)
  RTTI typeinfo:   itk::Image<float, 3u>
  Reference Count: 2
  Modified Time: 2577
  Debug: Off
  Object Name: 
  Observers: 
    none
  Source: (none)
  Source output name: (none)
  Release Data: Off
  Data Released: False
  Global Release Data: Off
  PipelineMTime: 0
  UpdateMTime: 2362
  RealTimeStamp: 0 seconds 
  LargestPossibleRegion: 
    Dimension: 3
    Index: [0, 0, 0]
    Size: [192, 256, 256]
  BufferedRegion: 
    Dimension: 3
    Index: [0, 0, 0]
    Size: [192, 256, 256]
  RequestedRegion: 
    Dimension: 3
    Index: [0, 0, 0]
    Size: [192, 256, 256]
  Spacing: [1, 1, 1]
  Origin: [95.0313, 100.538, -154.123]
  Direction: 
-0.999853 -0.014134 -0.00966312
0.014129 -0.9999 0.000586045
-0.00967044 0.000449429 0.999953

  IndexToPointMatrix: 
-0.999853 -0.014134 -0.00966312
0.014129 -0.9999 0.000586045
-0.00967044 0.000449429 0.999953

  PointToIndexMatrix: 
-0.999853 0.014129 -0.00967044
-0.014134 -0.9999 0.000449429
-0.00966312 0.000586045 0.999953

  Inverse Direction: 
-0.999853 0.014129 -0.00967044
-0.014134 -0.9999 0.000449429
-0.00966312 0.000586045 0.999953

  PixelContainer: 
    ImportImageContainer (0x56419c8b7660)
      RTTI typeinfo:   itk::ImportImageContainer<unsigned long, float>
      Reference Count: 1
      Modified Time: 2359
      Debug: Off
      Object Name: 
      Observers: 
        none
      Pointer: 0x7efe27c12010
      Container manages memory: true
      Size: 12582912
      Capacity: 12582912

     Moving image = Image (0x56419c8d8840)
  RTTI typeinfo:   itk::Image<float, 3u>
  Reference Count: 2
  Modified Time: 2578
  Debug: Off
  Object Name: 
  Observers: 
    none
  Source: (none)
  Source output name: (none)
  Release Data: Off
  Data Released: False
  Global Release Data: Off
  PipelineMTime: 0
  UpdateMTime: 2575
  RealTimeStamp: 0 seconds 
  LargestPossibleRegion: 
    Dimension: 3
    Index: [0, 0, 0]
    Size: [192, 256, 256]
  BufferedRegion: 
    Dimension: 3
    Index: [0, 0, 0]
    Size: [192, 256, 256]
  RequestedRegion: 
    Dimension: 3
    Index: [0, 0, 0]
    Size: [192, 256, 256]
  Spacing: [1, 1, 1]
  Origin: [101.939, 55.8649, -183.884]
  Direction: 
-0.998965 -0.0227992 -0.0393569
0.012314 -0.968549 0.248518
-0.0437851 0.247776 0.967827

  IndexToPointMatrix: 
-0.998965 -0.0227992 -0.0393569
0.012314 -0.968549 0.248518
-0.0437851 0.247776 0.967827

  PointToIndexMatrix: 
-0.998965 0.012314 -0.0437851
-0.0227992 -0.968549 0.247776
-0.0393569 0.248518 0.967827

  Inverse Direction: 
-0.998965 0.012314 -0.0437851
-0.0227992 -0.968549 0.247776
-0.0393569 0.248518 0.967827

  PixelContainer: 
    ImportImageContainer (0x56419c8d5660)
      RTTI typeinfo:   itk::ImportImageContainer<unsigned long, float>
      Reference Count: 1
      Modified Time: 2572
      Debug: Off
      Object Name: 
      Observers: 
        none
      Pointer: 0x7efe24c11010
      Container manages memory: true
      Size: 12582912
      Capacity: 12582912

     Weighting = 1
     Sampling strategy = none
     Number of bins = 32
     Radius = 4
     Sampling percentage  = 1
   Transform = SyN
     Gradient step = 0.1
     Update field sigma (voxel space) = 3
     Total field sigma (voxel space) = 0
     Update field time sigma = 0
     Total field time sigma  = 0
     Number of time indices = 0
     Number of time point samples = 0
Registration using 3 total stages.

Stage 0
  iterations = 1000x500x250x0
  convergence threshold = 1e-06
  convergence window size = 10
  number of levels = 4
  using the Mattes MI metric (number of bins = 32, weight = 1)
  preprocessing:  winsorizing the image intensities
  preprocessing:  histogram matching the images
  Shrink factors (level 1 out of 4): [6, 6, 6]
  Shrink factors (level 2 out of 4): [4, 4, 4]
  Shrink factors (level 3 out of 4): [2, 2, 2]
  Shrink factors (level 4 out of 4): [1, 1, 1]
  smoothing sigmas per level: [4, 2, 1, 0]
  regular sampling (percentage = 0.25)

*** Running Euler3DTransform registration ***

DIAGNOSTIC,Iteration,metricValue,convergenceValue,ITERATION_TIME_INDEX,SINCE_LAST
 2DIAGNOSTIC,     1, -8.562328219414e-01, inf, 8.1581e-01, 8.1581e-01, 
 2DIAGNOSTIC,     2, -8.602364659309e-01, inf, 8.2418e-01, 8.3680e-03, 
 2DIAGNOSTIC,     3, -8.667260408401e-01, inf, 8.3261e-01, 8.4331e-03, 
 2DIAGNOSTIC,     4, -8.772621750832e-01, inf, 8.4083e-01, 8.2171e-03, 
 2DIAGNOSTIC,     5, -8.930097222328e-01, inf, 8.4910e-01, 8.2700e-03, 
 2DIAGNOSTIC,     6, -9.131183624268e-01, inf, 8.5727e-01, 8.1689e-03, 
 2DIAGNOSTIC,     7, -9.293975234032e-01, inf, 8.6549e-01, 8.2202e-03, 
 2DIAGNOSTIC,     8, -9.361467957497e-01, inf, 8.7466e-01, 9.1681e-03, 
 2DIAGNOSTIC,     9, -9.420139789581e-01, inf, 8.8429e-01, 9.6321e-03, 
 2DIAGNOSTIC,    10, -9.583274722099e-01, 7.867584004998e-03, 8.9911e-01, 1.4826e-02, 
 2DIAGNOSTIC,    11, -9.589338302612e-01, 7.029267959297e-03, 9.0747e-01, 8.3599e-03, 
 2DIAGNOSTIC,    12, -9.632148146629e-01, 5.925906822085e-03, 9.1557e-01, 8.0991e-03, 
 2DIAGNOSTIC,    13, -9.657437801361e-01, 4.686460364610e-03, 9.2331e-01, 7.7322e-03, 
 2DIAGNOSTIC,    14, -9.668555259705e-01, 3.462479449809e-03, 9.3110e-01, 7.7929e-03, 
 2DIAGNOSTIC,    15, -9.673869013786e-01, 2.418084768578e-03, 9.4094e-01, 9.8369e-03, 
 2DIAGNOSTIC,    16, -9.679412245750e-01, 1.678797882050e-03, 9.4858e-01, 7.6442e-03, 
 2DIAGNOSTIC,    17, -9.683910608292e-01, 1.178482081741e-03, 9.5735e-01, 8.7750e-03, 
 2DIAGNOSTIC,    18, -9.687288403511e-01, 7.473459700122e-04, 9.6536e-01, 8.0061e-03, 
 2DIAGNOSTIC,    19, -9.692678451538e-01, 3.904046898242e-04, 9.7417e-01, 8.8120e-03, 
 2DIAGNOSTIC,    20, -9.699941873550e-01, 2.942689461634e-04, 9.8599e-01, 1.1816e-02, 
 2DIAGNOSTIC,    21, -9.700291156769e-01, 1.882834621938e-04, 9.9465e-01, 8.6610e-03, 
 2DIAGNOSTIC,    22, -9.700571894646e-01, 1.335754932370e-04, 1.0037e+00, 9.0840e-03, 
 2DIAGNOSTIC,    23, -9.699566960335e-01, 1.031911233440e-04, 1.0116e+00, 7.8280e-03, 
 2DIAGNOSTIC,    24, -9.700015187263e-01, 8.031633478822e-05, 1.0196e+00, 8.0159e-03, 
 2DIAGNOSTIC,    25, -9.700280427933e-01, 5.839641380589e-05, 1.0272e+00, 7.5879e-03, 
 2DIAGNOSTIC,    26, -9.700180888176e-01, 3.909628867405e-05, 1.0347e+00, 7.5579e-03, 
 2DIAGNOSTIC,    27, -9.700691103935e-01, 2.339843922528e-05, 1.0425e+00, 7.7310e-03, 
 2DIAGNOSTIC,    28, -9.701268076897e-01, 1.094594608730e-05, 1.0503e+00, 7.8630e-03, 
 2DIAGNOSTIC,    29, -9.702159762383e-01, 4.736218670587e-06, 1.0623e+00, 1.2011e-02, 
 2DIAGNOSTIC,    30, -9.701254963875e-01, 4.934018306813e-06, 1.0702e+00, 7.9048e-03, 
 2DIAGNOSTIC,    31, -9.701278209686e-01, 5.146230250830e-06, 1.0795e+00, 9.2959e-03, 
 2DIAGNOSTIC,    32, -9.701313376427e-01, 5.282156962494e-06, 1.0877e+00, 8.1880e-03, 
 2DIAGNOSTIC,    33, -9.701336026192e-01, 4.075841843587e-06, 1.0967e+00, 8.9779e-03, 
 2DIAGNOSTIC,    34, -9.701353311539e-01, 3.046269966944e-06, 1.1056e+00, 8.8699e-03, 
 2DIAGNOSTIC,    35, -9.701365828514e-01, 2.141844106518e-06, 1.1145e+00, 8.9090e-03, 
 2DIAGNOSTIC,    36, -9.701372385025e-01, 1.104393959395e-06, 1.1236e+00, 9.0868e-03, 
DIAGNOSTIC,Iteration,metricValue,convergenceValue,ITERATION_TIME_INDEX,SINCE_LAST
 2DIAGNOSTIC,     1, -7.807927727699e-01, inf, 1.9358e+00, 8.1220e-01, 
 2DIAGNOSTIC,     2, -7.836483716965e-01, inf, 1.9702e+00, 3.4445e-02, 
 2DIAGNOSTIC,     3, -7.872279882431e-01, inf, 2.0021e+00, 3.1857e-02, 
 2DIAGNOSTIC,     4, -7.907449007034e-01, inf, 2.0340e+00, 3.1891e-02, 
 2DIAGNOSTIC,     5, -7.921087741852e-01, inf, 2.0653e+00, 3.1339e-02, 
 2DIAGNOSTIC,     6, -7.924358844757e-01, inf, 2.0973e+00, 3.1964e-02, 
 2DIAGNOSTIC,     7, -7.928162217140e-01, inf, 2.1287e+00, 3.1493e-02, 
 2DIAGNOSTIC,     8, -7.940832376480e-01, inf, 2.1691e+00, 4.0306e-02, 
 2DIAGNOSTIC,     9, -7.945000529289e-01, inf, 2.2000e+00, 3.0990e-02, 
 2DIAGNOSTIC,    10, -7.949380874634e-01, 1.062584226020e-03, 2.2501e+00, 5.0009e-02, 
 2DIAGNOSTIC,    11, -7.950715422630e-01, 7.145273848437e-04, 2.2812e+00, 3.1179e-02, 
 2DIAGNOSTIC,    12, -7.956449389458e-01, 4.623564309441e-04, 2.3166e+00, 3.5413e-02, 
 2DIAGNOSTIC,    13, -7.958374023438e-01, 3.088093362749e-04, 2.3521e+00, 3.5421e-02, 
 2DIAGNOSTIC,    14, -7.958826422691e-01, 2.398223150522e-04, 2.3887e+00, 3.6588e-02, 
 2DIAGNOSTIC,    15, -7.958849072456e-01, 1.914785534609e-04, 2.4252e+00, 3.6585e-02, 
 2DIAGNOSTIC,    16, -7.959077358246e-01, 1.398868771503e-04, 2.4571e+00, 3.1872e-02, 
 2DIAGNOSTIC,    17, -7.959298491478e-01, 8.945137960836e-05, 2.4891e+00, 3.2024e-02, 
 2DIAGNOSTIC,    18, -7.959602475166e-01, 6.218841735972e-05, 2.5250e+00, 3.5887e-02, 
 2DIAGNOSTIC,    19, -7.960258126259e-01, 4.124623956159e-05, 2.5730e+00, 4.7982e-02, 
 2DIAGNOSTIC,    20, -7.960554957390e-01, 2.719652184169e-05, 2.6038e+00, 3.0758e-02, 
 2DIAGNOSTIC,    21, -7.960729598999e-01, 1.445109592169e-05, 2.6396e+00, 3.5840e-02, 
 2DIAGNOSTIC,    22, -7.960906624794e-01, 1.121180775954e-05, 2.6703e+00, 3.0685e-02, 
 2DIAGNOSTIC,    23, -7.961149215698e-01, 1.069290010491e-05, 2.7068e+00, 3.6478e-02, 
 2DIAGNOSTIC,    24, -7.961273789406e-01, 1.019191040541e-05, 2.7428e+00, 3.6020e-02, 
 2DIAGNOSTIC,    25, -7.961269021034e-01, 8.917767445382e-06, 2.7877e+00, 4.4916e-02, 
 2DIAGNOSTIC,    26, -7.961251139641e-01, 7.325287697313e-06, 2.8281e+00, 4.0420e-02, 
 2DIAGNOSTIC,    27, -7.960873842239e-01, 5.072321528132e-06, 2.8641e+00, 3.5999e-02, 
 2DIAGNOSTIC,    28, -7.961151003838e-01, 3.347640586071e-06, 2.9079e+00, 4.3820e-02, 
 2DIAGNOSTIC,    29, -7.961303591728e-01, 2.507453473299e-06, 2.9448e+00, 3.6871e-02, 
 2DIAGNOSTIC,    30, -7.961252927780e-01, 1.876370561149e-06, 2.9812e+00, 3.6388e-02, 
 2DIAGNOSTIC,    31, -7.961263656616e-01, 1.434001774214e-06, 3.0212e+00, 4.0010e-02, 
 2DIAGNOSTIC,    32, -7.961274981499e-01, 1.193161779156e-06, 3.0583e+00, 3.7104e-02, 
 2DIAGNOSTIC,    33, -7.961269617081e-01, 1.196012590299e-06, 3.1001e+00, 4.1789e-02, 
 2DIAGNOSTIC,    34, -7.961271405220e-01, 1.300180770158e-06, 3.1373e+00, 3.7211e-02, 
 2DIAGNOSTIC,    35, -7.961275577545e-01, 1.364144281979e-06, 3.1692e+00, 3.1934e-02, 
 2DIAGNOSTIC,    36, -7.961280941963e-01, 1.385334485349e-06, 3.2115e+00, 4.2244e-02, 
DIAGNOSTIC,Iteration,metricValue,convergenceValue,ITERATION_TIME_INDEX,SINCE_LAST
 2DIAGNOSTIC,     1, -7.033909559250e-01, inf, 4.3296e+00, 1.1181e+00, 
 2DIAGNOSTIC,     2, -7.043535113335e-01, inf, 4.5562e+00, 2.2657e-01, 
 2DIAGNOSTIC,     3, -7.051374912262e-01, inf, 4.7719e+00, 2.1570e-01, 
 2DIAGNOSTIC,     4, -7.055498957634e-01, inf, 4.9862e+00, 2.1438e-01, 
 2DIAGNOSTIC,     5, -7.058109641075e-01, inf, 5.1978e+00, 2.1156e-01, 
 2DIAGNOSTIC,     6, -7.061826586723e-01, inf, 5.4157e+00, 2.1788e-01, 
 2DIAGNOSTIC,     7, -7.066594362259e-01, inf, 5.6593e+00, 2.4359e-01, 
 2DIAGNOSTIC,     8, -7.070748806000e-01, inf, 5.9716e+00, 3.1237e-01, 
 2DIAGNOSTIC,     9, -7.072592973709e-01, inf, 6.1880e+00, 2.1633e-01, 
 2DIAGNOSTIC,    10, -7.074163556099e-01, 3.455608093645e-04, 6.4013e+00, 2.1334e-01, 
 2DIAGNOSTIC,    11, -7.076776027679e-01, 2.657837176230e-04, 6.6155e+00, 2.1417e-01, 
 2DIAGNOSTIC,    12, -7.080622911453e-01, 2.200380404247e-04, 6.8287e+00, 2.1318e-01, 
 2DIAGNOSTIC,    13, -7.085312008858e-01, 1.999519445235e-04, 7.2186e+00, 3.8998e-01, 
 2DIAGNOSTIC,    14, -7.086481451988e-01, 1.798719167709e-04, 7.4385e+00, 2.1985e-01, 
 2DIAGNOSTIC,    15, -7.087192535400e-01, 1.553353504278e-04, 7.6515e+00, 2.1298e-01, 
 2DIAGNOSTIC,    16, -7.088072299957e-01, 1.312500826316e-04, 7.8645e+00, 2.1302e-01, 
 2DIAGNOSTIC,    17, -7.089288234711e-01, 1.118763975683e-04, 8.1503e+00, 2.8580e-01, 
 2DIAGNOSTIC,    18, -7.090094089508e-01, 9.534934361000e-05, 8.4279e+00, 2.7765e-01, 
 2DIAGNOSTIC,    19, -7.090499401093e-01, 7.668611215195e-05, 8.6443e+00, 2.1637e-01, 
 2DIAGNOSTIC,    20, -7.091046571732e-01, 5.727232201025e-05, 8.8594e+00, 2.1513e-01, 
 2DIAGNOSTIC,    21, -7.091705799103e-01, 4.068122507306e-05, 9.1027e+00, 2.4329e-01, 
 2DIAGNOSTIC,    22, -7.091856598854e-01, 2.898808452301e-05, 9.3752e+00, 2.7251e-01, 
 2DIAGNOSTIC,    23, -7.092507481575e-01, 2.503306677681e-05, 9.7101e+00, 3.3491e-01, 
 2DIAGNOSTIC,    24, -7.092542052269e-01, 2.119372038578e-05, 9.9319e+00, 2.2178e-01, 
 2DIAGNOSTIC,    25, -7.092938423157e-01, 1.757385325618e-05, 1.0177e+01, 2.4515e-01, 
 2DIAGNOSTIC,    26, -7.093082666397e-01, 1.423152389179e-05, 1.0425e+01, 2.4810e-01, 
 2DIAGNOSTIC,    27, -7.093127965927e-01, 1.176498699351e-05, 1.0646e+01, 2.2035e-01, 
 2DIAGNOSTIC,    28, -7.093191742897e-01, 9.725154086482e-06, 1.0859e+01, 2.1392e-01, 
