
Running N4 for 3-dimensional images.

Mask not read.  Using the entire image as the mask.

Original intensity range:  [0, 859]

***********************************************************
Warning:  Your input image contains nonpositive values
which could cause failure or problematic results.  A
possible workaround would be to:
   1. rescale your image to positive values e.g., [10,100].
   2. run N4 on your rescaled image.
   3. (optional) rescale the N4 output to the original
      intensity range.
***********************************************************

Specified spline distance: 200mm
  original image size:  [192, 256, 256]
  padded image size:  [201, 401, 401]
  number of control points:  [4, 5, 5]

Current level = 1
  Iteration 1 (of 50).   Current convergence value = 0.00042656 (threshold = 1e-08)
  Iteration 2 (of 50).   Current convergence value = 0.000278209 (threshold = 1e-08)
  Iteration 3 (of 50).   Current convergence value = 0.000186564 (threshold = 1e-08)
  Iteration 4 (of 50).   Current convergence value = 0.000135018 (threshold = 1e-08)
  Iteration 5 (of 50).   Current convergence value = 0.000110682 (threshold = 1e-08)
  Iteration 6 (of 50).   Current convergence value = 0.000102015 (threshold = 1e-08)
  Iteration 7 (of 50).   Current convergence value = 0.000100619 (threshold = 1e-08)
  Iteration 8 (of 50).   Current convergence value = 0.000101635 (threshold = 1e-08)
  Iteration 9 (of 50).   Current convergence value = 0.000103119 (threshold = 1e-08)
  Iteration 10 (of 50).   Current convergence value = 0.000104542 (threshold = 1e-08)
  Iteration 11 (of 50).   Current convergence value = 0.000105396 (threshold = 1e-08)
  Iteration 12 (of 50).   Current convergence value = 0.000105986 (threshold = 1e-08)
  Iteration 13 (of 50).   Current convergence value = 0.000106101 (threshold = 1e-08)
  Iteration 14 (of 50).   Current convergence value = 0.000105985 (threshold = 1e-08)
  Iteration 15 (of 50).   Current convergence value = 0.000105794 (threshold = 1e-08)
  Iteration 16 (of 50).   Current convergence value = 0.000105438 (threshold = 1e-08)
  Iteration 17 (of 50).   Current convergence value = 0.000104943 (threshold = 1e-08)
  Iteration 18 (of 50).   Current convergence value = 0.000104354 (threshold = 1e-08)
  Iteration 19 (of 50).   Current convergence value = 0.000103696 (threshold = 1e-08)
  Iteration 20 (of 50).   Current convergence value = 0.000103119 (threshold = 1e-08)
  Iteration 21 (of 50).   Current convergence value = 0.000102564 (threshold = 1e-08)
  Iteration 22 (of 50).   Current convergence value = 0.000101789 (threshold = 1e-08)
  Iteration 23 (of 50).   Current convergence value = 0.000101006 (threshold = 1e-08)
  Iteration 24 (of 50).   Current convergence value = 0.000100177 (threshold = 1e-08)
  Iteration 25 (of 50).   Current convergence value = 9.96308e-05 (threshold = 1e-08)
  Iteration 26 (of 50).   Current convergence value = 9.90454e-05 (threshold = 1e-08)
  Iteration 27 (of 50).   Current convergence value = 9.84219e-05 (threshold = 1e-08)
  Iteration 28 (of 50).   Current convergence value = 9.78068e-05 (threshold = 1e-08)
  Iteration 29 (of 50).   Current convergence value = 9.71903e-05 (threshold = 1e-08)
  Iteration 30 (of 50).   Current convergence value = 9.66634e-05 (threshold = 1e-08)
  Iteration 31 (of 50).   Current convergence value = 9.61993e-05 (threshold = 1e-08)
  Iteration 32 (of 50).   Current convergence value = 9.56132e-05 (threshold = 1e-08)
  Iteration 33 (of 50).   Current convergence value = 9.51048e-05 (threshold = 1e-08)
  Iteration 34 (of 50).   Current convergence value = 9.46498e-05 (threshold = 1e-08)
  Iteration 35 (of 50).   Current convergence value = 9.40395e-05 (threshold = 1e-08)
  Iteration 36 (of 50).   Current convergence value = 9.35947e-05 (threshold = 1e-08)
  Iteration 37 (of 50).   Current convergence value = 9.31169e-05 (threshold = 1e-08)
  Iteration 38 (of 50).   Current convergence value = 9.25504e-05 (threshold = 1e-08)
  Iteration 39 (of 50).   Current convergence value = 9.20516e-05 (threshold = 1e-08)
  Iteration 40 (of 50).   Current convergence value = 9.1579e-05 (threshold = 1e-08)
  Iteration 41 (of 50).   Current convergence value = 9.10705e-05 (threshold = 1e-08)
  Iteration 42 (of 50).   Current convergence value = 9.07302e-05 (threshold = 1e-08)
  Iteration 43 (of 50).   Current convergence value = 9.02463e-05 (threshold = 1e-08)
  Iteration 44 (of 50).   Current convergence value = 8.9796e-05 (threshold = 1e-08)
  Iteration 45 (of 50).   Current convergence value = 8.94175e-05 (threshold = 1e-08)
  Iteration 46 (of 50).   Current convergence value = 8.89724e-05 (threshold = 1e-08)
  Iteration 47 (of 50).   Current convergence value = 8.86066e-05 (threshold = 1e-08)
  Iteration 48 (of 50).   Current convergence value = 8.82249e-05 (threshold = 1e-08)
  Iteration 49 (of 50).   Current convergence value = 8.76896e-05 (threshold = 1e-08)
  Iteration 50 (of 50).   Current convergence value = 8.72445e-05 (threshold = 1e-08)
Current level = 2
  Iteration 1 (of 50).   Current convergence value = 0.000575512 (threshold = 1e-08)
  Iteration 2 (of 50).   Current convergence value = 0.000474269 (threshold = 1e-08)
  Iteration 3 (of 50).   Current convergence value = 0.000402928 (threshold = 1e-08)
  Iteration 4 (of 50).   Current convergence value = 0.000346598 (threshold = 1e-08)
  Iteration 5 (of 50).   Current convergence value = 0.000300148 (threshold = 1e-08)
  Iteration 6 (of 50).   Current convergence value = 0.000262085 (threshold = 1e-08)
  Iteration 7 (of 50).   Current convergence value = 0.000230929 (threshold = 1e-08)
  Iteration 8 (of 50).   Current convergence value = 0.000209911 (threshold = 1e-08)
  Iteration 9 (of 50).   Current convergence value = 0.00018894 (threshold = 1e-08)
  Iteration 10 (of 50).   Current convergence value = 0.000170078 (threshold = 1e-08)
  Iteration 11 (of 50).   Current convergence value = 0.000154174 (threshold = 1e-08)
  Iteration 12 (of 50).   Current convergence value = 0.000140218 (threshold = 1e-08)
  Iteration 13 (of 50).   Current convergence value = 0.000128421 (threshold = 1e-08)
  Iteration 14 (of 50).   Current convergence value = 0.000118351 (threshold = 1e-08)
  Iteration 15 (of 50).   Current convergence value = 0.000111954 (threshold = 1e-08)
  Iteration 16 (of 50).   Current convergence value = 0.000107365 (threshold = 1e-08)
  Iteration 17 (of 50).   Current convergence value = 0.000103543 (threshold = 1e-08)
  Iteration 18 (of 50).   Current convergence value = 0.000100773 (threshold = 1e-08)
  Iteration 19 (of 50).   Current convergence value = 9.84046e-05 (threshold = 1e-08)
  Iteration 20 (of 50).   Current convergence value = 9.65114e-05 (threshold = 1e-08)
  Iteration 21 (of 50).   Current convergence value = 9.49435e-05 (threshold = 1e-08)
  Iteration 22 (of 50).   Current convergence value = 9.36013e-05 (threshold = 1e-08)
  Iteration 23 (of 50).   Current convergence value = 9.2323e-05 (threshold = 1e-08)
  Iteration 24 (of 50).   Current convergence value = 9.10997e-05 (threshold = 1e-08)
  Iteration 25 (of 50).   Current convergence value = 9.00362e-05 (threshold = 1e-08)
  Iteration 26 (of 50).   Current convergence value = 8.90782e-05 (threshold = 1e-08)
  Iteration 27 (of 50).   Current convergence value = 8.79621e-05 (threshold = 1e-08)
  Iteration 28 (of 50).   Current convergence value = 8.69593e-05 (threshold = 1e-08)
  Iteration 29 (of 50).   Current convergence value = 8.59742e-05 (threshold = 1e-08)
  Iteration 30 (of 50).   Current convergence value = 8.51898e-05 (threshold = 1e-08)
  Iteration 31 (of 50).   Current convergence value = 8.42051e-05 (threshold = 1e-08)
  Iteration 32 (of 50).   Current convergence value = 8.32659e-05 (threshold = 1e-08)
  Iteration 33 (of 50).   Current convergence value = 8.23557e-05 (threshold = 1e-08)
  Iteration 34 (of 50).   Current convergence value = 8.15514e-05 (threshold = 1e-08)
  Iteration 35 (of 50).   Current convergence value = 8.07647e-05 (threshold = 1e-08)
  Iteration 36 (of 50).   Current convergence value = 8.00338e-05 (threshold = 1e-08)
  Iteration 37 (of 50).   Current convergence value = 7.9159e-05 (threshold = 1e-08)
  Iteration 38 (of 50).   Current convergence value = 7.84191e-05 (threshold = 1e-08)
  Iteration 39 (of 50).   Current convergence value = 7.76666e-05 (threshold = 1e-08)
  Iteration 40 (of 50).   Current convergence value = 7.69515e-05 (threshold = 1e-08)
  Iteration 41 (of 50).   Current convergence value = 7.6041e-05 (threshold = 1e-08)
  Iteration 42 (of 50).   Current convergence value = 7.53192e-05 (threshold = 1e-08)
  Iteration 43 (of 50).   Current convergence value = 7.46419e-05 (threshold = 1e-08)
  Iteration 44 (of 50).   Current convergence value = 7.37851e-05 (threshold = 1e-08)
  Iteration 45 (of 50).   Current convergence value = 7.28813e-05 (threshold = 1e-08)
  Iteration 46 (of 50).   Current convergence value = 7.23411e-05 (threshold = 1e-08)
  Iteration 47 (of 50).   Current convergence value = 7.16379e-05 (threshold = 1e-08)
  Iteration 48 (of 50).   Current convergence value = 7.08301e-05 (threshold = 1e-08)
  Iteration 49 (of 50).   Current convergence value = 7.01614e-05 (threshold = 1e-08)
  Iteration 50 (of 50).   Current convergence value = 6.93967e-05 (threshold = 1e-08)
Current level = 3
  Iteration 1 (of 40).   Current convergence value = 0.00165292 (threshold = 1e-08)
  Iteration 2 (of 40).   Current convergence value = 0.00118117 (threshold = 1e-08)
  Iteration 3 (of 40).   Current convergence value = 0.0009362 (threshold = 1e-08)
  Iteration 4 (of 40).   Current convergence value = 0.00078156 (threshold = 1e-08)
  Iteration 5 (of 40).   Current convergence value = 0.000679765 (threshold = 1e-08)
  Iteration 6 (of 40).   Current convergence value = 0.000604411 (threshold = 1e-08)
  Iteration 7 (of 40).   Current convergence value = 0.000548099 (threshold = 1e-08)
  Iteration 8 (of 40).   Current convergence value = 0.000505725 (threshold = 1e-08)
  Iteration 9 (of 40).   Current convergence value = 0.000471304 (threshold = 1e-08)
  Iteration 10 (of 40).   Current convergence value = 0.000443492 (threshold = 1e-08)
  Iteration 11 (of 40).   Current convergence value = 0.000420519 (threshold = 1e-08)
  Iteration 12 (of 40).   Current convergence value = 0.000401444 (threshold = 1e-08)
  Iteration 13 (of 40).   Current convergence value = 0.000384947 (threshold = 1e-08)
  Iteration 14 (of 40).   Current convergence value = 0.000370993 (threshold = 1e-08)
  Iteration 15 (of 40).   Current convergence value = 0.000358713 (threshold = 1e-08)
  Iteration 16 (of 40).   Current convergence value = 0.000347843 (threshold = 1e-08)
  Iteration 17 (of 40).   Current convergence value = 0.00033819 (threshold = 1e-08)
  Iteration 18 (of 40).   Current convergence value = 0.000329518 (threshold = 1e-08)
  Iteration 19 (of 40).   Current convergence value = 0.000321598 (threshold = 1e-08)
  Iteration 20 (of 40).   Current convergence value = 0.000314194 (threshold = 1e-08)
  Iteration 21 (of 40).   Current convergence value = 0.000308444 (threshold = 1e-08)
  Iteration 22 (of 40).   Current convergence value = 0.00030313 (threshold = 1e-08)
  Iteration 23 (of 40).   Current convergence value = 0.000298217 (threshold = 1e-08)
  Iteration 24 (of 40).   Current convergence value = 0.000293845 (threshold = 1e-08)
  Iteration 25 (of 40).   Current convergence value = 0.000289594 (threshold = 1e-08)
  Iteration 26 (of 40).   Current convergence value = 0.000285715 (threshold = 1e-08)
  Iteration 27 (of 40).   Current convergence value = 0.000282037 (threshold = 1e-08)
  Iteration 28 (of 40).   Current convergence value = 0.000278465 (threshold = 1e-08)
  Iteration 29 (of 40).   Current convergence value = 0.000275093 (threshold = 1e-08)
  Iteration 30 (of 40).   Current convergence value = 0.00027152 (threshold = 1e-08)
  Iteration 31 (of 40).   Current convergence value = 0.000268442 (threshold = 1e-08)
  Iteration 32 (of 40).   Current convergence value = 0.000265464 (threshold = 1e-08)
  Iteration 33 (of 40).   Current convergence value = 0.000262773 (threshold = 1e-08)
  Iteration 34 (of 40).   Current convergence value = 0.000260242 (threshold = 1e-08)
  Iteration 35 (of 40).   Current convergence value = 0.000257665 (threshold = 1e-08)
  Iteration 36 (of 40).   Current convergence value = 0.000255251 (threshold = 1e-08)
  Iteration 37 (of 40).   Current convergence value = 0.000252958 (threshold = 1e-08)
  Iteration 38 (of 40).   Current convergence value = 0.000250631 (threshold = 1e-08)
  Iteration 39 (of 40).   Current convergence value = 0.000248376 (threshold = 1e-08)
  Iteration 40 (of 40).   Current convergence value = 0.000246292 (threshold = 1e-08)
Current level = 4
  Iteration 1 (of 30).   Current convergence value = 0.00178105 (threshold = 1e-08)
  Iteration 2 (of 30).   Current convergence value = 0.00158134 (threshold = 1e-08)
  Iteration 3 (of 30).   Current convergence value = 0.00148391 (threshold = 1e-08)
  Iteration 4 (of 30).   Current convergence value = 0.00140429 (threshold = 1e-08)
  Iteration 5 (of 30).   Current convergence value = 0.00132502 (threshold = 1e-08)
  Iteration 6 (of 30).   Current convergence value = 0.00128325 (threshold = 1e-08)
  Iteration 7 (of 30).   Current convergence value = 0.00125245 (threshold = 1e-08)
  Iteration 8 (of 30).   Current convergence value = 0.00122466 (threshold = 1e-08)
  Iteration 9 (of 30).   Current convergence value = 0.00119804 (threshold = 1e-08)
  Iteration 10 (of 30).   Current convergence value = 0.00117203 (threshold = 1e-08)
  Iteration 11 (of 30).   Current convergence value = 0.00114586 (threshold = 1e-08)
  Iteration 12 (of 30).   Current convergence value = 0.00111465 (threshold = 1e-08)
  Iteration 13 (of 30).   Current convergence value = 0.00108915 (threshold = 1e-08)
  Iteration 14 (of 30).   Current convergence value = 0.00106916 (threshold = 1e-08)
  Iteration 15 (of 30).   Current convergence value = 0.00105308 (threshold = 1e-08)
  Iteration 16 (of 30).   Current convergence value = 0.00104344 (threshold = 1e-08)
  Iteration 17 (of 30).   Current convergence value = 0.00106341 (threshold = 1e-08)
  Iteration 18 (of 30).   Current convergence value = 0.00109128 (threshold = 1e-08)
  Iteration 19 (of 30).   Current convergence value = 0.00111627 (threshold = 1e-08)
  Iteration 20 (of 30).   Current convergence value = 0.00114043 (threshold = 1e-08)
  Iteration 21 (of 30).   Current convergence value = 0.00116806 (threshold = 1e-08)
  Iteration 22 (of 30).   Current convergence value = 0.00119806 (threshold = 1e-08)
  Iteration 23 (of 30).   Current convergence value = 0.00122781 (threshold = 1e-08)
  Iteration 24 (of 30).   Current convergence value = 0.00120782 (threshold = 1e-08)
  Iteration 25 (of 30).   Current convergence value = 0.00118828 (threshold = 1e-08)
  Iteration 26 (of 30).   Current convergence value = 0.00117199 (threshold = 1e-08)
  Iteration 27 (of 30).   Current convergence value = 0.00115123 (threshold = 1e-08)
  Iteration 28 (of 30).   Current convergence value = 0.00113977 (threshold = 1e-08)
  Iteration 29 (of 30).   Current convergence value = 0.00112928 (threshold = 1e-08)
  Iteration 30 (of 30).   Current convergence value = 0.00111788 (threshold = 1e-08)
   N4BiasFieldCorrectionImageFilter (0x561cd4162e20)
     RTTI typeinfo:   itk::N4BiasFieldCorrectionImageFilter<itk::Image<float, 3u>, itk::Image<float, 3u>, itk::Image<float, 3u> >
     Reference Count: 1
     Modified Time: 565
     Debug: Off
     Object Name: 
     Observers: 
       IterationEvent(Command)
     Inputs: 
       ConfidenceImage: (0)
       MaskImage: (0x561cd418d5d0)
       Primary: (0x561cd4188a50) *
     Indexed Inputs: 
       0: Primary (0x561cd4188a50)
       1: MaskImage (0x561cd418d5d0)
       2: ConfidenceImage (0)
     Required Input Names: Primary
     NumberOfRequiredInputs: 1
     Outputs: 
       Primary: (0x561cd4172ef0)
     Indexed Outputs: 
       0: Primary (0x561cd4172ef0)
     NumberOfRequiredOutputs: 1
     Number Of Work Units: 32
     ReleaseDataFlag: Off
     ReleaseDataBeforeUpdateFlag: Off
     AbortGenerateData: Off
     Progress: 0
     Multithreader: 
       RTTI typeinfo:   itk::PoolMultiThreader
       Reference Count: 1
       Modified Time: 144
       Debug: Off
       Object Name: 
       Observers: 
         none
       Number of Work Units: 32
       Number of Threads: 8
       Global Maximum Number Of Threads: 128
       Global Default Number Of Threads: 8
       Global Default Threader Type: itk::MultiThreaderBaseEnums::Threader::Pool
       SingleMethod: 0
       SingleData: 0
     DynamicMultiThreading: On
     CoordinateTolerance: 1e-06
     DirectionTolerance: 1e-06
     Use Mask Label: 0
     Mask label: 1
     Number of histogram bins: 200
     Wiener filter noise: 0.01
     Bias field FWHM: 0.15
     Maximum number of iterations: [50, 50, 40, 30]
     Convergence threshold: 1e-08
     Spline order: 3
     Number of fitting levels: [4, 4, 4]
     Number of control points: [4, 5, 5]
     CurrentConvergenceMeasurement: 0.00111788
     CurrentLevel: 4
     ElapsedIterations: 31
     LogBiasFieldControlPointLattice: 
       Image (0x561ce138eaf0)
         RTTI typeinfo:   itk::Image<itk::Vector<float, 1u>, 3u>
         Reference Count: 1
         Modified Time: 343560
         Debug: Off
         Object Name: 
         Observers: 
           none
         Source: (none)
         Source output name: (none)
         Release Data: Off
         Data Released: False
         Global Release Data: Off
         PipelineMTime: 0
         UpdateMTime: 0
         RealTimeStamp: 0 seconds 
         LargestPossibleRegion: 
           Dimension: 3
           Index: [0, 0, 0]
           Size: [11, 19, 19]
         BufferedRegion: 
           Dimension: 3
           Index: [0, 0, 0]
           Size: [11, 19, 19]
         RequestedRegion: 
           Dimension: 3
           Index: [0, 0, 0]
           Size: [11, 19, 19]
         Spacing: [24.75, 24.875, 24.875]
         Origin: [25.7792, 22.5226, -26.0434]
         Direction: 
-0.999355 -0.0352593 -0.00675763
0.034812 -0.997729 0.05766
-0.00877534 0.0573875 0.998313

         IndexToPointMatrix: 
-24.734 -0.877075 -0.168096
0.861598 -24.8185 1.43429
-0.21719 1.42751 24.833

         PointToIndexMatrix: 
-0.040378 0.00140655 -0.000354559
-0.00141746 -0.0401097 0.00230704
-0.000271664 0.00231799 0.0401332

         Inverse Direction: 
-0.999355 0.034812 -0.00877534
-0.0352593 -0.997729 0.0573876
-0.00675764 0.0576599 0.998313

         PixelContainer: 
           ImportImageContainer (0x561ce138de60)
             RTTI typeinfo:   itk::ImportImageContainer<unsigned long, itk::Vector<float, 1u> >
             Reference Count: 1
             Modified Time: 343561
             Debug: Off
             Object Name: 
             Observers: 
               none
             Pointer: 0x561cde305060
             Container manages memory: true
             Size: 3971
             Capacity: 3971
Elapsed time: 272.917
All_Command_lines_OK
Using single precision for computations.
=============================================================================
The composite transform comprises the following transforms (in order): 
  1. Center of mass alignment using fixed image: /home/mpib/nemecz/Projects/miniTRK/Results/01_MRI/GroupTempl/T1w/T_template0.nii.gz and moving image: /home/mpib/nemecz/Projects/miniTRK/Analysis/01_MRI/Preproc/GroupTempl/T1w/sub-112188_T1w.nii.gz (type = Euler3DTransform)
=============================================================================
  number of levels = 4
  number of levels = 4
  number of levels = 4
  fixed image: /home/mpib/nemecz/Projects/miniTRK/Results/01_MRI/GroupTempl/T1w/T_template0.nii.gz
  moving image: /home/mpib/nemecz/Projects/miniTRK/Results/01_MRI/GroupTempl/T1w/T_template0sub-112188_T1wRepaired.nii.gz
  fixed image: /home/mpib/nemecz/Projects/miniTRK/Results/01_MRI/GroupTempl/T1w/T_template0.nii.gz
  moving image: /home/mpib/nemecz/Projects/miniTRK/Results/01_MRI/GroupTempl/T1w/T_template0sub-112188_T1wRepaired.nii.gz
  fixed image: /home/mpib/nemecz/Projects/miniTRK/Results/01_MRI/GroupTempl/T1w/T_template0.nii.gz
  moving image: /home/mpib/nemecz/Projects/miniTRK/Results/01_MRI/GroupTempl/T1w/T_template0sub-112188_T1wRepaired.nii.gz
Dimension = 3
Number of stages = 3
Use Histogram Matching true
Winsorize image intensities true
Lower quantile = 0.01
Upper quantile = 0.99
Stage 1 State
   Image metric = Mattes
     Fixed image = Image (0x55f4cafb2ad0)
  RTTI typeinfo:   itk::Image<float, 3u>
  Reference Count: 2
  Modified Time: 1721
  Debug: Off
  Object Name: 
  Observers: 
    none
  Source: (none)
  Source output name: (none)
  Release Data: Off
  Data Released: False
  Global Release Data: Off
  PipelineMTime: 0
  UpdateMTime: 1506
  RealTimeStamp: 0 seconds 
  LargestPossibleRegion: 
    Dimension: 3
    Index: [0, 0, 0]
    Size: [192, 256, 256]
  BufferedRegion: 
    Dimension: 3
    Index: [0, 0, 0]
    Size: [192, 256, 256]
  RequestedRegion: 
    Dimension: 3
    Index: [0, 0, 0]
    Size: [192, 256, 256]
  Spacing: [1, 1, 1]
  Origin: [95.0313, 100.538, -154.123]
  Direction: 
-0.999853 -0.014134 -0.00966312
0.014129 -0.9999 0.000586045
-0.00967044 0.000449429 0.999953

  IndexToPointMatrix: 
-0.999853 -0.014134 -0.00966312
0.014129 -0.9999 0.000586045
-0.00967044 0.000449429 0.999953

  PointToIndexMatrix: 
-0.999853 0.014129 -0.00967044
-0.014134 -0.9999 0.000449429
-0.00966312 0.000586045 0.999953

  Inverse Direction: 
-0.999853 0.014129 -0.00967044
-0.014134 -0.9999 0.000449429
-0.00966312 0.000586045 0.999953

  PixelContainer: 
    ImportImageContainer (0x55f4cafbac80)
      RTTI typeinfo:   itk::ImportImageContainer<unsigned long, float>
      Reference Count: 1
      Modified Time: 1503
      Debug: Off
      Object Name: 
      Observers: 
        none
      Pointer: 0x7f8b70616010
      Container manages memory: true
      Size: 12582912
      Capacity: 12582912

     Moving image = Image (0x55f4cafb3bc0)
  RTTI typeinfo:   itk::Image<float, 3u>
  Reference Count: 2
  Modified Time: 1722
  Debug: Off
  Object Name: 
  Observers: 
    none
  Source: (none)
  Source output name: (none)
  Release Data: Off
  Data Released: False
  Global Release Data: Off
  PipelineMTime: 0
  UpdateMTime: 1719
  RealTimeStamp: 0 seconds 
  LargestPossibleRegion: 
    Dimension: 3
    Index: [0, 0, 0]
    Size: [192, 256, 256]
  BufferedRegion: 
    Dimension: 3
    Index: [0, 0, 0]
    Size: [192, 256, 256]
  RequestedRegion: 
    Dimension: 3
    Index: [0, 0, 0]
    Size: [192, 256, 256]
  Spacing: [1, 1, 1]
  Origin: [98.7312, 89.1745, -145.61]
  Direction: 
-0.999355 -0.0352593 -0.00675763
0.034812 -0.997729 0.05766
-0.00877534 0.0573876 0.998313

  IndexToPointMatrix: 
-0.999355 -0.0352593 -0.00675763
0.034812 -0.997729 0.05766
-0.00877534 0.0573876 0.998313

  PointToIndexMatrix: 
-0.999355 0.034812 -0.00877534
-0.0352593 -0.997729 0.0573876
-0.00675763 0.05766 0.998313

  Inverse Direction: 
-0.999355 0.034812 -0.00877534
-0.0352593 -0.997729 0.0573876
-0.00675763 0.05766 0.998313

  PixelContainer: 
    ImportImageContainer (0x55f4cafbf100)
      RTTI typeinfo:   itk::ImportImageContainer<unsigned long, float>
      Reference Count: 1
      Modified Time: 1716
      Debug: Off
      Object Name: 
      Observers: 
        none
      Pointer: 0x7f8b6d615010
      Container manages memory: true
      Size: 12582912
      Capacity: 12582912

     Weighting = 1
     Sampling strategy = regular
     Number of bins = 32
     Radius = 4
     Sampling percentage  = 0.25
   Transform = Rigid
     Gradient step = 0.1
     Update field sigma (voxel space) = 0
     Total field sigma (voxel space) = 0
     Update field time sigma = 0
     Total field time sigma  = 0
     Number of time indices = 0
     Number of time point samples = 0
Stage 2 State
   Image metric = Mattes
     Fixed image = Image (0x55f4cafcb870)
  RTTI typeinfo:   itk::Image<float, 3u>
  Reference Count: 2
  Modified Time: 2149
  Debug: Off
  Object Name: 
  Observers: 
    none
  Source: (none)
  Source output name: (none)
  Release Data: Off
  Data Released: False
  Global Release Data: Off
  PipelineMTime: 0
  UpdateMTime: 1934
  RealTimeStamp: 0 seconds 
  LargestPossibleRegion: 
    Dimension: 3
    Index: [0, 0, 0]
    Size: [192, 256, 256]
  BufferedRegion: 
    Dimension: 3
    Index: [0, 0, 0]
    Size: [192, 256, 256]
  RequestedRegion: 
    Dimension: 3
    Index: [0, 0, 0]
    Size: [192, 256, 256]
  Spacing: [1, 1, 1]
  Origin: [95.0313, 100.538, -154.123]
  Direction: 
-0.999853 -0.014134 -0.00966312
0.014129 -0.9999 0.000586045
-0.00967044 0.000449429 0.999953

  IndexToPointMatrix: 
-0.999853 -0.014134 -0.00966312
0.014129 -0.9999 0.000586045
-0.00967044 0.000449429 0.999953

  PointToIndexMatrix: 
-0.999853 0.014129 -0.00967044
-0.014134 -0.9999 0.000449429
-0.00966312 0.000586045 0.999953

  Inverse Direction: 
-0.999853 0.014129 -0.00967044
-0.014134 -0.9999 0.000449429
-0.00966312 0.000586045 0.999953

  PixelContainer: 
    ImportImageContainer (0x55f4cafb66d0)
      RTTI typeinfo:   itk::ImportImageContainer<unsigned long, float>
      Reference Count: 1
      Modified Time: 1931
      Debug: Off
      Object Name: 
      Observers: 
        none
      Pointer: 0x7f8b6a614010
      Container manages memory: true
      Size: 12582912
      Capacity: 12582912

     Moving image = Image (0x55f4cafcb4c0)
  RTTI typeinfo:   itk::Image<float, 3u>
  Reference Count: 2
  Modified Time: 2150
  Debug: Off
  Object Name: 
  Observers: 
    none
  Source: (none)
  Source output name: (none)
  Release Data: Off
  Data Released: False
  Global Release Data: Off
  PipelineMTime: 0
  UpdateMTime: 2147
  RealTimeStamp: 0 seconds 
  LargestPossibleRegion: 
    Dimension: 3
    Index: [0, 0, 0]
    Size: [192, 256, 256]
  BufferedRegion: 
    Dimension: 3
    Index: [0, 0, 0]
    Size: [192, 256, 256]
  RequestedRegion: 
    Dimension: 3
    Index: [0, 0, 0]
    Size: [192, 256, 256]
  Spacing: [1, 1, 1]
  Origin: [98.7312, 89.1745, -145.61]
  Direction: 
-0.999355 -0.0352593 -0.00675763
0.034812 -0.997729 0.05766
-0.00877534 0.0573876 0.998313

  IndexToPointMatrix: 
-0.999355 -0.0352593 -0.00675763
0.034812 -0.997729 0.05766
-0.00877534 0.0573876 0.998313

  PointToIndexMatrix: 
-0.999355 0.034812 -0.00877534
-0.0352593 -0.997729 0.0573876
-0.00675763 0.05766 0.998313

  Inverse Direction: 
-0.999355 0.034812 -0.00877534
-0.0352593 -0.997729 0.0573876
-0.00675763 0.05766 0.998313

  PixelContainer: 
    ImportImageContainer (0x55f4cafcc8c0)
      RTTI typeinfo:   itk::ImportImageContainer<unsigned long, float>
      Reference Count: 1
      Modified Time: 2144
      Debug: Off
      Object Name: 
      Observers: 
        none
      Pointer: 0x7f8b67613010
      Container manages memory: true
      Size: 12582912
      Capacity: 12582912

     Weighting = 1
     Sampling strategy = regular
     Number of bins = 32
     Radius = 4
     Sampling percentage  = 0.25
   Transform = Affine
     Gradient step = 0.1
     Update field sigma (voxel space) = 0
     Total field sigma (voxel space) = 0
     Update field time sigma = 0
     Total field time sigma  = 0
     Number of time indices = 0
     Number of time point samples = 0
Stage 3 State
   Image metric = CC
     Fixed image = Image (0x55f4cafd2960)
  RTTI typeinfo:   itk::Image<float, 3u>
  Reference Count: 2
  Modified Time: 2577
  Debug: Off
  Object Name: 
  Observers: 
    none
  Source: (none)
  Source output name: (none)
  Release Data: Off
  Data Released: False
  Global Release Data: Off
  PipelineMTime: 0
  UpdateMTime: 2362
  RealTimeStamp: 0 seconds 
  LargestPossibleRegion: 
    Dimension: 3
    Index: [0, 0, 0]
    Size: [192, 256, 256]
  BufferedRegion: 
    Dimension: 3
    Index: [0, 0, 0]
    Size: [192, 256, 256]
  RequestedRegion: 
    Dimension: 3
    Index: [0, 0, 0]
    Size: [192, 256, 256]
  Spacing: [1, 1, 1]
  Origin: [95.0313, 100.538, -154.123]
  Direction: 
-0.999853 -0.014134 -0.00966312
0.014129 -0.9999 0.000586045
-0.00967044 0.000449429 0.999953

  IndexToPointMatrix: 
-0.999853 -0.014134 -0.00966312
0.014129 -0.9999 0.000586045
-0.00967044 0.000449429 0.999953

  PointToIndexMatrix: 
-0.999853 0.014129 -0.00967044
-0.014134 -0.9999 0.000449429
-0.00966312 0.000586045 0.999953

  Inverse Direction: 
-0.999853 0.014129 -0.00967044
-0.014134 -0.9999 0.000449429
-0.00966312 0.000586045 0.999953

  PixelContainer: 
    ImportImageContainer (0x55f4cafb3660)
      RTTI typeinfo:   itk::ImportImageContainer<unsigned long, float>
      Reference Count: 1
      Modified Time: 2359
      Debug: Off
      Object Name: 
      Observers: 
        none
      Pointer: 0x7f8b64612010
      Container manages memory: true
      Size: 12582912
      Capacity: 12582912

     Moving image = Image (0x55f4cafd4840)
  RTTI typeinfo:   itk::Image<float, 3u>
  Reference Count: 2
  Modified Time: 2578
  Debug: Off
  Object Name: 
  Observers: 
    none
  Source: (none)
  Source output name: (none)
  Release Data: Off
  Data Released: False
  Global Release Data: Off
  PipelineMTime: 0
  UpdateMTime: 2575
  RealTimeStamp: 0 seconds 
  LargestPossibleRegion: 
    Dimension: 3
    Index: [0, 0, 0]
    Size: [192, 256, 256]
  BufferedRegion: 
    Dimension: 3
    Index: [0, 0, 0]
    Size: [192, 256, 256]
  RequestedRegion: 
    Dimension: 3
    Index: [0, 0, 0]
    Size: [192, 256, 256]
  Spacing: [1, 1, 1]
  Origin: [98.7312, 89.1745, -145.61]
  Direction: 
-0.999355 -0.0352593 -0.00675763
0.034812 -0.997729 0.05766
-0.00877534 0.0573876 0.998313

  IndexToPointMatrix: 
-0.999355 -0.0352593 -0.00675763
0.034812 -0.997729 0.05766
-0.00877534 0.0573876 0.998313

  PointToIndexMatrix: 
-0.999355 0.034812 -0.00877534
-0.0352593 -0.997729 0.0573876
-0.00675763 0.05766 0.998313

  Inverse Direction: 
-0.999355 0.034812 -0.00877534
-0.0352593 -0.997729 0.0573876
-0.00675763 0.05766 0.998313

  PixelContainer: 
    ImportImageContainer (0x55f4cafd1660)
      RTTI typeinfo:   itk::ImportImageContainer<unsigned long, float>
      Reference Count: 1
      Modified Time: 2572
      Debug: Off
      Object Name: 
      Observers: 
        none
      Pointer: 0x7f8b61611010
      Container manages memory: true
      Size: 12582912
      Capacity: 12582912

     Weighting = 1
     Sampling strategy = none
     Number of bins = 32
     Radius = 4
     Sampling percentage  = 1
   Transform = SyN
     Gradient step = 0.1
     Update field sigma (voxel space) = 3
     Total field sigma (voxel space) = 0
     Update field time sigma = 0
     Total field time sigma  = 0
     Number of time indices = 0
     Number of time point samples = 0
Registration using 3 total stages.

Stage 0
  iterations = 1000x500x250x0
  convergence threshold = 1e-06
  convergence window size = 10
  number of levels = 4
  using the Mattes MI metric (number of bins = 32, weight = 1)
  preprocessing:  winsorizing the image intensities
  preprocessing:  histogram matching the images
  Shrink factors (level 1 out of 4): [6, 6, 6]
  Shrink factors (level 2 out of 4): [4, 4, 4]
  Shrink factors (level 3 out of 4): [2, 2, 2]
  Shrink factors (level 4 out of 4): [1, 1, 1]
  smoothing sigmas per level: [4, 2, 1, 0]
  regular sampling (percentage = 0.25)

*** Running Euler3DTransform registration ***

DIAGNOSTIC,Iteration,metricValue,convergenceValue,ITERATION_TIME_INDEX,SINCE_LAST
 2DIAGNOSTIC,     1, -7.869084477425e-01, inf, 7.1018e-01, 7.1018e-01, 
 2DIAGNOSTIC,     2, -7.876937389374e-01, inf, 7.1990e-01, 9.7241e-03, 
 2DIAGNOSTIC,     3, -7.885758876801e-01, inf, 7.2957e-01, 9.6669e-03, 
 2DIAGNOSTIC,     4, -7.898967862129e-01, inf, 7.3849e-01, 8.9231e-03, 
 2DIAGNOSTIC,     5, -7.912190556526e-01, inf, 7.4667e-01, 8.1751e-03, 
 2DIAGNOSTIC,     6, -7.928434610367e-01, inf, 7.5483e-01, 8.1670e-03, 
 2DIAGNOSTIC,     7, -7.944951653481e-01, inf, 7.6298e-01, 8.1470e-03, 
 2DIAGNOSTIC,     8, -7.956640720367e-01, inf, 7.7658e-01, 1.3601e-02, 
 2DIAGNOSTIC,     9, -7.966930270195e-01, inf, 7.8465e-01, 8.0650e-03, 
 2DIAGNOSTIC,    10, -7.970595359802e-01, 9.147139498964e-04, 7.9287e-01, 8.2252e-03, 
 2DIAGNOSTIC,    11, -7.975306510925e-01, 7.972508901730e-04, 8.0106e-01, 8.1909e-03, 
 2DIAGNOSTIC,    12, -7.979105710983e-01, 6.625118548982e-04, 8.1238e-01, 1.1315e-02, 
 2DIAGNOSTIC,    13, -7.980880737305e-01, 5.175844999030e-04, 8.2056e-01, 8.1871e-03, 
 2DIAGNOSTIC,    14, -7.983903288841e-01, 3.880195436068e-04, 8.2866e-01, 8.1010e-03, 
 2DIAGNOSTIC,    15, -7.996831536293e-01, 3.025137993973e-04, 8.3832e-01, 9.6519e-03, 
 2DIAGNOSTIC,    16, -8.016206026077e-01, 2.785307879094e-04, 8.5423e-01, 1.5910e-02, 
 2DIAGNOSTIC,    17, -8.026805520058e-01, 2.877064980567e-04, 8.6260e-01, 8.3780e-03, 
 2DIAGNOSTIC,    18, -8.026761412621e-01, 2.923994325101e-04, 8.7190e-01, 9.2969e-03, 
 2DIAGNOSTIC,    19, -8.027165532112e-01, 2.904347784352e-04, 8.8194e-01, 1.0039e-02, 
 2DIAGNOSTIC,    20, -8.026527166367e-01, 2.668901579455e-04, 8.9104e-01, 9.1021e-03, 
 2DIAGNOSTIC,    21, -8.026639819145e-01, 2.283642825205e-04, 8.9906e-01, 8.0190e-03, 
 2DIAGNOSTIC,    22, -8.026511073112e-01, 1.780487364158e-04, 9.0695e-01, 7.8909e-03, 
 2DIAGNOSTIC,    23, -8.026450276375e-01, 1.188052992802e-04, 9.1699e-01, 1.0035e-02, 
 2DIAGNOSTIC,    24, -8.026535511017e-01, 5.819434227305e-05, 9.2486e-01, 7.8681e-03, 
 2DIAGNOSTIC,    25, -8.026098608971e-01, 1.432555109204e-05, 9.3246e-01, 7.6029e-03, 
DIAGNOSTIC,Iteration,metricValue,convergenceValue,ITERATION_TIME_INDEX,SINCE_LAST
 2DIAGNOSTIC,     1, -6.136438846588e-01, inf, 1.5858e+00, 6.5333e-01, 
 2DIAGNOSTIC,     2, -6.141653656960e-01, inf, 1.6204e+00, 3.4601e-02, 
 2DIAGNOSTIC,     3, -6.149484515190e-01, inf, 1.6518e+00, 3.1360e-02, 
 2DIAGNOSTIC,     4, -6.157031655312e-01, inf, 1.6821e+00, 3.0335e-02, 
 2DIAGNOSTIC,     5, -6.164790391922e-01, inf, 1.7122e+00, 3.0157e-02, 
 2DIAGNOSTIC,     6, -6.172031164169e-01, inf, 1.7413e+00, 2.9045e-02, 
 2DIAGNOSTIC,     7, -6.180396080017e-01, inf, 1.7733e+00, 3.2044e-02, 
 2DIAGNOSTIC,     8, -6.196134090424e-01, inf, 1.8091e+00, 3.5746e-02, 
 2DIAGNOSTIC,     9, -6.205035448074e-01, inf, 1.8375e+00, 2.8461e-02, 
 2DIAGNOSTIC,    10, -6.206812262535e-01, 7.889036787674e-04, 1.8697e+00, 3.2114e-02, 
 2DIAGNOSTIC,    11, -6.209502220154e-01, 7.044280646369e-04, 1.9058e+00, 3.6171e-02, 
 2DIAGNOSTIC,    12, -6.212158799171e-01, 6.008341442794e-04, 1.9384e+00, 3.2578e-02, 
 2DIAGNOSTIC,    13, -6.212328672409e-01, 4.863374051638e-04, 1.9670e+00, 2.8644e-02, 
 2DIAGNOSTIC,    14, -6.212757825851e-01, 3.700588713400e-04, 1.9955e+00, 2.8485e-02, 
 2DIAGNOSTIC,    15, -6.213149428368e-01, 2.610933734104e-04, 2.0243e+00, 2.8733e-02, 
 2DIAGNOSTIC,    16, -6.214318871498e-01, 1.662984432187e-04, 2.0569e+00, 3.2644e-02, 
 2DIAGNOSTIC,    17, -6.214711070061e-01, 9.017961565405e-05, 2.0895e+00, 3.2592e-02, 
 2DIAGNOSTIC,    18, -6.215762495995e-01, 5.672777479049e-05, 2.1418e+00, 5.2289e-02, 
 2DIAGNOSTIC,    19, -6.215662956238e-01, 4.300857108319e-05, 2.1702e+00, 2.8414e-02, 
 2DIAGNOSTIC,    20, -6.215881109238e-01, 3.132909841952e-05, 2.2056e+00, 3.5419e-02, 
 2DIAGNOSTIC,    21, -6.215954422951e-01, 2.385987318121e-05, 2.2343e+00, 2.8664e-02, 
 2DIAGNOSTIC,    22, -6.215921640396e-01, 2.043897802650e-05, 2.2658e+00, 3.1561e-02, 
 2DIAGNOSTIC,    23, -6.215993762016e-01, 1.601896838110e-05, 2.2946e+00, 2.8705e-02, 
 2DIAGNOSTIC,    24, -6.216140985489e-01, 1.170803443529e-05, 2.3236e+00, 2.9022e-02, 
 2DIAGNOSTIC,    25, -6.216256022453e-01, 7.662942152820e-06, 2.3520e+00, 2.8398e-02, 
 2DIAGNOSTIC,    26, -6.216385364532e-01, 5.615655027214e-06, 2.3847e+00, 3.2730e-02, 
 2DIAGNOSTIC,    27, -6.216487288475e-01, 4.099196758034e-06, 2.4168e+00, 3.2078e-02, 
 2DIAGNOSTIC,    28, -6.216465830803e-01, 4.111739144719e-06, 2.4487e+00, 3.1893e-02, 
 2DIAGNOSTIC,    29, -6.216496825218e-01, 3.726219347300e-06, 2.4774e+00, 2.8737e-02, 
 2DIAGNOSTIC,    30, -6.216668486595e-01, 3.707969881361e-06, 2.5092e+00, 3.1759e-02, 
 2DIAGNOSTIC,    31, -6.216702461243e-01, 3.593756900955e-06, 2.5377e+00, 2.8501e-02, 
 2DIAGNOSTIC,    32, -6.216825246811e-01, 3.374073457962e-06, 2.5660e+00, 2.8304e-02, 
 2DIAGNOSTIC,    33, -6.217039823532e-01, 3.338740725667e-06, 2.5941e+00, 2.8164e-02, 
 2DIAGNOSTIC,    34, -6.217489838600e-01, 3.878066763718e-06, 2.6257e+00, 3.1588e-02, 
 2DIAGNOSTIC,    35, -6.218160986900e-01, 5.117663476994e-06, 2.6680e+00, 4.2317e-02, 
 2DIAGNOSTIC,    36, -6.218380331993e-01, 6.313344329101e-06, 2.7031e+00, 3.5059e-02, 
 2DIAGNOSTIC,    37, -6.218391656876e-01, 7.080236173351e-06, 2.7350e+00, 3.1937e-02, 
 2DIAGNOSTIC,    38, -6.218345761299e-01, 7.144369192247e-06, 2.7637e+00, 2.8643e-02, 
 2DIAGNOSTIC,    39, -6.218545436859e-01, 6.865341674711e-06, 2.7958e+00, 3.2085e-02, 
 2DIAGNOSTIC,    40, -6.218787431717e-01, 6.479007879534e-06, 2.8240e+00, 2.8209e-02, 
 2DIAGNOSTIC,    41, -6.218758225441e-01, 5.568968845182e-06, 2.8521e+00, 2.8105e-02, 
 2DIAGNOSTIC,    42, -6.218920350075e-01, 4.573414116749e-06, 2.8838e+00, 3.1734e-02, 
 2DIAGNOSTIC,    43, -6.219030022621e-01, 3.602747256082e-06, 2.9158e+00, 3.2001e-02, 
 2DIAGNOSTIC,    44, -6.219500303268e-01, 3.337527004987e-06, 2.9556e+00, 3.9827e-02, 
 2DIAGNOSTIC,    45, -6.219609975815e-01, 3.607324288168e-06, 2.9846e+00, 2.8951e-02, 
 2DIAGNOSTIC,    46, -6.219803690910e-01, 4.004801667179e-06, 3.0142e+00, 2.9556e-02, 
 2DIAGNOSTIC,    47, -6.219913363457e-01, 4.194036591798e-06, 3.0474e+00, 3.3261e-02, 
 2DIAGNOSTIC,    48, -6.220146417618e-01, 4.210936822346e-06, 3.0804e+00, 3.2968e-02, 
 2DIAGNOSTIC,    49, -6.220407485962e-01, 4.303240075387e-06, 3.1090e+00, 2.8654e-02, 
 2DIAGNOSTIC,    50, -6.220629215240e-01, 4.463905042940e-06, 3.1410e+00, 3.1988e-02, 
 2DIAGNOSTIC,    51, -6.220901012421e-01, 4.469849955058e-06, 3.1855e+00, 4.4502e-02, 
 2DIAGNOSTIC,    52, -6.220981478691e-01, 4.320306743466e-06, 3.2175e+00, 3.1958e-02, 
 2DIAGNOSTIC,    53, -6.221171617508e-01, 4.071171133546e-06, 3.2480e+00, 3.0478e-02, 
 2DIAGNOSTIC,    54, -6.221297979355e-01, 3.999571163149e-06, 3.2781e+00, 3.0092e-02, 
 2DIAGNOSTIC,    55, -6.221714615822e-01, 4.036030532006e-06, 3.3264e+00, 4.8302e-02, 
 2DIAGNOSTIC,    56, -6.221938729286e-01, 4.073216587130e-06, 3.3550e+00, 2.8638e-02, 
 2DIAGNOSTIC,    57, -6.222064495087e-01, 3.959540208598e-06, 3.3835e+00, 2.8470e-02, 
 2DIAGNOSTIC,    58, -6.222319006920e-01, 3.908878625225e-06, 3.4154e+00, 3.1922e-02, 
 2DIAGNOSTIC,    59, -6.222435832024e-01, 3.823627594102e-06, 3.4474e+00, 3.1982e-02, 
 2DIAGNOSTIC,    60, -6.222537159920e-01, 3.663982852231e-06, 3.4756e+00, 2.8274e-02, 
 2DIAGNOSTIC,    61, -6.222594976425e-01, 3.454635361777e-06, 3.5039e+00, 2.8266e-02, 
 2DIAGNOSTIC,    62, -6.223077774048e-01, 3.385924401300e-06, 3.5425e+00, 3.8559e-02, 
 2DIAGNOSTIC,    63, -6.223213672638e-01, 3.271346258771e-06, 3.5734e+00, 3.0894e-02, 
 2DIAGNOSTIC,    64, -6.223310828209e-01, 3.048444341403e-06, 3.6022e+00, 2.8814e-02, 
 2DIAGNOSTIC,    65, -6.223479509354e-01, 3.001372760991e-06, 3.6336e+00, 3.1382e-02, 
 2DIAGNOSTIC,    66, -6.223554611206e-01, 2.919034386650e-06, 3.6687e+00, 3.5121e-02, 
 2DIAGNOSTIC,    67, -6.223652362823e-01, 2.749125087576e-06, 3.7005e+00, 3.1843e-02, 
 2DIAGNOSTIC,    68, -6.223666071892e-01, 2.542369657021e-06, 3.7324e+00, 3.1897e-02, 
 2DIAGNOSTIC,    69, -6.223682761192e-01, 2.233502300442e-06, 3.7644e+00, 3.1937e-02, 
 2DIAGNOSTIC,    70, -6.223697662354e-01, 1.841358198362e-06, 3.7963e+00, 3.1942e-02, 
 2DIAGNOSTIC,    71, -6.223722100258e-01, 1.371308826492e-06, 3.8241e+00, 2.7763e-02, 
 2DIAGNOSTIC,    72, -6.223672628403e-01, 1.099309315578e-06, 3.8593e+00, 3.5217e-02, 
DIAGNOSTIC,Iteration,metricValue,convergenceValue,ITERATION_TIME_INDEX,SINCE_LAST
 2DIAGNOSTIC,     1, -5.487266778946e-01, inf, 4.9331e+00, 1.0738e+00, 
