
Running N4 for 3-dimensional images.

Mask not read.  Using the entire image as the mask.

Original intensity range:  [0, 852]

***********************************************************
Warning:  Your input image contains nonpositive values
which could cause failure or problematic results.  A
possible workaround would be to:
   1. rescale your image to positive values e.g., [10,100].
   2. run N4 on your rescaled image.
   3. (optional) rescale the N4 output to the original
      intensity range.
***********************************************************

Specified spline distance: 200mm
  original image size:  [192, 256, 256]
  padded image size:  [201, 401, 401]
  number of control points:  [4, 5, 5]

Current level = 1
  Iteration 1 (of 50).   Current convergence value = 0.000197726 (threshold = 1e-08)
  Iteration 2 (of 50).   Current convergence value = 0.00014234 (threshold = 1e-08)
  Iteration 3 (of 50).   Current convergence value = 0.000112226 (threshold = 1e-08)
  Iteration 4 (of 50).   Current convergence value = 0.00010014 (threshold = 1e-08)
  Iteration 5 (of 50).   Current convergence value = 9.78699e-05 (threshold = 1e-08)
  Iteration 6 (of 50).   Current convergence value = 9.96576e-05 (threshold = 1e-08)
  Iteration 7 (of 50).   Current convergence value = 0.000102311 (threshold = 1e-08)
  Iteration 8 (of 50).   Current convergence value = 0.000104546 (threshold = 1e-08)
  Iteration 9 (of 50).   Current convergence value = 0.000106194 (threshold = 1e-08)
  Iteration 10 (of 50).   Current convergence value = 0.000107276 (threshold = 1e-08)
  Iteration 11 (of 50).   Current convergence value = 0.000107668 (threshold = 1e-08)
  Iteration 12 (of 50).   Current convergence value = 0.000107681 (threshold = 1e-08)
  Iteration 13 (of 50).   Current convergence value = 0.000107578 (threshold = 1e-08)
  Iteration 14 (of 50).   Current convergence value = 0.000107141 (threshold = 1e-08)
  Iteration 15 (of 50).   Current convergence value = 0.000106496 (threshold = 1e-08)
  Iteration 16 (of 50).   Current convergence value = 0.000106008 (threshold = 1e-08)
  Iteration 17 (of 50).   Current convergence value = 0.000105105 (threshold = 1e-08)
  Iteration 18 (of 50).   Current convergence value = 0.000104136 (threshold = 1e-08)
  Iteration 19 (of 50).   Current convergence value = 0.000103277 (threshold = 1e-08)
  Iteration 20 (of 50).   Current convergence value = 0.000102435 (threshold = 1e-08)
  Iteration 21 (of 50).   Current convergence value = 0.000101548 (threshold = 1e-08)
  Iteration 22 (of 50).   Current convergence value = 0.0001006 (threshold = 1e-08)
  Iteration 23 (of 50).   Current convergence value = 9.96208e-05 (threshold = 1e-08)
  Iteration 24 (of 50).   Current convergence value = 9.86315e-05 (threshold = 1e-08)
  Iteration 25 (of 50).   Current convergence value = 9.77734e-05 (threshold = 1e-08)
  Iteration 26 (of 50).   Current convergence value = 9.6938e-05 (threshold = 1e-08)
  Iteration 27 (of 50).   Current convergence value = 9.61343e-05 (threshold = 1e-08)
  Iteration 28 (of 50).   Current convergence value = 9.52733e-05 (threshold = 1e-08)
  Iteration 29 (of 50).   Current convergence value = 9.43357e-05 (threshold = 1e-08)
  Iteration 30 (of 50).   Current convergence value = 9.35169e-05 (threshold = 1e-08)
  Iteration 31 (of 50).   Current convergence value = 9.26769e-05 (threshold = 1e-08)
  Iteration 32 (of 50).   Current convergence value = 9.19437e-05 (threshold = 1e-08)
  Iteration 33 (of 50).   Current convergence value = 9.11718e-05 (threshold = 1e-08)
  Iteration 34 (of 50).   Current convergence value = 9.05665e-05 (threshold = 1e-08)
  Iteration 35 (of 50).   Current convergence value = 8.99581e-05 (threshold = 1e-08)
  Iteration 36 (of 50).   Current convergence value = 8.93106e-05 (threshold = 1e-08)
  Iteration 37 (of 50).   Current convergence value = 8.8779e-05 (threshold = 1e-08)
  Iteration 38 (of 50).   Current convergence value = 8.81735e-05 (threshold = 1e-08)
  Iteration 39 (of 50).   Current convergence value = 8.76333e-05 (threshold = 1e-08)
  Iteration 40 (of 50).   Current convergence value = 8.71436e-05 (threshold = 1e-08)
  Iteration 41 (of 50).   Current convergence value = 8.65592e-05 (threshold = 1e-08)
  Iteration 42 (of 50).   Current convergence value = 8.59538e-05 (threshold = 1e-08)
  Iteration 43 (of 50).   Current convergence value = 8.5394e-05 (threshold = 1e-08)
  Iteration 44 (of 50).   Current convergence value = 8.48936e-05 (threshold = 1e-08)
  Iteration 45 (of 50).   Current convergence value = 8.4453e-05 (threshold = 1e-08)
  Iteration 46 (of 50).   Current convergence value = 8.38389e-05 (threshold = 1e-08)
  Iteration 47 (of 50).   Current convergence value = 8.33364e-05 (threshold = 1e-08)
  Iteration 48 (of 50).   Current convergence value = 8.28547e-05 (threshold = 1e-08)
  Iteration 49 (of 50).   Current convergence value = 8.25027e-05 (threshold = 1e-08)
  Iteration 50 (of 50).   Current convergence value = 8.20964e-05 (threshold = 1e-08)
Current level = 2
  Iteration 1 (of 50).   Current convergence value = 0.000465772 (threshold = 1e-08)
  Iteration 2 (of 50).   Current convergence value = 0.000380566 (threshold = 1e-08)
  Iteration 3 (of 50).   Current convergence value = 0.000327253 (threshold = 1e-08)
  Iteration 4 (of 50).   Current convergence value = 0.000284272 (threshold = 1e-08)
  Iteration 5 (of 50).   Current convergence value = 0.000246816 (threshold = 1e-08)
  Iteration 6 (of 50).   Current convergence value = 0.000216596 (threshold = 1e-08)
  Iteration 7 (of 50).   Current convergence value = 0.00019301 (threshold = 1e-08)
  Iteration 8 (of 50).   Current convergence value = 0.000181862 (threshold = 1e-08)
  Iteration 9 (of 50).   Current convergence value = 0.000179054 (threshold = 1e-08)
  Iteration 10 (of 50).   Current convergence value = 0.00016782 (threshold = 1e-08)
  Iteration 11 (of 50).   Current convergence value = 0.000158153 (threshold = 1e-08)
  Iteration 12 (of 50).   Current convergence value = 0.000149453 (threshold = 1e-08)
  Iteration 13 (of 50).   Current convergence value = 0.000141504 (threshold = 1e-08)
  Iteration 14 (of 50).   Current convergence value = 0.000135 (threshold = 1e-08)
  Iteration 15 (of 50).   Current convergence value = 0.000129037 (threshold = 1e-08)
  Iteration 16 (of 50).   Current convergence value = 0.00012385 (threshold = 1e-08)
  Iteration 17 (of 50).   Current convergence value = 0.000118942 (threshold = 1e-08)
  Iteration 18 (of 50).   Current convergence value = 0.000114685 (threshold = 1e-08)
  Iteration 19 (of 50).   Current convergence value = 0.000110658 (threshold = 1e-08)
  Iteration 20 (of 50).   Current convergence value = 0.000108805 (threshold = 1e-08)
  Iteration 21 (of 50).   Current convergence value = 0.000109688 (threshold = 1e-08)
  Iteration 22 (of 50).   Current convergence value = 0.000110581 (threshold = 1e-08)
  Iteration 23 (of 50).   Current convergence value = 0.00011117 (threshold = 1e-08)
  Iteration 24 (of 50).   Current convergence value = 0.000111728 (threshold = 1e-08)
  Iteration 25 (of 50).   Current convergence value = 0.000111965 (threshold = 1e-08)
  Iteration 26 (of 50).   Current convergence value = 0.000112302 (threshold = 1e-08)
  Iteration 27 (of 50).   Current convergence value = 0.000112341 (threshold = 1e-08)
  Iteration 28 (of 50).   Current convergence value = 0.000112573 (threshold = 1e-08)
  Iteration 29 (of 50).   Current convergence value = 0.000112298 (threshold = 1e-08)
  Iteration 30 (of 50).   Current convergence value = 0.000112185 (threshold = 1e-08)
  Iteration 31 (of 50).   Current convergence value = 0.000111782 (threshold = 1e-08)
  Iteration 32 (of 50).   Current convergence value = 0.000111583 (threshold = 1e-08)
  Iteration 33 (of 50).   Current convergence value = 0.000111357 (threshold = 1e-08)
  Iteration 34 (of 50).   Current convergence value = 0.000110866 (threshold = 1e-08)
  Iteration 35 (of 50).   Current convergence value = 0.000110433 (threshold = 1e-08)
  Iteration 36 (of 50).   Current convergence value = 0.000109838 (threshold = 1e-08)
  Iteration 37 (of 50).   Current convergence value = 0.00010937 (threshold = 1e-08)
  Iteration 38 (of 50).   Current convergence value = 0.000108773 (threshold = 1e-08)
  Iteration 39 (of 50).   Current convergence value = 0.000108256 (threshold = 1e-08)
  Iteration 40 (of 50).   Current convergence value = 0.000107637 (threshold = 1e-08)
  Iteration 41 (of 50).   Current convergence value = 0.000107376 (threshold = 1e-08)
  Iteration 42 (of 50).   Current convergence value = 0.000106637 (threshold = 1e-08)
  Iteration 43 (of 50).   Current convergence value = 0.000106068 (threshold = 1e-08)
  Iteration 44 (of 50).   Current convergence value = 0.00010557 (threshold = 1e-08)
  Iteration 45 (of 50).   Current convergence value = 0.000105117 (threshold = 1e-08)
  Iteration 46 (of 50).   Current convergence value = 0.000104628 (threshold = 1e-08)
  Iteration 47 (of 50).   Current convergence value = 0.000104233 (threshold = 1e-08)
  Iteration 48 (of 50).   Current convergence value = 0.000103644 (threshold = 1e-08)
  Iteration 49 (of 50).   Current convergence value = 0.000103158 (threshold = 1e-08)
  Iteration 50 (of 50).   Current convergence value = 0.000102954 (threshold = 1e-08)
Current level = 3
  Iteration 1 (of 40).   Current convergence value = 0.0015593 (threshold = 1e-08)
  Iteration 2 (of 40).   Current convergence value = 0.00119608 (threshold = 1e-08)
  Iteration 3 (of 40).   Current convergence value = 0.00097847 (threshold = 1e-08)
  Iteration 4 (of 40).   Current convergence value = 0.000842059 (threshold = 1e-08)
  Iteration 5 (of 40).   Current convergence value = 0.000746016 (threshold = 1e-08)
  Iteration 6 (of 40).   Current convergence value = 0.000682064 (threshold = 1e-08)
  Iteration 7 (of 40).   Current convergence value = 0.000633934 (threshold = 1e-08)
  Iteration 8 (of 40).   Current convergence value = 0.000598286 (threshold = 1e-08)
  Iteration 9 (of 40).   Current convergence value = 0.00057304 (threshold = 1e-08)
  Iteration 10 (of 40).   Current convergence value = 0.000554408 (threshold = 1e-08)
  Iteration 11 (of 40).   Current convergence value = 0.000539718 (threshold = 1e-08)
  Iteration 12 (of 40).   Current convergence value = 0.000527645 (threshold = 1e-08)
  Iteration 13 (of 40).   Current convergence value = 0.000517422 (threshold = 1e-08)
  Iteration 14 (of 40).   Current convergence value = 0.000508394 (threshold = 1e-08)
  Iteration 15 (of 40).   Current convergence value = 0.000500362 (threshold = 1e-08)
  Iteration 16 (of 40).   Current convergence value = 0.000492981 (threshold = 1e-08)
  Iteration 17 (of 40).   Current convergence value = 0.000486142 (threshold = 1e-08)
  Iteration 18 (of 40).   Current convergence value = 0.000479573 (threshold = 1e-08)
  Iteration 19 (of 40).   Current convergence value = 0.000473314 (threshold = 1e-08)
  Iteration 20 (of 40).   Current convergence value = 0.000467193 (threshold = 1e-08)
  Iteration 21 (of 40).   Current convergence value = 0.000461199 (threshold = 1e-08)
  Iteration 22 (of 40).   Current convergence value = 0.000454151 (threshold = 1e-08)
  Iteration 23 (of 40).   Current convergence value = 0.000441069 (threshold = 1e-08)
  Iteration 24 (of 40).   Current convergence value = 0.00042892 (threshold = 1e-08)
  Iteration 25 (of 40).   Current convergence value = 0.000417584 (threshold = 1e-08)
  Iteration 26 (of 40).   Current convergence value = 0.000407038 (threshold = 1e-08)
  Iteration 27 (of 40).   Current convergence value = 0.000397328 (threshold = 1e-08)
  Iteration 28 (of 40).   Current convergence value = 0.000388235 (threshold = 1e-08)
  Iteration 29 (of 40).   Current convergence value = 0.000379743 (threshold = 1e-08)
  Iteration 30 (of 40).   Current convergence value = 0.000371704 (threshold = 1e-08)
  Iteration 31 (of 40).   Current convergence value = 0.000364217 (threshold = 1e-08)
  Iteration 32 (of 40).   Current convergence value = 0.000357139 (threshold = 1e-08)
  Iteration 33 (of 40).   Current convergence value = 0.000350404 (threshold = 1e-08)
  Iteration 34 (of 40).   Current convergence value = 0.000344115 (threshold = 1e-08)
  Iteration 35 (of 40).   Current convergence value = 0.000338132 (threshold = 1e-08)
  Iteration 36 (of 40).   Current convergence value = 0.0003325 (threshold = 1e-08)
  Iteration 37 (of 40).   Current convergence value = 0.000327149 (threshold = 1e-08)
  Iteration 38 (of 40).   Current convergence value = 0.000322074 (threshold = 1e-08)
  Iteration 39 (of 40).   Current convergence value = 0.000317214 (threshold = 1e-08)
  Iteration 40 (of 40).   Current convergence value = 0.000312577 (threshold = 1e-08)
Current level = 4
  Iteration 1 (of 30).   Current convergence value = 0.00224121 (threshold = 1e-08)
  Iteration 2 (of 30).   Current convergence value = 0.00209205 (threshold = 1e-08)
  Iteration 3 (of 30).   Current convergence value = 0.0019854 (threshold = 1e-08)
  Iteration 4 (of 30).   Current convergence value = 0.00187309 (threshold = 1e-08)
  Iteration 5 (of 30).   Current convergence value = 0.00178611 (threshold = 1e-08)
  Iteration 6 (of 30).   Current convergence value = 0.00172168 (threshold = 1e-08)
  Iteration 7 (of 30).   Current convergence value = 0.00166642 (threshold = 1e-08)
  Iteration 8 (of 30).   Current convergence value = 0.00161579 (threshold = 1e-08)
  Iteration 9 (of 30).   Current convergence value = 0.00157002 (threshold = 1e-08)
  Iteration 10 (of 30).   Current convergence value = 0.00152493 (threshold = 1e-08)
  Iteration 11 (of 30).   Current convergence value = 0.00147961 (threshold = 1e-08)
  Iteration 12 (of 30).   Current convergence value = 0.00143223 (threshold = 1e-08)
  Iteration 13 (of 30).   Current convergence value = 0.00131683 (threshold = 1e-08)
  Iteration 14 (of 30).   Current convergence value = 0.00122228 (threshold = 1e-08)
  Iteration 15 (of 30).   Current convergence value = 0.00114854 (threshold = 1e-08)
  Iteration 16 (of 30).   Current convergence value = 0.00109921 (threshold = 1e-08)
  Iteration 17 (of 30).   Current convergence value = 0.0010508 (threshold = 1e-08)
  Iteration 18 (of 30).   Current convergence value = 0.00100244 (threshold = 1e-08)
  Iteration 19 (of 30).   Current convergence value = 0.000955784 (threshold = 1e-08)
  Iteration 20 (of 30).   Current convergence value = 0.000910737 (threshold = 1e-08)
  Iteration 21 (of 30).   Current convergence value = 0.000867653 (threshold = 1e-08)
  Iteration 22 (of 30).   Current convergence value = 0.000826925 (threshold = 1e-08)
  Iteration 23 (of 30).   Current convergence value = 0.000788772 (threshold = 1e-08)
  Iteration 24 (of 30).   Current convergence value = 0.000752562 (threshold = 1e-08)
  Iteration 25 (of 30).   Current convergence value = 0.000718544 (threshold = 1e-08)
  Iteration 26 (of 30).   Current convergence value = 0.000686596 (threshold = 1e-08)
  Iteration 27 (of 30).   Current convergence value = 0.000656637 (threshold = 1e-08)
  Iteration 28 (of 30).   Current convergence value = 0.000628833 (threshold = 1e-08)
  Iteration 29 (of 30).   Current convergence value = 0.000602878 (threshold = 1e-08)
  Iteration 30 (of 30).   Current convergence value = 0.000578882 (threshold = 1e-08)
   N4BiasFieldCorrectionImageFilter (0x5649a6d1fe20)
     RTTI typeinfo:   itk::N4BiasFieldCorrectionImageFilter<itk::Image<float, 3u>, itk::Image<float, 3u>, itk::Image<float, 3u> >
     Reference Count: 1
     Modified Time: 565
     Debug: Off
     Object Name: 
     Observers: 
       IterationEvent(Command)
     Inputs: 
       ConfidenceImage: (0)
       MaskImage: (0x5649a6d4a580)
       Primary: (0x5649a6d45a80) *
     Indexed Inputs: 
       0: Primary (0x5649a6d45a80)
       1: MaskImage (0x5649a6d4a580)
       2: ConfidenceImage (0)
     Required Input Names: Primary
     NumberOfRequiredInputs: 1
     Outputs: 
       Primary: (0x5649a6d2fef0)
     Indexed Outputs: 
       0: Primary (0x5649a6d2fef0)
     NumberOfRequiredOutputs: 1
     Number Of Work Units: 32
     ReleaseDataFlag: Off
     ReleaseDataBeforeUpdateFlag: Off
     AbortGenerateData: Off
     Progress: 0
     Multithreader: 
       RTTI typeinfo:   itk::PoolMultiThreader
       Reference Count: 1
       Modified Time: 144
       Debug: Off
       Object Name: 
       Observers: 
         none
       Number of Work Units: 32
       Number of Threads: 8
       Global Maximum Number Of Threads: 128
       Global Default Number Of Threads: 8
       Global Default Threader Type: itk::MultiThreaderBaseEnums::Threader::Pool
       SingleMethod: 0
       SingleData: 0
     DynamicMultiThreading: On
     CoordinateTolerance: 1e-06
     DirectionTolerance: 1e-06
     Use Mask Label: 0
     Mask label: 1
     Number of histogram bins: 200
     Wiener filter noise: 0.01
     Bias field FWHM: 0.15
     Maximum number of iterations: [50, 50, 40, 30]
     Convergence threshold: 1e-08
     Spline order: 3
     Number of fitting levels: [4, 4, 4]
     Number of control points: [4, 5, 5]
     CurrentConvergenceMeasurement: 0.000578882
     CurrentLevel: 4
     ElapsedIterations: 31
     LogBiasFieldControlPointLattice: 
       Image (0x5649b0ed1eb0)
         RTTI typeinfo:   itk::Image<itk::Vector<float, 1u>, 3u>
         Reference Count: 1
         Modified Time: 343560
         Debug: Off
         Object Name: 
         Observers: 
           none
         Source: (none)
         Source output name: (none)
         Release Data: Off
         Data Released: False
         Global Release Data: Off
         PipelineMTime: 0
         UpdateMTime: 0
         RealTimeStamp: 0 seconds 
         LargestPossibleRegion: 
           Dimension: 3
           Index: [0, 0, 0]
           Size: [11, 19, 19]
         BufferedRegion: 
           Dimension: 3
           Index: [0, 0, 0]
           Size: [11, 19, 19]
         RequestedRegion: 
           Dimension: 3
           Index: [0, 0, 0]
           Size: [11, 19, 19]
         Spacing: [24.75, 24.875, 24.875]
         Origin: [24.9483, 20.2455, -28.5971]
         Direction: 
-0.999954 -0.00945687 0.00143903
0.00956494 -0.986555 0.163147
-0.000123178 0.163154 0.986601

         IndexToPointMatrix: 
-24.7489 -0.23524 0.0357959
0.236732 -24.5406 4.05828
-0.00304865 4.05846 24.5417

         PointToIndexMatrix: 
-0.0404022 0.000386462 -4.97688e-06
-0.000380176 -0.0396605 0.00655892
5.78508e-05 0.0065587 0.0396623

         Inverse Direction: 
-0.999954 0.00956494 -0.000123178
-0.00945688 -0.986555 0.163153
0.00143904 0.163148 0.986601

         PixelContainer: 
           ImportImageContainer (0x5649b3f4c180)
             RTTI typeinfo:   itk::ImportImageContainer<unsigned long, itk::Vector<float, 1u> >
             Reference Count: 1
             Modified Time: 343561
             Debug: Off
             Object Name: 
             Observers: 
               none
             Pointer: 0x5649b0ebfc70
             Container manages memory: true
             Size: 3971
             Capacity: 3971
Elapsed time: 305.791
All_Command_lines_OK
Using single precision for computations.
=============================================================================
The composite transform comprises the following transforms (in order): 
  1. Center of mass alignment using fixed image: /home/mpib/nemecz/Projects/miniTRK/Results/01_MRI/GroupTempl/T1w/T_template0.nii.gz and moving image: /home/mpib/nemecz/Projects/miniTRK/Analysis/01_MRI/Preproc/GroupTempl/T1w/sub-515928_T1w.nii.gz (type = Euler3DTransform)
=============================================================================
  number of levels = 4
  number of levels = 4
  number of levels = 4
  fixed image: /home/mpib/nemecz/Projects/miniTRK/Results/01_MRI/GroupTempl/T1w/T_template0.nii.gz
  moving image: /home/mpib/nemecz/Projects/miniTRK/Results/01_MRI/GroupTempl/T1w/T_template0sub-515928_T1wRepaired.nii.gz
  fixed image: /home/mpib/nemecz/Projects/miniTRK/Results/01_MRI/GroupTempl/T1w/T_template0.nii.gz
  moving image: /home/mpib/nemecz/Projects/miniTRK/Results/01_MRI/GroupTempl/T1w/T_template0sub-515928_T1wRepaired.nii.gz
  fixed image: /home/mpib/nemecz/Projects/miniTRK/Results/01_MRI/GroupTempl/T1w/T_template0.nii.gz
  moving image: /home/mpib/nemecz/Projects/miniTRK/Results/01_MRI/GroupTempl/T1w/T_template0sub-515928_T1wRepaired.nii.gz
Dimension = 3
Number of stages = 3
Use Histogram Matching true
Winsorize image intensities true
Lower quantile = 0.01
Upper quantile = 0.99
Stage 1 State
   Image metric = Mattes
     Fixed image = Image (0x55b4ce227ad0)
  RTTI typeinfo:   itk::Image<float, 3u>
  Reference Count: 2
  Modified Time: 1721
  Debug: Off
  Object Name: 
  Observers: 
    none
  Source: (none)
  Source output name: (none)
  Release Data: Off
  Data Released: False
  Global Release Data: Off
  PipelineMTime: 0
  UpdateMTime: 1506
  RealTimeStamp: 0 seconds 
  LargestPossibleRegion: 
    Dimension: 3
    Index: [0, 0, 0]
    Size: [192, 256, 256]
  BufferedRegion: 
    Dimension: 3
    Index: [0, 0, 0]
    Size: [192, 256, 256]
  RequestedRegion: 
    Dimension: 3
    Index: [0, 0, 0]
    Size: [192, 256, 256]
  Spacing: [1, 1, 1]
  Origin: [95.0313, 100.538, -154.123]
  Direction: 
-0.999853 -0.014134 -0.00966312
0.014129 -0.9999 0.000586045
-0.00967044 0.000449429 0.999953

  IndexToPointMatrix: 
-0.999853 -0.014134 -0.00966312
0.014129 -0.9999 0.000586045
-0.00967044 0.000449429 0.999953

  PointToIndexMatrix: 
-0.999853 0.014129 -0.00967044
-0.014134 -0.9999 0.000449429
-0.00966312 0.000586045 0.999953

  Inverse Direction: 
-0.999853 0.014129 -0.00967044
-0.014134 -0.9999 0.000449429
-0.00966312 0.000586045 0.999953

  PixelContainer: 
    ImportImageContainer (0x55b4ce22fc80)
      RTTI typeinfo:   itk::ImportImageContainer<unsigned long, float>
      Reference Count: 1
      Modified Time: 1503
      Debug: Off
      Object Name: 
      Observers: 
        none
      Pointer: 0x7f55bce16010
      Container manages memory: true
      Size: 12582912
      Capacity: 12582912

     Moving image = Image (0x55b4ce233e40)
  RTTI typeinfo:   itk::Image<float, 3u>
  Reference Count: 2
  Modified Time: 1722
  Debug: Off
  Object Name: 
  Observers: 
    none
  Source: (none)
  Source output name: (none)
  Release Data: Off
  Data Released: False
  Global Release Data: Off
  PipelineMTime: 0
  UpdateMTime: 1719
  RealTimeStamp: 0 seconds 
  LargestPossibleRegion: 
    Dimension: 3
    Index: [0, 0, 0]
    Size: [192, 256, 256]
  BufferedRegion: 
    Dimension: 3
    Index: [0, 0, 0]
    Size: [192, 256, 256]
  RequestedRegion: 
    Dimension: 3
    Index: [0, 0, 0]
    Size: [192, 256, 256]
  Spacing: [1, 1, 1]
  Origin: [95.0577, 73.9692, -175.817]
  Direction: 
-0.999954 -0.00945687 0.00143903
0.00956494 -0.986555 0.163147
-0.000123178 0.163154 0.986601

  IndexToPointMatrix: 
-0.999954 -0.00945687 0.00143903
0.00956494 -0.986555 0.163147
-0.000123178 0.163154 0.986601

  PointToIndexMatrix: 
-0.999954 0.00956494 -0.000123178
-0.00945687 -0.986555 0.163154
0.00143903 0.163147 0.986601

  Inverse Direction: 
-0.999954 0.00956494 -0.000123178
-0.00945687 -0.986555 0.163154
0.00143903 0.163147 0.986601

  PixelContainer: 
    ImportImageContainer (0x55b4ce22b2d0)
      RTTI typeinfo:   itk::ImportImageContainer<unsigned long, float>
      Reference Count: 1
      Modified Time: 1716
      Debug: Off
      Object Name: 
      Observers: 
        none
      Pointer: 0x7f55b9e15010
      Container manages memory: true
      Size: 12582912
      Capacity: 12582912

     Weighting = 1
     Sampling strategy = regular
     Number of bins = 32
     Radius = 4
     Sampling percentage  = 0.25
   Transform = Rigid
     Gradient step = 0.1
     Update field sigma (voxel space) = 0
     Total field sigma (voxel space) = 0
     Update field time sigma = 0
     Total field time sigma  = 0
     Number of time indices = 0
     Number of time point samples = 0
Stage 2 State
   Image metric = Mattes
     Fixed image = Image (0x55b4ce2408d0)
  RTTI typeinfo:   itk::Image<float, 3u>
  Reference Count: 2
  Modified Time: 2149
  Debug: Off
  Object Name: 
  Observers: 
    none
  Source: (none)
  Source output name: (none)
  Release Data: Off
  Data Released: False
  Global Release Data: Off
  PipelineMTime: 0
  UpdateMTime: 1934
  RealTimeStamp: 0 seconds 
  LargestPossibleRegion: 
    Dimension: 3
    Index: [0, 0, 0]
    Size: [192, 256, 256]
  BufferedRegion: 
    Dimension: 3
    Index: [0, 0, 0]
    Size: [192, 256, 256]
  RequestedRegion: 
    Dimension: 3
    Index: [0, 0, 0]
    Size: [192, 256, 256]
  Spacing: [1, 1, 1]
  Origin: [95.0313, 100.538, -154.123]
  Direction: 
-0.999853 -0.014134 -0.00966312
0.014129 -0.9999 0.000586045
-0.00967044 0.000449429 0.999953

  IndexToPointMatrix: 
-0.999853 -0.014134 -0.00966312
0.014129 -0.9999 0.000586045
-0.00967044 0.000449429 0.999953

  PointToIndexMatrix: 
-0.999853 0.014129 -0.00967044
-0.014134 -0.9999 0.000449429
-0.00966312 0.000586045 0.999953

  Inverse Direction: 
-0.999853 0.014129 -0.00967044
-0.014134 -0.9999 0.000449429
-0.00966312 0.000586045 0.999953

  PixelContainer: 
    ImportImageContainer (0x55b4ce2306a0)
      RTTI typeinfo:   itk::ImportImageContainer<unsigned long, float>
      Reference Count: 1
      Modified Time: 1931
      Debug: Off
      Object Name: 
      Observers: 
        none
      Pointer: 0x7f55b6e14010
      Container manages memory: true
      Size: 12582912
      Capacity: 12582912

     Moving image = Image (0x55b4ce240530)
  RTTI typeinfo:   itk::Image<float, 3u>
  Reference Count: 2
  Modified Time: 2150
  Debug: Off
  Object Name: 
  Observers: 
    none
  Source: (none)
  Source output name: (none)
  Release Data: Off
  Data Released: False
  Global Release Data: Off
  PipelineMTime: 0
  UpdateMTime: 2147
  RealTimeStamp: 0 seconds 
  LargestPossibleRegion: 
    Dimension: 3
    Index: [0, 0, 0]
    Size: [192, 256, 256]
  BufferedRegion: 
    Dimension: 3
    Index: [0, 0, 0]
    Size: [192, 256, 256]
  RequestedRegion: 
    Dimension: 3
    Index: [0, 0, 0]
    Size: [192, 256, 256]
  Spacing: [1, 1, 1]
  Origin: [95.0577, 73.9692, -175.817]
  Direction: 
-0.999954 -0.00945687 0.00143903
0.00956494 -0.986555 0.163147
-0.000123178 0.163154 0.986601

  IndexToPointMatrix: 
-0.999954 -0.00945687 0.00143903
0.00956494 -0.986555 0.163147
-0.000123178 0.163154 0.986601

  PointToIndexMatrix: 
-0.999954 0.00956494 -0.000123178
-0.00945687 -0.986555 0.163154
0.00143903 0.163147 0.986601

  Inverse Direction: 
-0.999954 0.00956494 -0.000123178
-0.00945687 -0.986555 0.163154
0.00143903 0.163147 0.986601

  PixelContainer: 
    ImportImageContainer (0x55b4ce2418a0)
      RTTI typeinfo:   itk::ImportImageContainer<unsigned long, float>
      Reference Count: 1
      Modified Time: 2144
      Debug: Off
      Object Name: 
      Observers: 
        none
      Pointer: 0x7f55b3e13010
      Container manages memory: true
      Size: 12582912
      Capacity: 12582912

     Weighting = 1
     Sampling strategy = regular
     Number of bins = 32
     Radius = 4
     Sampling percentage  = 0.25
   Transform = Affine
     Gradient step = 0.1
     Update field sigma (voxel space) = 0
     Total field sigma (voxel space) = 0
     Update field time sigma = 0
     Total field time sigma  = 0
     Number of time indices = 0
     Number of time point samples = 0
Stage 3 State
   Image metric = CC
     Fixed image = Image (0x55b4ce247a00)
  RTTI typeinfo:   itk::Image<float, 3u>
  Reference Count: 2
  Modified Time: 2577
  Debug: Off
  Object Name: 
  Observers: 
    none
  Source: (none)
  Source output name: (none)
  Release Data: Off
  Data Released: False
  Global Release Data: Off
  PipelineMTime: 0
  UpdateMTime: 2362
  RealTimeStamp: 0 seconds 
  LargestPossibleRegion: 
    Dimension: 3
    Index: [0, 0, 0]
    Size: [192, 256, 256]
  BufferedRegion: 
    Dimension: 3
    Index: [0, 0, 0]
    Size: [192, 256, 256]
  RequestedRegion: 
    Dimension: 3
    Index: [0, 0, 0]
    Size: [192, 256, 256]
  Spacing: [1, 1, 1]
  Origin: [95.0313, 100.538, -154.123]
  Direction: 
-0.999853 -0.014134 -0.00966312
0.014129 -0.9999 0.000586045
-0.00967044 0.000449429 0.999953

  IndexToPointMatrix: 
-0.999853 -0.014134 -0.00966312
0.014129 -0.9999 0.000586045
-0.00967044 0.000449429 0.999953

  PointToIndexMatrix: 
-0.999853 0.014129 -0.00967044
-0.014134 -0.9999 0.000449429
-0.00966312 0.000586045 0.999953

  Inverse Direction: 
-0.999853 0.014129 -0.00967044
-0.014134 -0.9999 0.000449429
-0.00966312 0.000586045 0.999953

  PixelContainer: 
    ImportImageContainer (0x55b4ce229b50)
      RTTI typeinfo:   itk::ImportImageContainer<unsigned long, float>
      Reference Count: 1
      Modified Time: 2359
      Debug: Off
      Object Name: 
      Observers: 
        none
      Pointer: 0x7f55b0e12010
      Container manages memory: true
      Size: 12582912
      Capacity: 12582912

     Moving image = Image (0x55b4ce244d50)
  RTTI typeinfo:   itk::Image<float, 3u>
  Reference Count: 2
  Modified Time: 2578
  Debug: Off
  Object Name: 
  Observers: 
    none
  Source: (none)
  Source output name: (none)
  Release Data: Off
  Data Released: False
  Global Release Data: Off
  PipelineMTime: 0
  UpdateMTime: 2575
  RealTimeStamp: 0 seconds 
  LargestPossibleRegion: 
    Dimension: 3
    Index: [0, 0, 0]
    Size: [192, 256, 256]
  BufferedRegion: 
    Dimension: 3
    Index: [0, 0, 0]
    Size: [192, 256, 256]
  RequestedRegion: 
    Dimension: 3
    Index: [0, 0, 0]
    Size: [192, 256, 256]
  Spacing: [1, 1, 1]
  Origin: [95.0577, 73.9692, -175.817]
  Direction: 
-0.999954 -0.00945687 0.00143903
0.00956494 -0.986555 0.163147
-0.000123178 0.163154 0.986601

  IndexToPointMatrix: 
-0.999954 -0.00945687 0.00143903
0.00956494 -0.986555 0.163147
-0.000123178 0.163154 0.986601

  PointToIndexMatrix: 
-0.999954 0.00956494 -0.000123178
-0.00945687 -0.986555 0.163154
0.00143903 0.163147 0.986601

  Inverse Direction: 
-0.999954 0.00956494 -0.000123178
-0.00945687 -0.986555 0.163154
0.00143903 0.163147 0.986601

  PixelContainer: 
    ImportImageContainer (0x55b4ce243b00)
      RTTI typeinfo:   itk::ImportImageContainer<unsigned long, float>
      Reference Count: 1
      Modified Time: 2572
      Debug: Off
      Object Name: 
      Observers: 
        none
      Pointer: 0x7f55ade11010
      Container manages memory: true
      Size: 12582912
      Capacity: 12582912

     Weighting = 1
     Sampling strategy = none
     Number of bins = 32
     Radius = 4
     Sampling percentage  = 1
   Transform = SyN
     Gradient step = 0.1
     Update field sigma (voxel space) = 3
     Total field sigma (voxel space) = 0
     Update field time sigma = 0
     Total field time sigma  = 0
     Number of time indices = 0
     Number of time point samples = 0
Registration using 3 total stages.

Stage 0
  iterations = 1000x500x250x0
  convergence threshold = 1e-06
  convergence window size = 10
  number of levels = 4
  using the Mattes MI metric (number of bins = 32, weight = 1)
  preprocessing:  winsorizing the image intensities
  preprocessing:  histogram matching the images
  Shrink factors (level 1 out of 4): [6, 6, 6]
  Shrink factors (level 2 out of 4): [4, 4, 4]
  Shrink factors (level 3 out of 4): [2, 2, 2]
  Shrink factors (level 4 out of 4): [1, 1, 1]
  smoothing sigmas per level: [4, 2, 1, 0]
  regular sampling (percentage = 0.25)

*** Running Euler3DTransform registration ***

DIAGNOSTIC,Iteration,metricValue,convergenceValue,ITERATION_TIME_INDEX,SINCE_LAST
 2DIAGNOSTIC,     1, -9.936264157295e-01, inf, 8.1331e-01, 8.1331e-01, 
 2DIAGNOSTIC,     2, -9.984899759293e-01, inf, 8.2126e-01, 7.9491e-03, 
 2DIAGNOSTIC,     3, -1.005737781525e+00, inf, 8.2906e-01, 7.8011e-03, 
 2DIAGNOSTIC,     4, -1.014959931374e+00, inf, 8.3713e-01, 8.0681e-03, 
 2DIAGNOSTIC,     5, -1.025822520256e+00, inf, 8.4492e-01, 7.7889e-03, 
 2DIAGNOSTIC,     6, -1.033835887909e+00, inf, 8.5255e-01, 7.6320e-03, 
 2DIAGNOSTIC,     7, -1.038597941399e+00, inf, 8.6036e-01, 7.8161e-03, 
 2DIAGNOSTIC,     8, -1.045039057732e+00, inf, 8.6810e-01, 7.7369e-03, 
 2DIAGNOSTIC,     9, -1.053608894348e+00, inf, 8.7609e-01, 7.9939e-03, 
 2DIAGNOSTIC,    10, -1.069430828094e+00, 4.535134416074e-03, 8.8957e-01, 1.3475e-02, 
 2DIAGNOSTIC,    11, -1.070490241051e+00, 4.123107995838e-03, 8.9856e-01, 8.9929e-03, 
 2DIAGNOSTIC,    12, -1.070567488670e+00, 3.532492788509e-03, 9.0732e-01, 8.7569e-03, 
 2DIAGNOSTIC,    13, -1.070605039597e+00, 2.873471938074e-03, 9.1610e-01, 8.7821e-03, 
 2DIAGNOSTIC,    14, -1.070626258850e+00, 2.224789932370e-03, 9.2547e-01, 9.3691e-03, 
 2DIAGNOSTIC,    15, -1.070602297783e+00, 1.652811071835e-03, 9.3354e-01, 8.0709e-03, 
 2DIAGNOSTIC,    16, -1.070484995842e+00, 1.137497136369e-03, 9.4156e-01, 8.0140e-03, 
 2DIAGNOSTIC,    17, -1.070636153221e+00, 6.612383294851e-04, 9.4960e-01, 8.0450e-03, 
 2DIAGNOSTIC,    18, -1.070802569389e+00, 2.772492880467e-04, 9.5984e-01, 1.0242e-02, 
 2DIAGNOSTIC,    19, -1.070827126503e+00, 2.536278771004e-05, 9.6908e-01, 9.2342e-03, 
 2DIAGNOSTIC,    20, -1.070871591568e+00, 1.153775883722e-05, 9.7785e-01, 8.7719e-03, 
 2DIAGNOSTIC,    21, -1.070856213570e+00, 1.160886949947e-05, 9.8683e-01, 8.9819e-03, 
 2DIAGNOSTIC,    22, -1.070832490921e+00, 1.136070477514e-05, 9.9483e-01, 7.9999e-03, 
 2DIAGNOSTIC,    23, -1.070820450783e+00, 1.045032695401e-05, 1.0037e+00, 8.8680e-03, 
 2DIAGNOSTIC,    24, -1.070846915245e+00, 9.310185305367e-06, 1.0129e+00, 9.2180e-03, 
 2DIAGNOSTIC,    25, -1.070839166641e+00, 7.236338205985e-06, 1.0221e+00, 9.1870e-03, 
 2DIAGNOSTIC,    26, -1.070817112923e+00, 3.306457983854e-06, 1.0301e+00, 8.0161e-03, 
DIAGNOSTIC,Iteration,metricValue,convergenceValue,ITERATION_TIME_INDEX,SINCE_LAST
 2DIAGNOSTIC,     1, -7.991530895233e-01, inf, 1.8503e+00, 8.2022e-01, 
 2DIAGNOSTIC,     2, -7.997015714645e-01, inf, 1.8820e+00, 3.1709e-02, 
 2DIAGNOSTIC,     3, -8.001993298531e-01, inf, 1.9137e+00, 3.1641e-02, 
 2DIAGNOSTIC,     4, -8.004844188690e-01, inf, 1.9454e+00, 3.1751e-02, 
 2DIAGNOSTIC,     5, -8.005546927452e-01, inf, 1.9773e+00, 3.1905e-02, 
 2DIAGNOSTIC,     6, -8.006791472435e-01, inf, 2.0226e+00, 4.5304e-02, 
 2DIAGNOSTIC,     7, -8.007487654686e-01, inf, 2.0592e+00, 3.6512e-02, 
 2DIAGNOSTIC,     8, -8.007229566574e-01, inf, 2.0909e+00, 3.1697e-02, 
 2DIAGNOSTIC,     9, -8.008589148521e-01, inf, 2.1274e+00, 3.6504e-02, 
 2DIAGNOSTIC,    10, -8.009258508682e-01, 1.201961349580e-04, 2.1868e+00, 5.9421e-02, 
 2DIAGNOSTIC,    11, -8.009271621704e-01, 7.433340215357e-05, 2.2190e+00, 3.2234e-02, 
 2DIAGNOSTIC,    12, -8.009200692177e-01, 4.548738434096e-05, 2.2556e+00, 3.6593e-02, 
 2DIAGNOSTIC,    13, -8.009126782417e-01, 3.048774306080e-05, 2.2921e+00, 3.6510e-02, 
 2DIAGNOSTIC,    14, -8.009130954742e-01, 2.228258381365e-05, 2.3285e+00, 3.6339e-02, 
 2DIAGNOSTIC,    15, -8.009130954742e-01, 1.488977522968e-05, 2.3603e+00, 3.1863e-02, 
 2DIAGNOSTIC,    16, -8.008981943130e-01, 9.671282896306e-06, 2.4021e+00, 4.1811e-02, 
 2DIAGNOSTIC,    17, -8.008988499641e-01, 5.911668722547e-06, 2.4349e+00, 3.2803e-02, 
 2DIAGNOSTIC,    18, -8.008919954300e-01, 1.491059038017e-06, 2.4719e+00, 3.6975e-02, 
DIAGNOSTIC,Iteration,metricValue,convergenceValue,ITERATION_TIME_INDEX,SINCE_LAST
 2DIAGNOSTIC,     1, -6.994718313217e-01, inf, 3.6421e+00, 1.1702e+00, 
 2DIAGNOSTIC,     2, -6.999204158783e-01, inf, 3.8611e+00, 2.1906e-01, 
 2DIAGNOSTIC,     3, -7.000750899315e-01, inf, 4.0787e+00, 2.1753e-01, 
 2DIAGNOSTIC,     4, -7.002279758453e-01, inf, 4.2901e+00, 2.1141e-01, 
 2DIAGNOSTIC,     5, -7.004357576370e-01, inf, 4.5021e+00, 2.1198e-01, 
 2DIAGNOSTIC,     6, -7.006651163101e-01, inf, 4.7773e+00, 2.7525e-01, 
 2DIAGNOSTIC,     7, -7.007291316986e-01, inf, 5.0754e+00, 2.9812e-01, 
 2DIAGNOSTIC,     8, -7.007687091827e-01, inf, 5.2930e+00, 2.1760e-01, 
 2DIAGNOSTIC,     9, -7.007967233658e-01, inf, 5.5224e+00, 2.2942e-01, 
 2DIAGNOSTIC,    10, -7.008523344994e-01, 1.210584450746e-04, 5.7461e+00, 2.2369e-01, 
 2DIAGNOSTIC,    11, -7.008769512177e-01, 8.407686982537e-05, 6.0121e+00, 2.6596e-01, 
 2DIAGNOSTIC,    12, -7.009269595146e-01, 6.281189416768e-05, 6.2243e+00, 2.1217e-01, 
 2DIAGNOSTIC,    13, -7.009529471397e-01, 4.504627213464e-05, 6.4371e+00, 2.1286e-01, 
 2DIAGNOSTIC,    14, -7.011107206345e-01, 3.487398134894e-05, 6.6736e+00, 2.3646e-01, 
 2DIAGNOSTIC,    15, -7.012365460396e-01, 3.184290108038e-05, 6.9381e+00, 2.6451e-01, 
 2DIAGNOSTIC,    16, -7.013217210770e-01, 3.436387123656e-05, 7.1748e+00, 2.3668e-01, 
 2DIAGNOSTIC,    17, -7.013344168663e-01, 3.545535946614e-05, 7.3837e+00, 2.0898e-01, 
 2DIAGNOSTIC,    18, -7.013822793961e-01, 3.533302515280e-05, 7.5924e+00, 2.0863e-01, 
 2DIAGNOSTIC,    19, -7.014287114143e-01, 3.362677671248e-05, 7.8285e+00, 2.3610e-01, 
 2DIAGNOSTIC,    20, -7.014568448067e-01, 3.075436688960e-05, 8.0955e+00, 2.6699e-01, 
 2DIAGNOSTIC,    21, -7.014662623405e-01, 2.609698276501e-05, 8.3324e+00, 2.3695e-01, 
 2DIAGNOSTIC,    22, -7.014791965485e-01, 2.078974284814e-05, 8.5703e+00, 2.3792e-01, 
 2DIAGNOSTIC,    23, -7.015190124512e-01, 1.525167408545e-05, 8.8073e+00, 2.3702e-01, 
 2DIAGNOSTIC,    24, -7.015256881714e-01, 1.158183113148e-05, 9.0451e+00, 2.3773e-01, 
 2DIAGNOSTIC,    25, -7.015247941017e-01, 9.241618499800e-06, 9.3368e+00, 2.9172e-01, 
 2DIAGNOSTIC,    26, -7.015234827995e-01, 7.661994459340e-06, 9.5735e+00, 2.3668e-01, 
 2DIAGNOSTIC,    27, -7.015221118927e-01, 5.753840923717e-06, 9.8417e+00, 2.6820e-01, 
 2DIAGNOSTIC,    28, -7.015219926834e-01, 4.219099082547e-06, 1.0087e+01, 2.4521e-01, 
 2DIAGNOSTIC,    29, -7.015218734741e-01, 3.135811084576e-06, 1.0337e+01, 2.4981e-01, 
 2DIAGNOSTIC,    30, -7.015222907066e-01, 2.324799652342e-06, 1.0583e+01, 2.4668e-01, 
 2DIAGNOSTIC,    31, -7.015222311020e-01, 1.571955408508e-06, 1.0853e+01, 2.6935e-01, 
DIAGNOSTIC,Iteration,metricValue,convergenceValue,ITERATION_TIME_INDEX,SINCE_LAST
 2DIAGNOSTIC,     1, -6.325755715370e-01, inf, 1.3939e+01, 3.0865e+00, 
  Elapsed time (stage 0): 1.5080e+01


Stage 1
  iterations = 1000x500x250x0
  convergence threshold = 1.0000e-06
  convergence window size = 10
  number of levels = 4
  using the Mattes MI metric (number of bins = 32, weight = 1.0000e+00)
  preprocessing:  winsorizing the image intensities
  preprocessing:  histogram matching the images
  Shrink factors (level 1 out of 4): [6, 6, 6]
  Shrink factors (level 2 out of 4): [4, 4, 4]
  Shrink factors (level 3 out of 4): [2, 2, 2]
  Shrink factors (level 4 out of 4): [1, 1, 1]
  smoothing sigmas per level: [4, 2, 1, 0]
  regular sampling (percentage = 2.5000e-01)

*** Running AffineTransform registration ***

DIAGNOSTIC,Iteration,metricValue,convergenceValue,ITERATION_TIME_INDEX,SINCE_LAST
 2DIAGNOSTIC,     1, -1.057667255402e+00, inf, 7.6649e-01, 7.6648e-01, 
 2DIAGNOSTIC,     2, -1.060723543167e+00, inf, 7.7528e-01, 8.7969e-03, 
 2DIAGNOSTIC,     3, -1.065612196922e+00, inf, 7.8404e-01, 8.7531e-03, 
 2DIAGNOSTIC,     4, -1.073327779770e+00, inf, 7.9272e-01, 8.6811e-03, 
 2DIAGNOSTIC,     5, -1.085242748260e+00, inf, 8.0139e-01, 8.6691e-03, 
 2DIAGNOSTIC,     6, -1.101614713669e+00, inf, 8.1015e-01, 8.7600e-03, 
 2DIAGNOSTIC,     7, -1.118460297585e+00, inf, 8.2007e-01, 9.9230e-03, 
 2DIAGNOSTIC,     8, -1.127614736557e+00, inf, 8.3742e-01, 1.7353e-02, 
 2DIAGNOSTIC,     9, -1.127810239792e+00, inf, 8.4712e-01, 9.6979e-03, 
 2DIAGNOSTIC,    10, -1.127914786339e+00, 5.096525419503e-03, 8.5621e-01, 9.0899e-03, 
 2DIAGNOSTIC,    11, -1.128013730049e+00, 4.299620632082e-03, 8.6510e-01, 8.8880e-03, 
 2DIAGNOSTIC,    12, -1.128118276596e+00, 3.317565424368e-03, 8.7376e-01, 8.6632e-03, 
 2DIAGNOSTIC,    13, -1.128293037415e+00, 2.291229786351e-03, 8.8361e-01, 9.8460e-03, 
 2DIAGNOSTIC,    14, -1.128223896027e+00, 1.349427038804e-03, 8.9272e-01, 9.1169e-03, 
 2DIAGNOSTIC,    15, -1.128314018250e+00, 6.166838575155e-04, 9.0146e-01, 8.7349e-03, 
