All_Command_lines_OK
Using single precision for computations.
=============================================================================
The composite transform comprises the following transforms (in order): 
  1. Center of mass alignment using fixed image: /home/mpib/nemecz/Projects/miniTRK/Results/01_MRI/GroupTempl/T1w/T_template0.nii.gz and moving image: /home/mpib/nemecz/Projects/miniTRK/Analysis/01_MRI/Preproc/GroupTempl/T1w/sub-546563_T1w.nii.gz (type = Euler3DTransform)
=============================================================================
  number of levels = 4
  fixed image: /home/mpib/nemecz/Projects/miniTRK/Results/01_MRI/GroupTempl/T1w/T_template0.nii.gz
  moving image: /home/mpib/nemecz/Projects/miniTRK/Analysis/01_MRI/Preproc/GroupTempl/T1w/sub-546563_T1w.nii.gz
Dimension = 3
Number of stages = 1
Use Histogram Matching true
Winsorize image intensities true
Lower quantile = 0.01
Upper quantile = 0.99
Stage 1 State
   Image metric = Mattes
     Fixed image = Image (0x55c756d31fe0)
  RTTI typeinfo:   itk::Image<float, 3u>
  Reference Count: 2
  Modified Time: 1667
  Debug: Off
  Object Name: 
  Observers: 
    none
  Source: (none)
  Source output name: (none)
  Release Data: Off
  Data Released: False
  Global Release Data: Off
  PipelineMTime: 0
  UpdateMTime: 1452
  RealTimeStamp: 0 seconds 
  LargestPossibleRegion: 
    Dimension: 3
    Index: [0, 0, 0]
    Size: [192, 256, 256]
  BufferedRegion: 
    Dimension: 3
    Index: [0, 0, 0]
    Size: [192, 256, 256]
  RequestedRegion: 
    Dimension: 3
    Index: [0, 0, 0]
    Size: [192, 256, 256]
  Spacing: [1, 1, 1]
  Origin: [95.0313, 100.538, -154.123]
  Direction: 
-0.999853 -0.014134 -0.00966312
0.014129 -0.9999 0.000586045
-0.00967044 0.000449429 0.999953

  IndexToPointMatrix: 
-0.999853 -0.014134 -0.00966312
0.014129 -0.9999 0.000586045
-0.00967044 0.000449429 0.999953

  PointToIndexMatrix: 
-0.999853 0.014129 -0.00967044
-0.014134 -0.9999 0.000449429
-0.00966312 0.000586045 0.999953

  Inverse Direction: 
-0.999853 0.014129 -0.00967044
-0.014134 -0.9999 0.000449429
-0.00966312 0.000586045 0.999953

  PixelContainer: 
    ImportImageContainer (0x55c756d3e970)
      RTTI typeinfo:   itk::ImportImageContainer<unsigned long, float>
      Reference Count: 1
      Modified Time: 1449
      Debug: Off
      Object Name: 
      Observers: 
        none
      Pointer: 0x7fa5b2816010
      Container manages memory: true
      Size: 12582912
      Capacity: 12582912

     Moving image = Image (0x55c756d3e450)
  RTTI typeinfo:   itk::Image<float, 3u>
  Reference Count: 2
  Modified Time: 1668
  Debug: Off
  Object Name: 
  Observers: 
    none
  Source: (none)
  Source output name: (none)
  Release Data: Off
  Data Released: False
  Global Release Data: Off
  PipelineMTime: 0
  UpdateMTime: 1665
  RealTimeStamp: 0 seconds 
  LargestPossibleRegion: 
    Dimension: 3
    Index: [0, 0, 0]
    Size: [192, 256, 256]
  BufferedRegion: 
    Dimension: 3
    Index: [0, 0, 0]
    Size: [192, 256, 256]
  RequestedRegion: 
    Dimension: 3
    Index: [0, 0, 0]
    Size: [192, 256, 256]
  Spacing: [1, 1, 1]
  Origin: [113.079, 108.227, -128.833]
  Direction: 
-0.996035 -0.0429988 -0.0778782
0.051022 -0.993252 -0.104152
-0.0728742 -0.107712 0.991508

  IndexToPointMatrix: 
-0.996035 -0.0429988 -0.0778782
0.051022 -0.993252 -0.104152
-0.0728742 -0.107712 0.991508

  PointToIndexMatrix: 
-0.996035 0.051022 -0.0728742
-0.0429988 -0.993252 -0.107713
-0.0778781 -0.104151 0.991508

  Inverse Direction: 
-0.996035 0.051022 -0.0728742
-0.0429988 -0.993252 -0.107713
-0.0778781 -0.104151 0.991508

  PixelContainer: 
    ImportImageContainer (0x55c756d331a0)
      RTTI typeinfo:   itk::ImportImageContainer<unsigned long, float>
      Reference Count: 1
      Modified Time: 1662
      Debug: Off
      Object Name: 
      Observers: 
        none
      Pointer: 0x7fa5af815010
      Container manages memory: true
      Size: 12582912
      Capacity: 12582912

     Weighting = 1
     Sampling strategy = regular
     Number of bins = 32
     Radius = 4
     Sampling percentage  = 0.25
   Transform = Rigid
     Gradient step = 0.1
     Update field sigma (voxel space) = 0
     Total field sigma (voxel space) = 0
     Update field time sigma = 0
     Total field time sigma  = 0
     Number of time indices = 0
     Number of time point samples = 0
Registration using 1 total stages.

Stage 0
  iterations = 1000x500x250x0
  convergence threshold = 1e-06
  convergence window size = 10
  number of levels = 4
  using the Mattes MI metric (number of bins = 32, weight = 1)
  preprocessing:  winsorizing the image intensities
  preprocessing:  histogram matching the images
  Shrink factors (level 1 out of 4): [6, 6, 6]
  Shrink factors (level 2 out of 4): [4, 4, 4]
  Shrink factors (level 3 out of 4): [2, 2, 2]
  Shrink factors (level 4 out of 4): [1, 1, 1]
  smoothing sigmas per level: [3, 2, 1, 0]
  regular sampling (percentage = 0.25)

*** Running Euler3DTransform registration ***

DIAGNOSTIC,Iteration,metricValue,convergenceValue,ITERATION_TIME_INDEX,SINCE_LAST
 2DIAGNOSTIC,     1, -7.991631031036e-01, inf, 6.5418e-01, 6.5418e-01, 
 2DIAGNOSTIC,     2, -8.021795153618e-01, inf, 6.6700e-01, 1.2818e-02, 
 2DIAGNOSTIC,     3, -8.069583773613e-01, inf, 6.7906e-01, 1.2057e-02, 
 2DIAGNOSTIC,     4, -8.152908086777e-01, inf, 6.9089e-01, 1.1831e-02, 
 2DIAGNOSTIC,     5, -8.276566267014e-01, inf, 7.0236e-01, 1.1476e-02, 
 2DIAGNOSTIC,     6, -8.441451191902e-01, inf, 7.1327e-01, 1.0910e-02, 
 2DIAGNOSTIC,     7, -8.594228029251e-01, inf, 7.2459e-01, 1.1317e-02, 
 2DIAGNOSTIC,     8, -8.611697554588e-01, inf, 7.3365e-01, 9.0568e-03, 
 2DIAGNOSTIC,     9, -8.622312545776e-01, inf, 7.4624e-01, 1.2598e-02, 
 2DIAGNOSTIC,    10, -8.621674180031e-01, 6.029785610735e-03, 7.5720e-01, 1.0954e-02, 
 2DIAGNOSTIC,    11, -8.626734018326e-01, 4.939508158714e-03, 7.6679e-01, 9.5921e-03, 
 2DIAGNOSTIC,    12, -8.628706336021e-01, 3.680804278702e-03, 7.7575e-01, 8.9600e-03, 
 2DIAGNOSTIC,    13, -8.630281686783e-01, 2.420109231025e-03, 7.8395e-01, 8.2042e-03, 
 2DIAGNOSTIC,    14, -8.630713224411e-01, 1.328455400653e-03, 7.9342e-01, 9.4609e-03, 
 2DIAGNOSTIC,    15, -8.632165193558e-01, 5.399369401857e-04, 8.0156e-01, 8.1480e-03, 
 2DIAGNOSTIC,    16, -8.633066415787e-01, 1.428048271919e-04, 8.1104e-01, 9.4738e-03, 
 2DIAGNOSTIC,    17, -8.633724451065e-01, 8.274541323772e-05, 8.2037e-01, 9.3379e-03, 
 2DIAGNOSTIC,    18, -8.634679913521e-01, 5.591256922344e-05, 8.2973e-01, 9.3548e-03, 
 2DIAGNOSTIC,    19, -8.636820316315e-01, 4.960626029060e-05, 8.4174e-01, 1.2015e-02, 
 2DIAGNOSTIC,    20, -8.636744618416e-01, 3.802422361332e-05, 8.5076e-01, 9.0120e-03, 
 2DIAGNOSTIC,    21, -8.636344075203e-01, 3.158340405207e-05, 8.6068e-01, 9.9270e-03, 
 2DIAGNOSTIC,    22, -8.635704517365e-01, 2.497704008420e-05, 8.6959e-01, 8.9109e-03, 
 2DIAGNOSTIC,    23, -8.635807633400e-01, 1.920222348417e-05, 8.7775e-01, 8.1570e-03, 
 2DIAGNOSTIC,    24, -8.635698556900e-01, 1.259041528101e-05, 8.8565e-01, 7.9031e-03, 
 2DIAGNOSTIC,    25, -8.635708689690e-01, 7.393135092570e-06, 8.9355e-01, 7.8921e-03, 
 2DIAGNOSTIC,    26, -8.635090589523e-01, 2.438176124997e-06, 9.0245e-01, 8.9002e-03, 
DIAGNOSTIC,Iteration,metricValue,convergenceValue,ITERATION_TIME_INDEX,SINCE_LAST
 2DIAGNOSTIC,     1, -7.570859789848e-01, inf, 1.5403e+00, 6.3782e-01, 
 2DIAGNOSTIC,     2, -7.574415206909e-01, inf, 1.5714e+00, 3.1150e-02, 
 2DIAGNOSTIC,     3, -7.577600479126e-01, inf, 1.6036e+00, 3.2139e-02, 
 2DIAGNOSTIC,     4, -7.578455805779e-01, inf, 1.6320e+00, 2.8453e-02, 
 2DIAGNOSTIC,     5, -7.578935623169e-01, inf, 1.6606e+00, 2.8585e-02, 
 2DIAGNOSTIC,     6, -7.580521702766e-01, inf, 1.7079e+00, 4.7285e-02, 
 2DIAGNOSTIC,     7, -7.580115199089e-01, inf, 1.7435e+00, 3.5653e-02, 
 2DIAGNOSTIC,     8, -7.580099701881e-01, inf, 1.7791e+00, 3.5585e-02, 
 2DIAGNOSTIC,     9, -7.580054402351e-01, inf, 1.8074e+00, 2.8283e-02, 
 2DIAGNOSTIC,    10, -7.579966783524e-01, 6.628128903685e-05, 1.8362e+00, 2.8822e-02, 
 2DIAGNOSTIC,    11, -7.579958438873e-01, 3.428944546613e-05, 1.8647e+00, 2.8498e-02, 
 2DIAGNOSTIC,    12, -7.580046653748e-01, 1.597195296199e-05, 1.8934e+00, 2.8640e-02, 
 2DIAGNOSTIC,    13, -7.580082416534e-01, 8.576845175412e-06, 1.9214e+00, 2.8065e-02, 
 2DIAGNOSTIC,    14, -7.580307126045e-01, 4.574126251100e-06, 1.9540e+00, 3.2548e-02, 
 2DIAGNOSTIC,    15, -7.580500841141e-01, 2.445130121487e-06, 1.9858e+00, 3.1851e-02, 
 2DIAGNOSTIC,    16, -7.580411434174e-01, 4.080663984496e-06, 2.0181e+00, 3.2262e-02, 
 2DIAGNOSTIC,    17, -7.580538988113e-01, 4.727775831270e-06, 2.0506e+00, 3.2474e-02, 
 2DIAGNOSTIC,    18, -7.580648064613e-01, 5.227297606325e-06, 2.0828e+00, 3.2226e-02, 
 2DIAGNOSTIC,    19, -7.580814361572e-01, 5.584826794802e-06, 2.1118e+00, 2.8973e-02, 
 2DIAGNOSTIC,    20, -7.581123113632e-01, 5.951711955277e-06, 2.1404e+00, 2.8637e-02, 
 2DIAGNOSTIC,    21, -7.581903934479e-01, 7.250970611494e-06, 2.1724e+00, 3.1996e-02, 
 2DIAGNOSTIC,    22, -7.582113742828e-01, 8.381828592974e-06, 2.2045e+00, 3.2065e-02, 
 2DIAGNOSTIC,    23, -7.583379745483e-01, 1.088738372346e-05, 2.2685e+00, 6.4079e-02, 
 2DIAGNOSTIC,    24, -7.583492994308e-01, 1.277447518078e-05, 2.2971e+00, 2.8564e-02, 
 2DIAGNOSTIC,    25, -7.583482265472e-01, 1.372874794470e-05, 2.3289e+00, 3.1818e-02, 
 2DIAGNOSTIC,    26, -7.583454847336e-01, 1.328052348981e-05, 2.3646e+00, 3.5674e-02, 
 2DIAGNOSTIC,    27, -7.583349347115e-01, 1.175382567453e-05, 2.3965e+00, 3.1932e-02, 
 2DIAGNOSTIC,    28, -7.583355903625e-01, 9.482400855632e-06, 2.4246e+00, 2.8072e-02, 
 2DIAGNOSTIC,    29, -7.583308219910e-01, 6.726959782100e-06, 2.4567e+00, 3.2122e-02, 
 2DIAGNOSTIC,    30, -7.583347558975e-01, 4.058455033373e-06, 2.4888e+00, 3.2052e-02, 
 2DIAGNOSTIC,    31, -7.583364248276e-01, 2.255506387883e-06, 2.5170e+00, 2.8234e-02, 
DIAGNOSTIC,Iteration,metricValue,convergenceValue,ITERATION_TIME_INDEX,SINCE_LAST
 2DIAGNOSTIC,     1, -6.765307784081e-01, inf, 3.4548e+00, 9.3775e-01, 
 2DIAGNOSTIC,     2, -6.766968965530e-01, inf, 3.6914e+00, 2.3664e-01, 
 2DIAGNOSTIC,     3, -6.768264770508e-01, inf, 3.9277e+00, 2.3633e-01, 
 2DIAGNOSTIC,     4, -6.768732070923e-01, inf, 4.2026e+00, 2.7492e-01, 
 2DIAGNOSTIC,     5, -6.768969893456e-01, inf, 4.4379e+00, 2.3527e-01, 
 2DIAGNOSTIC,     6, -6.769125461578e-01, inf, 4.6741e+00, 2.3617e-01, 
 2DIAGNOSTIC,     7, -6.769273877144e-01, inf, 4.9745e+00, 3.0042e-01, 
 2DIAGNOSTIC,     8, -6.769589781761e-01, inf, 5.2746e+00, 3.0004e-01, 
 2DIAGNOSTIC,     9, -6.769746541977e-01, inf, 5.5491e+00, 2.7453e-01, 
 2DIAGNOSTIC,    10, -6.769740581512e-01, 3.705928247655e-05, 5.8150e+00, 2.6589e-01, 
 2DIAGNOSTIC,    11, -6.769838929176e-01, 2.268568823638e-05, 6.0556e+00, 2.4067e-01, 
 2DIAGNOSTIC,    12, -6.770014166832e-01, 1.524609888293e-05, 6.3650e+00, 3.0938e-01, 
 2DIAGNOSTIC,    13, -6.770059466362e-01, 1.208616868098e-05, 6.6286e+00, 2.6353e-01, 
 2DIAGNOSTIC,    14, -6.770128011703e-01, 1.009754669212e-05, 6.9937e+00, 3.6517e-01, 
 2DIAGNOSTIC,    15, -6.770139336586e-01, 8.365704161406e-06, 7.4184e+00, 4.2465e-01, 
 2DIAGNOSTIC,    16, -6.770114302635e-01, 6.623036370002e-06, 7.6866e+00, 2.6821e-01, 
 2DIAGNOSTIC,    17, -6.770102381706e-01, 4.974142939318e-06, 7.9550e+00, 2.6839e-01, 
 2DIAGNOSTIC,    18, -6.770095229149e-01, 3.931717401429e-06, 8.3114e+00, 3.5638e-01, 
 2DIAGNOSTIC,    19, -6.770098805428e-01, 3.158304934914e-06, 8.5777e+00, 2.6631e-01, 
 2DIAGNOSTIC,    20, -6.770095229149e-01, 2.302851953573e-06, 8.8774e+00, 2.9969e-01, 
 2DIAGNOSTIC,    21, -6.770092844963e-01, 1.648579200264e-06, 9.3074e+00, 4.3000e-01, 
 2DIAGNOSTIC,    22, -6.770095229149e-01, 1.380509047522e-06, 9.5723e+00, 2.6499e-01, 
 2DIAGNOSTIC,    23, -6.770094633102e-01, 1.219396267516e-06, 9.8377e+00, 2.6531e-01, 
 2DIAGNOSTIC,    24, -6.770093441010e-01, 1.203428496410e-06, 1.0104e+01, 2.6622e-01, 
 2DIAGNOSTIC,    25, -6.770094037056e-01, 1.221196953338e-06, 1.0376e+01, 2.7211e-01, 
 2DIAGNOSTIC,    26, -6.770092844963e-01, 1.200588826578e-06, 1.0644e+01, 2.6774e-01, 
 2DIAGNOSTIC,    27, -6.770093441010e-01, 1.166346123682e-06, 1.0913e+01, 2.6951e-01, 
 2DIAGNOSTIC,    28, -6.770092844963e-01, 1.123752554122e-06, 1.1181e+01, 2.6734e-01, 
 2DIAGNOSTIC,    29, -6.770091652870e-01, 1.088919475478e-06, 1.1450e+01, 2.6896e-01, 
 2DIAGNOSTIC,    30, -6.770092844963e-01, 1.054006361301e-06, 1.1717e+01, 2.6783e-01, 
 2DIAGNOSTIC,    31, -6.770092844963e-01, 1.018537091113e-06, 1.1988e+01, 2.7081e-01, 
DIAGNOSTIC,Iteration,metricValue,convergenceValue,ITERATION_TIME_INDEX,SINCE_LAST
 2DIAGNOSTIC,     1, -6.146861910820e-01, inf, 1.4516e+01, 2.5276e+00, 
  Elapsed time (stage 0): 1.5823e+01


Total elapsed time: 1.5824e+01
Using single precision for computations.
Input scalar image: /home/mpib/nemecz/Projects/miniTRK/Analysis/01_MRI/Preproc/GroupTempl/T1w/sub-546563_T1w.nii.gz
Reference image: /home/mpib/nemecz/Projects/miniTRK/Results/01_MRI/GroupTempl/T1w/T_template0.nii.gz
=============================================================================
The composite transform comprises the following transforms (in order): 
  1. /home/mpib/nemecz/Projects/miniTRK/Results/01_MRI/GroupTempl/T1w/rigid17_0GenericAffine.mat (type = AffineTransform)
=============================================================================
Default pixel value: 0
Interpolation type: LinearInterpolateImageFunction
Output warped image: /home/mpib/nemecz/Projects/miniTRK/Results/01_MRI/GroupTempl/T1w/rigid17_0_sub-546563_T1w.nii.gz
