
Running N4 for 3-dimensional images.

Mask not read.  Using the entire image as the mask.

Original intensity range:  [0, 856]

***********************************************************
Warning:  Your input image contains nonpositive values
which could cause failure or problematic results.  A
possible workaround would be to:
   1. rescale your image to positive values e.g., [10,100].
   2. run N4 on your rescaled image.
   3. (optional) rescale the N4 output to the original
      intensity range.
***********************************************************

Specified spline distance: 200mm
  original image size:  [192, 256, 256]
  padded image size:  [201, 401, 401]
  number of control points:  [4, 5, 5]

Current level = 1
  Iteration 1 (of 50).   Current convergence value = 0.000700426 (threshold = 1e-08)
  Iteration 2 (of 50).   Current convergence value = 0.000418094 (threshold = 1e-08)
  Iteration 3 (of 50).   Current convergence value = 0.000268073 (threshold = 1e-08)
  Iteration 4 (of 50).   Current convergence value = 0.000194519 (threshold = 1e-08)
  Iteration 5 (of 50).   Current convergence value = 0.000145891 (threshold = 1e-08)
  Iteration 6 (of 50).   Current convergence value = 0.000113384 (threshold = 1e-08)
  Iteration 7 (of 50).   Current convergence value = 9.2562e-05 (threshold = 1e-08)
  Iteration 8 (of 50).   Current convergence value = 7.95345e-05 (threshold = 1e-08)
  Iteration 9 (of 50).   Current convergence value = 7.12697e-05 (threshold = 1e-08)
  Iteration 10 (of 50).   Current convergence value = 6.59719e-05 (threshold = 1e-08)
  Iteration 11 (of 50).   Current convergence value = 6.20692e-05 (threshold = 1e-08)
  Iteration 12 (of 50).   Current convergence value = 5.89372e-05 (threshold = 1e-08)
  Iteration 13 (of 50).   Current convergence value = 5.62721e-05 (threshold = 1e-08)
  Iteration 14 (of 50).   Current convergence value = 5.40167e-05 (threshold = 1e-08)
  Iteration 15 (of 50).   Current convergence value = 5.19555e-05 (threshold = 1e-08)
  Iteration 16 (of 50).   Current convergence value = 4.99568e-05 (threshold = 1e-08)
  Iteration 17 (of 50).   Current convergence value = 4.80673e-05 (threshold = 1e-08)
  Iteration 18 (of 50).   Current convergence value = 4.64321e-05 (threshold = 1e-08)
  Iteration 19 (of 50).   Current convergence value = 4.48525e-05 (threshold = 1e-08)
  Iteration 20 (of 50).   Current convergence value = 4.34286e-05 (threshold = 1e-08)
  Iteration 21 (of 50).   Current convergence value = 4.22105e-05 (threshold = 1e-08)
  Iteration 22 (of 50).   Current convergence value = 4.11582e-05 (threshold = 1e-08)
  Iteration 23 (of 50).   Current convergence value = 4.03112e-05 (threshold = 1e-08)
  Iteration 24 (of 50).   Current convergence value = 3.9611e-05 (threshold = 1e-08)
  Iteration 25 (of 50).   Current convergence value = 3.90489e-05 (threshold = 1e-08)
  Iteration 26 (of 50).   Current convergence value = 3.86224e-05 (threshold = 1e-08)
  Iteration 27 (of 50).   Current convergence value = 3.83117e-05 (threshold = 1e-08)
  Iteration 28 (of 50).   Current convergence value = 3.81023e-05 (threshold = 1e-08)
  Iteration 29 (of 50).   Current convergence value = 3.79999e-05 (threshold = 1e-08)
  Iteration 30 (of 50).   Current convergence value = 3.80591e-05 (threshold = 1e-08)
  Iteration 31 (of 50).   Current convergence value = 3.82314e-05 (threshold = 1e-08)
  Iteration 32 (of 50).   Current convergence value = 3.83715e-05 (threshold = 1e-08)
  Iteration 33 (of 50).   Current convergence value = 3.869e-05 (threshold = 1e-08)
  Iteration 34 (of 50).   Current convergence value = 3.9028e-05 (threshold = 1e-08)
  Iteration 35 (of 50).   Current convergence value = 3.93867e-05 (threshold = 1e-08)
  Iteration 36 (of 50).   Current convergence value = 3.97279e-05 (threshold = 1e-08)
  Iteration 37 (of 50).   Current convergence value = 4.02093e-05 (threshold = 1e-08)
  Iteration 38 (of 50).   Current convergence value = 4.07151e-05 (threshold = 1e-08)
  Iteration 39 (of 50).   Current convergence value = 4.12208e-05 (threshold = 1e-08)
  Iteration 40 (of 50).   Current convergence value = 4.17328e-05 (threshold = 1e-08)
  Iteration 41 (of 50).   Current convergence value = 4.21926e-05 (threshold = 1e-08)
  Iteration 42 (of 50).   Current convergence value = 4.26702e-05 (threshold = 1e-08)
  Iteration 43 (of 50).   Current convergence value = 4.32028e-05 (threshold = 1e-08)
  Iteration 44 (of 50).   Current convergence value = 4.36265e-05 (threshold = 1e-08)
  Iteration 45 (of 50).   Current convergence value = 4.41567e-05 (threshold = 1e-08)
  Iteration 46 (of 50).   Current convergence value = 4.46179e-05 (threshold = 1e-08)
  Iteration 47 (of 50).   Current convergence value = 4.51085e-05 (threshold = 1e-08)
  Iteration 48 (of 50).   Current convergence value = 4.55476e-05 (threshold = 1e-08)
  Iteration 49 (of 50).   Current convergence value = 4.59559e-05 (threshold = 1e-08)
  Iteration 50 (of 50).   Current convergence value = 4.62486e-05 (threshold = 1e-08)
Current level = 2
  Iteration 1 (of 50).   Current convergence value = 0.000535792 (threshold = 1e-08)
  Iteration 2 (of 50).   Current convergence value = 0.000494449 (threshold = 1e-08)
  Iteration 3 (of 50).   Current convergence value = 0.000467199 (threshold = 1e-08)
  Iteration 4 (of 50).   Current convergence value = 0.000443656 (threshold = 1e-08)
  Iteration 5 (of 50).   Current convergence value = 0.000421445 (threshold = 1e-08)
  Iteration 6 (of 50).   Current convergence value = 0.000399144 (threshold = 1e-08)
  Iteration 7 (of 50).   Current convergence value = 0.000377368 (threshold = 1e-08)
  Iteration 8 (of 50).   Current convergence value = 0.000356591 (threshold = 1e-08)
  Iteration 9 (of 50).   Current convergence value = 0.000336075 (threshold = 1e-08)
  Iteration 10 (of 50).   Current convergence value = 0.000317255 (threshold = 1e-08)
  Iteration 11 (of 50).   Current convergence value = 0.000299204 (threshold = 1e-08)
  Iteration 12 (of 50).   Current convergence value = 0.000283341 (threshold = 1e-08)
  Iteration 13 (of 50).   Current convergence value = 0.000269232 (threshold = 1e-08)
  Iteration 14 (of 50).   Current convergence value = 0.000256262 (threshold = 1e-08)
  Iteration 15 (of 50).   Current convergence value = 0.00024526 (threshold = 1e-08)
  Iteration 16 (of 50).   Current convergence value = 0.000233269 (threshold = 1e-08)
  Iteration 17 (of 50).   Current convergence value = 0.000220878 (threshold = 1e-08)
  Iteration 18 (of 50).   Current convergence value = 0.000209295 (threshold = 1e-08)
  Iteration 19 (of 50).   Current convergence value = 0.000198868 (threshold = 1e-08)
  Iteration 20 (of 50).   Current convergence value = 0.000189882 (threshold = 1e-08)
  Iteration 21 (of 50).   Current convergence value = 0.000182755 (threshold = 1e-08)
  Iteration 22 (of 50).   Current convergence value = 0.000176598 (threshold = 1e-08)
  Iteration 23 (of 50).   Current convergence value = 0.000171007 (threshold = 1e-08)
  Iteration 24 (of 50).   Current convergence value = 0.000166383 (threshold = 1e-08)
  Iteration 25 (of 50).   Current convergence value = 0.000162422 (threshold = 1e-08)
  Iteration 26 (of 50).   Current convergence value = 0.000158909 (threshold = 1e-08)
  Iteration 27 (of 50).   Current convergence value = 0.000155999 (threshold = 1e-08)
  Iteration 28 (of 50).   Current convergence value = 0.0001535 (threshold = 1e-08)
  Iteration 29 (of 50).   Current convergence value = 0.000151112 (threshold = 1e-08)
  Iteration 30 (of 50).   Current convergence value = 0.000149174 (threshold = 1e-08)
  Iteration 31 (of 50).   Current convergence value = 0.000147416 (threshold = 1e-08)
  Iteration 32 (of 50).   Current convergence value = 0.000146159 (threshold = 1e-08)
  Iteration 33 (of 50).   Current convergence value = 0.000144988 (threshold = 1e-08)
  Iteration 34 (of 50).   Current convergence value = 0.000143903 (threshold = 1e-08)
  Iteration 35 (of 50).   Current convergence value = 0.000142819 (threshold = 1e-08)
  Iteration 36 (of 50).   Current convergence value = 0.000142016 (threshold = 1e-08)
  Iteration 37 (of 50).   Current convergence value = 0.000142828 (threshold = 1e-08)
  Iteration 38 (of 50).   Current convergence value = 0.000142161 (threshold = 1e-08)
  Iteration 39 (of 50).   Current convergence value = 0.000140991 (threshold = 1e-08)
  Iteration 40 (of 50).   Current convergence value = 0.000139913 (threshold = 1e-08)
  Iteration 41 (of 50).   Current convergence value = 0.000139056 (threshold = 1e-08)
  Iteration 42 (of 50).   Current convergence value = 0.000138076 (threshold = 1e-08)
  Iteration 43 (of 50).   Current convergence value = 0.000137661 (threshold = 1e-08)
  Iteration 44 (of 50).   Current convergence value = 0.000136785 (threshold = 1e-08)
  Iteration 45 (of 50).   Current convergence value = 0.000136185 (threshold = 1e-08)
  Iteration 46 (of 50).   Current convergence value = 0.000135708 (threshold = 1e-08)
  Iteration 47 (of 50).   Current convergence value = 0.000135356 (threshold = 1e-08)
  Iteration 48 (of 50).   Current convergence value = 0.000134831 (threshold = 1e-08)
  Iteration 49 (of 50).   Current convergence value = 0.000107619 (threshold = 1e-08)
  Iteration 50 (of 50).   Current convergence value = 0.00010593 (threshold = 1e-08)
Current level = 3
  Iteration 1 (of 40).   Current convergence value = 0.000805123 (threshold = 1e-08)
  Iteration 2 (of 40).   Current convergence value = 0.000727079 (threshold = 1e-08)
  Iteration 3 (of 40).   Current convergence value = 0.000700873 (threshold = 1e-08)
  Iteration 4 (of 40).   Current convergence value = 0.000704642 (threshold = 1e-08)
  Iteration 5 (of 40).   Current convergence value = 0.000692699 (threshold = 1e-08)
  Iteration 6 (of 40).   Current convergence value = 0.000679414 (threshold = 1e-08)
  Iteration 7 (of 40).   Current convergence value = 0.000663974 (threshold = 1e-08)
  Iteration 8 (of 40).   Current convergence value = 0.000627587 (threshold = 1e-08)
  Iteration 9 (of 40).   Current convergence value = 0.000589859 (threshold = 1e-08)
  Iteration 10 (of 40).   Current convergence value = 0.000569457 (threshold = 1e-08)
  Iteration 11 (of 40).   Current convergence value = 0.000552972 (threshold = 1e-08)
  Iteration 12 (of 40).   Current convergence value = 0.00053922 (threshold = 1e-08)
  Iteration 13 (of 40).   Current convergence value = 0.000527368 (threshold = 1e-08)
  Iteration 14 (of 40).   Current convergence value = 0.000516864 (threshold = 1e-08)
  Iteration 15 (of 40).   Current convergence value = 0.000507518 (threshold = 1e-08)
  Iteration 16 (of 40).   Current convergence value = 0.000498965 (threshold = 1e-08)
  Iteration 17 (of 40).   Current convergence value = 0.000491069 (threshold = 1e-08)
  Iteration 18 (of 40).   Current convergence value = 0.000483696 (threshold = 1e-08)
  Iteration 19 (of 40).   Current convergence value = 0.000468456 (threshold = 1e-08)
  Iteration 20 (of 40).   Current convergence value = 0.000452889 (threshold = 1e-08)
  Iteration 21 (of 40).   Current convergence value = 0.000438978 (threshold = 1e-08)
  Iteration 22 (of 40).   Current convergence value = 0.000426299 (threshold = 1e-08)
  Iteration 23 (of 40).   Current convergence value = 0.000415025 (threshold = 1e-08)
  Iteration 24 (of 40).   Current convergence value = 0.000404938 (threshold = 1e-08)
  Iteration 25 (of 40).   Current convergence value = 0.000396041 (threshold = 1e-08)
  Iteration 26 (of 40).   Current convergence value = 0.000387845 (threshold = 1e-08)
  Iteration 27 (of 40).   Current convergence value = 0.000380376 (threshold = 1e-08)
  Iteration 28 (of 40).   Current convergence value = 0.000373513 (threshold = 1e-08)
  Iteration 29 (of 40).   Current convergence value = 0.000367427 (threshold = 1e-08)
  Iteration 30 (of 40).   Current convergence value = 0.000361882 (threshold = 1e-08)
  Iteration 31 (of 40).   Current convergence value = 0.000356744 (threshold = 1e-08)
  Iteration 32 (of 40).   Current convergence value = 0.000352059 (threshold = 1e-08)
  Iteration 33 (of 40).   Current convergence value = 0.000347969 (threshold = 1e-08)
  Iteration 34 (of 40).   Current convergence value = 0.00034412 (threshold = 1e-08)
  Iteration 35 (of 40).   Current convergence value = 0.000340922 (threshold = 1e-08)
  Iteration 36 (of 40).   Current convergence value = 0.000337886 (threshold = 1e-08)
  Iteration 37 (of 40).   Current convergence value = 0.000335163 (threshold = 1e-08)
  Iteration 38 (of 40).   Current convergence value = 0.000332822 (threshold = 1e-08)
  Iteration 39 (of 40).   Current convergence value = 0.000330696 (threshold = 1e-08)
  Iteration 40 (of 40).   Current convergence value = 0.000328731 (threshold = 1e-08)
Current level = 4
  Iteration 1 (of 30).   Current convergence value = 0.00175061 (threshold = 1e-08)
  Iteration 2 (of 30).   Current convergence value = 0.00186544 (threshold = 1e-08)
  Iteration 3 (of 30).   Current convergence value = 0.00200173 (threshold = 1e-08)
  Iteration 4 (of 30).   Current convergence value = 0.00186808 (threshold = 1e-08)
  Iteration 5 (of 30).   Current convergence value = 0.00179147 (threshold = 1e-08)
  Iteration 6 (of 30).   Current convergence value = 0.00171841 (threshold = 1e-08)
  Iteration 7 (of 30).   Current convergence value = 0.00165539 (threshold = 1e-08)
  Iteration 8 (of 30).   Current convergence value = 0.00160513 (threshold = 1e-08)
  Iteration 9 (of 30).   Current convergence value = 0.00156049 (threshold = 1e-08)
  Iteration 10 (of 30).   Current convergence value = 0.00151676 (threshold = 1e-08)
  Iteration 11 (of 30).   Current convergence value = 0.00147542 (threshold = 1e-08)
  Iteration 12 (of 30).   Current convergence value = 0.00145197 (threshold = 1e-08)
  Iteration 13 (of 30).   Current convergence value = 0.00143599 (threshold = 1e-08)
  Iteration 14 (of 30).   Current convergence value = 0.00143397 (threshold = 1e-08)
  Iteration 15 (of 30).   Current convergence value = 0.00143553 (threshold = 1e-08)
  Iteration 16 (of 30).   Current convergence value = 0.00143626 (threshold = 1e-08)
  Iteration 17 (of 30).   Current convergence value = 0.00144166 (threshold = 1e-08)
  Iteration 18 (of 30).   Current convergence value = 0.0014411 (threshold = 1e-08)
  Iteration 19 (of 30).   Current convergence value = 0.00142983 (threshold = 1e-08)
  Iteration 20 (of 30).   Current convergence value = 0.00140881 (threshold = 1e-08)
  Iteration 21 (of 30).   Current convergence value = 0.001379 (threshold = 1e-08)
  Iteration 22 (of 30).   Current convergence value = 0.00135525 (threshold = 1e-08)
  Iteration 23 (of 30).   Current convergence value = 0.00137718 (threshold = 1e-08)
  Iteration 24 (of 30).   Current convergence value = 0.0013864 (threshold = 1e-08)
  Iteration 25 (of 30).   Current convergence value = 0.0013643 (threshold = 1e-08)
  Iteration 26 (of 30).   Current convergence value = 0.00132072 (threshold = 1e-08)
  Iteration 27 (of 30).   Current convergence value = 0.00126858 (threshold = 1e-08)
  Iteration 28 (of 30).   Current convergence value = 0.00118368 (threshold = 1e-08)
  Iteration 29 (of 30).   Current convergence value = 0.000880799 (threshold = 1e-08)
  Iteration 30 (of 30).   Current convergence value = 0.000757115 (threshold = 1e-08)
   N4BiasFieldCorrectionImageFilter (0x55ad9af78e20)
     RTTI typeinfo:   itk::N4BiasFieldCorrectionImageFilter<itk::Image<float, 3u>, itk::Image<float, 3u>, itk::Image<float, 3u> >
     Reference Count: 1
     Modified Time: 565
     Debug: Off
     Object Name: 
     Observers: 
       IterationEvent(Command)
     Inputs: 
       ConfidenceImage: (0)
       MaskImage: (0x55ad9afa35e0)
       Primary: (0x55ad9af9eb30) *
     Indexed Inputs: 
       0: Primary (0x55ad9af9eb30)
       1: MaskImage (0x55ad9afa35e0)
       2: ConfidenceImage (0)
     Required Input Names: Primary
     NumberOfRequiredInputs: 1
     Outputs: 
       Primary: (0x55ad9af88ef0)
     Indexed Outputs: 
       0: Primary (0x55ad9af88ef0)
     NumberOfRequiredOutputs: 1
     Number Of Work Units: 32
     ReleaseDataFlag: Off
     ReleaseDataBeforeUpdateFlag: Off
     AbortGenerateData: Off
     Progress: 0
     Multithreader: 
       RTTI typeinfo:   itk::PoolMultiThreader
       Reference Count: 1
       Modified Time: 144
       Debug: Off
       Object Name: 
       Observers: 
         none
       Number of Work Units: 32
       Number of Threads: 8
       Global Maximum Number Of Threads: 128
       Global Default Number Of Threads: 8
       Global Default Threader Type: itk::MultiThreaderBaseEnums::Threader::Pool
       SingleMethod: 0
       SingleData: 0
     DynamicMultiThreading: On
     CoordinateTolerance: 1e-06
     DirectionTolerance: 1e-06
     Use Mask Label: 0
     Mask label: 1
     Number of histogram bins: 200
     Wiener filter noise: 0.01
     Bias field FWHM: 0.15
     Maximum number of iterations: [50, 50, 40, 30]
     Convergence threshold: 1e-08
     Spline order: 3
     Number of fitting levels: [4, 4, 4]
     Number of control points: [4, 5, 5]
     CurrentConvergenceMeasurement: 0.000757115
     CurrentLevel: 4
     ElapsedIterations: 31
     LogBiasFieldControlPointLattice: 
       Image (0x55ada63184b0)
         RTTI typeinfo:   itk::Image<itk::Vector<float, 1u>, 3u>
         Reference Count: 1
         Modified Time: 343560
         Debug: Off
         Object Name: 
         Observers: 
           none
         Source: (none)
         Source output name: (none)
         Release Data: Off
         Data Released: False
         Global Release Data: Off
         PipelineMTime: 0
         UpdateMTime: 0
         RealTimeStamp: 0 seconds 
         LargestPossibleRegion: 
           Dimension: 3
           Index: [0, 0, 0]
           Size: [11, 19, 19]
         BufferedRegion: 
           Dimension: 3
           Index: [0, 0, 0]
           Size: [11, 19, 19]
         RequestedRegion: 
           Dimension: 3
           Index: [0, 0, 0]
           Size: [11, 19, 19]
         Spacing: [24.75, 24.875, 24.875]
         Origin: [22.8732, 24.8246, -26.658]
         Direction: 
-0.998535 0.0467792 0.0272117
-0.045518 -0.997938 0.0452542
0.0292725 0.0439493 0.998605

         IndexToPointMatrix: 
-24.7137 1.16363 0.676891
-1.12657 -24.8237 1.1257
0.724495 1.09324 24.8403

         PointToIndexMatrix: 
-0.0403448 -0.00183911 0.00118273
0.00188057 -0.0401181 0.0017668
0.00109394 0.00181927 0.0401449

         Inverse Direction: 
-0.998535 -0.045518 0.0292725
0.0467792 -0.997938 0.0439493
0.0272117 0.0452542 0.998605

         PixelContainer: 
           ImportImageContainer (0x55ada725f340)
             RTTI typeinfo:   itk::ImportImageContainer<unsigned long, itk::Vector<float, 1u> >
             Reference Count: 1
             Modified Time: 343561
             Debug: Off
             Object Name: 
             Observers: 
               none
             Pointer: 0x55ada511d940
             Container manages memory: true
             Size: 3971
             Capacity: 3971
Elapsed time: 307.001
All_Command_lines_OK
Using single precision for computations.
=============================================================================
The composite transform comprises the following transforms (in order): 
  1. Center of mass alignment using fixed image: /home/mpib/nemecz/Projects/miniTRK/Results/01_MRI/GroupTempl/T1w/T_template0.nii.gz and moving image: /home/mpib/nemecz/Projects/miniTRK/Analysis/01_MRI/Preproc/GroupTempl/T1w/sub-700822_T1w.nii.gz (type = Euler3DTransform)
=============================================================================
  number of levels = 4
  number of levels = 4
  number of levels = 4
  fixed image: /home/mpib/nemecz/Projects/miniTRK/Results/01_MRI/GroupTempl/T1w/T_template0.nii.gz
  moving image: /home/mpib/nemecz/Projects/miniTRK/Results/01_MRI/GroupTempl/T1w/T_template0sub-700822_T1wRepaired.nii.gz
  fixed image: /home/mpib/nemecz/Projects/miniTRK/Results/01_MRI/GroupTempl/T1w/T_template0.nii.gz
  moving image: /home/mpib/nemecz/Projects/miniTRK/Results/01_MRI/GroupTempl/T1w/T_template0sub-700822_T1wRepaired.nii.gz
  fixed image: /home/mpib/nemecz/Projects/miniTRK/Results/01_MRI/GroupTempl/T1w/T_template0.nii.gz
  moving image: /home/mpib/nemecz/Projects/miniTRK/Results/01_MRI/GroupTempl/T1w/T_template0sub-700822_T1wRepaired.nii.gz
Dimension = 3
Number of stages = 3
Use Histogram Matching true
Winsorize image intensities true
Lower quantile = 0.01
Upper quantile = 0.99
Stage 1 State
   Image metric = Mattes
     Fixed image = Image (0x55700f817ad0)
  RTTI typeinfo:   itk::Image<float, 3u>
  Reference Count: 2
  Modified Time: 1721
  Debug: Off
  Object Name: 
  Observers: 
    none
  Source: (none)
  Source output name: (none)
  Release Data: Off
  Data Released: False
  Global Release Data: Off
  PipelineMTime: 0
  UpdateMTime: 1506
  RealTimeStamp: 0 seconds 
  LargestPossibleRegion: 
    Dimension: 3
    Index: [0, 0, 0]
    Size: [192, 256, 256]
  BufferedRegion: 
    Dimension: 3
    Index: [0, 0, 0]
    Size: [192, 256, 256]
  RequestedRegion: 
    Dimension: 3
    Index: [0, 0, 0]
    Size: [192, 256, 256]
  Spacing: [1, 1, 1]
  Origin: [95.0313, 100.538, -154.123]
  Direction: 
-0.999853 -0.014134 -0.00966312
0.014129 -0.9999 0.000586045
-0.00967044 0.000449429 0.999953

  IndexToPointMatrix: 
-0.999853 -0.014134 -0.00966312
0.014129 -0.9999 0.000586045
-0.00967044 0.000449429 0.999953

  PointToIndexMatrix: 
-0.999853 0.014129 -0.00967044
-0.014134 -0.9999 0.000449429
-0.00966312 0.000586045 0.999953

  Inverse Direction: 
-0.999853 0.014129 -0.00967044
-0.014134 -0.9999 0.000449429
-0.00966312 0.000586045 0.999953

  PixelContainer: 
    ImportImageContainer (0x55700f81fc80)
      RTTI typeinfo:   itk::ImportImageContainer<unsigned long, float>
      Reference Count: 1
      Modified Time: 1503
      Debug: Off
      Object Name: 
      Observers: 
        none
      Pointer: 0x7f77aa216010
      Container manages memory: true
      Size: 12582912
      Capacity: 12582912

     Moving image = Image (0x55700f818bc0)
  RTTI typeinfo:   itk::Image<float, 3u>
  Reference Count: 2
  Modified Time: 1722
  Debug: Off
  Object Name: 
  Observers: 
    none
  Source: (none)
  Source output name: (none)
  Release Data: Off
  Data Released: False
  Global Release Data: Off
  PipelineMTime: 0
  UpdateMTime: 1719
  RealTimeStamp: 0 seconds 
  LargestPossibleRegion: 
    Dimension: 3
    Index: [0, 0, 0]
    Size: [192, 256, 256]
  BufferedRegion: 
    Dimension: 3
    Index: [0, 0, 0]
    Size: [192, 256, 256]
  RequestedRegion: 
    Dimension: 3
    Index: [0, 0, 0]
    Size: [192, 256, 256]
  Spacing: [1, 1, 1]
  Origin: [83.8983, 97.5533, -159.033]
  Direction: 
-0.998535 0.0467792 0.0272117
-0.045518 -0.997938 0.0452542
0.0292725 0.0439493 0.998605

  IndexToPointMatrix: 
-0.998535 0.0467792 0.0272117
-0.045518 -0.997938 0.0452542
0.0292725 0.0439493 0.998605

  PointToIndexMatrix: 
-0.998535 -0.045518 0.0292725
0.0467792 -0.997938 0.0439493
0.0272117 0.0452542 0.998605

  Inverse Direction: 
-0.998535 -0.045518 0.0292725
0.0467792 -0.997938 0.0439493
0.0272117 0.0452542 0.998605

  PixelContainer: 
    ImportImageContainer (0x55700f824100)
      RTTI typeinfo:   itk::ImportImageContainer<unsigned long, float>
      Reference Count: 1
      Modified Time: 1716
      Debug: Off
      Object Name: 
      Observers: 
        none
      Pointer: 0x7f77a7215010
      Container manages memory: true
      Size: 12582912
      Capacity: 12582912

     Weighting = 1
     Sampling strategy = regular
     Number of bins = 32
     Radius = 4
     Sampling percentage  = 0.25
   Transform = Rigid
     Gradient step = 0.1
     Update field sigma (voxel space) = 0
     Total field sigma (voxel space) = 0
     Update field time sigma = 0
     Total field time sigma  = 0
     Number of time indices = 0
     Number of time point samples = 0
Stage 2 State
   Image metric = Mattes
     Fixed image = Image (0x55700f830870)
  RTTI typeinfo:   itk::Image<float, 3u>
  Reference Count: 2
  Modified Time: 2149
  Debug: Off
  Object Name: 
  Observers: 
    none
  Source: (none)
  Source output name: (none)
  Release Data: Off
  Data Released: False
  Global Release Data: Off
  PipelineMTime: 0
  UpdateMTime: 1934
  RealTimeStamp: 0 seconds 
  LargestPossibleRegion: 
    Dimension: 3
    Index: [0, 0, 0]
    Size: [192, 256, 256]
  BufferedRegion: 
    Dimension: 3
    Index: [0, 0, 0]
    Size: [192, 256, 256]
  RequestedRegion: 
    Dimension: 3
    Index: [0, 0, 0]
    Size: [192, 256, 256]
  Spacing: [1, 1, 1]
  Origin: [95.0313, 100.538, -154.123]
  Direction: 
-0.999853 -0.014134 -0.00966312
0.014129 -0.9999 0.000586045
-0.00967044 0.000449429 0.999953

  IndexToPointMatrix: 
-0.999853 -0.014134 -0.00966312
0.014129 -0.9999 0.000586045
-0.00967044 0.000449429 0.999953

  PointToIndexMatrix: 
-0.999853 0.014129 -0.00967044
-0.014134 -0.9999 0.000449429
-0.00966312 0.000586045 0.999953

  Inverse Direction: 
-0.999853 0.014129 -0.00967044
-0.014134 -0.9999 0.000449429
-0.00966312 0.000586045 0.999953

  PixelContainer: 
    ImportImageContainer (0x55700f81b6d0)
      RTTI typeinfo:   itk::ImportImageContainer<unsigned long, float>
      Reference Count: 1
      Modified Time: 1931
      Debug: Off
      Object Name: 
      Observers: 
        none
      Pointer: 0x7f77a4214010
      Container manages memory: true
      Size: 12582912
      Capacity: 12582912

     Moving image = Image (0x55700f8304c0)
  RTTI typeinfo:   itk::Image<float, 3u>
  Reference Count: 2
  Modified Time: 2150
  Debug: Off
  Object Name: 
  Observers: 
    none
  Source: (none)
  Source output name: (none)
  Release Data: Off
  Data Released: False
  Global Release Data: Off
  PipelineMTime: 0
  UpdateMTime: 2147
  RealTimeStamp: 0 seconds 
  LargestPossibleRegion: 
    Dimension: 3
    Index: [0, 0, 0]
    Size: [192, 256, 256]
  BufferedRegion: 
    Dimension: 3
    Index: [0, 0, 0]
    Size: [192, 256, 256]
  RequestedRegion: 
    Dimension: 3
    Index: [0, 0, 0]
    Size: [192, 256, 256]
  Spacing: [1, 1, 1]
  Origin: [83.8983, 97.5533, -159.033]
  Direction: 
-0.998535 0.0467792 0.0272117
-0.045518 -0.997938 0.0452542
0.0292725 0.0439493 0.998605

  IndexToPointMatrix: 
-0.998535 0.0467792 0.0272117
-0.045518 -0.997938 0.0452542
0.0292725 0.0439493 0.998605

  PointToIndexMatrix: 
-0.998535 -0.045518 0.0292725
0.0467792 -0.997938 0.0439493
0.0272117 0.0452542 0.998605

  Inverse Direction: 
-0.998535 -0.045518 0.0292725
0.0467792 -0.997938 0.0439493
0.0272117 0.0452542 0.998605

  PixelContainer: 
    ImportImageContainer (0x55700f8318c0)
      RTTI typeinfo:   itk::ImportImageContainer<unsigned long, float>
      Reference Count: 1
      Modified Time: 2144
      Debug: Off
      Object Name: 
      Observers: 
        none
      Pointer: 0x7f77a1213010
      Container manages memory: true
      Size: 12582912
      Capacity: 12582912

     Weighting = 1
     Sampling strategy = regular
     Number of bins = 32
     Radius = 4
     Sampling percentage  = 0.25
   Transform = Affine
     Gradient step = 0.1
     Update field sigma (voxel space) = 0
     Total field sigma (voxel space) = 0
     Update field time sigma = 0
     Total field time sigma  = 0
     Number of time indices = 0
     Number of time point samples = 0
Stage 3 State
   Image metric = CC
     Fixed image = Image (0x55700f837960)
  RTTI typeinfo:   itk::Image<float, 3u>
  Reference Count: 2
  Modified Time: 2577
  Debug: Off
  Object Name: 
  Observers: 
    none
  Source: (none)
  Source output name: (none)
  Release Data: Off
  Data Released: False
  Global Release Data: Off
  PipelineMTime: 0
  UpdateMTime: 2362
  RealTimeStamp: 0 seconds 
  LargestPossibleRegion: 
    Dimension: 3
    Index: [0, 0, 0]
    Size: [192, 256, 256]
  BufferedRegion: 
    Dimension: 3
    Index: [0, 0, 0]
    Size: [192, 256, 256]
  RequestedRegion: 
    Dimension: 3
    Index: [0, 0, 0]
    Size: [192, 256, 256]
  Spacing: [1, 1, 1]
  Origin: [95.0313, 100.538, -154.123]
  Direction: 
-0.999853 -0.014134 -0.00966312
0.014129 -0.9999 0.000586045
-0.00967044 0.000449429 0.999953

  IndexToPointMatrix: 
-0.999853 -0.014134 -0.00966312
0.014129 -0.9999 0.000586045
-0.00967044 0.000449429 0.999953

  PointToIndexMatrix: 
-0.999853 0.014129 -0.00967044
-0.014134 -0.9999 0.000449429
-0.00966312 0.000586045 0.999953

  Inverse Direction: 
-0.999853 0.014129 -0.00967044
-0.014134 -0.9999 0.000449429
-0.00966312 0.000586045 0.999953

  PixelContainer: 
    ImportImageContainer (0x55700f818660)
      RTTI typeinfo:   itk::ImportImageContainer<unsigned long, float>
      Reference Count: 1
      Modified Time: 2359
      Debug: Off
      Object Name: 
      Observers: 
        none
      Pointer: 0x7f779e212010
      Container manages memory: true
      Size: 12582912
      Capacity: 12582912

     Moving image = Image (0x55700f839840)
  RTTI typeinfo:   itk::Image<float, 3u>
  Reference Count: 2
  Modified Time: 2578
  Debug: Off
  Object Name: 
  Observers: 
    none
  Source: (none)
  Source output name: (none)
  Release Data: Off
  Data Released: False
  Global Release Data: Off
  PipelineMTime: 0
  UpdateMTime: 2575
  RealTimeStamp: 0 seconds 
  LargestPossibleRegion: 
    Dimension: 3
    Index: [0, 0, 0]
    Size: [192, 256, 256]
  BufferedRegion: 
    Dimension: 3
    Index: [0, 0, 0]
    Size: [192, 256, 256]
  RequestedRegion: 
    Dimension: 3
    Index: [0, 0, 0]
    Size: [192, 256, 256]
  Spacing: [1, 1, 1]
  Origin: [83.8983, 97.5533, -159.033]
  Direction: 
-0.998535 0.0467792 0.0272117
-0.045518 -0.997938 0.0452542
0.0292725 0.0439493 0.998605

  IndexToPointMatrix: 
-0.998535 0.0467792 0.0272117
-0.045518 -0.997938 0.0452542
0.0292725 0.0439493 0.998605

  PointToIndexMatrix: 
-0.998535 -0.045518 0.0292725
0.0467792 -0.997938 0.0439493
0.0272117 0.0452542 0.998605

  Inverse Direction: 
-0.998535 -0.045518 0.0292725
0.0467792 -0.997938 0.0439493
0.0272117 0.0452542 0.998605

  PixelContainer: 
    ImportImageContainer (0x55700f836660)
      RTTI typeinfo:   itk::ImportImageContainer<unsigned long, float>
      Reference Count: 1
      Modified Time: 2572
      Debug: Off
      Object Name: 
      Observers: 
        none
      Pointer: 0x7f779b211010
      Container manages memory: true
      Size: 12582912
      Capacity: 12582912

     Weighting = 1
     Sampling strategy = none
     Number of bins = 32
     Radius = 4
     Sampling percentage  = 1
   Transform = SyN
     Gradient step = 0.1
     Update field sigma (voxel space) = 3
     Total field sigma (voxel space) = 0
     Update field time sigma = 0
     Total field time sigma  = 0
     Number of time indices = 0
     Number of time point samples = 0
Registration using 3 total stages.

Stage 0
  iterations = 1000x500x250x0
  convergence threshold = 1e-06
  convergence window size = 10
  number of levels = 4
  using the Mattes MI metric (number of bins = 32, weight = 1)
  preprocessing:  winsorizing the image intensities
  preprocessing:  histogram matching the images
  Shrink factors (level 1 out of 4): [6, 6, 6]
  Shrink factors (level 2 out of 4): [4, 4, 4]
  Shrink factors (level 3 out of 4): [2, 2, 2]
  Shrink factors (level 4 out of 4): [1, 1, 1]
  smoothing sigmas per level: [4, 2, 1, 0]
  regular sampling (percentage = 0.25)

*** Running Euler3DTransform registration ***

DIAGNOSTIC,Iteration,metricValue,convergenceValue,ITERATION_TIME_INDEX,SINCE_LAST
 2DIAGNOSTIC,     1, -8.001878261566e-01, inf, 6.3927e-01, 6.3927e-01, 
 2DIAGNOSTIC,     2, -8.021941184998e-01, inf, 6.4664e-01, 7.3690e-03, 
 2DIAGNOSTIC,     3, -8.055644631386e-01, inf, 6.5405e-01, 7.4100e-03, 
 2DIAGNOSTIC,     4, -8.101573586464e-01, inf, 6.6120e-01, 7.1490e-03, 
 2DIAGNOSTIC,     5, -8.155658841133e-01, inf, 6.6852e-01, 7.3171e-03, 
 2DIAGNOSTIC,     6, -8.215212821960e-01, inf, 6.7596e-01, 7.4441e-03, 
 2DIAGNOSTIC,     7, -8.272549510002e-01, inf, 6.8318e-01, 7.2198e-03, 
 2DIAGNOSTIC,     8, -8.340040445328e-01, inf, 6.9060e-01, 7.4179e-03, 
 2DIAGNOSTIC,     9, -8.500231504440e-01, inf, 6.9959e-01, 8.9860e-03, 
 2DIAGNOSTIC,    10, -9.305370450020e-01, 6.890443153679e-03, 7.1375e-01, 1.4168e-02, 
 2DIAGNOSTIC,    11, -9.446667432785e-01, 8.896288461983e-03, 7.2272e-01, 8.9681e-03, 
 2DIAGNOSTIC,    12, -9.480068087578e-01, 9.907140396535e-03, 7.3017e-01, 7.4470e-03, 
 2DIAGNOSTIC,    13, -9.507954716682e-01, 1.004541013390e-02, 7.3732e-01, 7.1521e-03, 
 2DIAGNOSTIC,    14, -9.561291337013e-01, 9.476637467742e-03, 7.4749e-01, 1.0171e-02, 
 2DIAGNOSTIC,    15, -9.573586583138e-01, 8.242863230407e-03, 7.5471e-01, 7.2191e-03, 
 2DIAGNOSTIC,    16, -9.578185677528e-01, 6.550526712090e-03, 7.6194e-01, 7.2300e-03, 
 2DIAGNOSTIC,    17, -9.586383104324e-01, 4.623708780855e-03, 7.7217e-01, 1.0229e-02, 
 2DIAGNOSTIC,    18, -9.593863487244e-01, 2.649439265952e-03, 7.8033e-01, 8.1570e-03, 
 2DIAGNOSTIC,    19, -9.602522253990e-01, 9.023900493048e-04, 7.8834e-01, 8.0149e-03, 
 2DIAGNOSTIC,    20, -9.605119228363e-01, 5.402100505307e-04, 7.9732e-01, 8.9750e-03, 
 2DIAGNOSTIC,    21, -9.604809880257e-01, 3.784178989008e-04, 8.0535e-01, 8.0278e-03, 
 2DIAGNOSTIC,    22, -9.604831337929e-01, 2.453822526149e-04, 8.1342e-01, 8.0771e-03, 
 2DIAGNOSTIC,    23, -9.604499936104e-01, 1.377035368932e-04, 8.2259e-01, 9.1710e-03, 
 2DIAGNOSTIC,    24, -9.604511857033e-01, 9.627187682781e-05, 8.3065e-01, 8.0590e-03, 
 2DIAGNOSTIC,    25, -9.604514241219e-01, 6.490911619039e-05, 8.4021e-01, 9.5589e-03, 
 2DIAGNOSTIC,    26, -9.604516029358e-01, 3.565457518562e-05, 8.4967e-01, 9.4609e-03, 
 2DIAGNOSTIC,    27, -9.604161381721e-01, 1.445205271011e-05, 8.5807e-01, 8.4019e-03, 
 2DIAGNOSTIC,    28, -9.604168534279e-01, 1.705416934783e-06, 8.6659e-01, 8.5208e-03, 
DIAGNOSTIC,Iteration,metricValue,convergenceValue,ITERATION_TIME_INDEX,SINCE_LAST
 2DIAGNOSTIC,     1, -7.664022445679e-01, inf, 1.5908e+00, 7.2422e-01, 
 2DIAGNOSTIC,     2, -7.680714726448e-01, inf, 1.6234e+00, 3.2617e-02, 
 2DIAGNOSTIC,     3, -7.696885466576e-01, inf, 1.6547e+00, 3.1297e-02, 
 2DIAGNOSTIC,     4, -7.705891132355e-01, inf, 1.6859e+00, 3.1131e-02, 
 2DIAGNOSTIC,     5, -7.708410620689e-01, inf, 1.7157e+00, 2.9803e-02, 
 2DIAGNOSTIC,     6, -7.710104584694e-01, inf, 1.7507e+00, 3.5038e-02, 
 2DIAGNOSTIC,     7, -7.711612582207e-01, inf, 1.7850e+00, 3.4288e-02, 
 2DIAGNOSTIC,     8, -7.713739871979e-01, inf, 1.8235e+00, 3.8492e-02, 
 2DIAGNOSTIC,     9, -7.714285254478e-01, inf, 1.8586e+00, 3.5134e-02, 
 2DIAGNOSTIC,    10, -7.714395523071e-01, 3.518391749822e-04, 1.8929e+00, 3.4303e-02, 
 2DIAGNOSTIC,    11, -7.714611291885e-01, 1.968415890587e-04, 1.9274e+00, 3.4500e-02, 
 2DIAGNOSTIC,    12, -7.714645266533e-01, 1.006691672956e-04, 1.9580e+00, 3.0607e-02, 
 2DIAGNOSTIC,    13, -7.714837789536e-01, 5.620983938570e-05, 1.9883e+00, 3.0240e-02, 
 2DIAGNOSTIC,    14, -7.715224027634e-01, 3.784770888160e-05, 2.0234e+00, 3.5123e-02, 
 2DIAGNOSTIC,    15, -7.715410590172e-01, 2.532149119361e-05, 2.0586e+00, 3.5197e-02, 
 2DIAGNOSTIC,    16, -7.715480327606e-01, 1.627660276426e-05, 2.0937e+00, 3.5126e-02, 
 2DIAGNOSTIC,    17, -7.715555429459e-01, 1.031117153616e-05, 2.1281e+00, 3.4437e-02, 
 2DIAGNOSTIC,    18, -7.715771198273e-01, 9.001008947962e-06, 2.1591e+00, 3.0993e-02, 
 2DIAGNOSTIC,    19, -7.716197967529e-01, 9.021788173413e-06, 2.2024e+00, 4.3298e-02, 
 2DIAGNOSTIC,    20, -7.716397643089e-01, 8.899964996090e-06, 2.2374e+00, 3.4922e-02, 
 2DIAGNOSTIC,    21, -7.716391086578e-01, 8.491091648466e-06, 2.2678e+00, 3.0399e-02, 
 2DIAGNOSTIC,    22, -7.716332077980e-01, 7.441991328960e-06, 2.3028e+00, 3.5054e-02, 
 2DIAGNOSTIC,    23, -7.716384530067e-01, 6.302573183348e-06, 2.3377e+00, 3.4882e-02, 
 2DIAGNOSTIC,    24, -7.716341018677e-01, 5.301511009748e-06, 2.3771e+00, 3.9401e-02, 
 2DIAGNOSTIC,    25, -7.716283798218e-01, 4.195689143671e-06, 2.4116e+00, 3.4526e-02, 
 2DIAGNOSTIC,    26, -7.716225981712e-01, 2.929757101811e-06, 2.4428e+00, 3.1138e-02, 
 2DIAGNOSTIC,    27, -7.716330289841e-01, 1.846446252785e-06, 2.4780e+00, 3.5237e-02, 
 2DIAGNOSTIC,    28, -7.716366052628e-01, 1.088912199521e-06, 2.5085e+00, 3.0537e-02, 
DIAGNOSTIC,Iteration,metricValue,convergenceValue,ITERATION_TIME_INDEX,SINCE_LAST
 2DIAGNOSTIC,     1, -6.667921543121e-01, inf, 3.4641e+00, 9.5557e-01, 
 2DIAGNOSTIC,     2, -6.676422357559e-01, inf, 3.6634e+00, 1.9928e-01, 
 2DIAGNOSTIC,     3, -6.682381629944e-01, inf, 3.8575e+00, 1.9409e-01, 
 2DIAGNOSTIC,     4, -6.684897542000e-01, inf, 4.0767e+00, 2.1918e-01, 
 2DIAGNOSTIC,     5, -6.685165166855e-01, inf, 4.3026e+00, 2.2590e-01, 
 2DIAGNOSTIC,     6, -6.685183644295e-01, inf, 4.5002e+00, 1.9761e-01, 
 2DIAGNOSTIC,     7, -6.685216426849e-01, inf, 4.7233e+00, 2.2310e-01, 
 2DIAGNOSTIC,     8, -6.685291528702e-01, inf, 4.9484e+00, 2.2508e-01, 
 2DIAGNOSTIC,     9, -6.685287952423e-01, inf, 5.1716e+00, 2.2330e-01, 
 2DIAGNOSTIC,    10, -6.685327887535e-01, 1.194897122332e-04, 5.3920e+00, 2.2040e-01, 
 2DIAGNOSTIC,    11, -6.685262918472e-01, 4.833329148823e-05, 5.6146e+00, 2.2260e-01, 
 2DIAGNOSTIC,    12, -6.685301661491e-01, 1.475319186284e-05, 5.8398e+00, 2.2516e-01, 
 2DIAGNOSTIC,    13, -6.685269474983e-01, 4.404873834574e-06, 6.0879e+00, 2.4812e-01, 
 2DIAGNOSTIC,    14, -6.685260534286e-01, 2.951622036562e-06, 6.3863e+00, 2.9840e-01, 
 2DIAGNOSTIC,    15, -6.685265898705e-01, 2.407491365375e-06, 6.6052e+00, 2.1887e-01, 
 2DIAGNOSTIC,    16, -6.685246229172e-01, 1.901774680846e-06, 6.8520e+00, 2.4679e-01, 
 2DIAGNOSTIC,    17, -6.685241460800e-01, 1.530262238703e-06, 7.0753e+00, 2.2336e-01, 
 2DIAGNOSTIC,    18, -6.685246229172e-01, 1.420125727236e-06, 7.3230e+00, 2.4769e-01, 
 2DIAGNOSTIC,    19, -6.685245633125e-01, 1.340960466223e-06, 7.5577e+00, 2.3466e-01, 
 2DIAGNOSTIC,    20, -6.685240268707e-01, 1.378086153636e-06, 7.7806e+00, 2.2294e-01, 
 2DIAGNOSTIC,    21, -6.685237288475e-01, 1.291697344641e-06, 8.0299e+00, 2.4922e-01, 
 2DIAGNOSTIC,    22, -6.685234904289e-01, 1.306324065808e-06, 8.2538e+00, 2.2395e-01, 
 2DIAGNOSTIC,    23, -6.685236096382e-01, 1.275251065636e-06, 8.4797e+00, 2.2589e-01, 
 2DIAGNOSTIC,    24, -6.685237288475e-01, 1.242162056769e-06, 8.7103e+00, 2.3056e-01, 
 2DIAGNOSTIC,    25, -6.685231328011e-01, 1.219618525283e-06, 8.9349e+00, 2.2469e-01, 
 2DIAGNOSTIC,    26, -6.685232520103e-01, 1.174341832666e-06, 9.1865e+00, 2.5154e-01, 
 2DIAGNOSTIC,    27, -6.685231328011e-01, 1.127251721300e-06, 9.4093e+00, 2.2277e-01, 
 2DIAGNOSTIC,    28, -6.685230135918e-01, 1.093531068364e-06, 9.6297e+00, 2.2049e-01, 
 2DIAGNOSTIC,    29, -6.685230135918e-01, 1.065466449290e-06, 9.8782e+00, 2.4842e-01, 
 2DIAGNOSTIC,    30, -6.685231924057e-01, 1.037381252900e-06, 1.0104e+01, 2.2573e-01, 
 2DIAGNOSTIC,    31, -6.685229539871e-01, 1.005990156955e-06, 1.0325e+01, 2.2111e-01, 
DIAGNOSTIC,Iteration,metricValue,convergenceValue,ITERATION_TIME_INDEX,SINCE_LAST
 2DIAGNOSTIC,     1, -6.004524827003e-01, inf, 1.2736e+01, 2.4107e+00, 
  Elapsed time (stage 0): 1.4134e+01


Stage 1
  iterations = 1000x500x250x0
  convergence threshold = 1.0000e-06
  convergence window size = 10
  number of levels = 4
  using the Mattes MI metric (number of bins = 32, weight = 1.0000e+00)
  preprocessing:  winsorizing the image intensities
  preprocessing:  histogram matching the images
  Shrink factors (level 1 out of 4): [6, 6, 6]
  Shrink factors (level 2 out of 4): [4, 4, 4]
  Shrink factors (level 3 out of 4): [2, 2, 2]
  Shrink factors (level 4 out of 4): [1, 1, 1]
  smoothing sigmas per level: [4, 2, 1, 0]
  regular sampling (percentage = 2.5000e-01)

*** Running AffineTransform registration ***

DIAGNOSTIC,Iteration,metricValue,convergenceValue,ITERATION_TIME_INDEX,SINCE_LAST
 2DIAGNOSTIC,     1, -9.552623629570e-01, inf, 6.5247e-01, 6.5247e-01, 
 2DIAGNOSTIC,     2, -9.575074911118e-01, inf, 6.6081e-01, 8.3461e-03, 
 2DIAGNOSTIC,     3, -9.608553647995e-01, inf, 6.6886e-01, 8.0490e-03, 
