
Running N4 for 3-dimensional images.

Mask not read.  Using the entire image as the mask.

Original intensity range:  [0, 876]

***********************************************************
Warning:  Your input image contains nonpositive values
which could cause failure or problematic results.  A
possible workaround would be to:
   1. rescale your image to positive values e.g., [10,100].
   2. run N4 on your rescaled image.
   3. (optional) rescale the N4 output to the original
      intensity range.
***********************************************************

Specified spline distance: 200mm
  original image size:  [192, 256, 256]
  padded image size:  [201, 401, 401]
  number of control points:  [4, 5, 5]

Current level = 1
  Iteration 1 (of 50).   Current convergence value = 0.000503473 (threshold = 1e-08)
  Iteration 2 (of 50).   Current convergence value = 0.000356204 (threshold = 1e-08)
  Iteration 3 (of 50).   Current convergence value = 0.000276291 (threshold = 1e-08)
  Iteration 4 (of 50).   Current convergence value = 0.000252159 (threshold = 1e-08)
  Iteration 5 (of 50).   Current convergence value = 0.000238212 (threshold = 1e-08)
  Iteration 6 (of 50).   Current convergence value = 0.00020083 (threshold = 1e-08)
  Iteration 7 (of 50).   Current convergence value = 0.000164733 (threshold = 1e-08)
  Iteration 8 (of 50).   Current convergence value = 0.000136618 (threshold = 1e-08)
  Iteration 9 (of 50).   Current convergence value = 0.000114768 (threshold = 1e-08)
  Iteration 10 (of 50).   Current convergence value = 9.80146e-05 (threshold = 1e-08)
  Iteration 11 (of 50).   Current convergence value = 8.51235e-05 (threshold = 1e-08)
  Iteration 12 (of 50).   Current convergence value = 7.5537e-05 (threshold = 1e-08)
  Iteration 13 (of 50).   Current convergence value = 6.83901e-05 (threshold = 1e-08)
  Iteration 14 (of 50).   Current convergence value = 6.27942e-05 (threshold = 1e-08)
  Iteration 15 (of 50).   Current convergence value = 5.84611e-05 (threshold = 1e-08)
  Iteration 16 (of 50).   Current convergence value = 5.50653e-05 (threshold = 1e-08)
  Iteration 17 (of 50).   Current convergence value = 5.23143e-05 (threshold = 1e-08)
  Iteration 18 (of 50).   Current convergence value = 5.00303e-05 (threshold = 1e-08)
  Iteration 19 (of 50).   Current convergence value = 4.80536e-05 (threshold = 1e-08)
  Iteration 20 (of 50).   Current convergence value = 4.63156e-05 (threshold = 1e-08)
  Iteration 21 (of 50).   Current convergence value = 4.47143e-05 (threshold = 1e-08)
  Iteration 22 (of 50).   Current convergence value = 4.33112e-05 (threshold = 1e-08)
  Iteration 23 (of 50).   Current convergence value = 4.20109e-05 (threshold = 1e-08)
  Iteration 24 (of 50).   Current convergence value = 4.07284e-05 (threshold = 1e-08)
  Iteration 25 (of 50).   Current convergence value = 3.95855e-05 (threshold = 1e-08)
  Iteration 26 (of 50).   Current convergence value = 3.84584e-05 (threshold = 1e-08)
  Iteration 27 (of 50).   Current convergence value = 3.74301e-05 (threshold = 1e-08)
  Iteration 28 (of 50).   Current convergence value = 3.63836e-05 (threshold = 1e-08)
  Iteration 29 (of 50).   Current convergence value = 3.54378e-05 (threshold = 1e-08)
  Iteration 30 (of 50).   Current convergence value = 3.45509e-05 (threshold = 1e-08)
  Iteration 31 (of 50).   Current convergence value = 3.37418e-05 (threshold = 1e-08)
  Iteration 32 (of 50).   Current convergence value = 3.29662e-05 (threshold = 1e-08)
  Iteration 33 (of 50).   Current convergence value = 3.2256e-05 (threshold = 1e-08)
  Iteration 34 (of 50).   Current convergence value = 3.16271e-05 (threshold = 1e-08)
  Iteration 35 (of 50).   Current convergence value = 3.10473e-05 (threshold = 1e-08)
  Iteration 36 (of 50).   Current convergence value = 3.0533e-05 (threshold = 1e-08)
  Iteration 37 (of 50).   Current convergence value = 3.0096e-05 (threshold = 1e-08)
  Iteration 38 (of 50).   Current convergence value = 2.97137e-05 (threshold = 1e-08)
  Iteration 39 (of 50).   Current convergence value = 2.94022e-05 (threshold = 1e-08)
  Iteration 40 (of 50).   Current convergence value = 2.91654e-05 (threshold = 1e-08)
  Iteration 41 (of 50).   Current convergence value = 2.89769e-05 (threshold = 1e-08)
  Iteration 42 (of 50).   Current convergence value = 2.88152e-05 (threshold = 1e-08)
  Iteration 43 (of 50).   Current convergence value = 2.8761e-05 (threshold = 1e-08)
  Iteration 44 (of 50).   Current convergence value = 2.87346e-05 (threshold = 1e-08)
  Iteration 45 (of 50).   Current convergence value = 2.87416e-05 (threshold = 1e-08)
  Iteration 46 (of 50).   Current convergence value = 2.87864e-05 (threshold = 1e-08)
  Iteration 47 (of 50).   Current convergence value = 2.88607e-05 (threshold = 1e-08)
  Iteration 48 (of 50).   Current convergence value = 2.89957e-05 (threshold = 1e-08)
  Iteration 49 (of 50).   Current convergence value = 2.914e-05 (threshold = 1e-08)
  Iteration 50 (of 50).   Current convergence value = 2.93364e-05 (threshold = 1e-08)
Current level = 2
  Iteration 1 (of 50).   Current convergence value = 0.000419543 (threshold = 1e-08)
  Iteration 2 (of 50).   Current convergence value = 0.000382447 (threshold = 1e-08)
  Iteration 3 (of 50).   Current convergence value = 0.00037508 (threshold = 1e-08)
  Iteration 4 (of 50).   Current convergence value = 0.00037649 (threshold = 1e-08)
  Iteration 5 (of 50).   Current convergence value = 0.000379099 (threshold = 1e-08)
  Iteration 6 (of 50).   Current convergence value = 0.000379519 (threshold = 1e-08)
  Iteration 7 (of 50).   Current convergence value = 0.000377789 (threshold = 1e-08)
  Iteration 8 (of 50).   Current convergence value = 0.000374355 (threshold = 1e-08)
  Iteration 9 (of 50).   Current convergence value = 0.000369972 (threshold = 1e-08)
  Iteration 10 (of 50).   Current convergence value = 0.000362596 (threshold = 1e-08)
  Iteration 11 (of 50).   Current convergence value = 0.000355914 (threshold = 1e-08)
  Iteration 12 (of 50).   Current convergence value = 0.000349104 (threshold = 1e-08)
  Iteration 13 (of 50).   Current convergence value = 0.000342864 (threshold = 1e-08)
  Iteration 14 (of 50).   Current convergence value = 0.000336595 (threshold = 1e-08)
  Iteration 15 (of 50).   Current convergence value = 0.000330106 (threshold = 1e-08)
  Iteration 16 (of 50).   Current convergence value = 0.00032441 (threshold = 1e-08)
  Iteration 17 (of 50).   Current convergence value = 0.000318194 (threshold = 1e-08)
  Iteration 18 (of 50).   Current convergence value = 0.000312517 (threshold = 1e-08)
  Iteration 19 (of 50).   Current convergence value = 0.000307297 (threshold = 1e-08)
  Iteration 20 (of 50).   Current convergence value = 0.000301567 (threshold = 1e-08)
  Iteration 21 (of 50).   Current convergence value = 0.000296528 (threshold = 1e-08)
  Iteration 22 (of 50).   Current convergence value = 0.000291955 (threshold = 1e-08)
  Iteration 23 (of 50).   Current convergence value = 0.000287326 (threshold = 1e-08)
  Iteration 24 (of 50).   Current convergence value = 0.000283102 (threshold = 1e-08)
  Iteration 25 (of 50).   Current convergence value = 0.000279004 (threshold = 1e-08)
  Iteration 26 (of 50).   Current convergence value = 0.000275186 (threshold = 1e-08)
  Iteration 27 (of 50).   Current convergence value = 0.000271037 (threshold = 1e-08)
  Iteration 28 (of 50).   Current convergence value = 0.0002671 (threshold = 1e-08)
  Iteration 29 (of 50).   Current convergence value = 0.000263378 (threshold = 1e-08)
  Iteration 30 (of 50).   Current convergence value = 0.00025991 (threshold = 1e-08)
  Iteration 31 (of 50).   Current convergence value = 0.000256317 (threshold = 1e-08)
  Iteration 32 (of 50).   Current convergence value = 0.000252505 (threshold = 1e-08)
  Iteration 33 (of 50).   Current convergence value = 0.0002491 (threshold = 1e-08)
  Iteration 34 (of 50).   Current convergence value = 0.000245755 (threshold = 1e-08)
  Iteration 35 (of 50).   Current convergence value = 0.000242759 (threshold = 1e-08)
  Iteration 36 (of 50).   Current convergence value = 0.000239621 (threshold = 1e-08)
  Iteration 37 (of 50).   Current convergence value = 0.00023641 (threshold = 1e-08)
  Iteration 38 (of 50).   Current convergence value = 0.000231385 (threshold = 1e-08)
  Iteration 39 (of 50).   Current convergence value = 0.000227264 (threshold = 1e-08)
  Iteration 40 (of 50).   Current convergence value = 0.000223441 (threshold = 1e-08)
  Iteration 41 (of 50).   Current convergence value = 0.000220139 (threshold = 1e-08)
  Iteration 42 (of 50).   Current convergence value = 0.000216817 (threshold = 1e-08)
  Iteration 43 (of 50).   Current convergence value = 0.00021361 (threshold = 1e-08)
  Iteration 44 (of 50).   Current convergence value = 0.000210575 (threshold = 1e-08)
  Iteration 45 (of 50).   Current convergence value = 0.000207507 (threshold = 1e-08)
  Iteration 46 (of 50).   Current convergence value = 0.000204656 (threshold = 1e-08)
  Iteration 47 (of 50).   Current convergence value = 0.000202043 (threshold = 1e-08)
  Iteration 48 (of 50).   Current convergence value = 0.000199617 (threshold = 1e-08)
  Iteration 49 (of 50).   Current convergence value = 0.000197191 (threshold = 1e-08)
  Iteration 50 (of 50).   Current convergence value = 0.000194441 (threshold = 1e-08)
Current level = 3
  Iteration 1 (of 40).   Current convergence value = 0.00121527 (threshold = 1e-08)
  Iteration 2 (of 40).   Current convergence value = 0.00121239 (threshold = 1e-08)
  Iteration 3 (of 40).   Current convergence value = 0.00116125 (threshold = 1e-08)
  Iteration 4 (of 40).   Current convergence value = 0.0011414 (threshold = 1e-08)
  Iteration 5 (of 40).   Current convergence value = 0.00115159 (threshold = 1e-08)
  Iteration 6 (of 40).   Current convergence value = 0.00116511 (threshold = 1e-08)
  Iteration 7 (of 40).   Current convergence value = 0.00114135 (threshold = 1e-08)
  Iteration 8 (of 40).   Current convergence value = 0.00111933 (threshold = 1e-08)
  Iteration 9 (of 40).   Current convergence value = 0.00109692 (threshold = 1e-08)
  Iteration 10 (of 40).   Current convergence value = 0.00107517 (threshold = 1e-08)
  Iteration 11 (of 40).   Current convergence value = 0.00105311 (threshold = 1e-08)
  Iteration 12 (of 40).   Current convergence value = 0.00102296 (threshold = 1e-08)
  Iteration 13 (of 40).   Current convergence value = 0.000953413 (threshold = 1e-08)
  Iteration 14 (of 40).   Current convergence value = 0.000890545 (threshold = 1e-08)
  Iteration 15 (of 40).   Current convergence value = 0.000840076 (threshold = 1e-08)
  Iteration 16 (of 40).   Current convergence value = 0.000799542 (threshold = 1e-08)
  Iteration 17 (of 40).   Current convergence value = 0.000765339 (threshold = 1e-08)
  Iteration 18 (of 40).   Current convergence value = 0.000733111 (threshold = 1e-08)
  Iteration 19 (of 40).   Current convergence value = 0.000703928 (threshold = 1e-08)
  Iteration 20 (of 40).   Current convergence value = 0.000677577 (threshold = 1e-08)
  Iteration 21 (of 40).   Current convergence value = 0.000653001 (threshold = 1e-08)
  Iteration 22 (of 40).   Current convergence value = 0.000630067 (threshold = 1e-08)
  Iteration 23 (of 40).   Current convergence value = 0.000608374 (threshold = 1e-08)
  Iteration 24 (of 40).   Current convergence value = 0.00058786 (threshold = 1e-08)
  Iteration 25 (of 40).   Current convergence value = 0.000568151 (threshold = 1e-08)
  Iteration 26 (of 40).   Current convergence value = 0.000548431 (threshold = 1e-08)
  Iteration 27 (of 40).   Current convergence value = 0.000528456 (threshold = 1e-08)
  Iteration 28 (of 40).   Current convergence value = 0.000510156 (threshold = 1e-08)
  Iteration 29 (of 40).   Current convergence value = 0.000493496 (threshold = 1e-08)
  Iteration 30 (of 40).   Current convergence value = 0.000478142 (threshold = 1e-08)
  Iteration 31 (of 40).   Current convergence value = 0.000463838 (threshold = 1e-08)
  Iteration 32 (of 40).   Current convergence value = 0.000450425 (threshold = 1e-08)
  Iteration 33 (of 40).   Current convergence value = 0.000437825 (threshold = 1e-08)
  Iteration 34 (of 40).   Current convergence value = 0.000426034 (threshold = 1e-08)
  Iteration 35 (of 40).   Current convergence value = 0.00041008 (threshold = 1e-08)
  Iteration 36 (of 40).   Current convergence value = 0.000399634 (threshold = 1e-08)
  Iteration 37 (of 40).   Current convergence value = 0.000388774 (threshold = 1e-08)
  Iteration 38 (of 40).   Current convergence value = 0.000378244 (threshold = 1e-08)
  Iteration 39 (of 40).   Current convergence value = 0.000368201 (threshold = 1e-08)
  Iteration 40 (of 40).   Current convergence value = 0.000358753 (threshold = 1e-08)
Current level = 4
  Iteration 1 (of 30).   Current convergence value = 0.00171595 (threshold = 1e-08)
  Iteration 2 (of 30).   Current convergence value = 0.00169147 (threshold = 1e-08)
  Iteration 3 (of 30).   Current convergence value = 0.00165387 (threshold = 1e-08)
  Iteration 4 (of 30).   Current convergence value = 0.00160375 (threshold = 1e-08)
  Iteration 5 (of 30).   Current convergence value = 0.00163007 (threshold = 1e-08)
  Iteration 6 (of 30).   Current convergence value = 0.00179334 (threshold = 1e-08)
  Iteration 7 (of 30).   Current convergence value = 0.00181893 (threshold = 1e-08)
  Iteration 8 (of 30).   Current convergence value = 0.00174332 (threshold = 1e-08)
  Iteration 9 (of 30).   Current convergence value = 0.0016829 (threshold = 1e-08)
  Iteration 10 (of 30).   Current convergence value = 0.00162776 (threshold = 1e-08)
  Iteration 11 (of 30).   Current convergence value = 0.00157832 (threshold = 1e-08)
  Iteration 12 (of 30).   Current convergence value = 0.00155507 (threshold = 1e-08)
  Iteration 13 (of 30).   Current convergence value = 0.00154223 (threshold = 1e-08)
  Iteration 14 (of 30).   Current convergence value = 0.00153573 (threshold = 1e-08)
  Iteration 15 (of 30).   Current convergence value = 0.00153361 (threshold = 1e-08)
  Iteration 16 (of 30).   Current convergence value = 0.00153276 (threshold = 1e-08)
  Iteration 17 (of 30).   Current convergence value = 0.00151759 (threshold = 1e-08)
  Iteration 18 (of 30).   Current convergence value = 0.00150228 (threshold = 1e-08)
  Iteration 19 (of 30).   Current convergence value = 0.00148878 (threshold = 1e-08)
  Iteration 20 (of 30).   Current convergence value = 0.00147616 (threshold = 1e-08)
  Iteration 21 (of 30).   Current convergence value = 0.00146392 (threshold = 1e-08)
  Iteration 22 (of 30).   Current convergence value = 0.0014502 (threshold = 1e-08)
  Iteration 23 (of 30).   Current convergence value = 0.001434 (threshold = 1e-08)
  Iteration 24 (of 30).   Current convergence value = 0.00141443 (threshold = 1e-08)
  Iteration 25 (of 30).   Current convergence value = 0.0013905 (threshold = 1e-08)
  Iteration 26 (of 30).   Current convergence value = 0.00136258 (threshold = 1e-08)
  Iteration 27 (of 30).   Current convergence value = 0.0013304 (threshold = 1e-08)
  Iteration 28 (of 30).   Current convergence value = 0.0012926 (threshold = 1e-08)
  Iteration 29 (of 30).   Current convergence value = 0.00125124 (threshold = 1e-08)
  Iteration 30 (of 30).   Current convergence value = 0.00120643 (threshold = 1e-08)
   N4BiasFieldCorrectionImageFilter (0x56015266be20)
     RTTI typeinfo:   itk::N4BiasFieldCorrectionImageFilter<itk::Image<float, 3u>, itk::Image<float, 3u>, itk::Image<float, 3u> >
     Reference Count: 1
     Modified Time: 565
     Debug: Off
     Object Name: 
     Observers: 
       IterationEvent(Command)
     Inputs: 
       ConfidenceImage: (0)
       MaskImage: (0x5601526965e0)
       Primary: (0x560152691b30) *
     Indexed Inputs: 
       0: Primary (0x560152691b30)
       1: MaskImage (0x5601526965e0)
       2: ConfidenceImage (0)
     Required Input Names: Primary
     NumberOfRequiredInputs: 1
     Outputs: 
       Primary: (0x56015267bef0)
     Indexed Outputs: 
       0: Primary (0x56015267bef0)
     NumberOfRequiredOutputs: 1
     Number Of Work Units: 32
     ReleaseDataFlag: Off
     ReleaseDataBeforeUpdateFlag: Off
     AbortGenerateData: Off
     Progress: 0
     Multithreader: 
       RTTI typeinfo:   itk::PoolMultiThreader
       Reference Count: 1
       Modified Time: 144
       Debug: Off
       Object Name: 
       Observers: 
         none
       Number of Work Units: 32
       Number of Threads: 8
       Global Maximum Number Of Threads: 128
       Global Default Number Of Threads: 8
       Global Default Threader Type: itk::MultiThreaderBaseEnums::Threader::Pool
       SingleMethod: 0
       SingleData: 0
     DynamicMultiThreading: On
     CoordinateTolerance: 1e-06
     DirectionTolerance: 1e-06
     Use Mask Label: 0
     Mask label: 1
     Number of histogram bins: 200
     Wiener filter noise: 0.01
     Bias field FWHM: 0.15
     Maximum number of iterations: [50, 50, 40, 30]
     Convergence threshold: 1e-08
     Spline order: 3
     Number of fitting levels: [4, 4, 4]
     Number of control points: [4, 5, 5]
     CurrentConvergenceMeasurement: 0.00120643
     CurrentLevel: 4
     ElapsedIterations: 31
     LogBiasFieldControlPointLattice: 
       Image (0x56015917b190)
         RTTI typeinfo:   itk::Image<itk::Vector<float, 1u>, 3u>
         Reference Count: 1
         Modified Time: 343560
         Debug: Off
         Object Name: 
         Observers: 
           none
         Source: (none)
         Source output name: (none)
         Release Data: Off
         Data Released: False
         Global Release Data: Off
         PipelineMTime: 0
         UpdateMTime: 0
         RealTimeStamp: 0 seconds 
         LargestPossibleRegion: 
           Dimension: 3
           Index: [0, 0, 0]
           Size: [11, 19, 19]
         BufferedRegion: 
           Dimension: 3
           Index: [0, 0, 0]
           Size: [11, 19, 19]
         RequestedRegion: 
           Dimension: 3
           Index: [0, 0, 0]
           Size: [11, 19, 19]
         Spacing: [24.75, 24.875, 24.875]
         Origin: [26.1367, 15.3029, -30.5415]
         Direction: 
-0.998694 -0.0506918 -0.00635592
0.046601 -0.954878 0.293321
-0.0209381 0.292641 0.955993

         IndexToPointMatrix: 
-24.7177 -1.26096 -0.158103
1.15337 -23.7526 7.29636
-0.518218 7.27944 23.7803

         PointToIndexMatrix: 
-0.0403513 0.00188287 -0.000845984
-0.00203786 -0.038387 0.0117645
-0.000255516 0.0117918 0.0384319

         Inverse Direction: 
-0.998694 0.046601 -0.0209381
-0.0506918 -0.954878 0.292642
-0.00635596 0.29332 0.955993

         PixelContainer: 
           ImportImageContainer (0x56015e6105c0)
             RTTI typeinfo:   itk::ImportImageContainer<unsigned long, itk::Vector<float, 1u> >
             Reference Count: 1
             Modified Time: 343561
             Debug: Off
             Object Name: 
             Observers: 
               none
             Pointer: 0x56015c8065f0
             Container manages memory: true
             Size: 3971
             Capacity: 3971
Elapsed time: 305.324
All_Command_lines_OK
Using single precision for computations.
=============================================================================
The composite transform comprises the following transforms (in order): 
  1. Center of mass alignment using fixed image: /home/mpib/nemecz/Projects/miniTRK/Results/01_MRI/GroupTempl/T1w/T_template0.nii.gz and moving image: /home/mpib/nemecz/Projects/miniTRK/Analysis/01_MRI/Preproc/GroupTempl/T1w/sub-760384_T1w.nii.gz (type = Euler3DTransform)
=============================================================================
  number of levels = 4
  number of levels = 4
  number of levels = 4
  fixed image: /home/mpib/nemecz/Projects/miniTRK/Results/01_MRI/GroupTempl/T1w/T_template0.nii.gz
  moving image: /home/mpib/nemecz/Projects/miniTRK/Results/01_MRI/GroupTempl/T1w/T_template0sub-760384_T1wRepaired.nii.gz
  fixed image: /home/mpib/nemecz/Projects/miniTRK/Results/01_MRI/GroupTempl/T1w/T_template0.nii.gz
  moving image: /home/mpib/nemecz/Projects/miniTRK/Results/01_MRI/GroupTempl/T1w/T_template0sub-760384_T1wRepaired.nii.gz
  fixed image: /home/mpib/nemecz/Projects/miniTRK/Results/01_MRI/GroupTempl/T1w/T_template0.nii.gz
  moving image: /home/mpib/nemecz/Projects/miniTRK/Results/01_MRI/GroupTempl/T1w/T_template0sub-760384_T1wRepaired.nii.gz
Dimension = 3
Number of stages = 3
Use Histogram Matching true
Winsorize image intensities true
Lower quantile = 0.01
Upper quantile = 0.99
Stage 1 State
   Image metric = Mattes
     Fixed image = Image (0x5557824d0ad0)
  RTTI typeinfo:   itk::Image<float, 3u>
  Reference Count: 2
  Modified Time: 1721
  Debug: Off
  Object Name: 
  Observers: 
    none
  Source: (none)
  Source output name: (none)
  Release Data: Off
  Data Released: False
  Global Release Data: Off
  PipelineMTime: 0
  UpdateMTime: 1506
  RealTimeStamp: 0 seconds 
  LargestPossibleRegion: 
    Dimension: 3
    Index: [0, 0, 0]
    Size: [192, 256, 256]
  BufferedRegion: 
    Dimension: 3
    Index: [0, 0, 0]
    Size: [192, 256, 256]
  RequestedRegion: 
    Dimension: 3
    Index: [0, 0, 0]
    Size: [192, 256, 256]
  Spacing: [1, 1, 1]
  Origin: [95.0313, 100.538, -154.123]
  Direction: 
-0.999853 -0.014134 -0.00966312
0.014129 -0.9999 0.000586045
-0.00967044 0.000449429 0.999953

  IndexToPointMatrix: 
-0.999853 -0.014134 -0.00966312
0.014129 -0.9999 0.000586045
-0.00967044 0.000449429 0.999953

  PointToIndexMatrix: 
-0.999853 0.014129 -0.00967044
-0.014134 -0.9999 0.000449429
-0.00966312 0.000586045 0.999953

  Inverse Direction: 
-0.999853 0.014129 -0.00967044
-0.014134 -0.9999 0.000449429
-0.00966312 0.000586045 0.999953

  PixelContainer: 
    ImportImageContainer (0x5557824d8c80)
      RTTI typeinfo:   itk::ImportImageContainer<unsigned long, float>
      Reference Count: 1
      Modified Time: 1503
      Debug: Off
      Object Name: 
      Observers: 
        none
      Pointer: 0x7ff2101d5010
      Container manages memory: true
      Size: 12582912
      Capacity: 12582912

     Moving image = Image (0x5557824d1bc0)
  RTTI typeinfo:   itk::Image<float, 3u>
  Reference Count: 2
  Modified Time: 1722
  Debug: Off
  Object Name: 
  Observers: 
    none
  Source: (none)
  Source output name: (none)
  Release Data: Off
  Data Released: False
  Global Release Data: Off
  PipelineMTime: 0
  UpdateMTime: 1719
  RealTimeStamp: 0 seconds 
  LargestPossibleRegion: 
    Dimension: 3
    Index: [0, 0, 0]
    Size: [192, 256, 256]
  BufferedRegion: 
    Dimension: 3
    Index: [0, 0, 0]
    Size: [192, 256, 256]
  RequestedRegion: 
    Dimension: 3
    Index: [0, 0, 0]
    Size: [192, 256, 256]
  Spacing: [1, 1, 1]
  Origin: [101.547, 43.4312, -185.885]
  Direction: 
-0.998694 -0.0506918 -0.00635594
0.046601 -0.954878 0.293321
-0.0209381 0.292641 0.955993

  IndexToPointMatrix: 
-0.998694 -0.0506918 -0.00635594
0.046601 -0.954878 0.293321
-0.0209381 0.292641 0.955993

  PointToIndexMatrix: 
-0.998694 0.046601 -0.0209381
-0.0506918 -0.954878 0.292641
-0.00635594 0.293321 0.955993

  Inverse Direction: 
-0.998694 0.046601 -0.0209381
-0.0506918 -0.954878 0.292641
-0.00635594 0.293321 0.955993

  PixelContainer: 
    ImportImageContainer (0x5557824dd100)
      RTTI typeinfo:   itk::ImportImageContainer<unsigned long, float>
      Reference Count: 1
      Modified Time: 1716
      Debug: Off
      Object Name: 
      Observers: 
        none
      Pointer: 0x7ff20d1d4010
      Container manages memory: true
      Size: 12582912
      Capacity: 12582912

     Weighting = 1
     Sampling strategy = regular
     Number of bins = 32
     Radius = 4
     Sampling percentage  = 0.25
   Transform = Rigid
     Gradient step = 0.1
     Update field sigma (voxel space) = 0
     Total field sigma (voxel space) = 0
     Update field time sigma = 0
     Total field time sigma  = 0
     Number of time indices = 0
     Number of time point samples = 0
Stage 2 State
   Image metric = Mattes
     Fixed image = Image (0x5557824e9870)
  RTTI typeinfo:   itk::Image<float, 3u>
  Reference Count: 2
  Modified Time: 2149
  Debug: Off
  Object Name: 
  Observers: 
    none
  Source: (none)
  Source output name: (none)
  Release Data: Off
  Data Released: False
  Global Release Data: Off
  PipelineMTime: 0
  UpdateMTime: 1934
  RealTimeStamp: 0 seconds 
  LargestPossibleRegion: 
    Dimension: 3
    Index: [0, 0, 0]
    Size: [192, 256, 256]
  BufferedRegion: 
    Dimension: 3
    Index: [0, 0, 0]
    Size: [192, 256, 256]
  RequestedRegion: 
    Dimension: 3
    Index: [0, 0, 0]
    Size: [192, 256, 256]
  Spacing: [1, 1, 1]
  Origin: [95.0313, 100.538, -154.123]
  Direction: 
-0.999853 -0.014134 -0.00966312
0.014129 -0.9999 0.000586045
-0.00967044 0.000449429 0.999953

  IndexToPointMatrix: 
-0.999853 -0.014134 -0.00966312
0.014129 -0.9999 0.000586045
-0.00967044 0.000449429 0.999953

  PointToIndexMatrix: 
-0.999853 0.014129 -0.00967044
-0.014134 -0.9999 0.000449429
-0.00966312 0.000586045 0.999953

  Inverse Direction: 
-0.999853 0.014129 -0.00967044
-0.014134 -0.9999 0.000449429
-0.00966312 0.000586045 0.999953

  PixelContainer: 
    ImportImageContainer (0x5557824d46d0)
      RTTI typeinfo:   itk::ImportImageContainer<unsigned long, float>
      Reference Count: 1
      Modified Time: 1931
      Debug: Off
      Object Name: 
      Observers: 
        none
      Pointer: 0x7ff20a1d3010
      Container manages memory: true
      Size: 12582912
      Capacity: 12582912

     Moving image = Image (0x5557824e94c0)
  RTTI typeinfo:   itk::Image<float, 3u>
  Reference Count: 2
  Modified Time: 2150
  Debug: Off
  Object Name: 
  Observers: 
    none
  Source: (none)
  Source output name: (none)
  Release Data: Off
  Data Released: False
  Global Release Data: Off
  PipelineMTime: 0
  UpdateMTime: 2147
  RealTimeStamp: 0 seconds 
  LargestPossibleRegion: 
    Dimension: 3
    Index: [0, 0, 0]
    Size: [192, 256, 256]
  BufferedRegion: 
    Dimension: 3
    Index: [0, 0, 0]
    Size: [192, 256, 256]
  RequestedRegion: 
    Dimension: 3
    Index: [0, 0, 0]
    Size: [192, 256, 256]
  Spacing: [1, 1, 1]
  Origin: [101.547, 43.4312, -185.885]
  Direction: 
-0.998694 -0.0506918 -0.00635594
0.046601 -0.954878 0.293321
-0.0209381 0.292641 0.955993

  IndexToPointMatrix: 
-0.998694 -0.0506918 -0.00635594
0.046601 -0.954878 0.293321
-0.0209381 0.292641 0.955993

  PointToIndexMatrix: 
-0.998694 0.046601 -0.0209381
-0.0506918 -0.954878 0.292641
-0.00635594 0.293321 0.955993

  Inverse Direction: 
-0.998694 0.046601 -0.0209381
-0.0506918 -0.954878 0.292641
-0.00635594 0.293321 0.955993

  PixelContainer: 
    ImportImageContainer (0x5557824ea8c0)
      RTTI typeinfo:   itk::ImportImageContainer<unsigned long, float>
      Reference Count: 1
      Modified Time: 2144
      Debug: Off
      Object Name: 
      Observers: 
        none
      Pointer: 0x7ff2071d2010
      Container manages memory: true
      Size: 12582912
      Capacity: 12582912

     Weighting = 1
     Sampling strategy = regular
     Number of bins = 32
     Radius = 4
     Sampling percentage  = 0.25
   Transform = Affine
     Gradient step = 0.1
     Update field sigma (voxel space) = 0
     Total field sigma (voxel space) = 0
     Update field time sigma = 0
     Total field time sigma  = 0
     Number of time indices = 0
     Number of time point samples = 0
Stage 3 State
   Image metric = CC
     Fixed image = Image (0x5557824f0960)
  RTTI typeinfo:   itk::Image<float, 3u>
  Reference Count: 2
  Modified Time: 2577
  Debug: Off
  Object Name: 
  Observers: 
    none
  Source: (none)
  Source output name: (none)
  Release Data: Off
  Data Released: False
  Global Release Data: Off
  PipelineMTime: 0
  UpdateMTime: 2362
  RealTimeStamp: 0 seconds 
  LargestPossibleRegion: 
    Dimension: 3
    Index: [0, 0, 0]
    Size: [192, 256, 256]
  BufferedRegion: 
    Dimension: 3
    Index: [0, 0, 0]
    Size: [192, 256, 256]
  RequestedRegion: 
    Dimension: 3
    Index: [0, 0, 0]
    Size: [192, 256, 256]
  Spacing: [1, 1, 1]
  Origin: [95.0313, 100.538, -154.123]
  Direction: 
-0.999853 -0.014134 -0.00966312
0.014129 -0.9999 0.000586045
-0.00967044 0.000449429 0.999953

  IndexToPointMatrix: 
-0.999853 -0.014134 -0.00966312
0.014129 -0.9999 0.000586045
-0.00967044 0.000449429 0.999953

  PointToIndexMatrix: 
-0.999853 0.014129 -0.00967044
-0.014134 -0.9999 0.000449429
-0.00966312 0.000586045 0.999953

  Inverse Direction: 
-0.999853 0.014129 -0.00967044
-0.014134 -0.9999 0.000449429
-0.00966312 0.000586045 0.999953

  PixelContainer: 
    ImportImageContainer (0x5557824d1660)
      RTTI typeinfo:   itk::ImportImageContainer<unsigned long, float>
      Reference Count: 1
      Modified Time: 2359
      Debug: Off
      Object Name: 
      Observers: 
        none
      Pointer: 0x7ff2041d1010
      Container manages memory: true
      Size: 12582912
      Capacity: 12582912

     Moving image = Image (0x5557824f2840)
  RTTI typeinfo:   itk::Image<float, 3u>
  Reference Count: 2
  Modified Time: 2578
  Debug: Off
  Object Name: 
  Observers: 
    none
  Source: (none)
  Source output name: (none)
  Release Data: Off
  Data Released: False
  Global Release Data: Off
  PipelineMTime: 0
  UpdateMTime: 2575
  RealTimeStamp: 0 seconds 
  LargestPossibleRegion: 
    Dimension: 3
    Index: [0, 0, 0]
    Size: [192, 256, 256]
  BufferedRegion: 
    Dimension: 3
    Index: [0, 0, 0]
    Size: [192, 256, 256]
  RequestedRegion: 
    Dimension: 3
    Index: [0, 0, 0]
    Size: [192, 256, 256]
  Spacing: [1, 1, 1]
  Origin: [101.547, 43.4312, -185.885]
  Direction: 
-0.998694 -0.0506918 -0.00635594
0.046601 -0.954878 0.293321
-0.0209381 0.292641 0.955993

  IndexToPointMatrix: 
-0.998694 -0.0506918 -0.00635594
0.046601 -0.954878 0.293321
-0.0209381 0.292641 0.955993

  PointToIndexMatrix: 
-0.998694 0.046601 -0.0209381
-0.0506918 -0.954878 0.292641
-0.00635594 0.293321 0.955993

  Inverse Direction: 
-0.998694 0.046601 -0.0209381
-0.0506918 -0.954878 0.292641
-0.00635594 0.293321 0.955993

  PixelContainer: 
    ImportImageContainer (0x5557824ef660)
      RTTI typeinfo:   itk::ImportImageContainer<unsigned long, float>
      Reference Count: 1
      Modified Time: 2572
      Debug: Off
      Object Name: 
      Observers: 
        none
      Pointer: 0x7ff2011d0010
      Container manages memory: true
      Size: 12582912
      Capacity: 12582912

     Weighting = 1
     Sampling strategy = none
     Number of bins = 32
     Radius = 4
     Sampling percentage  = 1
   Transform = SyN
     Gradient step = 0.1
     Update field sigma (voxel space) = 3
     Total field sigma (voxel space) = 0
     Update field time sigma = 0
     Total field time sigma  = 0
     Number of time indices = 0
     Number of time point samples = 0
Registration using 3 total stages.

Stage 0
  iterations = 1000x500x250x0
  convergence threshold = 1e-06
  convergence window size = 10
  number of levels = 4
  using the Mattes MI metric (number of bins = 32, weight = 1)
  preprocessing:  winsorizing the image intensities
  preprocessing:  histogram matching the images
  Shrink factors (level 1 out of 4): [6, 6, 6]
  Shrink factors (level 2 out of 4): [4, 4, 4]
  Shrink factors (level 3 out of 4): [2, 2, 2]
  Shrink factors (level 4 out of 4): [1, 1, 1]
  smoothing sigmas per level: [4, 2, 1, 0]
  regular sampling (percentage = 0.25)

*** Running Euler3DTransform registration ***

DIAGNOSTIC,Iteration,metricValue,convergenceValue,ITERATION_TIME_INDEX,SINCE_LAST
 2DIAGNOSTIC,     1, -6.895031929016e-01, inf, 5.0095e-01, 5.0095e-01, 
 2DIAGNOSTIC,     2, -6.916431188583e-01, inf, 5.0927e-01, 8.3189e-03, 
 2DIAGNOSTIC,     3, -6.952162384987e-01, inf, 5.1781e-01, 8.5411e-03, 
 2DIAGNOSTIC,     4, -7.015693187714e-01, inf, 5.2606e-01, 8.2512e-03, 
 2DIAGNOSTIC,     5, -7.119963169098e-01, inf, 5.3459e-01, 8.5239e-03, 
 2DIAGNOSTIC,     6, -7.266634106636e-01, inf, 5.4272e-01, 8.1282e-03, 
 2DIAGNOSTIC,     7, -7.430731058121e-01, inf, 5.5087e-01, 8.1511e-03, 
 2DIAGNOSTIC,     8, -7.544360160828e-01, inf, 5.5883e-01, 7.9598e-03, 
 2DIAGNOSTIC,     9, -7.639778852463e-01, inf, 5.6720e-01, 8.3730e-03, 
 2DIAGNOSTIC,    10, -7.773356437683e-01, 8.401772007346e-03, 5.7717e-01, 9.9699e-03, 
 2DIAGNOSTIC,    11, -8.001627326012e-01, 8.703253231943e-03, 5.8826e-01, 1.1092e-02, 
 2DIAGNOSTIC,    12, -8.070322871208e-01, 8.440532721579e-03, 5.9898e-01, 1.0721e-02, 
 2DIAGNOSTIC,    13, -8.113114833832e-01, 7.698171772063e-03, 6.0746e-01, 8.4789e-03, 
 2DIAGNOSTIC,    14, -8.157296180725e-01, 6.671412847936e-03, 6.1791e-01, 1.0449e-02, 
 2DIAGNOSTIC,    15, -8.236479163170e-01, 5.636064801365e-03, 6.2841e-01, 1.0499e-02, 
 2DIAGNOSTIC,    16, -8.263568878174e-01, 4.616043064743e-03, 6.3756e-01, 9.1522e-03, 
 2DIAGNOSTIC,    17, -8.312523961067e-01, 3.766419133171e-03, 6.4672e-01, 9.1541e-03, 
 2DIAGNOSTIC,    18, -8.312216401100e-01, 2.909885253757e-03, 6.5588e-01, 9.1610e-03, 
 2DIAGNOSTIC,    19, -8.312401771545e-01, 2.067815279588e-03, 6.6471e-01, 8.8351e-03, 
 2DIAGNOSTIC,    20, -8.312411308289e-01, 1.359828514978e-03, 6.7347e-01, 8.7562e-03, 
 2DIAGNOSTIC,    21, -8.312436938286e-01, 9.932429529727e-04, 6.8256e-01, 9.0950e-03, 
 2DIAGNOSTIC,    22, -8.312481641769e-01, 6.834792438895e-04, 6.9056e-01, 7.9949e-03, 
 2DIAGNOSTIC,    23, -8.312239050865e-01, 4.060349310748e-04, 6.9952e-01, 8.9622e-03, 
 2DIAGNOSTIC,    24, -8.312712907791e-01, 1.811369729694e-04, 7.0840e-01, 8.8770e-03, 
 2DIAGNOSTIC,    25, -8.312752246857e-01, 7.291252404684e-05, 7.1744e-01, 9.0389e-03, 
 2DIAGNOSTIC,    26, -8.313112258911e-01, 2.963018914670e-06, 7.2758e-01, 1.0141e-02, 
 2DIAGNOSTIC,    27, -8.312831521034e-01, 3.330722165629e-06, 7.3565e-01, 8.0731e-03, 
 2DIAGNOSTIC,    28, -8.313142061234e-01, 3.491313236736e-06, 7.4460e-01, 8.9529e-03, 
 2DIAGNOSTIC,    29, -8.312910199165e-01, 3.350369524924e-06, 7.5353e-01, 8.9281e-03, 
 2DIAGNOSTIC,    30, -8.313100934029e-01, 3.248594111938e-06, 7.6258e-01, 9.0451e-03, 
 2DIAGNOSTIC,    31, -8.312806487083e-01, 2.635759983605e-06, 7.7156e-01, 8.9810e-03, 
 2DIAGNOSTIC,    32, -8.312646746635e-01, 1.811841798371e-06, 7.8042e-01, 8.8630e-03, 
 2DIAGNOSTIC,    33, -8.312929868698e-01, 1.003788156595e-06, 7.9014e-01, 9.7160e-03, 
DIAGNOSTIC,Iteration,metricValue,convergenceValue,ITERATION_TIME_INDEX,SINCE_LAST
 2DIAGNOSTIC,     1, -6.806509494781e-01, inf, 1.3175e+00, 5.2738e-01, 
 2DIAGNOSTIC,     2, -6.811941862106e-01, inf, 1.3504e+00, 3.2934e-02, 
 2DIAGNOSTIC,     3, -6.818647384644e-01, inf, 1.3840e+00, 3.3595e-02, 
 2DIAGNOSTIC,     4, -6.826171278954e-01, inf, 1.4147e+00, 3.0632e-02, 
 2DIAGNOSTIC,     5, -6.832336783409e-01, inf, 1.4461e+00, 3.1449e-02, 
 2DIAGNOSTIC,     6, -6.841869354248e-01, inf, 1.4777e+00, 3.1558e-02, 
 2DIAGNOSTIC,     7, -6.853466629982e-01, inf, 1.5134e+00, 3.5686e-02, 
 2DIAGNOSTIC,     8, -6.877447366714e-01, inf, 1.5567e+00, 4.3345e-02, 
 2DIAGNOSTIC,     9, -6.887333393097e-01, inf, 1.5869e+00, 3.0204e-02, 
 2DIAGNOSTIC,    10, -6.888543367386e-01, 8.482001139782e-04, 1.6175e+00, 3.0577e-02, 
 2DIAGNOSTIC,    11, -6.890557408333e-01, 7.785292109475e-04, 1.6499e+00, 3.2436e-02, 
 2DIAGNOSTIC,    12, -6.893202066422e-01, 6.782137788832e-04, 1.6861e+00, 3.6160e-02, 
 2DIAGNOSTIC,    13, -6.894148588181e-01, 5.552413640544e-04, 1.7347e+00, 4.8602e-02, 
 2DIAGNOSTIC,    14, -6.895344853401e-01, 4.252606886439e-04, 1.7671e+00, 3.2452e-02, 
 2DIAGNOSTIC,    15, -6.895608305931e-01, 2.924377040472e-04, 1.7992e+00, 3.2025e-02, 
 2DIAGNOSTIC,    16, -6.897048950195e-01, 1.783190382412e-04, 1.8494e+00, 5.0196e-02, 
 2DIAGNOSTIC,    17, -6.897143721581e-01, 8.841631643008e-05, 1.8809e+00, 3.1493e-02, 
 2DIAGNOSTIC,    18, -6.899402141571e-01, 6.031703014742e-05, 1.9167e+00, 3.5887e-02, 
 2DIAGNOSTIC,    19, -6.900666952133e-01, 5.397875429480e-05, 1.9486e+00, 3.1830e-02, 
 2DIAGNOSTIC,    20, -6.900730729103e-01, 4.598643499776e-05, 1.9848e+00, 3.6182e-02, 
 2DIAGNOSTIC,    21, -6.900792717934e-01, 3.867274790537e-05, 2.0208e+00, 3.6001e-02, 
 2DIAGNOSTIC,    22, -6.900879740715e-01, 3.368467878317e-05, 2.0566e+00, 3.5797e-02, 
 2DIAGNOSTIC,    23, -6.900990605354e-01, 2.792477607727e-05, 2.0923e+00, 3.5757e-02, 
 2DIAGNOSTIC,    24, -6.901029348373e-01, 2.225253592769e-05, 2.1280e+00, 3.5725e-02, 
 2DIAGNOSTIC,    25, -6.901071071625e-01, 1.556302231620e-05, 2.1641e+00, 3.6053e-02, 
 2DIAGNOSTIC,    26, -6.901102662086e-01, 1.045729186444e-05, 2.2047e+00, 4.0580e-02, 
 2DIAGNOSTIC,    27, -6.901025176048e-01, 4.811140570382e-06, 2.2408e+00, 3.6172e-02, 
 2DIAGNOSTIC,    28, -6.901077628136e-01, 2.587538347143e-06, 2.2782e+00, 3.7398e-02, 
 2DIAGNOSTIC,    29, -6.901057958603e-01, 2.150731233996e-06, 2.3160e+00, 3.7722e-02, 
 2DIAGNOSTIC,    30, -6.901030540466e-01, 1.693936837910e-06, 2.3524e+00, 3.6422e-02, 
 2DIAGNOSTIC,    31, -6.901045441628e-01, 1.310101993113e-06, 2.3845e+00, 3.2089e-02, 
 2DIAGNOSTIC,    32, -6.901058554649e-01, 1.050194100571e-06, 2.4213e+00, 3.6857e-02, 
DIAGNOSTIC,Iteration,metricValue,convergenceValue,ITERATION_TIME_INDEX,SINCE_LAST
 2DIAGNOSTIC,     1, -6.250606179237e-01, inf, 3.2472e+00, 8.2585e-01, 
 2DIAGNOSTIC,     2, -6.252753138542e-01, inf, 3.4606e+00, 2.1344e-01, 
 2DIAGNOSTIC,     3, -6.255394816399e-01, inf, 3.6712e+00, 2.1059e-01, 
 2DIAGNOSTIC,     4, -6.259791851044e-01, inf, 3.8810e+00, 2.0976e-01, 
 2DIAGNOSTIC,     5, -6.264994740486e-01, inf, 4.0909e+00, 2.0990e-01, 
 2DIAGNOSTIC,     6, -6.271981596947e-01, inf, 4.3622e+00, 2.7133e-01, 
 2DIAGNOSTIC,     7, -6.273832917213e-01, inf, 4.6848e+00, 3.2257e-01, 
 2DIAGNOSTIC,     8, -6.274255514145e-01, inf, 4.8979e+00, 2.1313e-01, 
 2DIAGNOSTIC,     9, -6.276453137398e-01, inf, 5.0998e+00, 2.0194e-01, 
 2DIAGNOSTIC,    10, -6.277996301651e-01, 3.163680667058e-04, 5.3038e+00, 2.0397e-01, 
 2DIAGNOSTIC,    11, -6.278240084648e-01, 2.566886250861e-04, 5.5066e+00, 2.0274e-01, 
 2DIAGNOSTIC,    12, -6.278704404831e-01, 1.942761882674e-04, 5.7391e+00, 2.3254e-01, 
 2DIAGNOSTIC,    13, -6.279060840607e-01, 1.347869401798e-04, 5.9759e+00, 2.3685e-01, 
 2DIAGNOSTIC,    14, -6.279183626175e-01, 8.616710692877e-05, 6.1849e+00, 2.0899e-01, 
 2DIAGNOSTIC,    15, -6.279537677765e-01, 5.257469820208e-05, 6.4524e+00, 2.6746e-01, 
 2DIAGNOSTIC,    16, -6.279777884483e-01, 3.895761255990e-05, 6.7151e+00, 2.6269e-01, 
 2DIAGNOSTIC,    17, -6.279802918434e-01, 2.862073415599e-05, 6.9193e+00, 2.0418e-01, 
 2DIAGNOSTIC,    18, -6.279829740524e-01, 1.799204619601e-05, 7.1207e+00, 2.0144e-01, 
 2DIAGNOSTIC,    19, -6.279881596565e-01, 1.226147742273e-05, 7.3231e+00, 2.0236e-01, 
 2DIAGNOSTIC,    20, -6.280006170273e-01, 9.890978617477e-06, 7.5596e+00, 2.3652e-01, 
 2DIAGNOSTIC,    21, -6.280065774918e-01, 7.595659099024e-06, 7.8011e+00, 2.4156e-01, 
 2DIAGNOSTIC,    22, -6.280103921890e-01, 5.968654022581e-06, 8.0065e+00, 2.0538e-01, 
 2DIAGNOSTIC,    23, -6.280153989792e-01, 4.871953024121e-06, 8.2123e+00, 2.0575e-01, 
 2DIAGNOSTIC,    24, -6.280310750008e-01, 4.051812084072e-06, 8.6597e+00, 4.4745e-01, 
 2DIAGNOSTIC,    25, -6.280304789543e-01, 3.650579856185e-06, 8.8852e+00, 2.2547e-01, 
 2DIAGNOSTIC,    26, -6.280307173729e-01, 3.482307874947e-06, 9.1683e+00, 2.8308e-01, 
 2DIAGNOSTIC,    27, -6.280312538147e-01, 3.170304580635e-06, 9.4827e+00, 3.1443e-01, 
 2DIAGNOSTIC,    28, -6.280308961868e-01, 2.729098696364e-06, 9.7146e+00, 2.3195e-01, 
 2DIAGNOSTIC,    29, -6.280307769775e-01, 2.239571813334e-06, 9.9493e+00, 2.3463e-01, 
 2DIAGNOSTIC,    30, -6.280305981636e-01, 1.858836981228e-06, 1.0184e+01, 2.3450e-01, 
 2DIAGNOSTIC,    31, -6.280307769775e-01, 1.519808392914e-06, 1.0416e+01, 2.3205e-01, 
 2DIAGNOSTIC,    32, -6.280304193497e-01, 1.204464410876e-06, 1.0636e+01, 2.1988e-01, 
DIAGNOSTIC,Iteration,metricValue,convergenceValue,ITERATION_TIME_INDEX,SINCE_LAST
 2DIAGNOSTIC,     1, -5.785693526268e-01, inf, 1.3085e+01, 2.4494e+00, 
  Elapsed time (stage 0): 1.4293e+01


Stage 1
  iterations = 1000x500x250x0
  convergence threshold = 1.0000e-06
  convergence window size = 10
