
Running N4 for 3-dimensional images.

Mask not read.  Using the entire image as the mask.

Original intensity range:  [0, 852]

***********************************************************
Warning:  Your input image contains nonpositive values
which could cause failure or problematic results.  A
possible workaround would be to:
   1. rescale your image to positive values e.g., [10,100].
   2. run N4 on your rescaled image.
   3. (optional) rescale the N4 output to the original
      intensity range.
***********************************************************

Specified spline distance: 200mm
  original image size:  [192, 256, 256]
  padded image size:  [201, 401, 401]
  number of control points:  [4, 5, 5]

Current level = 1
  Iteration 1 (of 50).   Current convergence value = 9.09026e-05 (threshold = 1e-08)
  Iteration 2 (of 50).   Current convergence value = 7.92897e-05 (threshold = 1e-08)
  Iteration 3 (of 50).   Current convergence value = 7.54977e-05 (threshold = 1e-08)
  Iteration 4 (of 50).   Current convergence value = 7.88917e-05 (threshold = 1e-08)
  Iteration 5 (of 50).   Current convergence value = 8.11736e-05 (threshold = 1e-08)
  Iteration 6 (of 50).   Current convergence value = 8.16262e-05 (threshold = 1e-08)
  Iteration 7 (of 50).   Current convergence value = 8.1763e-05 (threshold = 1e-08)
  Iteration 8 (of 50).   Current convergence value = 8.20395e-05 (threshold = 1e-08)
  Iteration 9 (of 50).   Current convergence value = 8.1898e-05 (threshold = 1e-08)
  Iteration 10 (of 50).   Current convergence value = 8.15023e-05 (threshold = 1e-08)
  Iteration 11 (of 50).   Current convergence value = 8.06477e-05 (threshold = 1e-08)
  Iteration 12 (of 50).   Current convergence value = 7.97429e-05 (threshold = 1e-08)
  Iteration 13 (of 50).   Current convergence value = 7.88742e-05 (threshold = 1e-08)
  Iteration 14 (of 50).   Current convergence value = 7.78737e-05 (threshold = 1e-08)
  Iteration 15 (of 50).   Current convergence value = 7.68768e-05 (threshold = 1e-08)
  Iteration 16 (of 50).   Current convergence value = 7.56809e-05 (threshold = 1e-08)
  Iteration 17 (of 50).   Current convergence value = 7.45963e-05 (threshold = 1e-08)
  Iteration 18 (of 50).   Current convergence value = 7.33346e-05 (threshold = 1e-08)
  Iteration 19 (of 50).   Current convergence value = 7.19742e-05 (threshold = 1e-08)
  Iteration 20 (of 50).   Current convergence value = 7.07887e-05 (threshold = 1e-08)
  Iteration 21 (of 50).   Current convergence value = 6.95496e-05 (threshold = 1e-08)
  Iteration 22 (of 50).   Current convergence value = 6.82528e-05 (threshold = 1e-08)
  Iteration 23 (of 50).   Current convergence value = 6.68114e-05 (threshold = 1e-08)
  Iteration 24 (of 50).   Current convergence value = 6.56123e-05 (threshold = 1e-08)
  Iteration 25 (of 50).   Current convergence value = 6.43757e-05 (threshold = 1e-08)
  Iteration 26 (of 50).   Current convergence value = 6.31557e-05 (threshold = 1e-08)
  Iteration 27 (of 50).   Current convergence value = 6.20255e-05 (threshold = 1e-08)
  Iteration 28 (of 50).   Current convergence value = 6.10065e-05 (threshold = 1e-08)
  Iteration 29 (of 50).   Current convergence value = 5.98465e-05 (threshold = 1e-08)
  Iteration 30 (of 50).   Current convergence value = 5.88012e-05 (threshold = 1e-08)
  Iteration 31 (of 50).   Current convergence value = 5.77529e-05 (threshold = 1e-08)
  Iteration 32 (of 50).   Current convergence value = 5.67102e-05 (threshold = 1e-08)
  Iteration 33 (of 50).   Current convergence value = 5.57718e-05 (threshold = 1e-08)
  Iteration 34 (of 50).   Current convergence value = 5.48575e-05 (threshold = 1e-08)
  Iteration 35 (of 50).   Current convergence value = 5.41928e-05 (threshold = 1e-08)
  Iteration 36 (of 50).   Current convergence value = 5.35279e-05 (threshold = 1e-08)
  Iteration 37 (of 50).   Current convergence value = 5.27732e-05 (threshold = 1e-08)
  Iteration 38 (of 50).   Current convergence value = 5.19319e-05 (threshold = 1e-08)
  Iteration 39 (of 50).   Current convergence value = 5.12634e-05 (threshold = 1e-08)
  Iteration 40 (of 50).   Current convergence value = 5.06416e-05 (threshold = 1e-08)
  Iteration 41 (of 50).   Current convergence value = 4.99706e-05 (threshold = 1e-08)
  Iteration 42 (of 50).   Current convergence value = 4.94515e-05 (threshold = 1e-08)
  Iteration 43 (of 50).   Current convergence value = 4.88098e-05 (threshold = 1e-08)
  Iteration 44 (of 50).   Current convergence value = 4.81389e-05 (threshold = 1e-08)
  Iteration 45 (of 50).   Current convergence value = 4.74104e-05 (threshold = 1e-08)
  Iteration 46 (of 50).   Current convergence value = 4.67768e-05 (threshold = 1e-08)
  Iteration 47 (of 50).   Current convergence value = 4.62396e-05 (threshold = 1e-08)
  Iteration 48 (of 50).   Current convergence value = 4.55882e-05 (threshold = 1e-08)
  Iteration 49 (of 50).   Current convergence value = 4.51426e-05 (threshold = 1e-08)
  Iteration 50 (of 50).   Current convergence value = 4.46709e-05 (threshold = 1e-08)
Current level = 2
  Iteration 1 (of 50).   Current convergence value = 0.00026699 (threshold = 1e-08)
  Iteration 2 (of 50).   Current convergence value = 0.000210247 (threshold = 1e-08)
  Iteration 3 (of 50).   Current convergence value = 0.000175063 (threshold = 1e-08)
  Iteration 4 (of 50).   Current convergence value = 0.000153177 (threshold = 1e-08)
  Iteration 5 (of 50).   Current convergence value = 0.000142068 (threshold = 1e-08)
  Iteration 6 (of 50).   Current convergence value = 0.000139659 (threshold = 1e-08)
  Iteration 7 (of 50).   Current convergence value = 0.000125145 (threshold = 1e-08)
  Iteration 8 (of 50).   Current convergence value = 0.000111761 (threshold = 1e-08)
  Iteration 9 (of 50).   Current convergence value = 9.9158e-05 (threshold = 1e-08)
  Iteration 10 (of 50).   Current convergence value = 8.80451e-05 (threshold = 1e-08)
  Iteration 11 (of 50).   Current convergence value = 7.82763e-05 (threshold = 1e-08)
  Iteration 12 (of 50).   Current convergence value = 7.52512e-05 (threshold = 1e-08)
  Iteration 13 (of 50).   Current convergence value = 7.63317e-05 (threshold = 1e-08)
  Iteration 14 (of 50).   Current convergence value = 7.78737e-05 (threshold = 1e-08)
  Iteration 15 (of 50).   Current convergence value = 7.98704e-05 (threshold = 1e-08)
  Iteration 16 (of 50).   Current convergence value = 8.19385e-05 (threshold = 1e-08)
  Iteration 17 (of 50).   Current convergence value = 8.36965e-05 (threshold = 1e-08)
  Iteration 18 (of 50).   Current convergence value = 8.54809e-05 (threshold = 1e-08)
  Iteration 19 (of 50).   Current convergence value = 8.69055e-05 (threshold = 1e-08)
  Iteration 20 (of 50).   Current convergence value = 8.83131e-05 (threshold = 1e-08)
  Iteration 21 (of 50).   Current convergence value = 8.938e-05 (threshold = 1e-08)
  Iteration 22 (of 50).   Current convergence value = 9.02351e-05 (threshold = 1e-08)
  Iteration 23 (of 50).   Current convergence value = 9.09562e-05 (threshold = 1e-08)
  Iteration 24 (of 50).   Current convergence value = 9.14026e-05 (threshold = 1e-08)
  Iteration 25 (of 50).   Current convergence value = 9.16904e-05 (threshold = 1e-08)
  Iteration 26 (of 50).   Current convergence value = 9.18714e-05 (threshold = 1e-08)
  Iteration 27 (of 50).   Current convergence value = 9.19482e-05 (threshold = 1e-08)
  Iteration 28 (of 50).   Current convergence value = 9.19486e-05 (threshold = 1e-08)
  Iteration 29 (of 50).   Current convergence value = 9.17518e-05 (threshold = 1e-08)
  Iteration 30 (of 50).   Current convergence value = 9.14663e-05 (threshold = 1e-08)
  Iteration 31 (of 50).   Current convergence value = 9.12329e-05 (threshold = 1e-08)
  Iteration 32 (of 50).   Current convergence value = 9.07019e-05 (threshold = 1e-08)
  Iteration 33 (of 50).   Current convergence value = 9.02855e-05 (threshold = 1e-08)
  Iteration 34 (of 50).   Current convergence value = 8.99404e-05 (threshold = 1e-08)
  Iteration 35 (of 50).   Current convergence value = 8.93023e-05 (threshold = 1e-08)
  Iteration 36 (of 50).   Current convergence value = 8.87105e-05 (threshold = 1e-08)
  Iteration 37 (of 50).   Current convergence value = 8.8098e-05 (threshold = 1e-08)
  Iteration 38 (of 50).   Current convergence value = 8.72129e-05 (threshold = 1e-08)
  Iteration 39 (of 50).   Current convergence value = 8.65552e-05 (threshold = 1e-08)
  Iteration 40 (of 50).   Current convergence value = 8.60216e-05 (threshold = 1e-08)
  Iteration 41 (of 50).   Current convergence value = 8.54777e-05 (threshold = 1e-08)
  Iteration 42 (of 50).   Current convergence value = 8.49623e-05 (threshold = 1e-08)
  Iteration 43 (of 50).   Current convergence value = 8.41492e-05 (threshold = 1e-08)
  Iteration 44 (of 50).   Current convergence value = 8.34073e-05 (threshold = 1e-08)
  Iteration 45 (of 50).   Current convergence value = 8.25269e-05 (threshold = 1e-08)
  Iteration 46 (of 50).   Current convergence value = 8.16485e-05 (threshold = 1e-08)
  Iteration 47 (of 50).   Current convergence value = 8.05568e-05 (threshold = 1e-08)
  Iteration 48 (of 50).   Current convergence value = 7.95664e-05 (threshold = 1e-08)
  Iteration 49 (of 50).   Current convergence value = 7.87034e-05 (threshold = 1e-08)
  Iteration 50 (of 50).   Current convergence value = 7.75141e-05 (threshold = 1e-08)
Current level = 3
  Iteration 1 (of 40).   Current convergence value = 0.000861827 (threshold = 1e-08)
  Iteration 2 (of 40).   Current convergence value = 0.000687371 (threshold = 1e-08)
  Iteration 3 (of 40).   Current convergence value = 0.000579572 (threshold = 1e-08)
  Iteration 4 (of 40).   Current convergence value = 0.000511295 (threshold = 1e-08)
  Iteration 5 (of 40).   Current convergence value = 0.00046547 (threshold = 1e-08)
  Iteration 6 (of 40).   Current convergence value = 0.000437014 (threshold = 1e-08)
  Iteration 7 (of 40).   Current convergence value = 0.000419102 (threshold = 1e-08)
  Iteration 8 (of 40).   Current convergence value = 0.000406921 (threshold = 1e-08)
  Iteration 9 (of 40).   Current convergence value = 0.00039887 (threshold = 1e-08)
  Iteration 10 (of 40).   Current convergence value = 0.000392669 (threshold = 1e-08)
  Iteration 11 (of 40).   Current convergence value = 0.000388049 (threshold = 1e-08)
  Iteration 12 (of 40).   Current convergence value = 0.000384621 (threshold = 1e-08)
  Iteration 13 (of 40).   Current convergence value = 0.000381944 (threshold = 1e-08)
  Iteration 14 (of 40).   Current convergence value = 0.000379849 (threshold = 1e-08)
  Iteration 15 (of 40).   Current convergence value = 0.000378376 (threshold = 1e-08)
  Iteration 16 (of 40).   Current convergence value = 0.000377231 (threshold = 1e-08)
  Iteration 17 (of 40).   Current convergence value = 0.000376264 (threshold = 1e-08)
  Iteration 18 (of 40).   Current convergence value = 0.000375507 (threshold = 1e-08)
  Iteration 19 (of 40).   Current convergence value = 0.000376373 (threshold = 1e-08)
  Iteration 20 (of 40).   Current convergence value = 0.000377227 (threshold = 1e-08)
  Iteration 21 (of 40).   Current convergence value = 0.000377711 (threshold = 1e-08)
  Iteration 22 (of 40).   Current convergence value = 0.000377783 (threshold = 1e-08)
  Iteration 23 (of 40).   Current convergence value = 0.000377552 (threshold = 1e-08)
  Iteration 24 (of 40).   Current convergence value = 0.000377439 (threshold = 1e-08)
  Iteration 25 (of 40).   Current convergence value = 0.000377069 (threshold = 1e-08)
  Iteration 26 (of 40).   Current convergence value = 0.000376441 (threshold = 1e-08)
  Iteration 27 (of 40).   Current convergence value = 0.000375885 (threshold = 1e-08)
  Iteration 28 (of 40).   Current convergence value = 0.000375158 (threshold = 1e-08)
  Iteration 29 (of 40).   Current convergence value = 0.000374275 (threshold = 1e-08)
  Iteration 30 (of 40).   Current convergence value = 0.000373131 (threshold = 1e-08)
  Iteration 31 (of 40).   Current convergence value = 0.000372065 (threshold = 1e-08)
  Iteration 32 (of 40).   Current convergence value = 0.000370965 (threshold = 1e-08)
  Iteration 33 (of 40).   Current convergence value = 0.000369893 (threshold = 1e-08)
  Iteration 34 (of 40).   Current convergence value = 0.000368611 (threshold = 1e-08)
  Iteration 35 (of 40).   Current convergence value = 0.00035778 (threshold = 1e-08)
  Iteration 36 (of 40).   Current convergence value = 0.000347173 (threshold = 1e-08)
  Iteration 37 (of 40).   Current convergence value = 0.000337542 (threshold = 1e-08)
  Iteration 38 (of 40).   Current convergence value = 0.000328889 (threshold = 1e-08)
  Iteration 39 (of 40).   Current convergence value = 0.000320655 (threshold = 1e-08)
  Iteration 40 (of 40).   Current convergence value = 0.000313051 (threshold = 1e-08)
Current level = 4
  Iteration 1 (of 30).   Current convergence value = 0.00159874 (threshold = 1e-08)
  Iteration 2 (of 30).   Current convergence value = 0.0014621 (threshold = 1e-08)
  Iteration 3 (of 30).   Current convergence value = 0.00139941 (threshold = 1e-08)
  Iteration 4 (of 30).   Current convergence value = 0.00134809 (threshold = 1e-08)
  Iteration 5 (of 30).   Current convergence value = 0.00130413 (threshold = 1e-08)
  Iteration 6 (of 30).   Current convergence value = 0.00128066 (threshold = 1e-08)
  Iteration 7 (of 30).   Current convergence value = 0.00127136 (threshold = 1e-08)
  Iteration 8 (of 30).   Current convergence value = 0.0012791 (threshold = 1e-08)
  Iteration 9 (of 30).   Current convergence value = 0.0012991 (threshold = 1e-08)
  Iteration 10 (of 30).   Current convergence value = 0.00130813 (threshold = 1e-08)
  Iteration 11 (of 30).   Current convergence value = 0.001256 (threshold = 1e-08)
  Iteration 12 (of 30).   Current convergence value = 0.00121602 (threshold = 1e-08)
  Iteration 13 (of 30).   Current convergence value = 0.00113312 (threshold = 1e-08)
  Iteration 14 (of 30).   Current convergence value = 0.00105655 (threshold = 1e-08)
  Iteration 15 (of 30).   Current convergence value = 0.000986674 (threshold = 1e-08)
  Iteration 16 (of 30).   Current convergence value = 0.000911716 (threshold = 1e-08)
  Iteration 17 (of 30).   Current convergence value = 0.000854873 (threshold = 1e-08)
  Iteration 18 (of 30).   Current convergence value = 0.000810541 (threshold = 1e-08)
  Iteration 19 (of 30).   Current convergence value = 0.00077035 (threshold = 1e-08)
  Iteration 20 (of 30).   Current convergence value = 0.000726548 (threshold = 1e-08)
  Iteration 21 (of 30).   Current convergence value = 0.000686247 (threshold = 1e-08)
  Iteration 22 (of 30).   Current convergence value = 0.000651658 (threshold = 1e-08)
  Iteration 23 (of 30).   Current convergence value = 0.000621948 (threshold = 1e-08)
  Iteration 24 (of 30).   Current convergence value = 0.00059265 (threshold = 1e-08)
  Iteration 25 (of 30).   Current convergence value = 0.000564302 (threshold = 1e-08)
  Iteration 26 (of 30).   Current convergence value = 0.000538867 (threshold = 1e-08)
  Iteration 27 (of 30).   Current convergence value = 0.000515549 (threshold = 1e-08)
  Iteration 28 (of 30).   Current convergence value = 0.000494488 (threshold = 1e-08)
  Iteration 29 (of 30).   Current convergence value = 0.000474829 (threshold = 1e-08)
  Iteration 30 (of 30).   Current convergence value = 0.000454443 (threshold = 1e-08)
   N4BiasFieldCorrectionImageFilter (0x55b86806ce20)
     RTTI typeinfo:   itk::N4BiasFieldCorrectionImageFilter<itk::Image<float, 3u>, itk::Image<float, 3u>, itk::Image<float, 3u> >
     Reference Count: 1
     Modified Time: 565
     Debug: Off
     Object Name: 
     Observers: 
       IterationEvent(Command)
     Inputs: 
       ConfidenceImage: (0)
       MaskImage: (0x55b868097540)
       Primary: (0x55b868092a40) *
     Indexed Inputs: 
       0: Primary (0x55b868092a40)
       1: MaskImage (0x55b868097540)
       2: ConfidenceImage (0)
     Required Input Names: Primary
     NumberOfRequiredInputs: 1
     Outputs: 
       Primary: (0x55b86807cef0)
     Indexed Outputs: 
       0: Primary (0x55b86807cef0)
     NumberOfRequiredOutputs: 1
     Number Of Work Units: 32
     ReleaseDataFlag: Off
     ReleaseDataBeforeUpdateFlag: Off
     AbortGenerateData: Off
     Progress: 0
     Multithreader: 
       RTTI typeinfo:   itk::PoolMultiThreader
       Reference Count: 1
       Modified Time: 144
       Debug: Off
       Object Name: 
       Observers: 
         none
       Number of Work Units: 32
       Number of Threads: 8
       Global Maximum Number Of Threads: 128
       Global Default Number Of Threads: 8
       Global Default Threader Type: itk::MultiThreaderBaseEnums::Threader::Pool
       SingleMethod: 0
       SingleData: 0
     DynamicMultiThreading: On
     CoordinateTolerance: 1e-06
     DirectionTolerance: 1e-06
     Use Mask Label: 0
     Mask label: 1
     Number of histogram bins: 200
     Wiener filter noise: 0.01
     Bias field FWHM: 0.15
     Maximum number of iterations: [50, 50, 40, 30]
     Convergence threshold: 1e-08
     Spline order: 3
     Number of fitting levels: [4, 4, 4]
     Number of control points: [4, 5, 5]
     CurrentConvergenceMeasurement: 0.000454443
     CurrentLevel: 4
     ElapsedIterations: 31
     LogBiasFieldControlPointLattice: 
       Image (0x55b8722070d0)
         RTTI typeinfo:   itk::Image<itk::Vector<float, 1u>, 3u>
         Reference Count: 1
         Modified Time: 343560
         Debug: Off
         Object Name: 
         Observers: 
           none
         Source: (none)
         Source output name: (none)
         Release Data: Off
         Data Released: False
         Global Release Data: Off
         PipelineMTime: 0
         UpdateMTime: 0
         RealTimeStamp: 0 seconds 
         LargestPossibleRegion: 
           Dimension: 3
           Index: [0, 0, 0]
           Size: [11, 19, 19]
         BufferedRegion: 
           Dimension: 3
           Index: [0, 0, 0]
           Size: [11, 19, 19]
         RequestedRegion: 
           Dimension: 3
           Index: [0, 0, 0]
           Size: [11, 19, 19]
         Spacing: [24.75, 24.875, 24.875]
         Origin: [24.8924, 19.5074, -29.1535]
         Direction: 
-0.999979 -0.00640204 0.000658543
0.00640997 -0.981573 0.19098
-0.000576253 0.19098 0.981594

         IndexToPointMatrix: 
-24.7495 -0.159251 0.0163813
0.158647 -24.4166 4.75063
-0.0142623 4.75063 24.4171

         PointToIndexMatrix: 
-0.0404032 0.000258989 -2.3283e-05
-0.000257368 -0.0394602 0.0076776
2.6474e-05 0.00767758 0.0394611

         Inverse Direction: 
-0.999979 0.00640997 -0.000576253
-0.00640204 -0.981573 0.19098
0.000658542 0.19098 0.981594

         PixelContainer: 
           ImportImageContainer (0x55b872206290)
             RTTI typeinfo:   itk::ImportImageContainer<unsigned long, itk::Vector<float, 1u> >
             Reference Count: 1
             Modified Time: 343561
             Debug: Off
             Object Name: 
             Observers: 
               none
             Pointer: 0x55b872231580
             Container manages memory: true
             Size: 3971
             Capacity: 3971
Elapsed time: 316.564
All_Command_lines_OK
Using single precision for computations.
=============================================================================
The composite transform comprises the following transforms (in order): 
  1. Center of mass alignment using fixed image: /home/mpib/nemecz/Projects/miniTRK/Results/01_MRI/GroupTempl/T1w/T_template0.nii.gz and moving image: /home/mpib/nemecz/Projects/miniTRK/Analysis/01_MRI/Preproc/GroupTempl/T1w/sub-457424_T1w.nii.gz (type = Euler3DTransform)
=============================================================================
  number of levels = 4
  number of levels = 4
  number of levels = 4
  fixed image: /home/mpib/nemecz/Projects/miniTRK/Results/01_MRI/GroupTempl/T1w/T_template0.nii.gz
  moving image: /home/mpib/nemecz/Projects/miniTRK/Results/01_MRI/GroupTempl/T1w/T_template0sub-457424_T1wRepaired.nii.gz
  fixed image: /home/mpib/nemecz/Projects/miniTRK/Results/01_MRI/GroupTempl/T1w/T_template0.nii.gz
  moving image: /home/mpib/nemecz/Projects/miniTRK/Results/01_MRI/GroupTempl/T1w/T_template0sub-457424_T1wRepaired.nii.gz
  fixed image: /home/mpib/nemecz/Projects/miniTRK/Results/01_MRI/GroupTempl/T1w/T_template0.nii.gz
  moving image: /home/mpib/nemecz/Projects/miniTRK/Results/01_MRI/GroupTempl/T1w/T_template0sub-457424_T1wRepaired.nii.gz
Dimension = 3
Number of stages = 3
Use Histogram Matching true
Winsorize image intensities true
Lower quantile = 0.01
Upper quantile = 0.99
Stage 1 State
   Image metric = Mattes
     Fixed image = Image (0x5555c5d83ad0)
  RTTI typeinfo:   itk::Image<float, 3u>
  Reference Count: 2
  Modified Time: 1721
  Debug: Off
  Object Name: 
  Observers: 
    none
  Source: (none)
  Source output name: (none)
  Release Data: Off
  Data Released: False
  Global Release Data: Off
  PipelineMTime: 0
  UpdateMTime: 1506
  RealTimeStamp: 0 seconds 
  LargestPossibleRegion: 
    Dimension: 3
    Index: [0, 0, 0]
    Size: [192, 256, 256]
  BufferedRegion: 
    Dimension: 3
    Index: [0, 0, 0]
    Size: [192, 256, 256]
  RequestedRegion: 
    Dimension: 3
    Index: [0, 0, 0]
    Size: [192, 256, 256]
  Spacing: [1, 1, 1]
  Origin: [95.0313, 100.538, -154.123]
  Direction: 
-0.999853 -0.014134 -0.00966312
0.014129 -0.9999 0.000586045
-0.00967044 0.000449429 0.999953

  IndexToPointMatrix: 
-0.999853 -0.014134 -0.00966312
0.014129 -0.9999 0.000586045
-0.00967044 0.000449429 0.999953

  PointToIndexMatrix: 
-0.999853 0.014129 -0.00967044
-0.014134 -0.9999 0.000449429
-0.00966312 0.000586045 0.999953

  Inverse Direction: 
-0.999853 0.014129 -0.00967044
-0.014134 -0.9999 0.000449429
-0.00966312 0.000586045 0.999953

  PixelContainer: 
    ImportImageContainer (0x5555c5d8bc80)
      RTTI typeinfo:   itk::ImportImageContainer<unsigned long, float>
      Reference Count: 1
      Modified Time: 1503
      Debug: Off
      Object Name: 
      Observers: 
        none
      Pointer: 0x7f2834416010
      Container manages memory: true
      Size: 12582912
      Capacity: 12582912

     Moving image = Image (0x5555c5d8fe40)
  RTTI typeinfo:   itk::Image<float, 3u>
  Reference Count: 2
  Modified Time: 1722
  Debug: Off
  Object Name: 
  Observers: 
    none
  Source: (none)
  Source output name: (none)
  Release Data: Off
  Data Released: False
  Global Release Data: Off
  PipelineMTime: 0
  UpdateMTime: 1719
  RealTimeStamp: 0 seconds 
  LargestPossibleRegion: 
    Dimension: 3
    Index: [0, 0, 0]
    Size: [192, 256, 256]
  BufferedRegion: 
    Dimension: 3
    Index: [0, 0, 0]
    Size: [192, 256, 256]
  RequestedRegion: 
    Dimension: 3
    Index: [0, 0, 0]
    Size: [192, 256, 256]
  Spacing: [1, 1, 1]
  Origin: [94.7661, 68.093, -164.34]
  Direction: 
-0.999979 -0.00640204 0.000658542
0.00640997 -0.981573 0.19098
-0.000576253 0.19098 0.981594

  IndexToPointMatrix: 
-0.999979 -0.00640204 0.000658542
0.00640997 -0.981573 0.19098
-0.000576253 0.19098 0.981594

  PointToIndexMatrix: 
-0.999979 0.00640997 -0.000576253
-0.00640204 -0.981573 0.19098
0.000658542 0.19098 0.981594

  Inverse Direction: 
-0.999979 0.00640997 -0.000576253
-0.00640204 -0.981573 0.19098
0.000658542 0.19098 0.981594

  PixelContainer: 
    ImportImageContainer (0x5555c5d872d0)
      RTTI typeinfo:   itk::ImportImageContainer<unsigned long, float>
      Reference Count: 1
      Modified Time: 1716
      Debug: Off
      Object Name: 
      Observers: 
        none
      Pointer: 0x7f2831415010
      Container manages memory: true
      Size: 12582912
      Capacity: 12582912

     Weighting = 1
     Sampling strategy = regular
     Number of bins = 32
     Radius = 4
     Sampling percentage  = 0.25
   Transform = Rigid
     Gradient step = 0.1
     Update field sigma (voxel space) = 0
     Total field sigma (voxel space) = 0
     Update field time sigma = 0
     Total field time sigma  = 0
     Number of time indices = 0
     Number of time point samples = 0
Stage 2 State
   Image metric = Mattes
     Fixed image = Image (0x5555c5d9c8d0)
  RTTI typeinfo:   itk::Image<float, 3u>
  Reference Count: 2
  Modified Time: 2149
  Debug: Off
  Object Name: 
  Observers: 
    none
  Source: (none)
  Source output name: (none)
  Release Data: Off
  Data Released: False
  Global Release Data: Off
  PipelineMTime: 0
  UpdateMTime: 1934
  RealTimeStamp: 0 seconds 
  LargestPossibleRegion: 
    Dimension: 3
    Index: [0, 0, 0]
    Size: [192, 256, 256]
  BufferedRegion: 
    Dimension: 3
    Index: [0, 0, 0]
    Size: [192, 256, 256]
  RequestedRegion: 
    Dimension: 3
    Index: [0, 0, 0]
    Size: [192, 256, 256]
  Spacing: [1, 1, 1]
  Origin: [95.0313, 100.538, -154.123]
  Direction: 
-0.999853 -0.014134 -0.00966312
0.014129 -0.9999 0.000586045
-0.00967044 0.000449429 0.999953

  IndexToPointMatrix: 
-0.999853 -0.014134 -0.00966312
0.014129 -0.9999 0.000586045
-0.00967044 0.000449429 0.999953

  PointToIndexMatrix: 
-0.999853 0.014129 -0.00967044
-0.014134 -0.9999 0.000449429
-0.00966312 0.000586045 0.999953

  Inverse Direction: 
-0.999853 0.014129 -0.00967044
-0.014134 -0.9999 0.000449429
-0.00966312 0.000586045 0.999953

  PixelContainer: 
    ImportImageContainer (0x5555c5d8c6a0)
      RTTI typeinfo:   itk::ImportImageContainer<unsigned long, float>
      Reference Count: 1
      Modified Time: 1931
      Debug: Off
      Object Name: 
      Observers: 
        none
      Pointer: 0x7f282e414010
      Container manages memory: true
      Size: 12582912
      Capacity: 12582912

     Moving image = Image (0x5555c5d9c530)
  RTTI typeinfo:   itk::Image<float, 3u>
  Reference Count: 2
  Modified Time: 2150
  Debug: Off
  Object Name: 
  Observers: 
    none
  Source: (none)
  Source output name: (none)
  Release Data: Off
  Data Released: False
  Global Release Data: Off
  PipelineMTime: 0
  UpdateMTime: 2147
  RealTimeStamp: 0 seconds 
  LargestPossibleRegion: 
    Dimension: 3
    Index: [0, 0, 0]
    Size: [192, 256, 256]
  BufferedRegion: 
    Dimension: 3
    Index: [0, 0, 0]
    Size: [192, 256, 256]
  RequestedRegion: 
    Dimension: 3
    Index: [0, 0, 0]
    Size: [192, 256, 256]
  Spacing: [1, 1, 1]
  Origin: [94.7661, 68.093, -164.34]
  Direction: 
-0.999979 -0.00640204 0.000658542
0.00640997 -0.981573 0.19098
-0.000576253 0.19098 0.981594

  IndexToPointMatrix: 
-0.999979 -0.00640204 0.000658542
0.00640997 -0.981573 0.19098
-0.000576253 0.19098 0.981594

  PointToIndexMatrix: 
-0.999979 0.00640997 -0.000576253
-0.00640204 -0.981573 0.19098
0.000658542 0.19098 0.981594

  Inverse Direction: 
-0.999979 0.00640997 -0.000576253
-0.00640204 -0.981573 0.19098
0.000658542 0.19098 0.981594

  PixelContainer: 
    ImportImageContainer (0x5555c5d9d8a0)
      RTTI typeinfo:   itk::ImportImageContainer<unsigned long, float>
      Reference Count: 1
      Modified Time: 2144
      Debug: Off
      Object Name: 
      Observers: 
        none
      Pointer: 0x7f282b413010
      Container manages memory: true
      Size: 12582912
      Capacity: 12582912

     Weighting = 1
     Sampling strategy = regular
     Number of bins = 32
     Radius = 4
     Sampling percentage  = 0.25
   Transform = Affine
     Gradient step = 0.1
     Update field sigma (voxel space) = 0
     Total field sigma (voxel space) = 0
     Update field time sigma = 0
     Total field time sigma  = 0
     Number of time indices = 0
     Number of time point samples = 0
Stage 3 State
   Image metric = CC
     Fixed image = Image (0x5555c5da3a00)
  RTTI typeinfo:   itk::Image<float, 3u>
  Reference Count: 2
  Modified Time: 2577
  Debug: Off
  Object Name: 
  Observers: 
    none
  Source: (none)
  Source output name: (none)
  Release Data: Off
  Data Released: False
  Global Release Data: Off
  PipelineMTime: 0
  UpdateMTime: 2362
  RealTimeStamp: 0 seconds 
  LargestPossibleRegion: 
    Dimension: 3
    Index: [0, 0, 0]
    Size: [192, 256, 256]
  BufferedRegion: 
    Dimension: 3
    Index: [0, 0, 0]
    Size: [192, 256, 256]
  RequestedRegion: 
    Dimension: 3
    Index: [0, 0, 0]
    Size: [192, 256, 256]
  Spacing: [1, 1, 1]
  Origin: [95.0313, 100.538, -154.123]
  Direction: 
-0.999853 -0.014134 -0.00966312
0.014129 -0.9999 0.000586045
-0.00967044 0.000449429 0.999953

  IndexToPointMatrix: 
-0.999853 -0.014134 -0.00966312
0.014129 -0.9999 0.000586045
-0.00967044 0.000449429 0.999953

  PointToIndexMatrix: 
-0.999853 0.014129 -0.00967044
-0.014134 -0.9999 0.000449429
-0.00966312 0.000586045 0.999953

  Inverse Direction: 
-0.999853 0.014129 -0.00967044
-0.014134 -0.9999 0.000449429
-0.00966312 0.000586045 0.999953

  PixelContainer: 
    ImportImageContainer (0x5555c5d85b50)
      RTTI typeinfo:   itk::ImportImageContainer<unsigned long, float>
      Reference Count: 1
      Modified Time: 2359
      Debug: Off
      Object Name: 
      Observers: 
        none
      Pointer: 0x7f2828412010
      Container manages memory: true
      Size: 12582912
      Capacity: 12582912

     Moving image = Image (0x5555c5da0d50)
  RTTI typeinfo:   itk::Image<float, 3u>
  Reference Count: 2
  Modified Time: 2578
  Debug: Off
  Object Name: 
  Observers: 
    none
  Source: (none)
  Source output name: (none)
  Release Data: Off
  Data Released: False
  Global Release Data: Off
  PipelineMTime: 0
  UpdateMTime: 2575
  RealTimeStamp: 0 seconds 
  LargestPossibleRegion: 
    Dimension: 3
    Index: [0, 0, 0]
    Size: [192, 256, 256]
  BufferedRegion: 
    Dimension: 3
    Index: [0, 0, 0]
    Size: [192, 256, 256]
  RequestedRegion: 
    Dimension: 3
    Index: [0, 0, 0]
    Size: [192, 256, 256]
  Spacing: [1, 1, 1]
  Origin: [94.7661, 68.093, -164.34]
  Direction: 
-0.999979 -0.00640204 0.000658542
0.00640997 -0.981573 0.19098
-0.000576253 0.19098 0.981594

  IndexToPointMatrix: 
-0.999979 -0.00640204 0.000658542
0.00640997 -0.981573 0.19098
-0.000576253 0.19098 0.981594

  PointToIndexMatrix: 
-0.999979 0.00640997 -0.000576253
-0.00640204 -0.981573 0.19098
0.000658542 0.19098 0.981594

  Inverse Direction: 
-0.999979 0.00640997 -0.000576253
-0.00640204 -0.981573 0.19098
0.000658542 0.19098 0.981594

  PixelContainer: 
    ImportImageContainer (0x5555c5d9fb00)
      RTTI typeinfo:   itk::ImportImageContainer<unsigned long, float>
      Reference Count: 1
      Modified Time: 2572
      Debug: Off
      Object Name: 
      Observers: 
        none
      Pointer: 0x7f2825411010
      Container manages memory: true
      Size: 12582912
      Capacity: 12582912

     Weighting = 1
     Sampling strategy = none
     Number of bins = 32
     Radius = 4
     Sampling percentage  = 1
   Transform = SyN
     Gradient step = 0.1
     Update field sigma (voxel space) = 3
     Total field sigma (voxel space) = 0
     Update field time sigma = 0
     Total field time sigma  = 0
     Number of time indices = 0
     Number of time point samples = 0
Registration using 3 total stages.

Stage 0
  iterations = 1000x500x250x0
  convergence threshold = 1e-06
  convergence window size = 10
  number of levels = 4
  using the Mattes MI metric (number of bins = 32, weight = 1)
  preprocessing:  winsorizing the image intensities
  preprocessing:  histogram matching the images
  Shrink factors (level 1 out of 4): [6, 6, 6]
  Shrink factors (level 2 out of 4): [4, 4, 4]
  Shrink factors (level 3 out of 4): [2, 2, 2]
  Shrink factors (level 4 out of 4): [1, 1, 1]
  smoothing sigmas per level: [4, 2, 1, 0]
  regular sampling (percentage = 0.25)

*** Running Euler3DTransform registration ***

DIAGNOSTIC,Iteration,metricValue,convergenceValue,ITERATION_TIME_INDEX,SINCE_LAST
 2DIAGNOSTIC,     1, -8.355125784874e-01, inf, 8.5162e-01, 8.5162e-01, 
 2DIAGNOSTIC,     2, -8.379766941071e-01, inf, 8.6052e-01, 8.9021e-03, 
 2DIAGNOSTIC,     3, -8.421097993851e-01, inf, 8.6816e-01, 7.6439e-03, 
 2DIAGNOSTIC,     4, -8.479855060577e-01, inf, 8.7596e-01, 7.7951e-03, 
 2DIAGNOSTIC,     5, -8.552209734917e-01, inf, 8.8398e-01, 8.0249e-03, 
 2DIAGNOSTIC,     6, -8.615221381187e-01, inf, 8.9161e-01, 7.6270e-03, 
 2DIAGNOSTIC,     7, -8.648662567139e-01, inf, 8.9919e-01, 7.5748e-03, 
 2DIAGNOSTIC,     8, -8.686034083366e-01, inf, 9.0669e-01, 7.5049e-03, 
 2DIAGNOSTIC,     9, -8.766316175461e-01, inf, 9.1440e-01, 7.7128e-03, 
 2DIAGNOSTIC,    10, -8.815302252769e-01, 3.561117220670e-03, 9.2795e-01, 1.3542e-02, 
 2DIAGNOSTIC,    11, -8.844867348671e-01, 3.244630061090e-03, 9.3611e-01, 8.1618e-03, 
 2DIAGNOSTIC,    12, -8.856953978539e-01, 2.795172622427e-03, 9.4396e-01, 7.8568e-03, 
 2DIAGNOSTIC,    13, -8.879333734512e-01, 2.325744600967e-03, 9.5177e-01, 7.8089e-03, 
 2DIAGNOSTIC,    14, -8.910859227180e-01, 1.919982838444e-03, 9.6364e-01, 1.1864e-02, 
 2DIAGNOSTIC,    15, -8.915516734123e-01, 1.557824201882e-03, 9.7147e-01, 7.8299e-03, 
 2DIAGNOSTIC,    16, -8.915920257568e-01, 1.230718335137e-03, 9.7923e-01, 7.7651e-03, 
 2DIAGNOSTIC,    17, -8.918017745018e-01, 8.999868878163e-04, 9.8735e-01, 8.1170e-03, 
 2DIAGNOSTIC,    18, -8.920620083809e-01, 5.932433996350e-04, 9.9706e-01, 9.7139e-03, 
 2DIAGNOSTIC,    19, -8.922073245049e-01, 4.022535867989e-04, 1.0060e+00, 8.9231e-03, 
 2DIAGNOSTIC,    20, -8.922334313393e-01, 2.728632825892e-04, 1.0140e+00, 7.9789e-03, 
 2DIAGNOSTIC,    21, -8.922510147095e-01, 1.775376877049e-04, 1.0227e+00, 8.7390e-03, 
 2DIAGNOSTIC,    22, -8.927962183952e-01, 1.001993077807e-04, 1.0395e+00, 1.6785e-02, 
 2DIAGNOSTIC,    23, -8.928267955780e-01, 5.100325870444e-05, 1.0482e+00, 8.7159e-03, 
 2DIAGNOSTIC,    24, -8.928005099297e-01, 4.346534478827e-05, 1.0579e+00, 9.6960e-03, 
 2DIAGNOSTIC,    25, -8.928239345551e-01, 3.911572639481e-05, 1.0668e+00, 8.9262e-03, 
 2DIAGNOSTIC,    26, -8.927524089813e-01, 3.112069316558e-05, 1.0746e+00, 7.7400e-03, 
 2DIAGNOSTIC,    27, -8.927978277206e-01, 2.381923877692e-05, 1.0830e+00, 8.4810e-03, 
 2DIAGNOSTIC,    28, -8.927692770958e-01, 1.749989860400e-05, 1.0917e+00, 8.6551e-03, 
 2DIAGNOSTIC,    29, -8.926650881767e-01, 1.063631225406e-05, 1.1005e+00, 8.7841e-03, 
 2DIAGNOSTIC,    30, -8.926261663437e-01, 3.305725840619e-06, 1.1083e+00, 7.7691e-03, 
DIAGNOSTIC,Iteration,metricValue,convergenceValue,ITERATION_TIME_INDEX,SINCE_LAST
 2DIAGNOSTIC,     1, -6.979901790619e-01, inf, 1.9547e+00, 8.4649e-01, 
 2DIAGNOSTIC,     2, -6.989745497704e-01, inf, 1.9846e+00, 2.9822e-02, 
 2DIAGNOSTIC,     3, -7.001332044601e-01, inf, 2.0140e+00, 2.9442e-02, 
 2DIAGNOSTIC,     4, -7.011826038361e-01, inf, 2.0442e+00, 3.0171e-02, 
 2DIAGNOSTIC,     5, -7.019661664963e-01, inf, 2.0729e+00, 2.8676e-02, 
 2DIAGNOSTIC,     6, -7.024328112602e-01, inf, 2.1004e+00, 2.7561e-02, 
 2DIAGNOSTIC,     7, -7.029302716255e-01, inf, 2.1516e+00, 5.1216e-02, 
 2DIAGNOSTIC,     8, -7.029298543930e-01, inf, 2.1884e+00, 3.6787e-02, 
 2DIAGNOSTIC,     9, -7.029369473457e-01, inf, 2.2285e+00, 4.0063e-02, 
 2DIAGNOSTIC,    10, -7.029362320900e-01, 4.595842037816e-04, 2.2635e+00, 3.4999e-02, 
 2DIAGNOSTIC,    11, -7.029371857643e-01, 3.039666335098e-04, 2.2976e+00, 3.4137e-02, 
 2DIAGNOSTIC,    12, -7.029291987419e-01, 1.796940487111e-04, 2.3289e+00, 3.1325e-02, 
 2DIAGNOSTIC,    13, -7.029133439064e-01, 9.373197099194e-05, 2.3586e+00, 2.9667e-02, 
 2DIAGNOSTIC,    14, -7.029287815094e-01, 4.233273284626e-05, 2.3926e+00, 3.3997e-02, 
 2DIAGNOSTIC,    15, -7.029381394386e-01, 1.532246096758e-05, 2.4259e+00, 3.3300e-02, 
 2DIAGNOSTIC,    16, -7.029443979263e-01, 2.082509809043e-06, 2.4555e+00, 2.9606e-02, 
 2DIAGNOSTIC,    17, -7.029435634613e-01, 2.231032340205e-06, 2.4874e+00, 3.1906e-02, 
 2DIAGNOSTIC,    18, -7.029653787613e-01, 2.817821041390e-06, 2.5170e+00, 2.9576e-02, 
 2DIAGNOSTIC,    19, -7.029920220375e-01, 3.945841854147e-06, 2.5461e+00, 2.9074e-02, 
 2DIAGNOSTIC,    20, -7.030755281448e-01, 6.402428880392e-06, 2.5762e+00, 3.0107e-02, 
 2DIAGNOSTIC,    21, -7.031489610672e-01, 9.580151527189e-06, 2.6074e+00, 3.1193e-02, 
 2DIAGNOSTIC,    22, -7.032968997955e-01, 1.429073927284e-05, 2.6362e+00, 2.8802e-02, 
 2DIAGNOSTIC,    23, -7.034483551979e-01, 1.972795689653e-05, 2.6636e+00, 2.7406e-02, 
 2DIAGNOSTIC,    24, -7.039556503296e-01, 3.176330938004e-05, 2.7192e+00, 5.5619e-02, 
 2DIAGNOSTIC,    25, -7.039490938187e-01, 3.982899215771e-05, 2.7558e+00, 3.6602e-02, 
 2DIAGNOSTIC,    26, -7.039487361908e-01, 4.385373176774e-05, 2.7868e+00, 3.1012e-02, 
 2DIAGNOSTIC,    27, -7.039476037025e-01, 4.362400068203e-05, 2.8170e+00, 3.0194e-02, 
 2DIAGNOSTIC,    28, -7.039329409599e-01, 3.945811477024e-05, 2.8505e+00, 3.3538e-02, 
 2DIAGNOSTIC,    29, -7.039397358894e-01, 3.231887239963e-05, 2.8836e+00, 3.3095e-02, 
 2DIAGNOSTIC,    30, -7.039332389832e-01, 2.374230098212e-05, 2.9123e+00, 2.8665e-02, 
 2DIAGNOSTIC,    31, -7.039369344711e-01, 1.465666082368e-05, 2.9440e+00, 3.1726e-02, 
 2DIAGNOSTIC,    32, -7.039427161217e-01, 6.812154879299e-06, 2.9765e+00, 3.2507e-02, 
DIAGNOSTIC,Iteration,metricValue,convergenceValue,ITERATION_TIME_INDEX,SINCE_LAST
 2DIAGNOSTIC,     1, -6.211740374565e-01, inf, 4.1984e+00, 1.2218e+00, 
 2DIAGNOSTIC,     2, -6.214520335197e-01, inf, 4.4541e+00, 2.5575e-01, 
 2DIAGNOSTIC,     3, -6.216042041779e-01, inf, 4.6684e+00, 2.1432e-01, 
 2DIAGNOSTIC,     4, -6.217182874680e-01, inf, 4.9917e+00, 3.2327e-01, 
 2DIAGNOSTIC,     5, -6.217209100723e-01, inf, 5.3155e+00, 3.2378e-01, 
 2DIAGNOSTIC,     6, -6.217222809792e-01, inf, 5.6983e+00, 3.8286e-01, 
 2DIAGNOSTIC,     7, -6.217223405838e-01, inf, 5.9350e+00, 2.3664e-01, 
 2DIAGNOSTIC,     8, -6.217222213745e-01, inf, 6.1757e+00, 2.4073e-01, 
 2DIAGNOSTIC,     9, -6.217219233513e-01, inf, 6.4968e+00, 3.2107e-01, 
 2DIAGNOSTIC,    10, -6.217220425606e-01, 4.290135620977e-05, 6.7436e+00, 2.4686e-01, 
 2DIAGNOSTIC,    11, -6.217220425606e-01, 1.852489003795e-05, 7.0138e+00, 2.7014e-01, 
 2DIAGNOSTIC,    12, -6.217219829559e-01, 7.286616437341e-06, 7.2813e+00, 2.6752e-01, 
 2DIAGNOSTIC,    13, -6.217219829559e-01, 2.597611910460e-06, 7.5496e+00, 2.6832e-01, 
 2DIAGNOSTIC,    14, -6.217219233513e-01, 2.286687731612e-06, 7.7886e+00, 2.3901e-01, 
 2DIAGNOSTIC,    15, -6.217218637466e-01, 2.092794829878e-06, 8.0263e+00, 2.3769e-01, 
 2DIAGNOSTIC,    16, -6.217218041420e-01, 1.962977648873e-06, 8.2827e+00, 2.5641e-01, 
 2DIAGNOSTIC,    17, -6.217218041420e-01, 1.852444029282e-06, 8.5197e+00, 2.3699e-01, 
 2DIAGNOSTIC,    18, -6.217219829559e-01, 1.757674226610e-06, 8.7574e+00, 2.3766e-01, 
 2DIAGNOSTIC,    19, -6.217219829559e-01, 1.666385742283e-06, 8.9940e+00, 2.3665e-01, 
 2DIAGNOSTIC,    20, -6.217219829559e-01, 1.587756855770e-06, 9.2345e+00, 2.4045e-01, 
 2DIAGNOSTIC,    21, -6.217219233513e-01, 1.515692019893e-06, 9.4810e+00, 2.4652e-01, 
 2DIAGNOSTIC,    22, -6.217219233513e-01, 1.448854391128e-06, 9.7220e+00, 2.4097e-01, 
 2DIAGNOSTIC,    23, -6.217219829559e-01, 1.388673354086e-06, 9.9617e+00, 2.3968e-01, 
 2DIAGNOSTIC,    24, -6.217220425606e-01, 1.332943156740e-06, 1.0210e+01, 2.4786e-01, 
 2DIAGNOSTIC,    25, -6.217220425606e-01, 1.279953153244e-06, 1.0450e+01, 2.4002e-01, 
 2DIAGNOSTIC,    26, -6.217220425606e-01, 1.229373424394e-06, 1.0693e+01, 2.4322e-01, 
 2DIAGNOSTIC,    27, -6.217219829559e-01, 1.180910430776e-06, 1.0935e+01, 2.4244e-01, 
 2DIAGNOSTIC,    28, -6.217219233513e-01, 1.137593130807e-06, 1.1178e+01, 2.4241e-01, 
 2DIAGNOSTIC,    29, -6.217219829559e-01, 1.098049438042e-06, 1.1416e+01, 2.3834e-01, 
 2DIAGNOSTIC,    30, -6.217219829559e-01, 1.061024136106e-06, 1.1658e+01, 2.4236e-01, 
 2DIAGNOSTIC,    31, -6.217219829559e-01, 1.025472556648e-06, 1.1904e+01, 2.4583e-01, 
DIAGNOSTIC,Iteration,metricValue,convergenceValue,ITERATION_TIME_INDEX,SINCE_LAST
 2DIAGNOSTIC,     1, -5.583915710449e-01, inf, 1.4386e+01, 2.4821e+00, 
  Elapsed time (stage 0): 1.5518e+01


Stage 1
  iterations = 1000x500x250x0
  convergence threshold = 1.0000e-06
  convergence window size = 10
  number of levels = 4
  using the Mattes MI metric (number of bins = 32, weight = 1.0000e+00)
  preprocessing:  winsorizing the image intensities
  preprocessing:  histogram matching the images
  Shrink factors (level 1 out of 4): [6, 6, 6]
