
Running N4 for 3-dimensional images.

Mask not read.  Using the entire image as the mask.

Original intensity range:  [0, 903]

***********************************************************
Warning:  Your input image contains nonpositive values
which could cause failure or problematic results.  A
possible workaround would be to:
   1. rescale your image to positive values e.g., [10,100].
   2. run N4 on your rescaled image.
   3. (optional) rescale the N4 output to the original
      intensity range.
***********************************************************

Specified spline distance: 200mm
  original image size:  [192, 256, 256]
  padded image size:  [201, 401, 401]
  number of control points:  [4, 5, 5]

Current level = 1
  Iteration 1 (of 50).   Current convergence value = 0.00030702 (threshold = 1e-08)
  Iteration 2 (of 50).   Current convergence value = 0.00024114 (threshold = 1e-08)
  Iteration 3 (of 50).   Current convergence value = 0.000199095 (threshold = 1e-08)
  Iteration 4 (of 50).   Current convergence value = 0.0001794 (threshold = 1e-08)
  Iteration 5 (of 50).   Current convergence value = 0.000167603 (threshold = 1e-08)
  Iteration 6 (of 50).   Current convergence value = 0.000159714 (threshold = 1e-08)
  Iteration 7 (of 50).   Current convergence value = 0.000154134 (threshold = 1e-08)
  Iteration 8 (of 50).   Current convergence value = 0.000149528 (threshold = 1e-08)
  Iteration 9 (of 50).   Current convergence value = 0.000145837 (threshold = 1e-08)
  Iteration 10 (of 50).   Current convergence value = 0.00014252 (threshold = 1e-08)
  Iteration 11 (of 50).   Current convergence value = 0.000139711 (threshold = 1e-08)
  Iteration 12 (of 50).   Current convergence value = 0.000137246 (threshold = 1e-08)
  Iteration 13 (of 50).   Current convergence value = 0.000134824 (threshold = 1e-08)
  Iteration 14 (of 50).   Current convergence value = 0.000132421 (threshold = 1e-08)
  Iteration 15 (of 50).   Current convergence value = 0.000130318 (threshold = 1e-08)
  Iteration 16 (of 50).   Current convergence value = 0.000128258 (threshold = 1e-08)
  Iteration 17 (of 50).   Current convergence value = 0.000126335 (threshold = 1e-08)
  Iteration 18 (of 50).   Current convergence value = 0.00012444 (threshold = 1e-08)
  Iteration 19 (of 50).   Current convergence value = 0.000122595 (threshold = 1e-08)
  Iteration 20 (of 50).   Current convergence value = 0.000120864 (threshold = 1e-08)
  Iteration 21 (of 50).   Current convergence value = 0.000119197 (threshold = 1e-08)
  Iteration 22 (of 50).   Current convergence value = 0.000117561 (threshold = 1e-08)
  Iteration 23 (of 50).   Current convergence value = 0.000116088 (threshold = 1e-08)
  Iteration 24 (of 50).   Current convergence value = 0.000114594 (threshold = 1e-08)
  Iteration 25 (of 50).   Current convergence value = 0.000113174 (threshold = 1e-08)
  Iteration 26 (of 50).   Current convergence value = 0.000111906 (threshold = 1e-08)
  Iteration 27 (of 50).   Current convergence value = 0.000110693 (threshold = 1e-08)
  Iteration 28 (of 50).   Current convergence value = 0.000109483 (threshold = 1e-08)
  Iteration 29 (of 50).   Current convergence value = 0.000108299 (threshold = 1e-08)
  Iteration 30 (of 50).   Current convergence value = 0.000107271 (threshold = 1e-08)
  Iteration 31 (of 50).   Current convergence value = 0.000106258 (threshold = 1e-08)
  Iteration 32 (of 50).   Current convergence value = 0.000105213 (threshold = 1e-08)
  Iteration 33 (of 50).   Current convergence value = 0.000104192 (threshold = 1e-08)
  Iteration 34 (of 50).   Current convergence value = 0.000103231 (threshold = 1e-08)
  Iteration 35 (of 50).   Current convergence value = 0.000102248 (threshold = 1e-08)
  Iteration 36 (of 50).   Current convergence value = 0.000101384 (threshold = 1e-08)
  Iteration 37 (of 50).   Current convergence value = 0.000100603 (threshold = 1e-08)
  Iteration 38 (of 50).   Current convergence value = 9.97364e-05 (threshold = 1e-08)
  Iteration 39 (of 50).   Current convergence value = 9.90464e-05 (threshold = 1e-08)
  Iteration 40 (of 50).   Current convergence value = 9.82478e-05 (threshold = 1e-08)
  Iteration 41 (of 50).   Current convergence value = 9.74428e-05 (threshold = 1e-08)
  Iteration 42 (of 50).   Current convergence value = 9.67021e-05 (threshold = 1e-08)
  Iteration 43 (of 50).   Current convergence value = 9.59862e-05 (threshold = 1e-08)
  Iteration 44 (of 50).   Current convergence value = 9.53295e-05 (threshold = 1e-08)
  Iteration 45 (of 50).   Current convergence value = 9.45687e-05 (threshold = 1e-08)
  Iteration 46 (of 50).   Current convergence value = 9.38878e-05 (threshold = 1e-08)
  Iteration 47 (of 50).   Current convergence value = 9.32613e-05 (threshold = 1e-08)
  Iteration 48 (of 50).   Current convergence value = 9.26385e-05 (threshold = 1e-08)
  Iteration 49 (of 50).   Current convergence value = 9.21566e-05 (threshold = 1e-08)
  Iteration 50 (of 50).   Current convergence value = 9.16238e-05 (threshold = 1e-08)
Current level = 2
  Iteration 1 (of 50).   Current convergence value = 0.000489475 (threshold = 1e-08)
  Iteration 2 (of 50).   Current convergence value = 0.000399632 (threshold = 1e-08)
  Iteration 3 (of 50).   Current convergence value = 0.000338536 (threshold = 1e-08)
  Iteration 4 (of 50).   Current convergence value = 0.0002925 (threshold = 1e-08)
  Iteration 5 (of 50).   Current convergence value = 0.00025177 (threshold = 1e-08)
  Iteration 6 (of 50).   Current convergence value = 0.000218479 (threshold = 1e-08)
  Iteration 7 (of 50).   Current convergence value = 0.000194324 (threshold = 1e-08)
  Iteration 8 (of 50).   Current convergence value = 0.00018236 (threshold = 1e-08)
  Iteration 9 (of 50).   Current convergence value = 0.000173287 (threshold = 1e-08)
  Iteration 10 (of 50).   Current convergence value = 0.000158211 (threshold = 1e-08)
  Iteration 11 (of 50).   Current convergence value = 0.000145741 (threshold = 1e-08)
  Iteration 12 (of 50).   Current convergence value = 0.000134843 (threshold = 1e-08)
  Iteration 13 (of 50).   Current convergence value = 0.000125235 (threshold = 1e-08)
  Iteration 14 (of 50).   Current convergence value = 0.000116491 (threshold = 1e-08)
  Iteration 15 (of 50).   Current convergence value = 0.000108609 (threshold = 1e-08)
  Iteration 16 (of 50).   Current convergence value = 0.000101684 (threshold = 1e-08)
  Iteration 17 (of 50).   Current convergence value = 9.54105e-05 (threshold = 1e-08)
  Iteration 18 (of 50).   Current convergence value = 9.00008e-05 (threshold = 1e-08)
  Iteration 19 (of 50).   Current convergence value = 8.77655e-05 (threshold = 1e-08)
  Iteration 20 (of 50).   Current convergence value = 8.73092e-05 (threshold = 1e-08)
  Iteration 21 (of 50).   Current convergence value = 8.70411e-05 (threshold = 1e-08)
  Iteration 22 (of 50).   Current convergence value = 8.67964e-05 (threshold = 1e-08)
  Iteration 23 (of 50).   Current convergence value = 8.65729e-05 (threshold = 1e-08)
  Iteration 24 (of 50).   Current convergence value = 8.61528e-05 (threshold = 1e-08)
  Iteration 25 (of 50).   Current convergence value = 8.58709e-05 (threshold = 1e-08)
  Iteration 26 (of 50).   Current convergence value = 8.55455e-05 (threshold = 1e-08)
  Iteration 27 (of 50).   Current convergence value = 8.5123e-05 (threshold = 1e-08)
  Iteration 28 (of 50).   Current convergence value = 8.46688e-05 (threshold = 1e-08)
  Iteration 29 (of 50).   Current convergence value = 8.40965e-05 (threshold = 1e-08)
  Iteration 30 (of 50).   Current convergence value = 8.35904e-05 (threshold = 1e-08)
  Iteration 31 (of 50).   Current convergence value = 8.30936e-05 (threshold = 1e-08)
  Iteration 32 (of 50).   Current convergence value = 8.23691e-05 (threshold = 1e-08)
  Iteration 33 (of 50).   Current convergence value = 8.17222e-05 (threshold = 1e-08)
  Iteration 34 (of 50).   Current convergence value = 8.12659e-05 (threshold = 1e-08)
  Iteration 35 (of 50).   Current convergence value = 8.04464e-05 (threshold = 1e-08)
  Iteration 36 (of 50).   Current convergence value = 7.97446e-05 (threshold = 1e-08)
  Iteration 37 (of 50).   Current convergence value = 7.89852e-05 (threshold = 1e-08)
  Iteration 38 (of 50).   Current convergence value = 7.82943e-05 (threshold = 1e-08)
  Iteration 39 (of 50).   Current convergence value = 7.77772e-05 (threshold = 1e-08)
  Iteration 40 (of 50).   Current convergence value = 7.71093e-05 (threshold = 1e-08)
  Iteration 41 (of 50).   Current convergence value = 7.63532e-05 (threshold = 1e-08)
  Iteration 42 (of 50).   Current convergence value = 7.57032e-05 (threshold = 1e-08)
  Iteration 43 (of 50).   Current convergence value = 7.50075e-05 (threshold = 1e-08)
  Iteration 44 (of 50).   Current convergence value = 7.45672e-05 (threshold = 1e-08)
  Iteration 45 (of 50).   Current convergence value = 7.37944e-05 (threshold = 1e-08)
  Iteration 46 (of 50).   Current convergence value = 7.31648e-05 (threshold = 1e-08)
  Iteration 47 (of 50).   Current convergence value = 7.26388e-05 (threshold = 1e-08)
  Iteration 48 (of 50).   Current convergence value = 7.21438e-05 (threshold = 1e-08)
  Iteration 49 (of 50).   Current convergence value = 7.15815e-05 (threshold = 1e-08)
  Iteration 50 (of 50).   Current convergence value = 7.11005e-05 (threshold = 1e-08)
Current level = 3
  Iteration 1 (of 40).   Current convergence value = 0.00159141 (threshold = 1e-08)
  Iteration 2 (of 40).   Current convergence value = 0.0011345 (threshold = 1e-08)
  Iteration 3 (of 40).   Current convergence value = 0.000888056 (threshold = 1e-08)
  Iteration 4 (of 40).   Current convergence value = 0.000746371 (threshold = 1e-08)
  Iteration 5 (of 40).   Current convergence value = 0.000654627 (threshold = 1e-08)
  Iteration 6 (of 40).   Current convergence value = 0.000587109 (threshold = 1e-08)
  Iteration 7 (of 40).   Current convergence value = 0.00054072 (threshold = 1e-08)
  Iteration 8 (of 40).   Current convergence value = 0.000507839 (threshold = 1e-08)
  Iteration 9 (of 40).   Current convergence value = 0.000484368 (threshold = 1e-08)
  Iteration 10 (of 40).   Current convergence value = 0.000465445 (threshold = 1e-08)
  Iteration 11 (of 40).   Current convergence value = 0.0004501 (threshold = 1e-08)
  Iteration 12 (of 40).   Current convergence value = 0.000436987 (threshold = 1e-08)
  Iteration 13 (of 40).   Current convergence value = 0.000425673 (threshold = 1e-08)
  Iteration 14 (of 40).   Current convergence value = 0.000415577 (threshold = 1e-08)
  Iteration 15 (of 40).   Current convergence value = 0.000406626 (threshold = 1e-08)
  Iteration 16 (of 40).   Current convergence value = 0.000398465 (threshold = 1e-08)
  Iteration 17 (of 40).   Current convergence value = 0.000390845 (threshold = 1e-08)
  Iteration 18 (of 40).   Current convergence value = 0.000383642 (threshold = 1e-08)
  Iteration 19 (of 40).   Current convergence value = 0.000376802 (threshold = 1e-08)
  Iteration 20 (of 40).   Current convergence value = 0.000370336 (threshold = 1e-08)
  Iteration 21 (of 40).   Current convergence value = 0.000364083 (threshold = 1e-08)
  Iteration 22 (of 40).   Current convergence value = 0.000357823 (threshold = 1e-08)
  Iteration 23 (of 40).   Current convergence value = 0.000351711 (threshold = 1e-08)
  Iteration 24 (of 40).   Current convergence value = 0.000345783 (threshold = 1e-08)
  Iteration 25 (of 40).   Current convergence value = 0.000340076 (threshold = 1e-08)
  Iteration 26 (of 40).   Current convergence value = 0.000334496 (threshold = 1e-08)
  Iteration 27 (of 40).   Current convergence value = 0.000329004 (threshold = 1e-08)
  Iteration 28 (of 40).   Current convergence value = 0.000323608 (threshold = 1e-08)
  Iteration 29 (of 40).   Current convergence value = 0.000318343 (threshold = 1e-08)
  Iteration 30 (of 40).   Current convergence value = 0.000313165 (threshold = 1e-08)
  Iteration 31 (of 40).   Current convergence value = 0.000308051 (threshold = 1e-08)
  Iteration 32 (of 40).   Current convergence value = 0.000302994 (threshold = 1e-08)
  Iteration 33 (of 40).   Current convergence value = 0.000298034 (threshold = 1e-08)
  Iteration 34 (of 40).   Current convergence value = 0.000293123 (threshold = 1e-08)
  Iteration 35 (of 40).   Current convergence value = 0.000288304 (threshold = 1e-08)
  Iteration 36 (of 40).   Current convergence value = 0.000283584 (threshold = 1e-08)
  Iteration 37 (of 40).   Current convergence value = 0.000278972 (threshold = 1e-08)
  Iteration 38 (of 40).   Current convergence value = 0.000274256 (threshold = 1e-08)
  Iteration 39 (of 40).   Current convergence value = 0.000269617 (threshold = 1e-08)
  Iteration 40 (of 40).   Current convergence value = 0.000265016 (threshold = 1e-08)
Current level = 4
  Iteration 1 (of 30).   Current convergence value = 0.00211392 (threshold = 1e-08)
  Iteration 2 (of 30).   Current convergence value = 0.00192992 (threshold = 1e-08)
  Iteration 3 (of 30).   Current convergence value = 0.0018224 (threshold = 1e-08)
  Iteration 4 (of 30).   Current convergence value = 0.00174591 (threshold = 1e-08)
  Iteration 5 (of 30).   Current convergence value = 0.0016861 (threshold = 1e-08)
  Iteration 6 (of 30).   Current convergence value = 0.00163563 (threshold = 1e-08)
  Iteration 7 (of 30).   Current convergence value = 0.00159332 (threshold = 1e-08)
  Iteration 8 (of 30).   Current convergence value = 0.00155399 (threshold = 1e-08)
  Iteration 9 (of 30).   Current convergence value = 0.00151569 (threshold = 1e-08)
  Iteration 10 (of 30).   Current convergence value = 0.00146864 (threshold = 1e-08)
  Iteration 11 (of 30).   Current convergence value = 0.00139528 (threshold = 1e-08)
  Iteration 12 (of 30).   Current convergence value = 0.00131956 (threshold = 1e-08)
  Iteration 13 (of 30).   Current convergence value = 0.00124526 (threshold = 1e-08)
  Iteration 14 (of 30).   Current convergence value = 0.0011722 (threshold = 1e-08)
  Iteration 15 (of 30).   Current convergence value = 0.00109975 (threshold = 1e-08)
  Iteration 16 (of 30).   Current convergence value = 0.00103033 (threshold = 1e-08)
  Iteration 17 (of 30).   Current convergence value = 0.000964889 (threshold = 1e-08)
  Iteration 18 (of 30).   Current convergence value = 0.000905735 (threshold = 1e-08)
  Iteration 19 (of 30).   Current convergence value = 0.000855489 (threshold = 1e-08)
  Iteration 20 (of 30).   Current convergence value = 0.000816985 (threshold = 1e-08)
  Iteration 21 (of 30).   Current convergence value = 0.000792813 (threshold = 1e-08)
  Iteration 22 (of 30).   Current convergence value = 0.000784256 (threshold = 1e-08)
  Iteration 23 (of 30).   Current convergence value = 0.000780737 (threshold = 1e-08)
  Iteration 24 (of 30).   Current convergence value = 0.000800158 (threshold = 1e-08)
  Iteration 25 (of 30).   Current convergence value = 0.000840884 (threshold = 1e-08)
  Iteration 26 (of 30).   Current convergence value = 0.000889586 (threshold = 1e-08)
  Iteration 27 (of 30).   Current convergence value = 0.000938181 (threshold = 1e-08)
  Iteration 28 (of 30).   Current convergence value = 0.000988774 (threshold = 1e-08)
  Iteration 29 (of 30).   Current convergence value = 0.00103892 (threshold = 1e-08)
  Iteration 30 (of 30).   Current convergence value = 0.0010766 (threshold = 1e-08)
   N4BiasFieldCorrectionImageFilter (0x55de3e6c6e20)
     RTTI typeinfo:   itk::N4BiasFieldCorrectionImageFilter<itk::Image<float, 3u>, itk::Image<float, 3u>, itk::Image<float, 3u> >
     Reference Count: 1
     Modified Time: 565
     Debug: Off
     Object Name: 
     Observers: 
       IterationEvent(Command)
     Inputs: 
       ConfidenceImage: (0)
       MaskImage: (0x55de3e6f15e0)
       Primary: (0x55de3e6ecb30) *
     Indexed Inputs: 
       0: Primary (0x55de3e6ecb30)
       1: MaskImage (0x55de3e6f15e0)
       2: ConfidenceImage (0)
     Required Input Names: Primary
     NumberOfRequiredInputs: 1
     Outputs: 
       Primary: (0x55de3e6d6ef0)
     Indexed Outputs: 
       0: Primary (0x55de3e6d6ef0)
     NumberOfRequiredOutputs: 1
     Number Of Work Units: 32
     ReleaseDataFlag: Off
     ReleaseDataBeforeUpdateFlag: Off
     AbortGenerateData: Off
     Progress: 0
     Multithreader: 
       RTTI typeinfo:   itk::PoolMultiThreader
       Reference Count: 1
       Modified Time: 144
       Debug: Off
       Object Name: 
       Observers: 
         none
       Number of Work Units: 32
       Number of Threads: 8
       Global Maximum Number Of Threads: 128
       Global Default Number Of Threads: 8
       Global Default Threader Type: itk::MultiThreaderBaseEnums::Threader::Pool
       SingleMethod: 0
       SingleData: 0
     DynamicMultiThreading: On
     CoordinateTolerance: 1e-06
     DirectionTolerance: 1e-06
     Use Mask Label: 0
     Mask label: 1
     Number of histogram bins: 200
     Wiener filter noise: 0.01
     Bias field FWHM: 0.15
     Maximum number of iterations: [50, 50, 40, 30]
     Convergence threshold: 1e-08
     Spline order: 3
     Number of fitting levels: [4, 4, 4]
     Number of control points: [4, 5, 5]
     CurrentConvergenceMeasurement: 0.0010766
     CurrentLevel: 4
     ElapsedIterations: 31
     LogBiasFieldControlPointLattice: 
       Image (0x55de49a642b0)
         RTTI typeinfo:   itk::Image<itk::Vector<float, 1u>, 3u>
         Reference Count: 1
         Modified Time: 343560
         Debug: Off
         Object Name: 
         Observers: 
           none
         Source: (none)
         Source output name: (none)
         Release Data: Off
         Data Released: False
         Global Release Data: Off
         PipelineMTime: 0
         UpdateMTime: 0
         RealTimeStamp: 0 seconds 
         LargestPossibleRegion: 
           Dimension: 3
           Index: [0, 0, 0]
           Size: [11, 19, 19]
         BufferedRegion: 
           Dimension: 3
           Index: [0, 0, 0]
           Size: [11, 19, 19]
         RequestedRegion: 
           Dimension: 3
           Index: [0, 0, 0]
           Size: [11, 19, 19]
         Spacing: [24.75, 24.875, 24.875]
         Origin: [24.2447, 24.07, -26.1328]
         Direction: 
-0.999396 -0.0126458 0.0323599
0.013262 -0.999733 0.0188993
0.0321123 0.0193171 0.999298

         IndexToPointMatrix: 
-24.7351 -0.314564 0.804952
0.328235 -24.8684 0.47012
0.794779 0.480513 24.8575

         PointToIndexMatrix: 
-0.0403796 0.000535839 0.00129747
-0.000508374 -0.0401903 0.000776564
0.0013009 0.000759773 0.0401728

         Inverse Direction: 
-0.999396 0.013262 0.0321123
-0.0126458 -0.999733 0.019317
0.0323599 0.0188994 0.999298

         PixelContainer: 
           ImportImageContainer (0x55de4888f0e0)
             RTTI typeinfo:   itk::ImportImageContainer<unsigned long, itk::Vector<float, 1u> >
             Reference Count: 1
             Modified Time: 343561
             Debug: Off
             Object Name: 
             Observers: 
               none
             Pointer: 0x55de488602b0
             Container manages memory: true
             Size: 3971
             Capacity: 3971
Elapsed time: 321.893
All_Command_lines_OK
Using single precision for computations.
=============================================================================
The composite transform comprises the following transforms (in order): 
  1. Center of mass alignment using fixed image: /home/mpib/nemecz/Projects/miniTRK/Results/01_MRI/GroupTempl/T1w/T_template0.nii.gz and moving image: /home/mpib/nemecz/Projects/miniTRK/Analysis/01_MRI/Preproc/GroupTempl/T1w/sub-279828_T1w.nii.gz (type = Euler3DTransform)
=============================================================================
  number of levels = 4
  number of levels = 4
  number of levels = 4
  fixed image: /home/mpib/nemecz/Projects/miniTRK/Results/01_MRI/GroupTempl/T1w/T_template0.nii.gz
  moving image: /home/mpib/nemecz/Projects/miniTRK/Results/01_MRI/GroupTempl/T1w/T_template0sub-279828_T1wRepaired.nii.gz
  fixed image: /home/mpib/nemecz/Projects/miniTRK/Results/01_MRI/GroupTempl/T1w/T_template0.nii.gz
  moving image: /home/mpib/nemecz/Projects/miniTRK/Results/01_MRI/GroupTempl/T1w/T_template0sub-279828_T1wRepaired.nii.gz
  fixed image: /home/mpib/nemecz/Projects/miniTRK/Results/01_MRI/GroupTempl/T1w/T_template0.nii.gz
  moving image: /home/mpib/nemecz/Projects/miniTRK/Results/01_MRI/GroupTempl/T1w/T_template0sub-279828_T1wRepaired.nii.gz
Dimension = 3
Number of stages = 3
Use Histogram Matching true
Winsorize image intensities true
Lower quantile = 0.01
Upper quantile = 0.99
Stage 1 State
   Image metric = Mattes
     Fixed image = Image (0x55919fde3ad0)
  RTTI typeinfo:   itk::Image<float, 3u>
  Reference Count: 2
  Modified Time: 1721
  Debug: Off
  Object Name: 
  Observers: 
    none
  Source: (none)
  Source output name: (none)
  Release Data: Off
  Data Released: False
  Global Release Data: Off
  PipelineMTime: 0
  UpdateMTime: 1506
  RealTimeStamp: 0 seconds 
  LargestPossibleRegion: 
    Dimension: 3
    Index: [0, 0, 0]
    Size: [192, 256, 256]
  BufferedRegion: 
    Dimension: 3
    Index: [0, 0, 0]
    Size: [192, 256, 256]
  RequestedRegion: 
    Dimension: 3
    Index: [0, 0, 0]
    Size: [192, 256, 256]
  Spacing: [1, 1, 1]
  Origin: [95.0313, 100.538, -154.123]
  Direction: 
-0.999853 -0.014134 -0.00966312
0.014129 -0.9999 0.000586045
-0.00967044 0.000449429 0.999953

  IndexToPointMatrix: 
-0.999853 -0.014134 -0.00966312
0.014129 -0.9999 0.000586045
-0.00967044 0.000449429 0.999953

  PointToIndexMatrix: 
-0.999853 0.014129 -0.00967044
-0.014134 -0.9999 0.000449429
-0.00966312 0.000586045 0.999953

  Inverse Direction: 
-0.999853 0.014129 -0.00967044
-0.014134 -0.9999 0.000449429
-0.00966312 0.000586045 0.999953

  PixelContainer: 
    ImportImageContainer (0x55919fdebc80)
      RTTI typeinfo:   itk::ImportImageContainer<unsigned long, float>
      Reference Count: 1
      Modified Time: 1503
      Debug: Off
      Object Name: 
      Observers: 
        none
      Pointer: 0x7ff0a4c16010
      Container manages memory: true
      Size: 12582912
      Capacity: 12582912

     Moving image = Image (0x55919fde4bc0)
  RTTI typeinfo:   itk::Image<float, 3u>
  Reference Count: 2
  Modified Time: 1722
  Debug: Off
  Object Name: 
  Observers: 
    none
  Source: (none)
  Source output name: (none)
  Release Data: Off
  Data Released: False
  Global Release Data: Off
  PipelineMTime: 0
  UpdateMTime: 1719
  RealTimeStamp: 0 seconds 
  LargestPossibleRegion: 
    Dimension: 3
    Index: [0, 0, 0]
    Size: [192, 256, 256]
  BufferedRegion: 
    Dimension: 3
    Index: [0, 0, 0]
    Size: [192, 256, 256]
  RequestedRegion: 
    Dimension: 3
    Index: [0, 0, 0]
    Size: [192, 256, 256]
  Spacing: [1, 1, 1]
  Origin: [91.0557, 95.1537, -155.739]
  Direction: 
-0.999396 -0.0126458 0.0323599
0.013262 -0.999733 0.0188993
0.0321123 0.0193171 0.999298

  IndexToPointMatrix: 
-0.999396 -0.0126458 0.0323599
0.013262 -0.999733 0.0188993
0.0321123 0.0193171 0.999298

  PointToIndexMatrix: 
-0.999396 0.013262 0.0321123
-0.0126458 -0.999733 0.0193171
0.0323599 0.0188993 0.999298

  Inverse Direction: 
-0.999396 0.013262 0.0321123
-0.0126458 -0.999733 0.0193171
0.0323599 0.0188993 0.999298

  PixelContainer: 
    ImportImageContainer (0x55919fdf0100)
      RTTI typeinfo:   itk::ImportImageContainer<unsigned long, float>
      Reference Count: 1
      Modified Time: 1716
      Debug: Off
      Object Name: 
      Observers: 
        none
      Pointer: 0x7ff0a1c15010
      Container manages memory: true
      Size: 12582912
      Capacity: 12582912

     Weighting = 1
     Sampling strategy = regular
     Number of bins = 32
     Radius = 4
     Sampling percentage  = 0.25
   Transform = Rigid
     Gradient step = 0.1
     Update field sigma (voxel space) = 0
     Total field sigma (voxel space) = 0
     Update field time sigma = 0
     Total field time sigma  = 0
     Number of time indices = 0
     Number of time point samples = 0
Stage 2 State
   Image metric = Mattes
     Fixed image = Image (0x55919fdfc870)
  RTTI typeinfo:   itk::Image<float, 3u>
  Reference Count: 2
  Modified Time: 2149
  Debug: Off
  Object Name: 
  Observers: 
    none
  Source: (none)
  Source output name: (none)
  Release Data: Off
  Data Released: False
  Global Release Data: Off
  PipelineMTime: 0
  UpdateMTime: 1934
  RealTimeStamp: 0 seconds 
  LargestPossibleRegion: 
    Dimension: 3
    Index: [0, 0, 0]
    Size: [192, 256, 256]
  BufferedRegion: 
    Dimension: 3
    Index: [0, 0, 0]
    Size: [192, 256, 256]
  RequestedRegion: 
    Dimension: 3
    Index: [0, 0, 0]
    Size: [192, 256, 256]
  Spacing: [1, 1, 1]
  Origin: [95.0313, 100.538, -154.123]
  Direction: 
-0.999853 -0.014134 -0.00966312
0.014129 -0.9999 0.000586045
-0.00967044 0.000449429 0.999953

  IndexToPointMatrix: 
-0.999853 -0.014134 -0.00966312
0.014129 -0.9999 0.000586045
-0.00967044 0.000449429 0.999953

  PointToIndexMatrix: 
-0.999853 0.014129 -0.00967044
-0.014134 -0.9999 0.000449429
-0.00966312 0.000586045 0.999953

  Inverse Direction: 
-0.999853 0.014129 -0.00967044
-0.014134 -0.9999 0.000449429
-0.00966312 0.000586045 0.999953

  PixelContainer: 
    ImportImageContainer (0x55919fde76d0)
      RTTI typeinfo:   itk::ImportImageContainer<unsigned long, float>
      Reference Count: 1
      Modified Time: 1931
      Debug: Off
      Object Name: 
      Observers: 
        none
      Pointer: 0x7ff09ec14010
      Container manages memory: true
      Size: 12582912
      Capacity: 12582912

     Moving image = Image (0x55919fdfc4c0)
  RTTI typeinfo:   itk::Image<float, 3u>
  Reference Count: 2
  Modified Time: 2150
  Debug: Off
  Object Name: 
  Observers: 
    none
  Source: (none)
  Source output name: (none)
  Release Data: Off
  Data Released: False
  Global Release Data: Off
  PipelineMTime: 0
  UpdateMTime: 2147
  RealTimeStamp: 0 seconds 
  LargestPossibleRegion: 
    Dimension: 3
    Index: [0, 0, 0]
    Size: [192, 256, 256]
  BufferedRegion: 
    Dimension: 3
    Index: [0, 0, 0]
    Size: [192, 256, 256]
  RequestedRegion: 
    Dimension: 3
    Index: [0, 0, 0]
    Size: [192, 256, 256]
  Spacing: [1, 1, 1]
  Origin: [91.0557, 95.1537, -155.739]
  Direction: 
-0.999396 -0.0126458 0.0323599
0.013262 -0.999733 0.0188993
0.0321123 0.0193171 0.999298

  IndexToPointMatrix: 
-0.999396 -0.0126458 0.0323599
0.013262 -0.999733 0.0188993
0.0321123 0.0193171 0.999298

  PointToIndexMatrix: 
-0.999396 0.013262 0.0321123
-0.0126458 -0.999733 0.0193171
0.0323599 0.0188993 0.999298

  Inverse Direction: 
-0.999396 0.013262 0.0321123
-0.0126458 -0.999733 0.0193171
0.0323599 0.0188993 0.999298

  PixelContainer: 
    ImportImageContainer (0x55919fdfd8c0)
      RTTI typeinfo:   itk::ImportImageContainer<unsigned long, float>
      Reference Count: 1
      Modified Time: 2144
      Debug: Off
      Object Name: 
      Observers: 
        none
      Pointer: 0x7ff09bc13010
      Container manages memory: true
      Size: 12582912
      Capacity: 12582912

     Weighting = 1
     Sampling strategy = regular
     Number of bins = 32
     Radius = 4
     Sampling percentage  = 0.25
   Transform = Affine
     Gradient step = 0.1
     Update field sigma (voxel space) = 0
     Total field sigma (voxel space) = 0
     Update field time sigma = 0
     Total field time sigma  = 0
     Number of time indices = 0
     Number of time point samples = 0
Stage 3 State
   Image metric = CC
     Fixed image = Image (0x55919fe03960)
  RTTI typeinfo:   itk::Image<float, 3u>
  Reference Count: 2
  Modified Time: 2577
  Debug: Off
  Object Name: 
  Observers: 
    none
  Source: (none)
  Source output name: (none)
  Release Data: Off
  Data Released: False
  Global Release Data: Off
  PipelineMTime: 0
  UpdateMTime: 2362
  RealTimeStamp: 0 seconds 
  LargestPossibleRegion: 
    Dimension: 3
    Index: [0, 0, 0]
    Size: [192, 256, 256]
  BufferedRegion: 
    Dimension: 3
    Index: [0, 0, 0]
    Size: [192, 256, 256]
  RequestedRegion: 
    Dimension: 3
    Index: [0, 0, 0]
    Size: [192, 256, 256]
  Spacing: [1, 1, 1]
  Origin: [95.0313, 100.538, -154.123]
  Direction: 
-0.999853 -0.014134 -0.00966312
0.014129 -0.9999 0.000586045
-0.00967044 0.000449429 0.999953

  IndexToPointMatrix: 
-0.999853 -0.014134 -0.00966312
0.014129 -0.9999 0.000586045
-0.00967044 0.000449429 0.999953

  PointToIndexMatrix: 
-0.999853 0.014129 -0.00967044
-0.014134 -0.9999 0.000449429
-0.00966312 0.000586045 0.999953

  Inverse Direction: 
-0.999853 0.014129 -0.00967044
-0.014134 -0.9999 0.000449429
-0.00966312 0.000586045 0.999953

  PixelContainer: 
    ImportImageContainer (0x55919fde4660)
      RTTI typeinfo:   itk::ImportImageContainer<unsigned long, float>
      Reference Count: 1
      Modified Time: 2359
      Debug: Off
      Object Name: 
      Observers: 
        none
      Pointer: 0x7ff098c12010
      Container manages memory: true
      Size: 12582912
      Capacity: 12582912

     Moving image = Image (0x55919fe05840)
  RTTI typeinfo:   itk::Image<float, 3u>
  Reference Count: 2
  Modified Time: 2578
  Debug: Off
  Object Name: 
  Observers: 
    none
  Source: (none)
  Source output name: (none)
  Release Data: Off
  Data Released: False
  Global Release Data: Off
  PipelineMTime: 0
  UpdateMTime: 2575
  RealTimeStamp: 0 seconds 
  LargestPossibleRegion: 
    Dimension: 3
    Index: [0, 0, 0]
    Size: [192, 256, 256]
  BufferedRegion: 
    Dimension: 3
    Index: [0, 0, 0]
    Size: [192, 256, 256]
  RequestedRegion: 
    Dimension: 3
    Index: [0, 0, 0]
    Size: [192, 256, 256]
  Spacing: [1, 1, 1]
  Origin: [91.0557, 95.1537, -155.739]
  Direction: 
-0.999396 -0.0126458 0.0323599
0.013262 -0.999733 0.0188993
0.0321123 0.0193171 0.999298

  IndexToPointMatrix: 
-0.999396 -0.0126458 0.0323599
0.013262 -0.999733 0.0188993
0.0321123 0.0193171 0.999298

  PointToIndexMatrix: 
-0.999396 0.013262 0.0321123
-0.0126458 -0.999733 0.0193171
0.0323599 0.0188993 0.999298

  Inverse Direction: 
-0.999396 0.013262 0.0321123
-0.0126458 -0.999733 0.0193171
0.0323599 0.0188993 0.999298

  PixelContainer: 
    ImportImageContainer (0x55919fe02660)
      RTTI typeinfo:   itk::ImportImageContainer<unsigned long, float>
      Reference Count: 1
      Modified Time: 2572
      Debug: Off
      Object Name: 
      Observers: 
        none
      Pointer: 0x7ff095c11010
      Container manages memory: true
      Size: 12582912
      Capacity: 12582912

     Weighting = 1
     Sampling strategy = none
     Number of bins = 32
     Radius = 4
     Sampling percentage  = 1
   Transform = SyN
     Gradient step = 0.1
     Update field sigma (voxel space) = 3
     Total field sigma (voxel space) = 0
     Update field time sigma = 0
     Total field time sigma  = 0
     Number of time indices = 0
     Number of time point samples = 0
Registration using 3 total stages.

Stage 0
  iterations = 1000x500x250x0
  convergence threshold = 1e-06
  convergence window size = 10
  number of levels = 4
  using the Mattes MI metric (number of bins = 32, weight = 1)
  preprocessing:  winsorizing the image intensities
  preprocessing:  histogram matching the images
  Shrink factors (level 1 out of 4): [6, 6, 6]
  Shrink factors (level 2 out of 4): [4, 4, 4]
  Shrink factors (level 3 out of 4): [2, 2, 2]
  Shrink factors (level 4 out of 4): [1, 1, 1]
  smoothing sigmas per level: [4, 2, 1, 0]
  regular sampling (percentage = 0.25)

*** Running Euler3DTransform registration ***

DIAGNOSTIC,Iteration,metricValue,convergenceValue,ITERATION_TIME_INDEX,SINCE_LAST
 2DIAGNOSTIC,     1, -8.681606054306e-01, inf, 8.8392e-01, 8.8392e-01, 
 2DIAGNOSTIC,     2, -8.722440004349e-01, inf, 8.9335e-01, 9.4299e-03, 
 2DIAGNOSTIC,     3, -8.786187171936e-01, inf, 9.0270e-01, 9.3470e-03, 
 2DIAGNOSTIC,     4, -8.885623812675e-01, inf, 9.1242e-01, 9.7229e-03, 
 2DIAGNOSTIC,     5, -9.016501903534e-01, inf, 9.2165e-01, 9.2301e-03, 
 2DIAGNOSTIC,     6, -9.162694215775e-01, inf, 9.3008e-01, 8.4269e-03, 
 2DIAGNOSTIC,     7, -9.283851385117e-01, inf, 9.3827e-01, 8.1928e-03, 
 2DIAGNOSTIC,     8, -9.326644539833e-01, inf, 9.4725e-01, 8.9819e-03, 
 2DIAGNOSTIC,     9, -9.391052126884e-01, inf, 9.5619e-01, 8.9381e-03, 
 2DIAGNOSTIC,    10, -9.455878734589e-01, 6.106124259531e-03, 9.6950e-01, 1.3309e-02, 
 2DIAGNOSTIC,    11, -9.481457471848e-01, 5.289601162076e-03, 9.7779e-01, 8.2860e-03, 
 2DIAGNOSTIC,    12, -9.496682286263e-01, 4.286133684218e-03, 9.8588e-01, 8.0900e-03, 
 2DIAGNOSTIC,    13, -9.520978331566e-01, 3.267734544352e-03, 9.9530e-01, 9.4221e-03, 
 2DIAGNOSTIC,    14, -9.560912847519e-01, 2.407624619082e-03, 1.0091e+00, 1.3751e-02, 
 2DIAGNOSTIC,    15, -9.562554955482e-01, 1.711287070066e-03, 1.0181e+00, 9.0568e-03, 
 2DIAGNOSTIC,    16, -9.562204480171e-01, 1.225412008353e-03, 1.0286e+00, 1.0489e-02, 
 2DIAGNOSTIC,    17, -9.561911821365e-01, 9.058340219781e-04, 1.0388e+00, 1.0249e-02, 
 2DIAGNOSTIC,    18, -9.562048316002e-01, 6.104429485276e-04, 1.0478e+00, 8.9300e-03, 
 2DIAGNOSTIC,    19, -9.561480879784e-01, 3.901276795659e-04, 1.0557e+00, 7.8900e-03, 
 2DIAGNOSTIC,    20, -9.561603665352e-01, 2.550875651650e-04, 1.0632e+00, 7.5541e-03, 
 2DIAGNOSTIC,    21, -9.561797976494e-01, 1.478173799114e-04, 1.0721e+00, 8.8890e-03, 
 2DIAGNOSTIC,    22, -9.561632275581e-01, 5.747975956183e-05, 1.0798e+00, 7.6611e-03, 
DIAGNOSTIC,Iteration,metricValue,convergenceValue,ITERATION_TIME_INDEX,SINCE_LAST
 2DIAGNOSTIC,     1, -7.904602885246e-01, inf, 1.9169e+00, 8.3712e-01, 
 2DIAGNOSTIC,     2, -7.917740941048e-01, inf, 1.9491e+00, 3.2226e-02, 
 2DIAGNOSTIC,     3, -7.932136058807e-01, inf, 1.9795e+00, 3.0384e-02, 
 2DIAGNOSTIC,     4, -7.941828966141e-01, inf, 2.0134e+00, 3.3865e-02, 
 2DIAGNOSTIC,     5, -7.944565415382e-01, inf, 2.0467e+00, 3.3345e-02, 
 2DIAGNOSTIC,     6, -7.944829463959e-01, inf, 2.0802e+00, 3.3519e-02, 
 2DIAGNOSTIC,     7, -7.944766879082e-01, inf, 2.1142e+00, 3.3952e-02, 
 2DIAGNOSTIC,     8, -7.944804430008e-01, inf, 2.1496e+00, 3.5466e-02, 
 2DIAGNOSTIC,     9, -7.944693565369e-01, inf, 2.1832e+00, 3.3585e-02, 
 2DIAGNOSTIC,    10, -7.944649457932e-01, 2.678311429918e-04, 2.2205e+00, 3.7317e-02, 
 2DIAGNOSTIC,    11, -7.944485545158e-01, 1.324137847405e-04, 2.2555e+00, 3.4932e-02, 
 2DIAGNOSTIC,    12, -7.944549322128e-01, 4.662009450840e-05, 2.2902e+00, 3.4690e-02, 
 2DIAGNOSTIC,    13, -7.944539785385e-01, 9.009227142087e-06, 2.3244e+00, 3.4241e-02, 
DIAGNOSTIC,Iteration,metricValue,convergenceValue,ITERATION_TIME_INDEX,SINCE_LAST
 2DIAGNOSTIC,     1, -7.004778981209e-01, inf, 3.4835e+00, 1.1591e+00, 
 2DIAGNOSTIC,     2, -7.012177705765e-01, inf, 3.7294e+00, 2.4585e-01, 
 2DIAGNOSTIC,     3, -7.016463875771e-01, inf, 3.9506e+00, 2.2127e-01, 
 2DIAGNOSTIC,     4, -7.017571330070e-01, inf, 4.1778e+00, 2.2711e-01, 
 2DIAGNOSTIC,     5, -7.017750740051e-01, inf, 4.3988e+00, 2.2109e-01, 
 2DIAGNOSTIC,     6, -7.018280625343e-01, inf, 4.8861e+00, 4.8721e-01, 
 2DIAGNOSTIC,     7, -7.018272876740e-01, inf, 5.1710e+00, 2.8499e-01, 
 2DIAGNOSTIC,     8, -7.018269896507e-01, inf, 5.4796e+00, 3.0854e-01, 
 2DIAGNOSTIC,     9, -7.018267512321e-01, inf, 5.7346e+00, 2.5499e-01, 
 2DIAGNOSTIC,    10, -7.018266916275e-01, 8.618774154456e-05, 6.1325e+00, 3.9796e-01, 
 2DIAGNOSTIC,    11, -7.018271684647e-01, 3.382160502952e-05, 6.4180e+00, 2.8547e-01, 
 2DIAGNOSTIC,    12, -7.018271088600e-01, 1.201829127240e-05, 6.7035e+00, 2.8551e-01, 
 2DIAGNOSTIC,    13, -7.018270492554e-01, 6.012767698849e-06, 6.9516e+00, 2.4814e-01, 
 2DIAGNOSTIC,    14, -7.018269896507e-01, 3.747583605218e-06, 7.2039e+00, 2.5230e-01, 
 2DIAGNOSTIC,    15, -7.018269300461e-01, 2.091272335747e-06, 7.4861e+00, 2.8213e-01, 
 2DIAGNOSTIC,    16, -7.018269300461e-01, 1.986363258766e-06, 7.7339e+00, 2.4788e-01, 
 2DIAGNOSTIC,    17, -7.018268704414e-01, 1.874174131444e-06, 7.9834e+00, 2.4945e-01, 
 2DIAGNOSTIC,    18, -7.018268108368e-01, 1.766522814250e-06, 8.2301e+00, 2.4670e-01, 
 2DIAGNOSTIC,    19, -7.018268108368e-01, 1.665406671236e-06, 8.4945e+00, 2.6443e-01, 
 2DIAGNOSTIC,    20, -7.018268704414e-01, 1.574927296133e-06, 8.7432e+00, 2.4863e-01, 
 2DIAGNOSTIC,    21, -7.018268704414e-01, 1.503694420535e-06, 8.9887e+00, 2.4554e-01, 
 2DIAGNOSTIC,    22, -7.018269300461e-01, 1.440029109290e-06, 9.2389e+00, 2.5015e-01, 
 2DIAGNOSTIC,    23, -7.018269300461e-01, 1.381446850246e-06, 9.4876e+00, 2.4875e-01, 
 2DIAGNOSTIC,    24, -7.018268704414e-01, 1.325927428297e-06, 9.7344e+00, 2.4680e-01, 
 2DIAGNOSTIC,    25, -7.018268108368e-01, 1.272887061532e-06, 9.9836e+00, 2.4916e-01, 
 2DIAGNOSTIC,    26, -7.018268704414e-01, 1.224848801940e-06, 1.0232e+01, 2.4881e-01, 
 2DIAGNOSTIC,    27, -7.018269300461e-01, 1.180226831821e-06, 1.0478e+01, 2.4587e-01, 
 2DIAGNOSTIC,    28, -7.018269300461e-01, 1.137729441325e-06, 1.0725e+01, 2.4648e-01, 
 2DIAGNOSTIC,    29, -7.018268704414e-01, 1.097216681956e-06, 1.0978e+01, 2.5303e-01, 
 2DIAGNOSTIC,    30, -7.018268704414e-01, 1.060250156115e-06, 1.1230e+01, 2.5226e-01, 
 2DIAGNOSTIC,    31, -7.018268704414e-01, 1.025629671858e-06, 1.1476e+01, 2.4604e-01, 
DIAGNOSTIC,Iteration,metricValue,convergenceValue,ITERATION_TIME_INDEX,SINCE_LAST
 2DIAGNOSTIC,     1, -6.321087479591e-01, inf, 1.3908e+01, 2.4323e+00, 
  Elapsed time (stage 0): 1.5160e+01


Stage 1
  iterations = 1000x500x250x0
  convergence threshold = 1.0000e-06
  convergence window size = 10
  number of levels = 4
  using the Mattes MI metric (number of bins = 32, weight = 1.0000e+00)
  preprocessing:  winsorizing the image intensities
  preprocessing:  histogram matching the images
  Shrink factors (level 1 out of 4): [6, 6, 6]
  Shrink factors (level 2 out of 4): [4, 4, 4]
  Shrink factors (level 3 out of 4): [2, 2, 2]
  Shrink factors (level 4 out of 4): [1, 1, 1]
  smoothing sigmas per level: [4, 2, 1, 0]
  regular sampling (percentage = 2.5000e-01)

*** Running AffineTransform registration ***

DIAGNOSTIC,Iteration,metricValue,convergenceValue,ITERATION_TIME_INDEX,SINCE_LAST
 2DIAGNOSTIC,     1, -9.460048675537e-01, inf, 8.1351e-01, 8.1351e-01, 
 2DIAGNOSTIC,     2, -9.476712346077e-01, inf, 8.2475e-01, 1.1235e-02, 
 2DIAGNOSTIC,     3, -9.503745436668e-01, inf, 8.3614e-01, 1.1391e-02, 
 2DIAGNOSTIC,     4, -9.544582366943e-01, inf, 8.4714e-01, 1.1003e-02, 
 2DIAGNOSTIC,     5, -9.601858854294e-01, inf, 8.5709e-01, 9.9492e-03, 
 2DIAGNOSTIC,     6, -9.671236872673e-01, inf, 8.6571e-01, 8.6141e-03, 
 2DIAGNOSTIC,     7, -9.730167984962e-01, inf, 8.7650e-01, 1.0795e-02, 
 2DIAGNOSTIC,     8, -9.759518504143e-01, inf, 8.9851e-01, 2.2007e-02, 
 2DIAGNOSTIC,     9, -9.760048985481e-01, inf, 9.0802e-01, 9.5129e-03, 
 2DIAGNOSTIC,    10, -9.760372638702e-01, 2.440390642732e-03, 9.1999e-01, 1.1964e-02, 
 2DIAGNOSTIC,    11, -9.760178327560e-01, 1.992587931454e-03, 9.2959e-01, 9.6030e-03, 
 2DIAGNOSTIC,    12, -9.759743809700e-01, 1.480197417550e-03, 9.3864e-01, 9.0549e-03, 
 2DIAGNOSTIC,    13, -9.759816527367e-01, 9.754241327755e-04, 9.4851e-01, 9.8619e-03, 
 2DIAGNOSTIC,    14, -9.760372638702e-01, 5.421583191492e-04, 9.5748e-01, 8.9729e-03, 
 2DIAGNOSTIC,    15, -9.760888218880e-01, 2.295370359207e-04, 9.6617e-01, 8.6899e-03, 
 2DIAGNOSTIC,    16, -9.761808514595e-01, 6.209025741555e-05, 9.7570e-01, 9.5360e-03, 
 2DIAGNOSTIC,    17, -9.761668443680e-01, 9.055295777216e-06, 9.8469e-01, 8.9869e-03, 
 2DIAGNOSTIC,    18, -9.763393402100e-01, 1.196397806780e-05, 9.9471e-01, 1.0023e-02, 
 2DIAGNOSTIC,    19, -9.764484167099e-01, 1.602099655429e-05, 1.0037e+00, 8.9431e-03, 
 2DIAGNOSTIC,    20, -9.766466021538e-01, 2.167982529500e-05, 1.0135e+00, 9.7980e-03, 
 2DIAGNOSTIC,    21, -9.767352342606e-01, 2.587786912045e-05, 1.0230e+00, 9.5501e-03, 
 2DIAGNOSTIC,    22, -9.767282605171e-01, 2.677607699297e-05, 1.0324e+00, 9.3482e-03, 
 2DIAGNOSTIC,    23, -9.767326116562e-01, 2.539771958254e-05, 1.0422e+00, 9.8071e-03, 
 2DIAGNOSTIC,    24, -9.766669869423e-01, 2.173153188778e-05, 1.0531e+00, 1.0963e-02, 
 2DIAGNOSTIC,    25, -9.766584634781e-01, 1.692282785370e-05, 1.0658e+00, 1.2697e-02, 
