All_Command_lines_OK
Using single precision for computations.
=============================================================================
The composite transform comprises the following transforms (in order): 
  1. Center of mass alignment using fixed image: /home/mpib/nemecz/Projects/miniTRK/Results/01_MRI/GroupTempl/T1w/T_template0.nii.gz and moving image: /home/mpib/nemecz/Projects/miniTRK/Analysis/01_MRI/Preproc/GroupTempl/T1w/sub-572551_T1w.nii.gz (type = Euler3DTransform)
=============================================================================
  number of levels = 4
  fixed image: /home/mpib/nemecz/Projects/miniTRK/Results/01_MRI/GroupTempl/T1w/T_template0.nii.gz
  moving image: /home/mpib/nemecz/Projects/miniTRK/Analysis/01_MRI/Preproc/GroupTempl/T1w/sub-572551_T1w.nii.gz
Dimension = 3
Number of stages = 1
Use Histogram Matching true
Winsorize image intensities true
Lower quantile = 0.01
Upper quantile = 0.99
Stage 1 State
   Image metric = Mattes
     Fixed image = Image (0x55d8af237fe0)
  RTTI typeinfo:   itk::Image<float, 3u>
  Reference Count: 2
  Modified Time: 1667
  Debug: Off
  Object Name: 
  Observers: 
    none
  Source: (none)
  Source output name: (none)
  Release Data: Off
  Data Released: False
  Global Release Data: Off
  PipelineMTime: 0
  UpdateMTime: 1452
  RealTimeStamp: 0 seconds 
  LargestPossibleRegion: 
    Dimension: 3
    Index: [0, 0, 0]
    Size: [192, 256, 256]
  BufferedRegion: 
    Dimension: 3
    Index: [0, 0, 0]
    Size: [192, 256, 256]
  RequestedRegion: 
    Dimension: 3
    Index: [0, 0, 0]
    Size: [192, 256, 256]
  Spacing: [1, 1, 1]
  Origin: [95.0313, 100.538, -154.123]
  Direction: 
-0.999853 -0.014134 -0.00966312
0.014129 -0.9999 0.000586045
-0.00967044 0.000449429 0.999953

  IndexToPointMatrix: 
-0.999853 -0.014134 -0.00966312
0.014129 -0.9999 0.000586045
-0.00967044 0.000449429 0.999953

  PointToIndexMatrix: 
-0.999853 0.014129 -0.00967044
-0.014134 -0.9999 0.000449429
-0.00966312 0.000586045 0.999953

  Inverse Direction: 
-0.999853 0.014129 -0.00967044
-0.014134 -0.9999 0.000449429
-0.00966312 0.000586045 0.999953

  PixelContainer: 
    ImportImageContainer (0x55d8af244970)
      RTTI typeinfo:   itk::ImportImageContainer<unsigned long, float>
      Reference Count: 1
      Modified Time: 1449
      Debug: Off
      Object Name: 
      Observers: 
        none
      Pointer: 0x7f7d6b616010
      Container manages memory: true
      Size: 12582912
      Capacity: 12582912

     Moving image = Image (0x55d8af244450)
  RTTI typeinfo:   itk::Image<float, 3u>
  Reference Count: 2
  Modified Time: 1668
  Debug: Off
  Object Name: 
  Observers: 
    none
  Source: (none)
  Source output name: (none)
  Release Data: Off
  Data Released: False
  Global Release Data: Off
  PipelineMTime: 0
  UpdateMTime: 1665
  RealTimeStamp: 0 seconds 
  LargestPossibleRegion: 
    Dimension: 3
    Index: [0, 0, 0]
    Size: [192, 256, 256]
  BufferedRegion: 
    Dimension: 3
    Index: [0, 0, 0]
    Size: [192, 256, 256]
  RequestedRegion: 
    Dimension: 3
    Index: [0, 0, 0]
    Size: [192, 256, 256]
  Spacing: [1, 1, 1]
  Origin: [91.4053, 86.8994, -173.757]
  Direction: 
-0.999757 0.0169924 -0.0140755
-0.018821 -0.989681 0.142044
-0.0115166 0.142274 0.98976

  IndexToPointMatrix: 
-0.999757 0.0169924 -0.0140755
-0.018821 -0.989681 0.142044
-0.0115166 0.142274 0.98976

  PointToIndexMatrix: 
-0.999757 -0.018821 -0.0115166
0.0169924 -0.989681 0.142274
-0.0140755 0.142044 0.98976

  Inverse Direction: 
-0.999757 -0.018821 -0.0115166
0.0169924 -0.989681 0.142274
-0.0140755 0.142044 0.98976

  PixelContainer: 
    ImportImageContainer (0x55d8af2391a0)
      RTTI typeinfo:   itk::ImportImageContainer<unsigned long, float>
      Reference Count: 1
      Modified Time: 1662
      Debug: Off
      Object Name: 
      Observers: 
        none
      Pointer: 0x7f7d68615010
      Container manages memory: true
      Size: 12582912
      Capacity: 12582912

     Weighting = 1
     Sampling strategy = regular
     Number of bins = 32
     Radius = 4
     Sampling percentage  = 0.25
   Transform = Rigid
     Gradient step = 0.1
     Update field sigma (voxel space) = 0
     Total field sigma (voxel space) = 0
     Update field time sigma = 0
     Total field time sigma  = 0
     Number of time indices = 0
     Number of time point samples = 0
Registration using 1 total stages.

Stage 0
  iterations = 1000x500x250x0
  convergence threshold = 1e-06
  convergence window size = 10
  number of levels = 4
  using the Mattes MI metric (number of bins = 32, weight = 1)
  preprocessing:  winsorizing the image intensities
  preprocessing:  histogram matching the images
  Shrink factors (level 1 out of 4): [6, 6, 6]
  Shrink factors (level 2 out of 4): [4, 4, 4]
  Shrink factors (level 3 out of 4): [2, 2, 2]
  Shrink factors (level 4 out of 4): [1, 1, 1]
  smoothing sigmas per level: [3, 2, 1, 0]
  regular sampling (percentage = 0.25)

*** Running Euler3DTransform registration ***

DIAGNOSTIC,Iteration,metricValue,convergenceValue,ITERATION_TIME_INDEX,SINCE_LAST
 2DIAGNOSTIC,     1, -8.396055102348e-01, inf, 6.6268e-01, 6.6267e-01, 
 2DIAGNOSTIC,     2, -8.407508134842e-01, inf, 6.7141e-01, 8.7309e-03, 
 2DIAGNOSTIC,     3, -8.423386216164e-01, inf, 6.7992e-01, 8.5111e-03, 
 2DIAGNOSTIC,     4, -8.448931574821e-01, inf, 6.8824e-01, 8.3208e-03, 
 2DIAGNOSTIC,     5, -8.474962115288e-01, inf, 6.9632e-01, 8.0850e-03, 
 2DIAGNOSTIC,     6, -8.489907979965e-01, inf, 7.0381e-01, 7.4830e-03, 
 2DIAGNOSTIC,     7, -8.501675128937e-01, inf, 7.1249e-01, 8.6880e-03, 
 2DIAGNOSTIC,     8, -8.512009382248e-01, inf, 7.2104e-01, 8.5459e-03, 
 2DIAGNOSTIC,     9, -8.513850569725e-01, inf, 7.3341e-01, 1.2372e-02, 
 2DIAGNOSTIC,    10, -8.515219688416e-01, 1.014669309370e-03, 7.4101e-01, 7.5932e-03, 
 2DIAGNOSTIC,    11, -8.516635298729e-01, 7.779891020618e-04, 7.4854e-01, 7.5381e-03, 
 2DIAGNOSTIC,    12, -8.518506884575e-01, 5.486674490385e-04, 7.5712e-01, 8.5809e-03, 
 2DIAGNOSTIC,    13, -8.518985509872e-01, 3.466065682005e-04, 7.6468e-01, 7.5531e-03, 
 2DIAGNOSTIC,    14, -8.518840074539e-01, 2.020756364800e-04, 7.7429e-01, 9.6080e-03, 
 2DIAGNOSTIC,    15, -8.519084453583e-01, 1.170774994534e-04, 7.8278e-01, 8.4970e-03, 
 2DIAGNOSTIC,    16, -8.519061803818e-01, 6.297906656982e-05, 7.9125e-01, 8.4639e-03, 
 2DIAGNOSTIC,    17, -8.518992662430e-01, 3.212289084331e-05, 7.9876e-01, 7.5150e-03, 
 2DIAGNOSTIC,    18, -8.518927693367e-01, 2.096898970194e-05, 8.0739e-01, 8.6300e-03, 
 2DIAGNOSTIC,    19, -8.518922328949e-01, 1.246341071237e-05, 8.1608e-01, 8.6911e-03, 
 2DIAGNOSTIC,    20, -8.518853187561e-01, 5.958119345451e-06, 8.2357e-01, 7.4909e-03, 
 2DIAGNOSTIC,    21, -8.518666625023e-01, 1.546718067402e-06, 8.3195e-01, 8.3749e-03, 
DIAGNOSTIC,Iteration,metricValue,convergenceValue,ITERATION_TIME_INDEX,SINCE_LAST
 2DIAGNOSTIC,     1, -7.569705843925e-01, inf, 1.5460e+00, 7.1402e-01, 
 2DIAGNOSTIC,     2, -7.571576237679e-01, inf, 1.5750e+00, 2.9001e-02, 
 2DIAGNOSTIC,     3, -7.573502063751e-01, inf, 1.6027e+00, 2.7687e-02, 
 2DIAGNOSTIC,     4, -7.575123310089e-01, inf, 1.6301e+00, 2.7473e-02, 
 2DIAGNOSTIC,     5, -7.580534815788e-01, inf, 1.6574e+00, 2.7310e-02, 
 2DIAGNOSTIC,     6, -7.588679790497e-01, inf, 1.6853e+00, 2.7810e-02, 
 2DIAGNOSTIC,     7, -7.609546780586e-01, inf, 1.7169e+00, 3.1659e-02, 
 2DIAGNOSTIC,     8, -7.616378664970e-01, inf, 1.7520e+00, 3.5051e-02, 
 2DIAGNOSTIC,     9, -7.620409727097e-01, inf, 1.7873e+00, 3.5312e-02, 
 2DIAGNOSTIC,    10, -7.624729275703e-01, 5.466872826219e-04, 1.8153e+00, 2.8037e-02, 
 2DIAGNOSTIC,    11, -7.632724046707e-01, 5.398599896580e-04, 1.8473e+00, 3.1982e-02, 
 2DIAGNOSTIC,    12, -7.634550333023e-01, 4.961052327417e-04, 1.8751e+00, 2.7855e-02, 
 2DIAGNOSTIC,    13, -7.635294795036e-01, 4.224127042107e-04, 1.9036e+00, 2.8430e-02, 
 2DIAGNOSTIC,    14, -7.636166214943e-01, 3.286215069238e-04, 1.9318e+00, 2.8177e-02, 
 2DIAGNOSTIC,    15, -7.638772130013e-01, 2.376254124101e-04, 1.9780e+00, 4.6253e-02, 
 2DIAGNOSTIC,    16, -7.638777494431e-01, 1.539436052553e-04, 2.0129e+00, 3.4890e-02, 
 2DIAGNOSTIC,    17, -7.638768553734e-01, 1.117657884606e-04, 2.0482e+00, 3.5293e-02, 
 2DIAGNOSTIC,    18, -7.638794183731e-01, 7.854508294258e-05, 2.0799e+00, 3.1690e-02, 
 2DIAGNOSTIC,    19, -7.638773918152e-01, 4.954900214216e-05, 2.1079e+00, 2.8005e-02, 
 2DIAGNOSTIC,    20, -7.638764977455e-01, 2.660719110281e-05, 2.1396e+00, 3.1755e-02, 
 2DIAGNOSTIC,    21, -7.638792395592e-01, 1.771373354131e-05, 2.1713e+00, 3.1618e-02, 
 2DIAGNOSTIC,    22, -7.638738155365e-01, 1.117623924074e-05, 2.2029e+00, 3.1608e-02, 
 2DIAGNOSTIC,    23, -7.638797163963e-01, 5.614979727397e-06, 2.2307e+00, 2.7835e-02, 
 2DIAGNOSTIC,    24, -7.638907432556e-01, 1.529065002615e-06, 2.2621e+00, 3.1366e-02, 
 2DIAGNOSTIC,    25, -7.638978958130e-01, 1.742106974234e-06, 2.2901e+00, 2.8051e-02, 
 2DIAGNOSTIC,    26, -7.638976573944e-01, 1.899488438539e-06, 2.3218e+00, 3.1669e-02, 
 2DIAGNOSTIC,    27, -7.639095783234e-01, 2.137109731848e-06, 2.3496e+00, 2.7834e-02, 
 2DIAGNOSTIC,    28, -7.639214992523e-01, 2.457008349666e-06, 2.3776e+00, 2.7956e-02, 
 2DIAGNOSTIC,    29, -7.639514803886e-01, 2.983699687320e-06, 2.4091e+00, 3.1548e-02, 
 2DIAGNOSTIC,    30, -7.639874219894e-01, 3.723517693288e-06, 2.4409e+00, 3.1820e-02, 
 2DIAGNOSTIC,    31, -7.639912962914e-01, 4.241596343491e-06, 2.4727e+00, 3.1805e-02, 
 2DIAGNOSTIC,    32, -7.640146017075e-01, 4.638576228899e-06, 2.5006e+00, 2.7900e-02, 
 2DIAGNOSTIC,    33, -7.640300393105e-01, 4.899918167212e-06, 2.5321e+00, 3.1484e-02, 
 2DIAGNOSTIC,    34, -7.640712857246e-01, 5.336678441381e-06, 2.5644e+00, 3.2262e-02, 
 2DIAGNOSTIC,    35, -7.640932798386e-01, 5.630130090140e-06, 2.5925e+00, 2.8074e-02, 
 2DIAGNOSTIC,    36, -7.641344666481e-01, 5.883608992008e-06, 2.6204e+00, 2.7980e-02, 
 2DIAGNOSTIC,    37, -7.642372846603e-01, 6.802268217143e-06, 2.6627e+00, 4.2269e-02, 
 2DIAGNOSTIC,    38, -7.642500996590e-01, 7.320307304326e-06, 2.6906e+00, 2.7867e-02, 
 2DIAGNOSTIC,    39, -7.642879486084e-01, 7.843059393053e-06, 2.7183e+00, 2.7681e-02, 
 2DIAGNOSTIC,    40, -7.643077969551e-01, 8.193831490644e-06, 2.7463e+00, 2.8008e-02, 
 2DIAGNOSTIC,    41, -7.643728256226e-01, 8.439742487099e-06, 2.7781e+00, 3.1824e-02, 
 2DIAGNOSTIC,    42, -7.643836140633e-01, 8.222314136219e-06, 2.8098e+00, 3.1693e-02, 
 2DIAGNOSTIC,    43, -7.644243240356e-01, 7.786752576067e-06, 2.8414e+00, 3.1623e-02, 
 2DIAGNOSTIC,    44, -7.644287347794e-01, 7.090958661138e-06, 2.8693e+00, 2.7845e-02, 
 2DIAGNOSTIC,    45, -7.644433379173e-01, 6.120920716057e-06, 2.9044e+00, 3.5186e-02, 
 2DIAGNOSTIC,    46, -7.644523382187e-01, 5.056610916654e-06, 2.9611e+00, 5.6663e-02, 
 2DIAGNOSTIC,    47, -7.644549012184e-01, 4.453693691175e-06, 2.9928e+00, 3.1658e-02, 
 2DIAGNOSTIC,    48, -7.644529342651e-01, 3.596532678785e-06, 3.0208e+00, 2.8015e-02, 
 2DIAGNOSTIC,    49, -7.644538283348e-01, 2.790523694784e-06, 3.0521e+00, 3.1323e-02, 
 2DIAGNOSTIC,    50, -7.644510269165e-01, 1.928402980411e-06, 3.0836e+00, 3.1485e-02, 
 2DIAGNOSTIC,    51, -7.644397020340e-01, 1.369221081404e-06, 3.1114e+00, 2.7844e-02, 
DIAGNOSTIC,Iteration,metricValue,convergenceValue,ITERATION_TIME_INDEX,SINCE_LAST
 2DIAGNOSTIC,     1, -6.768224835396e-01, inf, 4.0956e+00, 9.8417e-01, 
 2DIAGNOSTIC,     2, -6.771039962769e-01, inf, 4.3026e+00, 2.0698e-01, 
 2DIAGNOSTIC,     3, -6.773465275764e-01, inf, 4.5093e+00, 2.0676e-01, 
 2DIAGNOSTIC,     4, -6.775207519531e-01, inf, 4.7162e+00, 2.0682e-01, 
 2DIAGNOSTIC,     5, -6.777322292328e-01, inf, 4.9226e+00, 2.0641e-01, 
 2DIAGNOSTIC,     6, -6.779992580414e-01, inf, 5.1300e+00, 2.0748e-01, 
 2DIAGNOSTIC,     7, -6.783018112183e-01, inf, 5.6138e+00, 4.8376e-01, 
 2DIAGNOSTIC,     8, -6.783038973808e-01, inf, 5.9032e+00, 2.8935e-01, 
 2DIAGNOSTIC,     9, -6.783034205437e-01, inf, 6.2490e+00, 3.4582e-01, 
 2DIAGNOSTIC,    10, -6.783030629158e-01, 1.545308186905e-04, 6.4840e+00, 2.3498e-01, 
 2DIAGNOSTIC,    11, -6.783029437065e-01, 1.134725898737e-04, 6.7186e+00, 2.3466e-01, 
 2DIAGNOSTIC,    12, -6.783028841019e-01, 7.891831774032e-05, 7.0641e+00, 3.4546e-01, 
 2DIAGNOSTIC,    13, -6.783030629158e-01, 5.064858487458e-05, 7.3539e+00, 2.8983e-01, 
 2DIAGNOSTIC,    14, -6.783032417297e-01, 2.732684515649e-05, 7.5897e+00, 2.3583e-01, 
 2DIAGNOSTIC,    15, -6.783031225204e-01, 1.062517367245e-05, 7.8245e+00, 2.3475e-01, 
 2DIAGNOSTIC,    16, -6.783031225204e-01, 2.002165047088e-06, 8.0867e+00, 2.6226e-01, 
 2DIAGNOSTIC,    17, -6.783030629158e-01, 1.850226112765e-06, 8.3233e+00, 2.3660e-01, 
 2DIAGNOSTIC,    18, -6.783029437065e-01, 1.763084128470e-06, 8.5596e+00, 2.3627e-01, 
 2DIAGNOSTIC,    19, -6.783029437065e-01, 1.675213979979e-06, 8.7978e+00, 2.3815e-01, 
 2DIAGNOSTIC,    20, -6.783028841019e-01, 1.587455471963e-06, 9.0330e+00, 2.3522e-01, 
 2DIAGNOSTIC,    21, -6.783028841019e-01, 1.506163698650e-06, 9.2708e+00, 2.3781e-01, 
 2DIAGNOSTIC,    22, -6.783029437065e-01, 1.433039983567e-06, 9.5068e+00, 2.3599e-01, 
 2DIAGNOSTIC,    23, -6.783028841019e-01, 1.369573510601e-06, 9.7428e+00, 2.3600e-01, 
 2DIAGNOSTIC,    24, -6.783028244972e-01, 1.314882638326e-06, 9.9789e+00, 2.3609e-01, 
 2DIAGNOSTIC,    25, -6.783028841019e-01, 1.264603497475e-06, 1.0216e+01, 2.3694e-01, 
 2DIAGNOSTIC,    26, -6.783028841019e-01, 1.218912984768e-06, 1.0424e+01, 2.0854e-01, 
 2DIAGNOSTIC,    27, -6.783028244972e-01, 1.175242232421e-06, 1.0661e+01, 2.3674e-01, 
 2DIAGNOSTIC,    28, -6.783029437065e-01, 1.135041884481e-06, 1.0897e+01, 2.3563e-01, 
 2DIAGNOSTIC,    29, -6.783028841019e-01, 1.096873802453e-06, 1.1132e+01, 2.3557e-01, 
 2DIAGNOSTIC,    30, -6.783027648926e-01, 1.058798602571e-06, 1.1368e+01, 2.3563e-01, 
 2DIAGNOSTIC,    31, -6.783028244972e-01, 1.024174025588e-06, 1.1603e+01, 2.3504e-01, 
DIAGNOSTIC,Iteration,metricValue,convergenceValue,ITERATION_TIME_INDEX,SINCE_LAST
 2DIAGNOSTIC,     1, -6.162607669830e-01, inf, 1.4853e+01, 3.2498e+00, 
  Elapsed time (stage 0): 1.6152e+01


Total elapsed time: 1.6152e+01
Using single precision for computations.
Input scalar image: /home/mpib/nemecz/Projects/miniTRK/Analysis/01_MRI/Preproc/GroupTempl/T1w/sub-572551_T1w.nii.gz
Reference image: /home/mpib/nemecz/Projects/miniTRK/Results/01_MRI/GroupTempl/T1w/T_template0.nii.gz
=============================================================================
The composite transform comprises the following transforms (in order): 
  1. /home/mpib/nemecz/Projects/miniTRK/Results/01_MRI/GroupTempl/T1w/rigid19_0GenericAffine.mat (type = AffineTransform)
=============================================================================
Default pixel value: 0
Interpolation type: LinearInterpolateImageFunction
Output warped image: /home/mpib/nemecz/Projects/miniTRK/Results/01_MRI/GroupTempl/T1w/rigid19_0_sub-572551_T1w.nii.gz
