
Running N4 for 3-dimensional images.

Mask not read.  Using the entire image as the mask.

Original intensity range:  [0, 852]

***********************************************************
Warning:  Your input image contains nonpositive values
which could cause failure or problematic results.  A
possible workaround would be to:
   1. rescale your image to positive values e.g., [10,100].
   2. run N4 on your rescaled image.
   3. (optional) rescale the N4 output to the original
      intensity range.
***********************************************************

Specified spline distance: 200mm
  original image size:  [192, 256, 256]
  padded image size:  [201, 401, 401]
  number of control points:  [4, 5, 5]

Current level = 1
  Iteration 1 (of 50).   Current convergence value = 9.09026e-05 (threshold = 1e-08)
  Iteration 2 (of 50).   Current convergence value = 7.92897e-05 (threshold = 1e-08)
  Iteration 3 (of 50).   Current convergence value = 7.54977e-05 (threshold = 1e-08)
  Iteration 4 (of 50).   Current convergence value = 7.88917e-05 (threshold = 1e-08)
  Iteration 5 (of 50).   Current convergence value = 8.11736e-05 (threshold = 1e-08)
  Iteration 6 (of 50).   Current convergence value = 8.16262e-05 (threshold = 1e-08)
  Iteration 7 (of 50).   Current convergence value = 8.1763e-05 (threshold = 1e-08)
  Iteration 8 (of 50).   Current convergence value = 8.20395e-05 (threshold = 1e-08)
  Iteration 9 (of 50).   Current convergence value = 8.1898e-05 (threshold = 1e-08)
  Iteration 10 (of 50).   Current convergence value = 8.15023e-05 (threshold = 1e-08)
  Iteration 11 (of 50).   Current convergence value = 8.06477e-05 (threshold = 1e-08)
  Iteration 12 (of 50).   Current convergence value = 7.97429e-05 (threshold = 1e-08)
  Iteration 13 (of 50).   Current convergence value = 7.88742e-05 (threshold = 1e-08)
  Iteration 14 (of 50).   Current convergence value = 7.78737e-05 (threshold = 1e-08)
  Iteration 15 (of 50).   Current convergence value = 7.68768e-05 (threshold = 1e-08)
  Iteration 16 (of 50).   Current convergence value = 7.56809e-05 (threshold = 1e-08)
  Iteration 17 (of 50).   Current convergence value = 7.45963e-05 (threshold = 1e-08)
  Iteration 18 (of 50).   Current convergence value = 7.33346e-05 (threshold = 1e-08)
  Iteration 19 (of 50).   Current convergence value = 7.19742e-05 (threshold = 1e-08)
  Iteration 20 (of 50).   Current convergence value = 7.07887e-05 (threshold = 1e-08)
  Iteration 21 (of 50).   Current convergence value = 6.95496e-05 (threshold = 1e-08)
  Iteration 22 (of 50).   Current convergence value = 6.82528e-05 (threshold = 1e-08)
  Iteration 23 (of 50).   Current convergence value = 6.68114e-05 (threshold = 1e-08)
  Iteration 24 (of 50).   Current convergence value = 6.56123e-05 (threshold = 1e-08)
  Iteration 25 (of 50).   Current convergence value = 6.43757e-05 (threshold = 1e-08)
  Iteration 26 (of 50).   Current convergence value = 6.31557e-05 (threshold = 1e-08)
  Iteration 27 (of 50).   Current convergence value = 6.20255e-05 (threshold = 1e-08)
  Iteration 28 (of 50).   Current convergence value = 6.10065e-05 (threshold = 1e-08)
  Iteration 29 (of 50).   Current convergence value = 5.98465e-05 (threshold = 1e-08)
  Iteration 30 (of 50).   Current convergence value = 5.88012e-05 (threshold = 1e-08)
  Iteration 31 (of 50).   Current convergence value = 5.77529e-05 (threshold = 1e-08)
  Iteration 32 (of 50).   Current convergence value = 5.67102e-05 (threshold = 1e-08)
  Iteration 33 (of 50).   Current convergence value = 5.57718e-05 (threshold = 1e-08)
  Iteration 34 (of 50).   Current convergence value = 5.48575e-05 (threshold = 1e-08)
  Iteration 35 (of 50).   Current convergence value = 5.41928e-05 (threshold = 1e-08)
  Iteration 36 (of 50).   Current convergence value = 5.35279e-05 (threshold = 1e-08)
  Iteration 37 (of 50).   Current convergence value = 5.27732e-05 (threshold = 1e-08)
  Iteration 38 (of 50).   Current convergence value = 5.19319e-05 (threshold = 1e-08)
  Iteration 39 (of 50).   Current convergence value = 5.12634e-05 (threshold = 1e-08)
  Iteration 40 (of 50).   Current convergence value = 5.06416e-05 (threshold = 1e-08)
  Iteration 41 (of 50).   Current convergence value = 4.99706e-05 (threshold = 1e-08)
  Iteration 42 (of 50).   Current convergence value = 4.94515e-05 (threshold = 1e-08)
  Iteration 43 (of 50).   Current convergence value = 4.88098e-05 (threshold = 1e-08)
  Iteration 44 (of 50).   Current convergence value = 4.81389e-05 (threshold = 1e-08)
  Iteration 45 (of 50).   Current convergence value = 4.74104e-05 (threshold = 1e-08)
  Iteration 46 (of 50).   Current convergence value = 4.67768e-05 (threshold = 1e-08)
  Iteration 47 (of 50).   Current convergence value = 4.62396e-05 (threshold = 1e-08)
  Iteration 48 (of 50).   Current convergence value = 4.55882e-05 (threshold = 1e-08)
  Iteration 49 (of 50).   Current convergence value = 4.51426e-05 (threshold = 1e-08)
  Iteration 50 (of 50).   Current convergence value = 4.46709e-05 (threshold = 1e-08)
Current level = 2
  Iteration 1 (of 50).   Current convergence value = 0.00026699 (threshold = 1e-08)
  Iteration 2 (of 50).   Current convergence value = 0.000210247 (threshold = 1e-08)
  Iteration 3 (of 50).   Current convergence value = 0.000175063 (threshold = 1e-08)
  Iteration 4 (of 50).   Current convergence value = 0.000153177 (threshold = 1e-08)
  Iteration 5 (of 50).   Current convergence value = 0.000142068 (threshold = 1e-08)
  Iteration 6 (of 50).   Current convergence value = 0.000139659 (threshold = 1e-08)
  Iteration 7 (of 50).   Current convergence value = 0.000125145 (threshold = 1e-08)
  Iteration 8 (of 50).   Current convergence value = 0.000111761 (threshold = 1e-08)
  Iteration 9 (of 50).   Current convergence value = 9.9158e-05 (threshold = 1e-08)
  Iteration 10 (of 50).   Current convergence value = 8.80451e-05 (threshold = 1e-08)
  Iteration 11 (of 50).   Current convergence value = 7.82763e-05 (threshold = 1e-08)
  Iteration 12 (of 50).   Current convergence value = 7.52512e-05 (threshold = 1e-08)
  Iteration 13 (of 50).   Current convergence value = 7.63317e-05 (threshold = 1e-08)
  Iteration 14 (of 50).   Current convergence value = 7.78737e-05 (threshold = 1e-08)
  Iteration 15 (of 50).   Current convergence value = 7.98704e-05 (threshold = 1e-08)
  Iteration 16 (of 50).   Current convergence value = 8.19385e-05 (threshold = 1e-08)
  Iteration 17 (of 50).   Current convergence value = 8.36965e-05 (threshold = 1e-08)
  Iteration 18 (of 50).   Current convergence value = 8.54809e-05 (threshold = 1e-08)
  Iteration 19 (of 50).   Current convergence value = 8.69055e-05 (threshold = 1e-08)
  Iteration 20 (of 50).   Current convergence value = 8.83131e-05 (threshold = 1e-08)
  Iteration 21 (of 50).   Current convergence value = 8.938e-05 (threshold = 1e-08)
  Iteration 22 (of 50).   Current convergence value = 9.02351e-05 (threshold = 1e-08)
  Iteration 23 (of 50).   Current convergence value = 9.09562e-05 (threshold = 1e-08)
  Iteration 24 (of 50).   Current convergence value = 9.14026e-05 (threshold = 1e-08)
  Iteration 25 (of 50).   Current convergence value = 9.16904e-05 (threshold = 1e-08)
  Iteration 26 (of 50).   Current convergence value = 9.18714e-05 (threshold = 1e-08)
  Iteration 27 (of 50).   Current convergence value = 9.19482e-05 (threshold = 1e-08)
  Iteration 28 (of 50).   Current convergence value = 9.19486e-05 (threshold = 1e-08)
  Iteration 29 (of 50).   Current convergence value = 9.17518e-05 (threshold = 1e-08)
  Iteration 30 (of 50).   Current convergence value = 9.14663e-05 (threshold = 1e-08)
  Iteration 31 (of 50).   Current convergence value = 9.12329e-05 (threshold = 1e-08)
  Iteration 32 (of 50).   Current convergence value = 9.07019e-05 (threshold = 1e-08)
  Iteration 33 (of 50).   Current convergence value = 9.02855e-05 (threshold = 1e-08)
  Iteration 34 (of 50).   Current convergence value = 8.99404e-05 (threshold = 1e-08)
  Iteration 35 (of 50).   Current convergence value = 8.93023e-05 (threshold = 1e-08)
  Iteration 36 (of 50).   Current convergence value = 8.87105e-05 (threshold = 1e-08)
  Iteration 37 (of 50).   Current convergence value = 8.8098e-05 (threshold = 1e-08)
  Iteration 38 (of 50).   Current convergence value = 8.72129e-05 (threshold = 1e-08)
  Iteration 39 (of 50).   Current convergence value = 8.65552e-05 (threshold = 1e-08)
  Iteration 40 (of 50).   Current convergence value = 8.60216e-05 (threshold = 1e-08)
  Iteration 41 (of 50).   Current convergence value = 8.54777e-05 (threshold = 1e-08)
  Iteration 42 (of 50).   Current convergence value = 8.49623e-05 (threshold = 1e-08)
  Iteration 43 (of 50).   Current convergence value = 8.41492e-05 (threshold = 1e-08)
  Iteration 44 (of 50).   Current convergence value = 8.34073e-05 (threshold = 1e-08)
  Iteration 45 (of 50).   Current convergence value = 8.25269e-05 (threshold = 1e-08)
  Iteration 46 (of 50).   Current convergence value = 8.16485e-05 (threshold = 1e-08)
  Iteration 47 (of 50).   Current convergence value = 8.05568e-05 (threshold = 1e-08)
  Iteration 48 (of 50).   Current convergence value = 7.95664e-05 (threshold = 1e-08)
  Iteration 49 (of 50).   Current convergence value = 7.87034e-05 (threshold = 1e-08)
  Iteration 50 (of 50).   Current convergence value = 7.75141e-05 (threshold = 1e-08)
Current level = 3
  Iteration 1 (of 40).   Current convergence value = 0.000861827 (threshold = 1e-08)
  Iteration 2 (of 40).   Current convergence value = 0.000687371 (threshold = 1e-08)
  Iteration 3 (of 40).   Current convergence value = 0.000579572 (threshold = 1e-08)
  Iteration 4 (of 40).   Current convergence value = 0.000511295 (threshold = 1e-08)
  Iteration 5 (of 40).   Current convergence value = 0.00046547 (threshold = 1e-08)
  Iteration 6 (of 40).   Current convergence value = 0.000437014 (threshold = 1e-08)
  Iteration 7 (of 40).   Current convergence value = 0.000419102 (threshold = 1e-08)
  Iteration 8 (of 40).   Current convergence value = 0.000406921 (threshold = 1e-08)
  Iteration 9 (of 40).   Current convergence value = 0.00039887 (threshold = 1e-08)
  Iteration 10 (of 40).   Current convergence value = 0.000392669 (threshold = 1e-08)
  Iteration 11 (of 40).   Current convergence value = 0.000388049 (threshold = 1e-08)
  Iteration 12 (of 40).   Current convergence value = 0.000384621 (threshold = 1e-08)
  Iteration 13 (of 40).   Current convergence value = 0.000381944 (threshold = 1e-08)
  Iteration 14 (of 40).   Current convergence value = 0.000379849 (threshold = 1e-08)
  Iteration 15 (of 40).   Current convergence value = 0.000378376 (threshold = 1e-08)
  Iteration 16 (of 40).   Current convergence value = 0.000377231 (threshold = 1e-08)
  Iteration 17 (of 40).   Current convergence value = 0.000376264 (threshold = 1e-08)
  Iteration 18 (of 40).   Current convergence value = 0.000375507 (threshold = 1e-08)
  Iteration 19 (of 40).   Current convergence value = 0.000376373 (threshold = 1e-08)
  Iteration 20 (of 40).   Current convergence value = 0.000377227 (threshold = 1e-08)
  Iteration 21 (of 40).   Current convergence value = 0.000377711 (threshold = 1e-08)
  Iteration 22 (of 40).   Current convergence value = 0.000377783 (threshold = 1e-08)
  Iteration 23 (of 40).   Current convergence value = 0.000377552 (threshold = 1e-08)
  Iteration 24 (of 40).   Current convergence value = 0.000377439 (threshold = 1e-08)
  Iteration 25 (of 40).   Current convergence value = 0.000377069 (threshold = 1e-08)
  Iteration 26 (of 40).   Current convergence value = 0.000376441 (threshold = 1e-08)
  Iteration 27 (of 40).   Current convergence value = 0.000375885 (threshold = 1e-08)
  Iteration 28 (of 40).   Current convergence value = 0.000375158 (threshold = 1e-08)
  Iteration 29 (of 40).   Current convergence value = 0.000374275 (threshold = 1e-08)
  Iteration 30 (of 40).   Current convergence value = 0.000373131 (threshold = 1e-08)
  Iteration 31 (of 40).   Current convergence value = 0.000372065 (threshold = 1e-08)
  Iteration 32 (of 40).   Current convergence value = 0.000370965 (threshold = 1e-08)
  Iteration 33 (of 40).   Current convergence value = 0.000369893 (threshold = 1e-08)
  Iteration 34 (of 40).   Current convergence value = 0.000368611 (threshold = 1e-08)
  Iteration 35 (of 40).   Current convergence value = 0.00035778 (threshold = 1e-08)
  Iteration 36 (of 40).   Current convergence value = 0.000347173 (threshold = 1e-08)
  Iteration 37 (of 40).   Current convergence value = 0.000337542 (threshold = 1e-08)
  Iteration 38 (of 40).   Current convergence value = 0.000328889 (threshold = 1e-08)
  Iteration 39 (of 40).   Current convergence value = 0.000320655 (threshold = 1e-08)
  Iteration 40 (of 40).   Current convergence value = 0.000313051 (threshold = 1e-08)
Current level = 4
  Iteration 1 (of 30).   Current convergence value = 0.00159874 (threshold = 1e-08)
  Iteration 2 (of 30).   Current convergence value = 0.0014621 (threshold = 1e-08)
  Iteration 3 (of 30).   Current convergence value = 0.00139941 (threshold = 1e-08)
  Iteration 4 (of 30).   Current convergence value = 0.00134809 (threshold = 1e-08)
  Iteration 5 (of 30).   Current convergence value = 0.00130413 (threshold = 1e-08)
  Iteration 6 (of 30).   Current convergence value = 0.00128066 (threshold = 1e-08)
  Iteration 7 (of 30).   Current convergence value = 0.00127136 (threshold = 1e-08)
  Iteration 8 (of 30).   Current convergence value = 0.0012791 (threshold = 1e-08)
  Iteration 9 (of 30).   Current convergence value = 0.0012991 (threshold = 1e-08)
  Iteration 10 (of 30).   Current convergence value = 0.00130813 (threshold = 1e-08)
  Iteration 11 (of 30).   Current convergence value = 0.001256 (threshold = 1e-08)
  Iteration 12 (of 30).   Current convergence value = 0.00121602 (threshold = 1e-08)
  Iteration 13 (of 30).   Current convergence value = 0.00113312 (threshold = 1e-08)
  Iteration 14 (of 30).   Current convergence value = 0.00105655 (threshold = 1e-08)
  Iteration 15 (of 30).   Current convergence value = 0.000986674 (threshold = 1e-08)
  Iteration 16 (of 30).   Current convergence value = 0.000911716 (threshold = 1e-08)
  Iteration 17 (of 30).   Current convergence value = 0.000854873 (threshold = 1e-08)
  Iteration 18 (of 30).   Current convergence value = 0.000810541 (threshold = 1e-08)
  Iteration 19 (of 30).   Current convergence value = 0.00077035 (threshold = 1e-08)
  Iteration 20 (of 30).   Current convergence value = 0.000726548 (threshold = 1e-08)
  Iteration 21 (of 30).   Current convergence value = 0.000686247 (threshold = 1e-08)
  Iteration 22 (of 30).   Current convergence value = 0.000651658 (threshold = 1e-08)
  Iteration 23 (of 30).   Current convergence value = 0.000621948 (threshold = 1e-08)
  Iteration 24 (of 30).   Current convergence value = 0.00059265 (threshold = 1e-08)
  Iteration 25 (of 30).   Current convergence value = 0.000564302 (threshold = 1e-08)
  Iteration 26 (of 30).   Current convergence value = 0.000538867 (threshold = 1e-08)
  Iteration 27 (of 30).   Current convergence value = 0.000515549 (threshold = 1e-08)
  Iteration 28 (of 30).   Current convergence value = 0.000494488 (threshold = 1e-08)
  Iteration 29 (of 30).   Current convergence value = 0.000474829 (threshold = 1e-08)
  Iteration 30 (of 30).   Current convergence value = 0.000454443 (threshold = 1e-08)
   N4BiasFieldCorrectionImageFilter (0x5597efcabe20)
     RTTI typeinfo:   itk::N4BiasFieldCorrectionImageFilter<itk::Image<float, 3u>, itk::Image<float, 3u>, itk::Image<float, 3u> >
     Reference Count: 1
     Modified Time: 565
     Debug: Off
     Object Name: 
     Observers: 
       IterationEvent(Command)
     Inputs: 
       ConfidenceImage: (0)
       MaskImage: (0x5597efcd6540)
       Primary: (0x5597efcd19f0) *
     Indexed Inputs: 
       0: Primary (0x5597efcd19f0)
       1: MaskImage (0x5597efcd6540)
       2: ConfidenceImage (0)
     Required Input Names: Primary
     NumberOfRequiredInputs: 1
     Outputs: 
       Primary: (0x5597efcbbef0)
     Indexed Outputs: 
       0: Primary (0x5597efcbbef0)
     NumberOfRequiredOutputs: 1
     Number Of Work Units: 32
     ReleaseDataFlag: Off
     ReleaseDataBeforeUpdateFlag: Off
     AbortGenerateData: Off
     Progress: 0
     Multithreader: 
       RTTI typeinfo:   itk::PoolMultiThreader
       Reference Count: 1
       Modified Time: 144
       Debug: Off
       Object Name: 
       Observers: 
         none
       Number of Work Units: 32
       Number of Threads: 8
       Global Maximum Number Of Threads: 128
       Global Default Number Of Threads: 8
       Global Default Threader Type: itk::MultiThreaderBaseEnums::Threader::Pool
       SingleMethod: 0
       SingleData: 0
     DynamicMultiThreading: On
     CoordinateTolerance: 1e-06
     DirectionTolerance: 1e-06
     Use Mask Label: 0
     Mask label: 1
     Number of histogram bins: 200
     Wiener filter noise: 0.01
     Bias field FWHM: 0.15
     Maximum number of iterations: [50, 50, 40, 30]
     Convergence threshold: 1e-08
     Spline order: 3
     Number of fitting levels: [4, 4, 4]
     Number of control points: [4, 5, 5]
     CurrentConvergenceMeasurement: 0.000454443
     CurrentLevel: 4
     ElapsedIterations: 31
     LogBiasFieldControlPointLattice: 
       Image (0x5597fbc55400)
         RTTI typeinfo:   itk::Image<itk::Vector<float, 1u>, 3u>
         Reference Count: 1
         Modified Time: 343560
         Debug: Off
         Object Name: 
         Observers: 
           none
         Source: (none)
         Source output name: (none)
         Release Data: Off
         Data Released: False
         Global Release Data: Off
         PipelineMTime: 0
         UpdateMTime: 0
         RealTimeStamp: 0 seconds 
         LargestPossibleRegion: 
           Dimension: 3
           Index: [0, 0, 0]
           Size: [11, 19, 19]
         BufferedRegion: 
           Dimension: 3
           Index: [0, 0, 0]
           Size: [11, 19, 19]
         RequestedRegion: 
           Dimension: 3
           Index: [0, 0, 0]
           Size: [11, 19, 19]
         Spacing: [24.75, 24.875, 24.875]
         Origin: [24.8924, 19.5074, -29.1535]
         Direction: 
-0.999979 -0.00640204 0.000658543
0.00640997 -0.981573 0.19098
-0.000576253 0.19098 0.981594

         IndexToPointMatrix: 
-24.7495 -0.159251 0.0163813
0.158647 -24.4166 4.75063
-0.0142623 4.75063 24.4171

         PointToIndexMatrix: 
-0.0404032 0.000258989 -2.3283e-05
-0.000257368 -0.0394602 0.0076776
2.6474e-05 0.00767758 0.0394611

         Inverse Direction: 
-0.999979 0.00640997 -0.000576253
-0.00640204 -0.981573 0.19098
0.000658542 0.19098 0.981594

         PixelContainer: 
           ImportImageContainer (0x5597fbc53f30)
             RTTI typeinfo:   itk::ImportImageContainer<unsigned long, itk::Vector<float, 1u> >
             Reference Count: 1
             Modified Time: 343561
             Debug: Off
             Object Name: 
             Observers: 
               none
             Pointer: 0x5597f9e4d7f0
             Container manages memory: true
             Size: 3971
             Capacity: 3971
Elapsed time: 266.443
All_Command_lines_OK
Using single precision for computations.
=============================================================================
The composite transform comprises the following transforms (in order): 
  1. Center of mass alignment using fixed image: /home/mpib/nemecz/Projects/miniTRK/Results/01_MRI/GroupTempl/T1w/T_template0.nii.gz and moving image: /home/mpib/nemecz/Projects/miniTRK/Analysis/01_MRI/Preproc/GroupTempl/T1w/sub-457424_T1w.nii.gz (type = Euler3DTransform)
=============================================================================
  number of levels = 4
  number of levels = 4
  number of levels = 4
  fixed image: /home/mpib/nemecz/Projects/miniTRK/Results/01_MRI/GroupTempl/T1w/T_template0.nii.gz
  moving image: /home/mpib/nemecz/Projects/miniTRK/Results/01_MRI/GroupTempl/T1w/T_template0sub-457424_T1wRepaired.nii.gz
  fixed image: /home/mpib/nemecz/Projects/miniTRK/Results/01_MRI/GroupTempl/T1w/T_template0.nii.gz
  moving image: /home/mpib/nemecz/Projects/miniTRK/Results/01_MRI/GroupTempl/T1w/T_template0sub-457424_T1wRepaired.nii.gz
  fixed image: /home/mpib/nemecz/Projects/miniTRK/Results/01_MRI/GroupTempl/T1w/T_template0.nii.gz
  moving image: /home/mpib/nemecz/Projects/miniTRK/Results/01_MRI/GroupTempl/T1w/T_template0sub-457424_T1wRepaired.nii.gz
Dimension = 3
Number of stages = 3
Use Histogram Matching true
Winsorize image intensities true
Lower quantile = 0.01
Upper quantile = 0.99
Stage 1 State
   Image metric = Mattes
     Fixed image = Image (0x5633638c4ad0)
  RTTI typeinfo:   itk::Image<float, 3u>
  Reference Count: 2
  Modified Time: 1721
  Debug: Off
  Object Name: 
  Observers: 
    none
  Source: (none)
  Source output name: (none)
  Release Data: Off
  Data Released: False
  Global Release Data: Off
  PipelineMTime: 0
  UpdateMTime: 1506
  RealTimeStamp: 0 seconds 
  LargestPossibleRegion: 
    Dimension: 3
    Index: [0, 0, 0]
    Size: [192, 256, 256]
  BufferedRegion: 
    Dimension: 3
    Index: [0, 0, 0]
    Size: [192, 256, 256]
  RequestedRegion: 
    Dimension: 3
    Index: [0, 0, 0]
    Size: [192, 256, 256]
  Spacing: [1, 1, 1]
  Origin: [95.0313, 100.538, -154.123]
  Direction: 
-0.999853 -0.014134 -0.00966312
0.014129 -0.9999 0.000586045
-0.00967044 0.000449429 0.999953

  IndexToPointMatrix: 
-0.999853 -0.014134 -0.00966312
0.014129 -0.9999 0.000586045
-0.00967044 0.000449429 0.999953

  PointToIndexMatrix: 
-0.999853 0.014129 -0.00967044
-0.014134 -0.9999 0.000449429
-0.00966312 0.000586045 0.999953

  Inverse Direction: 
-0.999853 0.014129 -0.00967044
-0.014134 -0.9999 0.000449429
-0.00966312 0.000586045 0.999953

  PixelContainer: 
    ImportImageContainer (0x5633638ccc80)
      RTTI typeinfo:   itk::ImportImageContainer<unsigned long, float>
      Reference Count: 1
      Modified Time: 1503
      Debug: Off
      Object Name: 
      Observers: 
        none
      Pointer: 0x7f9385c16010
      Container manages memory: true
      Size: 12582912
      Capacity: 12582912

     Moving image = Image (0x5633638d0e40)
  RTTI typeinfo:   itk::Image<float, 3u>
  Reference Count: 2
  Modified Time: 1722
  Debug: Off
  Object Name: 
  Observers: 
    none
  Source: (none)
  Source output name: (none)
  Release Data: Off
  Data Released: False
  Global Release Data: Off
  PipelineMTime: 0
  UpdateMTime: 1719
  RealTimeStamp: 0 seconds 
  LargestPossibleRegion: 
    Dimension: 3
    Index: [0, 0, 0]
    Size: [192, 256, 256]
  BufferedRegion: 
    Dimension: 3
    Index: [0, 0, 0]
    Size: [192, 256, 256]
  RequestedRegion: 
    Dimension: 3
    Index: [0, 0, 0]
    Size: [192, 256, 256]
  Spacing: [1, 1, 1]
  Origin: [94.7661, 68.093, -164.34]
  Direction: 
-0.999979 -0.00640204 0.000658542
0.00640997 -0.981573 0.19098
-0.000576253 0.19098 0.981594

  IndexToPointMatrix: 
-0.999979 -0.00640204 0.000658542
0.00640997 -0.981573 0.19098
-0.000576253 0.19098 0.981594

  PointToIndexMatrix: 
-0.999979 0.00640997 -0.000576253
-0.00640204 -0.981573 0.19098
0.000658542 0.19098 0.981594

  Inverse Direction: 
-0.999979 0.00640997 -0.000576253
-0.00640204 -0.981573 0.19098
0.000658542 0.19098 0.981594

  PixelContainer: 
    ImportImageContainer (0x5633638c82d0)
      RTTI typeinfo:   itk::ImportImageContainer<unsigned long, float>
      Reference Count: 1
      Modified Time: 1716
      Debug: Off
      Object Name: 
      Observers: 
        none
      Pointer: 0x7f9382c15010
      Container manages memory: true
      Size: 12582912
      Capacity: 12582912

     Weighting = 1
     Sampling strategy = regular
     Number of bins = 32
     Radius = 4
     Sampling percentage  = 0.25
   Transform = Rigid
     Gradient step = 0.1
     Update field sigma (voxel space) = 0
     Total field sigma (voxel space) = 0
     Update field time sigma = 0
     Total field time sigma  = 0
     Number of time indices = 0
     Number of time point samples = 0
Stage 2 State
   Image metric = Mattes
     Fixed image = Image (0x5633638dd8d0)
  RTTI typeinfo:   itk::Image<float, 3u>
  Reference Count: 2
  Modified Time: 2149
  Debug: Off
  Object Name: 
  Observers: 
    none
  Source: (none)
  Source output name: (none)
  Release Data: Off
  Data Released: False
  Global Release Data: Off
  PipelineMTime: 0
  UpdateMTime: 1934
  RealTimeStamp: 0 seconds 
  LargestPossibleRegion: 
    Dimension: 3
    Index: [0, 0, 0]
    Size: [192, 256, 256]
  BufferedRegion: 
    Dimension: 3
    Index: [0, 0, 0]
    Size: [192, 256, 256]
  RequestedRegion: 
    Dimension: 3
    Index: [0, 0, 0]
    Size: [192, 256, 256]
  Spacing: [1, 1, 1]
  Origin: [95.0313, 100.538, -154.123]
  Direction: 
-0.999853 -0.014134 -0.00966312
0.014129 -0.9999 0.000586045
-0.00967044 0.000449429 0.999953

  IndexToPointMatrix: 
-0.999853 -0.014134 -0.00966312
0.014129 -0.9999 0.000586045
-0.00967044 0.000449429 0.999953

  PointToIndexMatrix: 
-0.999853 0.014129 -0.00967044
-0.014134 -0.9999 0.000449429
-0.00966312 0.000586045 0.999953

  Inverse Direction: 
-0.999853 0.014129 -0.00967044
-0.014134 -0.9999 0.000449429
-0.00966312 0.000586045 0.999953

  PixelContainer: 
    ImportImageContainer (0x5633638cd6a0)
      RTTI typeinfo:   itk::ImportImageContainer<unsigned long, float>
      Reference Count: 1
      Modified Time: 1931
      Debug: Off
      Object Name: 
      Observers: 
        none
      Pointer: 0x7f937fc14010
      Container manages memory: true
      Size: 12582912
      Capacity: 12582912

     Moving image = Image (0x5633638dd530)
  RTTI typeinfo:   itk::Image<float, 3u>
  Reference Count: 2
  Modified Time: 2150
  Debug: Off
  Object Name: 
  Observers: 
    none
  Source: (none)
  Source output name: (none)
  Release Data: Off
  Data Released: False
  Global Release Data: Off
  PipelineMTime: 0
  UpdateMTime: 2147
  RealTimeStamp: 0 seconds 
  LargestPossibleRegion: 
    Dimension: 3
    Index: [0, 0, 0]
    Size: [192, 256, 256]
  BufferedRegion: 
    Dimension: 3
    Index: [0, 0, 0]
    Size: [192, 256, 256]
  RequestedRegion: 
    Dimension: 3
    Index: [0, 0, 0]
    Size: [192, 256, 256]
  Spacing: [1, 1, 1]
  Origin: [94.7661, 68.093, -164.34]
  Direction: 
-0.999979 -0.00640204 0.000658542
0.00640997 -0.981573 0.19098
-0.000576253 0.19098 0.981594

  IndexToPointMatrix: 
-0.999979 -0.00640204 0.000658542
0.00640997 -0.981573 0.19098
-0.000576253 0.19098 0.981594

  PointToIndexMatrix: 
-0.999979 0.00640997 -0.000576253
-0.00640204 -0.981573 0.19098
0.000658542 0.19098 0.981594

  Inverse Direction: 
-0.999979 0.00640997 -0.000576253
-0.00640204 -0.981573 0.19098
0.000658542 0.19098 0.981594

  PixelContainer: 
    ImportImageContainer (0x5633638de8a0)
      RTTI typeinfo:   itk::ImportImageContainer<unsigned long, float>
      Reference Count: 1
      Modified Time: 2144
      Debug: Off
      Object Name: 
      Observers: 
        none
      Pointer: 0x7f937cc13010
      Container manages memory: true
      Size: 12582912
      Capacity: 12582912

     Weighting = 1
     Sampling strategy = regular
     Number of bins = 32
     Radius = 4
     Sampling percentage  = 0.25
   Transform = Affine
     Gradient step = 0.1
     Update field sigma (voxel space) = 0
     Total field sigma (voxel space) = 0
     Update field time sigma = 0
     Total field time sigma  = 0
     Number of time indices = 0
     Number of time point samples = 0
Stage 3 State
   Image metric = CC
     Fixed image = Image (0x5633638e4a00)
  RTTI typeinfo:   itk::Image<float, 3u>
  Reference Count: 2
  Modified Time: 2577
  Debug: Off
  Object Name: 
  Observers: 
    none
  Source: (none)
  Source output name: (none)
  Release Data: Off
  Data Released: False
  Global Release Data: Off
  PipelineMTime: 0
  UpdateMTime: 2362
  RealTimeStamp: 0 seconds 
  LargestPossibleRegion: 
    Dimension: 3
    Index: [0, 0, 0]
    Size: [192, 256, 256]
  BufferedRegion: 
    Dimension: 3
    Index: [0, 0, 0]
    Size: [192, 256, 256]
  RequestedRegion: 
    Dimension: 3
    Index: [0, 0, 0]
    Size: [192, 256, 256]
  Spacing: [1, 1, 1]
  Origin: [95.0313, 100.538, -154.123]
  Direction: 
-0.999853 -0.014134 -0.00966312
0.014129 -0.9999 0.000586045
-0.00967044 0.000449429 0.999953

  IndexToPointMatrix: 
-0.999853 -0.014134 -0.00966312
0.014129 -0.9999 0.000586045
-0.00967044 0.000449429 0.999953

  PointToIndexMatrix: 
-0.999853 0.014129 -0.00967044
-0.014134 -0.9999 0.000449429
-0.00966312 0.000586045 0.999953

  Inverse Direction: 
-0.999853 0.014129 -0.00967044
-0.014134 -0.9999 0.000449429
-0.00966312 0.000586045 0.999953

  PixelContainer: 
    ImportImageContainer (0x5633638c6b50)
      RTTI typeinfo:   itk::ImportImageContainer<unsigned long, float>
      Reference Count: 1
      Modified Time: 2359
      Debug: Off
      Object Name: 
      Observers: 
        none
      Pointer: 0x7f9379c12010
      Container manages memory: true
      Size: 12582912
      Capacity: 12582912

     Moving image = Image (0x5633638e1d50)
  RTTI typeinfo:   itk::Image<float, 3u>
  Reference Count: 2
  Modified Time: 2578
  Debug: Off
  Object Name: 
  Observers: 
    none
  Source: (none)
  Source output name: (none)
  Release Data: Off
  Data Released: False
  Global Release Data: Off
  PipelineMTime: 0
  UpdateMTime: 2575
  RealTimeStamp: 0 seconds 
  LargestPossibleRegion: 
    Dimension: 3
    Index: [0, 0, 0]
    Size: [192, 256, 256]
  BufferedRegion: 
    Dimension: 3
    Index: [0, 0, 0]
    Size: [192, 256, 256]
  RequestedRegion: 
    Dimension: 3
    Index: [0, 0, 0]
    Size: [192, 256, 256]
  Spacing: [1, 1, 1]
  Origin: [94.7661, 68.093, -164.34]
  Direction: 
-0.999979 -0.00640204 0.000658542
0.00640997 -0.981573 0.19098
-0.000576253 0.19098 0.981594

  IndexToPointMatrix: 
-0.999979 -0.00640204 0.000658542
0.00640997 -0.981573 0.19098
-0.000576253 0.19098 0.981594

  PointToIndexMatrix: 
-0.999979 0.00640997 -0.000576253
-0.00640204 -0.981573 0.19098
0.000658542 0.19098 0.981594

  Inverse Direction: 
-0.999979 0.00640997 -0.000576253
-0.00640204 -0.981573 0.19098
0.000658542 0.19098 0.981594

  PixelContainer: 
    ImportImageContainer (0x5633638e0b00)
      RTTI typeinfo:   itk::ImportImageContainer<unsigned long, float>
      Reference Count: 1
      Modified Time: 2572
      Debug: Off
      Object Name: 
      Observers: 
        none
      Pointer: 0x7f9376c11010
      Container manages memory: true
      Size: 12582912
      Capacity: 12582912

     Weighting = 1
     Sampling strategy = none
     Number of bins = 32
     Radius = 4
     Sampling percentage  = 1
   Transform = SyN
     Gradient step = 0.1
     Update field sigma (voxel space) = 3
     Total field sigma (voxel space) = 0
     Update field time sigma = 0
     Total field time sigma  = 0
     Number of time indices = 0
     Number of time point samples = 0
Registration using 3 total stages.

Stage 0
  iterations = 1000x500x250x0
  convergence threshold = 1e-06
  convergence window size = 10
  number of levels = 4
  using the Mattes MI metric (number of bins = 32, weight = 1)
  preprocessing:  winsorizing the image intensities
  preprocessing:  histogram matching the images
  Shrink factors (level 1 out of 4): [6, 6, 6]
  Shrink factors (level 2 out of 4): [4, 4, 4]
  Shrink factors (level 3 out of 4): [2, 2, 2]
  Shrink factors (level 4 out of 4): [1, 1, 1]
  smoothing sigmas per level: [4, 2, 1, 0]
  regular sampling (percentage = 0.25)

*** Running Euler3DTransform registration ***

DIAGNOSTIC,Iteration,metricValue,convergenceValue,ITERATION_TIME_INDEX,SINCE_LAST
 2DIAGNOSTIC,     1, -8.113956451416e-01, inf, 5.7075e-01, 5.7075e-01, 
 2DIAGNOSTIC,     2, -8.141410350800e-01, inf, 5.7937e-01, 8.6188e-03, 
 2DIAGNOSTIC,     3, -8.185806274414e-01, inf, 5.8802e-01, 8.6520e-03, 
 2DIAGNOSTIC,     4, -8.252596855164e-01, inf, 5.9606e-01, 8.0359e-03, 
 2DIAGNOSTIC,     5, -8.352041840553e-01, inf, 6.0352e-01, 7.4642e-03, 
 2DIAGNOSTIC,     6, -8.464464545250e-01, inf, 6.1105e-01, 7.5309e-03, 
 2DIAGNOSTIC,     7, -8.548669815063e-01, inf, 6.1877e-01, 7.7150e-03, 
 2DIAGNOSTIC,     8, -8.600272536278e-01, inf, 6.2650e-01, 7.7312e-03, 
 2DIAGNOSTIC,     9, -8.651844859123e-01, inf, 6.3596e-01, 9.4600e-03, 
 2DIAGNOSTIC,    10, -8.690673112869e-01, 4.978218581527e-03, 6.4357e-01, 7.6070e-03, 
 2DIAGNOSTIC,    11, -8.739740848541e-01, 4.444967024028e-03, 6.5337e-01, 9.8019e-03, 
 2DIAGNOSTIC,    12, -8.771891593933e-01, 3.769482718781e-03, 6.6150e-01, 8.1282e-03, 
 2DIAGNOSTIC,    13, -8.824527263641e-01, 3.110980847850e-03, 6.7158e-01, 1.0085e-02, 
 2DIAGNOSTIC,    14, -8.827844858170e-01, 2.431678120047e-03, 6.8204e-01, 1.0462e-02, 
 2DIAGNOSTIC,    15, -8.827935457230e-01, 1.842890982516e-03, 6.9061e-01, 8.5709e-03, 
 2DIAGNOSTIC,    16, -8.827965259552e-01, 1.392850303091e-03, 6.9819e-01, 7.5729e-03, 
 2DIAGNOSTIC,    17, -8.827803134918e-01, 1.031427993439e-03, 7.0663e-01, 8.4410e-03, 
 2DIAGNOSTIC,    18, -8.826790452003e-01, 7.071947911754e-04, 7.1512e-01, 8.4901e-03, 
 2DIAGNOSTIC,    19, -8.826735615730e-01, 4.420151526574e-04, 7.2386e-01, 8.7450e-03, 
 2DIAGNOSTIC,    20, -8.826588392258e-01, 2.267298987135e-04, 7.3254e-01, 8.6749e-03, 
 2DIAGNOSTIC,    21, -8.826095461845e-01, 8.740765770199e-05, 7.4008e-01, 7.5390e-03, 
DIAGNOSTIC,Iteration,metricValue,convergenceValue,ITERATION_TIME_INDEX,SINCE_LAST
 2DIAGNOSTIC,     1, -6.702283024788e-01, inf, 1.2675e+00, 5.2743e-01, 
 2DIAGNOSTIC,     2, -6.712315082550e-01, inf, 1.2979e+00, 3.0432e-02, 
 2DIAGNOSTIC,     3, -6.726949810982e-01, inf, 1.3274e+00, 2.9453e-02, 
 2DIAGNOSTIC,     4, -6.745870709419e-01, inf, 1.3555e+00, 2.8153e-02, 
 2DIAGNOSTIC,     5, -6.767094731331e-01, inf, 1.3838e+00, 2.8243e-02, 
 2DIAGNOSTIC,     6, -6.781355738640e-01, inf, 1.4120e+00, 2.8174e-02, 
 2DIAGNOSTIC,     7, -6.791812181473e-01, inf, 1.4403e+00, 2.8308e-02, 
 2DIAGNOSTIC,     8, -6.810601949692e-01, inf, 1.4841e+00, 4.3878e-02, 
 2DIAGNOSTIC,     9, -6.810422539711e-01, inf, 1.5157e+00, 3.1556e-02, 
 2DIAGNOSTIC,    10, -6.810715794563e-01, 1.165402005427e-03, 1.5475e+00, 3.1832e-02, 
 2DIAGNOSTIC,    11, -6.811742782593e-01, 9.187029791065e-04, 1.5760e+00, 2.8461e-02, 
 2DIAGNOSTIC,    12, -6.813818216324e-01, 6.729859160259e-04, 1.6042e+00, 2.8182e-02, 
 2DIAGNOSTIC,    13, -6.815961003304e-01, 4.574373888317e-04, 1.6324e+00, 2.8206e-02, 
 2DIAGNOSTIC,    14, -6.824747323990e-01, 3.134103026241e-04, 1.6937e+00, 6.1357e-02, 
 2DIAGNOSTIC,    15, -6.824876666069e-01, 2.194644039264e-04, 1.7262e+00, 3.2449e-02, 
 2DIAGNOSTIC,    16, -6.824856996536e-01, 1.547760475660e-04, 1.7654e+00, 3.9200e-02, 
 2DIAGNOSTIC,    17, -6.824798583984e-01, 1.082091184799e-04, 1.7974e+00, 3.2033e-02, 
 2DIAGNOSTIC,    18, -6.824735999107e-01, 1.004575387924e-04, 1.8365e+00, 3.9041e-02, 
 2DIAGNOSTIC,    19, -6.824624538422e-01, 8.348310802830e-05, 1.8753e+00, 3.8854e-02, 
 2DIAGNOSTIC,    20, -6.824640035629e-01, 6.125359504949e-05, 1.9271e+00, 5.1798e-02, 
 2DIAGNOSTIC,    21, -6.824638843536e-01, 3.785012086155e-05, 1.9596e+00, 3.2462e-02, 
 2DIAGNOSTIC,    22, -6.824635863304e-01, 1.721899207041e-05, 1.9913e+00, 3.1704e-02, 
DIAGNOSTIC,Iteration,metricValue,convergenceValue,ITERATION_TIME_INDEX,SINCE_LAST
 2DIAGNOSTIC,     1, -6.034824252129e-01, inf, 2.8936e+00, 9.0233e-01, 
 2DIAGNOSTIC,     2, -6.035398840904e-01, inf, 3.1930e+00, 2.9938e-01, 
 2DIAGNOSTIC,     3, -6.035458445549e-01, inf, 3.5446e+00, 3.5161e-01, 
 2DIAGNOSTIC,     4, -6.035457253456e-01, inf, 3.8676e+00, 3.2301e-01, 
 2DIAGNOSTIC,     5, -6.035453081131e-01, inf, 4.1072e+00, 2.3962e-01, 
 2DIAGNOSTIC,     6, -6.035449504852e-01, inf, 4.5456e+00, 4.3833e-01, 
 2DIAGNOSTIC,     7, -6.035450100899e-01, inf, 4.7940e+00, 2.4844e-01, 
 2DIAGNOSTIC,     8, -6.035450696945e-01, inf, 5.0411e+00, 2.4713e-01, 
 2DIAGNOSTIC,     9, -6.035451889038e-01, inf, 5.2818e+00, 2.4072e-01, 
 2DIAGNOSTIC,    10, -6.035450696945e-01, 6.305079750746e-06, 5.5214e+00, 2.3955e-01, 
 2DIAGNOSTIC,    11, -6.035450696945e-01, 3.064389147767e-06, 5.7607e+00, 2.3928e-01, 
 2DIAGNOSTIC,    12, -6.035449504852e-01, 2.591473730718e-06, 5.9721e+00, 2.1143e-01, 
 2DIAGNOSTIC,    13, -6.035450100899e-01, 2.414466962364e-06, 6.2387e+00, 2.6656e-01, 
 2DIAGNOSTIC,    14, -6.035448312759e-01, 2.255796744066e-06, 6.4782e+00, 2.3951e-01, 
 2DIAGNOSTIC,    15, -6.035449504852e-01, 2.110966079272e-06, 6.7175e+00, 2.3929e-01, 
 2DIAGNOSTIC,    16, -6.035448908806e-01, 1.972769496206e-06, 6.9852e+00, 2.6769e-01, 
 2DIAGNOSTIC,    17, -6.035449504852e-01, 1.855542336671e-06, 7.2246e+00, 2.3944e-01, 
 2DIAGNOSTIC,    18, -6.035447716713e-01, 1.749530383677e-06, 7.4632e+00, 2.3855e-01, 
 2DIAGNOSTIC,    19, -6.035448312759e-01, 1.660964358052e-06, 7.7023e+00, 2.3914e-01, 
 2DIAGNOSTIC,    20, -6.035448312759e-01, 1.579574472999e-06, 7.9438e+00, 2.4154e-01, 
 2DIAGNOSTIC,    21, -6.035448908806e-01, 1.508276341156e-06, 8.1913e+00, 2.4748e-01, 
 2DIAGNOSTIC,    22, -6.035447716713e-01, 1.438903609596e-06, 8.4384e+00, 2.4710e-01, 
 2DIAGNOSTIC,    23, -6.035447120667e-01, 1.376470663672e-06, 8.6812e+00, 2.4279e-01, 
 2DIAGNOSTIC,    24, -6.035447120667e-01, 1.316303951171e-06, 8.9197e+00, 2.3853e-01, 
 2DIAGNOSTIC,    25, -6.035445928574e-01, 1.261739043912e-06, 9.1586e+00, 2.3885e-01, 
 2DIAGNOSTIC,    26, -6.035446524620e-01, 1.212355869029e-06, 9.3978e+00, 2.3926e-01, 
 2DIAGNOSTIC,    27, -6.035445928574e-01, 1.167759251075e-06, 9.6374e+00, 2.3951e-01, 
 2DIAGNOSTIC,    28, -6.035445928574e-01, 1.124340997194e-06, 9.8767e+00, 2.3933e-01, 
 2DIAGNOSTIC,    29, -6.035445928574e-01, 1.085988060368e-06, 1.0116e+01, 2.3904e-01, 
 2DIAGNOSTIC,    30, -6.035445928574e-01, 1.051171693689e-06, 1.0355e+01, 2.3915e-01, 
 2DIAGNOSTIC,    31, -6.035445332527e-01, 1.019504793476e-06, 1.0595e+01, 2.3972e-01, 
DIAGNOSTIC,Iteration,metricValue,convergenceValue,ITERATION_TIME_INDEX,SINCE_LAST
 2DIAGNOSTIC,     1, -5.504837036133e-01, inf, 1.3037e+01, 2.4425e+00, 
  Elapsed time (stage 0): 1.4139e+01


Stage 1
  iterations = 1000x500x250x0
  convergence threshold = 1.0000e-06
  convergence window size = 10
  number of levels = 4
  using the Mattes MI metric (number of bins = 32, weight = 1.0000e+00)
  preprocessing:  winsorizing the image intensities
  preprocessing:  histogram matching the images
  Shrink factors (level 1 out of 4): [6, 6, 6]
  Shrink factors (level 2 out of 4): [4, 4, 4]
  Shrink factors (level 3 out of 4): [2, 2, 2]
  Shrink factors (level 4 out of 4): [1, 1, 1]
  smoothing sigmas per level: [4, 2, 1, 0]
  regular sampling (percentage = 2.5000e-01)

*** Running AffineTransform registration ***

DIAGNOSTIC,Iteration,metricValue,convergenceValue,ITERATION_TIME_INDEX,SINCE_LAST
 2DIAGNOSTIC,     1, -8.727694749832e-01, inf, 5.7226e-01, 5.7226e-01, 
 2DIAGNOSTIC,     2, -8.758248686790e-01, inf, 5.8171e-01, 9.4409e-03, 
 2DIAGNOSTIC,     3, -8.812662363052e-01, inf, 5.9150e-01, 9.7980e-03, 
 2DIAGNOSTIC,     4, -8.905955553055e-01, inf, 6.0143e-01, 9.9280e-03, 
 2DIAGNOSTIC,     5, -9.063515067101e-01, inf, 6.1076e-01, 9.3291e-03, 
 2DIAGNOSTIC,     6, -9.315109252930e-01, inf, 6.1923e-01, 8.4701e-03, 
 2DIAGNOSTIC,     7, -9.697173237801e-01, inf, 6.2787e-01, 8.6360e-03, 
 2DIAGNOSTIC,     8, -1.018470287323e+00, inf, 6.3784e-01, 9.9761e-03, 
 2DIAGNOSTIC,     9, -1.025585412979e+00, inf, 6.5187e-01, 1.4025e-02, 
 2DIAGNOSTIC,    10, -1.026260614395e+00, 1.275719981641e-02, 6.6057e-01, 8.7061e-03, 
 2DIAGNOSTIC,    11, -1.028476238251e+00, 1.179869845510e-02, 6.6927e-01, 8.6980e-03, 
 2DIAGNOSTIC,    12, -1.030343413353e+00, 1.006651017815e-02, 6.7787e-01, 8.6021e-03, 
 2DIAGNOSTIC,    13, -1.030713438988e+00, 7.833666168153e-03, 6.8758e-01, 9.7041e-03, 
 2DIAGNOSTIC,    14, -1.031019926071e+00, 5.440725944936e-03, 6.9614e-01, 8.5568e-03, 
 2DIAGNOSTIC,    15, -1.031255960464e+00, 3.215029137209e-03, 7.0464e-01, 8.5020e-03, 
 2DIAGNOSTIC,    16, -1.031465172768e+00, 1.445252099074e-03, 7.1429e-01, 9.6490e-03, 
