
Running N4 for 3-dimensional images.

Mask not read.  Using the entire image as the mask.

Original intensity range:  [0, 754]

***********************************************************
Warning:  Your input image contains nonpositive values
which could cause failure or problematic results.  A
possible workaround would be to:
   1. rescale your image to positive values e.g., [10,100].
   2. run N4 on your rescaled image.
   3. (optional) rescale the N4 output to the original
      intensity range.
***********************************************************

Specified spline distance: 200mm
  original image size:  [192, 256, 256]
  padded image size:  [201, 401, 401]
  number of control points:  [4, 5, 5]

Current level = 1
  Iteration 1 (of 50).   Current convergence value = 0.000274625 (threshold = 1e-08)
  Iteration 2 (of 50).   Current convergence value = 0.000221148 (threshold = 1e-08)
  Iteration 3 (of 50).   Current convergence value = 0.000150971 (threshold = 1e-08)
  Iteration 4 (of 50).   Current convergence value = 0.000119456 (threshold = 1e-08)
  Iteration 5 (of 50).   Current convergence value = 0.000105761 (threshold = 1e-08)
  Iteration 6 (of 50).   Current convergence value = 9.84375e-05 (threshold = 1e-08)
  Iteration 7 (of 50).   Current convergence value = 9.47462e-05 (threshold = 1e-08)
  Iteration 8 (of 50).   Current convergence value = 9.36214e-05 (threshold = 1e-08)
  Iteration 9 (of 50).   Current convergence value = 9.3107e-05 (threshold = 1e-08)
  Iteration 10 (of 50).   Current convergence value = 9.13757e-05 (threshold = 1e-08)
  Iteration 11 (of 50).   Current convergence value = 8.84311e-05 (threshold = 1e-08)
  Iteration 12 (of 50).   Current convergence value = 8.61215e-05 (threshold = 1e-08)
  Iteration 13 (of 50).   Current convergence value = 8.35751e-05 (threshold = 1e-08)
  Iteration 14 (of 50).   Current convergence value = 8.11627e-05 (threshold = 1e-08)
  Iteration 15 (of 50).   Current convergence value = 7.84461e-05 (threshold = 1e-08)
  Iteration 16 (of 50).   Current convergence value = 7.5893e-05 (threshold = 1e-08)
  Iteration 17 (of 50).   Current convergence value = 7.31372e-05 (threshold = 1e-08)
  Iteration 18 (of 50).   Current convergence value = 7.01961e-05 (threshold = 1e-08)
  Iteration 19 (of 50).   Current convergence value = 6.62958e-05 (threshold = 1e-08)
  Iteration 20 (of 50).   Current convergence value = 6.2527e-05 (threshold = 1e-08)
  Iteration 21 (of 50).   Current convergence value = 5.95387e-05 (threshold = 1e-08)
  Iteration 22 (of 50).   Current convergence value = 5.69244e-05 (threshold = 1e-08)
  Iteration 23 (of 50).   Current convergence value = 5.43137e-05 (threshold = 1e-08)
  Iteration 24 (of 50).   Current convergence value = 5.18071e-05 (threshold = 1e-08)
  Iteration 25 (of 50).   Current convergence value = 4.94796e-05 (threshold = 1e-08)
  Iteration 26 (of 50).   Current convergence value = 4.72112e-05 (threshold = 1e-08)
  Iteration 27 (of 50).   Current convergence value = 4.49571e-05 (threshold = 1e-08)
  Iteration 28 (of 50).   Current convergence value = 4.29073e-05 (threshold = 1e-08)
  Iteration 29 (of 50).   Current convergence value = 4.09164e-05 (threshold = 1e-08)
  Iteration 30 (of 50).   Current convergence value = 3.89449e-05 (threshold = 1e-08)
  Iteration 31 (of 50).   Current convergence value = 3.70283e-05 (threshold = 1e-08)
  Iteration 32 (of 50).   Current convergence value = 3.51194e-05 (threshold = 1e-08)
  Iteration 33 (of 50).   Current convergence value = 3.32189e-05 (threshold = 1e-08)
  Iteration 34 (of 50).   Current convergence value = 3.12899e-05 (threshold = 1e-08)
  Iteration 35 (of 50).   Current convergence value = 2.94825e-05 (threshold = 1e-08)
  Iteration 36 (of 50).   Current convergence value = 2.79643e-05 (threshold = 1e-08)
  Iteration 37 (of 50).   Current convergence value = 2.63747e-05 (threshold = 1e-08)
  Iteration 38 (of 50).   Current convergence value = 2.50428e-05 (threshold = 1e-08)
  Iteration 39 (of 50).   Current convergence value = 2.35727e-05 (threshold = 1e-08)
  Iteration 40 (of 50).   Current convergence value = 2.22228e-05 (threshold = 1e-08)
  Iteration 41 (of 50).   Current convergence value = 2.10216e-05 (threshold = 1e-08)
  Iteration 42 (of 50).   Current convergence value = 1.99172e-05 (threshold = 1e-08)
  Iteration 43 (of 50).   Current convergence value = 1.88166e-05 (threshold = 1e-08)
  Iteration 44 (of 50).   Current convergence value = 1.7845e-05 (threshold = 1e-08)
  Iteration 45 (of 50).   Current convergence value = 1.70218e-05 (threshold = 1e-08)
  Iteration 46 (of 50).   Current convergence value = 1.62141e-05 (threshold = 1e-08)
  Iteration 47 (of 50).   Current convergence value = 1.55202e-05 (threshold = 1e-08)
  Iteration 48 (of 50).   Current convergence value = 1.49059e-05 (threshold = 1e-08)
  Iteration 49 (of 50).   Current convergence value = 1.43494e-05 (threshold = 1e-08)
  Iteration 50 (of 50).   Current convergence value = 1.38914e-05 (threshold = 1e-08)
Current level = 2
  Iteration 1 (of 50).   Current convergence value = 0.000386144 (threshold = 1e-08)
  Iteration 2 (of 50).   Current convergence value = 0.000375551 (threshold = 1e-08)
  Iteration 3 (of 50).   Current convergence value = 0.000367024 (threshold = 1e-08)
  Iteration 4 (of 50).   Current convergence value = 0.000361902 (threshold = 1e-08)
  Iteration 5 (of 50).   Current convergence value = 0.000361379 (threshold = 1e-08)
  Iteration 6 (of 50).   Current convergence value = 0.00035989 (threshold = 1e-08)
  Iteration 7 (of 50).   Current convergence value = 0.000357496 (threshold = 1e-08)
  Iteration 8 (of 50).   Current convergence value = 0.000354296 (threshold = 1e-08)
  Iteration 9 (of 50).   Current convergence value = 0.00035119 (threshold = 1e-08)
  Iteration 10 (of 50).   Current convergence value = 0.000348198 (threshold = 1e-08)
  Iteration 11 (of 50).   Current convergence value = 0.000345497 (threshold = 1e-08)
  Iteration 12 (of 50).   Current convergence value = 0.000343137 (threshold = 1e-08)
  Iteration 13 (of 50).   Current convergence value = 0.000340786 (threshold = 1e-08)
  Iteration 14 (of 50).   Current convergence value = 0.000338569 (threshold = 1e-08)
  Iteration 15 (of 50).   Current convergence value = 0.000336725 (threshold = 1e-08)
  Iteration 16 (of 50).   Current convergence value = 0.000334965 (threshold = 1e-08)
  Iteration 17 (of 50).   Current convergence value = 0.000333169 (threshold = 1e-08)
  Iteration 18 (of 50).   Current convergence value = 0.000331346 (threshold = 1e-08)
  Iteration 19 (of 50).   Current convergence value = 0.000328234 (threshold = 1e-08)
  Iteration 20 (of 50).   Current convergence value = 0.000324406 (threshold = 1e-08)
  Iteration 21 (of 50).   Current convergence value = 0.000320106 (threshold = 1e-08)
  Iteration 22 (of 50).   Current convergence value = 0.000315628 (threshold = 1e-08)
  Iteration 23 (of 50).   Current convergence value = 0.000310997 (threshold = 1e-08)
  Iteration 24 (of 50).   Current convergence value = 0.000306564 (threshold = 1e-08)
  Iteration 25 (of 50).   Current convergence value = 0.000302434 (threshold = 1e-08)
  Iteration 26 (of 50).   Current convergence value = 0.000298365 (threshold = 1e-08)
  Iteration 27 (of 50).   Current convergence value = 0.000294458 (threshold = 1e-08)
  Iteration 28 (of 50).   Current convergence value = 0.000290244 (threshold = 1e-08)
  Iteration 29 (of 50).   Current convergence value = 0.000284453 (threshold = 1e-08)
  Iteration 30 (of 50).   Current convergence value = 0.000279307 (threshold = 1e-08)
  Iteration 31 (of 50).   Current convergence value = 0.000274165 (threshold = 1e-08)
  Iteration 32 (of 50).   Current convergence value = 0.000269268 (threshold = 1e-08)
  Iteration 33 (of 50).   Current convergence value = 0.00026465 (threshold = 1e-08)
  Iteration 34 (of 50).   Current convergence value = 0.000260269 (threshold = 1e-08)
  Iteration 35 (of 50).   Current convergence value = 0.000256141 (threshold = 1e-08)
  Iteration 36 (of 50).   Current convergence value = 0.000252261 (threshold = 1e-08)
  Iteration 37 (of 50).   Current convergence value = 0.000248502 (threshold = 1e-08)
  Iteration 38 (of 50).   Current convergence value = 0.000245006 (threshold = 1e-08)
  Iteration 39 (of 50).   Current convergence value = 0.00024169 (threshold = 1e-08)
  Iteration 40 (of 50).   Current convergence value = 0.000238514 (threshold = 1e-08)
  Iteration 41 (of 50).   Current convergence value = 0.000235363 (threshold = 1e-08)
  Iteration 42 (of 50).   Current convergence value = 0.000232228 (threshold = 1e-08)
  Iteration 43 (of 50).   Current convergence value = 0.000229317 (threshold = 1e-08)
  Iteration 44 (of 50).   Current convergence value = 0.00022653 (threshold = 1e-08)
  Iteration 45 (of 50).   Current convergence value = 0.000223811 (threshold = 1e-08)
  Iteration 46 (of 50).   Current convergence value = 0.000221215 (threshold = 1e-08)
  Iteration 47 (of 50).   Current convergence value = 0.000218748 (threshold = 1e-08)
  Iteration 48 (of 50).   Current convergence value = 0.000216313 (threshold = 1e-08)
  Iteration 49 (of 50).   Current convergence value = 0.000214017 (threshold = 1e-08)
  Iteration 50 (of 50).   Current convergence value = 0.000211844 (threshold = 1e-08)
Current level = 3
  Iteration 1 (of 40).   Current convergence value = 0.00157621 (threshold = 1e-08)
  Iteration 2 (of 40).   Current convergence value = 0.00150706 (threshold = 1e-08)
  Iteration 3 (of 40).   Current convergence value = 0.00149924 (threshold = 1e-08)
  Iteration 4 (of 40).   Current convergence value = 0.0015054 (threshold = 1e-08)
  Iteration 5 (of 40).   Current convergence value = 0.00152493 (threshold = 1e-08)
  Iteration 6 (of 40).   Current convergence value = 0.00146555 (threshold = 1e-08)
  Iteration 7 (of 40).   Current convergence value = 0.00142577 (threshold = 1e-08)
  Iteration 8 (of 40).   Current convergence value = 0.00138783 (threshold = 1e-08)
  Iteration 9 (of 40).   Current convergence value = 0.00136172 (threshold = 1e-08)
  Iteration 10 (of 40).   Current convergence value = 0.00134534 (threshold = 1e-08)
  Iteration 11 (of 40).   Current convergence value = 0.00133463 (threshold = 1e-08)
  Iteration 12 (of 40).   Current convergence value = 0.00132642 (threshold = 1e-08)
  Iteration 13 (of 40).   Current convergence value = 0.00132487 (threshold = 1e-08)
  Iteration 14 (of 40).   Current convergence value = 0.00132799 (threshold = 1e-08)
  Iteration 15 (of 40).   Current convergence value = 0.00128177 (threshold = 1e-08)
  Iteration 16 (of 40).   Current convergence value = 0.00122288 (threshold = 1e-08)
  Iteration 17 (of 40).   Current convergence value = 0.00117738 (threshold = 1e-08)
  Iteration 18 (of 40).   Current convergence value = 0.00112726 (threshold = 1e-08)
  Iteration 19 (of 40).   Current convergence value = 0.00107645 (threshold = 1e-08)
  Iteration 20 (of 40).   Current convergence value = 0.00103623 (threshold = 1e-08)
  Iteration 21 (of 40).   Current convergence value = 0.0010042 (threshold = 1e-08)
  Iteration 22 (of 40).   Current convergence value = 0.000978516 (threshold = 1e-08)
  Iteration 23 (of 40).   Current convergence value = 0.000957615 (threshold = 1e-08)
  Iteration 24 (of 40).   Current convergence value = 0.000941145 (threshold = 1e-08)
  Iteration 25 (of 40).   Current convergence value = 0.000928586 (threshold = 1e-08)
  Iteration 26 (of 40).   Current convergence value = 0.000918902 (threshold = 1e-08)
  Iteration 27 (of 40).   Current convergence value = 0.000911899 (threshold = 1e-08)
  Iteration 28 (of 40).   Current convergence value = 0.000906945 (threshold = 1e-08)
  Iteration 29 (of 40).   Current convergence value = 0.000903751 (threshold = 1e-08)
  Iteration 30 (of 40).   Current convergence value = 0.000902214 (threshold = 1e-08)
  Iteration 31 (of 40).   Current convergence value = 0.000902349 (threshold = 1e-08)
  Iteration 32 (of 40).   Current convergence value = 0.000887093 (threshold = 1e-08)
  Iteration 33 (of 40).   Current convergence value = 0.000840474 (threshold = 1e-08)
  Iteration 34 (of 40).   Current convergence value = 0.000803177 (threshold = 1e-08)
  Iteration 35 (of 40).   Current convergence value = 0.000772204 (threshold = 1e-08)
  Iteration 36 (of 40).   Current convergence value = 0.000745534 (threshold = 1e-08)
  Iteration 37 (of 40).   Current convergence value = 0.000722324 (threshold = 1e-08)
  Iteration 38 (of 40).   Current convergence value = 0.000702447 (threshold = 1e-08)
  Iteration 39 (of 40).   Current convergence value = 0.00068529 (threshold = 1e-08)
  Iteration 40 (of 40).   Current convergence value = 0.000670085 (threshold = 1e-08)
Current level = 4
  Iteration 1 (of 30).   Current convergence value = 0.00210971 (threshold = 1e-08)
  Iteration 2 (of 30).   Current convergence value = 0.00179144 (threshold = 1e-08)
  Iteration 3 (of 30).   Current convergence value = 0.00165431 (threshold = 1e-08)
  Iteration 4 (of 30).   Current convergence value = 0.00157136 (threshold = 1e-08)
  Iteration 5 (of 30).   Current convergence value = 0.00151221 (threshold = 1e-08)
  Iteration 6 (of 30).   Current convergence value = 0.00146885 (threshold = 1e-08)
  Iteration 7 (of 30).   Current convergence value = 0.00143567 (threshold = 1e-08)
  Iteration 8 (of 30).   Current convergence value = 0.00141099 (threshold = 1e-08)
  Iteration 9 (of 30).   Current convergence value = 0.00132788 (threshold = 1e-08)
  Iteration 10 (of 30).   Current convergence value = 0.0012219 (threshold = 1e-08)
  Iteration 11 (of 30).   Current convergence value = 0.00113546 (threshold = 1e-08)
  Iteration 12 (of 30).   Current convergence value = 0.00106231 (threshold = 1e-08)
  Iteration 13 (of 30).   Current convergence value = 0.000998373 (threshold = 1e-08)
  Iteration 14 (of 30).   Current convergence value = 0.00094223 (threshold = 1e-08)
  Iteration 15 (of 30).   Current convergence value = 0.00089253 (threshold = 1e-08)
  Iteration 16 (of 30).   Current convergence value = 0.000848009 (threshold = 1e-08)
  Iteration 17 (of 30).   Current convergence value = 0.000808142 (threshold = 1e-08)
  Iteration 18 (of 30).   Current convergence value = 0.000773297 (threshold = 1e-08)
  Iteration 19 (of 30).   Current convergence value = 0.000740346 (threshold = 1e-08)
  Iteration 20 (of 30).   Current convergence value = 0.000705622 (threshold = 1e-08)
  Iteration 21 (of 30).   Current convergence value = 0.000675341 (threshold = 1e-08)
  Iteration 22 (of 30).   Current convergence value = 0.000648836 (threshold = 1e-08)
  Iteration 23 (of 30).   Current convergence value = 0.000625743 (threshold = 1e-08)
  Iteration 24 (of 30).   Current convergence value = 0.000605675 (threshold = 1e-08)
  Iteration 25 (of 30).   Current convergence value = 0.000588465 (threshold = 1e-08)
  Iteration 26 (of 30).   Current convergence value = 0.000573764 (threshold = 1e-08)
  Iteration 27 (of 30).   Current convergence value = 0.000562217 (threshold = 1e-08)
  Iteration 28 (of 30).   Current convergence value = 0.000552437 (threshold = 1e-08)
  Iteration 29 (of 30).   Current convergence value = 0.000544924 (threshold = 1e-08)
  Iteration 30 (of 30).   Current convergence value = 0.000539801 (threshold = 1e-08)
   N4BiasFieldCorrectionImageFilter (0x55858a49ce20)
     RTTI typeinfo:   itk::N4BiasFieldCorrectionImageFilter<itk::Image<float, 3u>, itk::Image<float, 3u>, itk::Image<float, 3u> >
     Reference Count: 1
     Modified Time: 565
     Debug: Off
     Object Name: 
     Observers: 
       IterationEvent(Command)
     Inputs: 
       ConfidenceImage: (0)
       MaskImage: (0x55858a4c7610)
       Primary: (0x55858a4c2ae0) *
     Indexed Inputs: 
       0: Primary (0x55858a4c2ae0)
       1: MaskImage (0x55858a4c7610)
       2: ConfidenceImage (0)
     Required Input Names: Primary
     NumberOfRequiredInputs: 1
     Outputs: 
       Primary: (0x55858a4acef0)
     Indexed Outputs: 
       0: Primary (0x55858a4acef0)
     NumberOfRequiredOutputs: 1
     Number Of Work Units: 32
     ReleaseDataFlag: Off
     ReleaseDataBeforeUpdateFlag: Off
     AbortGenerateData: Off
     Progress: 0
     Multithreader: 
       RTTI typeinfo:   itk::PoolMultiThreader
       Reference Count: 1
       Modified Time: 144
       Debug: Off
       Object Name: 
       Observers: 
         none
       Number of Work Units: 32
       Number of Threads: 8
       Global Maximum Number Of Threads: 128
       Global Default Number Of Threads: 8
       Global Default Threader Type: itk::MultiThreaderBaseEnums::Threader::Pool
       SingleMethod: 0
       SingleData: 0
     DynamicMultiThreading: On
     CoordinateTolerance: 1e-06
     DirectionTolerance: 1e-06
     Use Mask Label: 0
     Mask label: 1
     Number of histogram bins: 200
     Wiener filter noise: 0.01
     Bias field FWHM: 0.15
     Maximum number of iterations: [50, 50, 40, 30]
     Convergence threshold: 1e-08
     Spline order: 3
     Number of fitting levels: [4, 4, 4]
     Number of control points: [4, 5, 5]
     CurrentConvergenceMeasurement: 0.000539801
     CurrentLevel: 4
     ElapsedIterations: 31
     LogBiasFieldControlPointLattice: 
       Image (0x558590f9edb0)
         RTTI typeinfo:   itk::Image<itk::Vector<float, 1u>, 3u>
         Reference Count: 1
         Modified Time: 343560
         Debug: Off
         Object Name: 
         Observers: 
           none
         Source: (none)
         Source output name: (none)
         Release Data: Off
         Data Released: False
         Global Release Data: Off
         PipelineMTime: 0
         UpdateMTime: 0
         RealTimeStamp: 0 seconds 
         LargestPossibleRegion: 
           Dimension: 3
           Index: [0, 0, 0]
           Size: [11, 19, 19]
         BufferedRegion: 
           Dimension: 3
           Index: [0, 0, 0]
           Size: [11, 19, 19]
         RequestedRegion: 
           Dimension: 3
           Index: [0, 0, 0]
           Size: [11, 19, 19]
         Spacing: [24.75, 24.875, 24.875]
         Origin: [26.4027, 20.1251, -27.3491]
         Direction: 
-0.998477 -0.053144 -0.0148125
0.0507629 -0.990137 0.130582
-0.0216061 0.129631 0.991327

         IndexToPointMatrix: 
-24.7123 -1.32196 -0.368461
1.25638 -24.6297 3.24823
-0.53475 3.22457 24.6593

         PointToIndexMatrix: 
-0.0403425 0.00205103 -0.000872972
-0.00213644 -0.0398045 0.0052113
-0.000595478 0.00524952 0.0398523

         Inverse Direction: 
-0.998477 0.0507629 -0.0216061
-0.053144 -0.990137 0.129631
-0.0148125 0.130582 0.991327

         PixelContainer: 
           ImportImageContainer (0x5585954fd970)
             RTTI typeinfo:   itk::ImportImageContainer<unsigned long, itk::Vector<float, 1u> >
             Reference Count: 1
             Modified Time: 343561
             Debug: Off
             Object Name: 
             Observers: 
               none
             Pointer: 0x55859463c1d0
             Container manages memory: true
             Size: 3971
             Capacity: 3971
Elapsed time: 271.077
All_Command_lines_OK
Using single precision for computations.
=============================================================================
The composite transform comprises the following transforms (in order): 
  1. Center of mass alignment using fixed image: /home/mpib/nemecz/Projects/miniTRK/Results/01_MRI/GroupTempl/T1w/T_template0.nii.gz and moving image: /home/mpib/nemecz/Projects/miniTRK/Analysis/01_MRI/Preproc/GroupTempl/T1w/sub-991905_T1w.nii.gz (type = Euler3DTransform)
=============================================================================
  number of levels = 4
  number of levels = 4
  number of levels = 4
  fixed image: /home/mpib/nemecz/Projects/miniTRK/Results/01_MRI/GroupTempl/T1w/T_template0.nii.gz
  moving image: /home/mpib/nemecz/Projects/miniTRK/Results/01_MRI/GroupTempl/T1w/T_template0sub-991905_T1wRepaired.nii.gz
  fixed image: /home/mpib/nemecz/Projects/miniTRK/Results/01_MRI/GroupTempl/T1w/T_template0.nii.gz
  moving image: /home/mpib/nemecz/Projects/miniTRK/Results/01_MRI/GroupTempl/T1w/T_template0sub-991905_T1wRepaired.nii.gz
  fixed image: /home/mpib/nemecz/Projects/miniTRK/Results/01_MRI/GroupTempl/T1w/T_template0.nii.gz
  moving image: /home/mpib/nemecz/Projects/miniTRK/Results/01_MRI/GroupTempl/T1w/T_template0sub-991905_T1wRepaired.nii.gz
Dimension = 3
Number of stages = 3
Use Histogram Matching true
Winsorize image intensities true
Lower quantile = 0.01
Upper quantile = 0.99
Stage 1 State
   Image metric = Mattes
     Fixed image = Image (0x55e14d7fead0)
  RTTI typeinfo:   itk::Image<float, 3u>
  Reference Count: 2
  Modified Time: 1721
  Debug: Off
  Object Name: 
  Observers: 
    none
  Source: (none)
  Source output name: (none)
  Release Data: Off
  Data Released: False
  Global Release Data: Off
  PipelineMTime: 0
  UpdateMTime: 1506
  RealTimeStamp: 0 seconds 
  LargestPossibleRegion: 
    Dimension: 3
    Index: [0, 0, 0]
    Size: [192, 256, 256]
  BufferedRegion: 
    Dimension: 3
    Index: [0, 0, 0]
    Size: [192, 256, 256]
  RequestedRegion: 
    Dimension: 3
    Index: [0, 0, 0]
    Size: [192, 256, 256]
  Spacing: [1, 1, 1]
  Origin: [95.0313, 100.538, -154.123]
  Direction: 
-0.999853 -0.014134 -0.00966312
0.014129 -0.9999 0.000586045
-0.00967044 0.000449429 0.999953

  IndexToPointMatrix: 
-0.999853 -0.014134 -0.00966312
0.014129 -0.9999 0.000586045
-0.00967044 0.000449429 0.999953

  PointToIndexMatrix: 
-0.999853 0.014129 -0.00967044
-0.014134 -0.9999 0.000449429
-0.00966312 0.000586045 0.999953

  Inverse Direction: 
-0.999853 0.014129 -0.00967044
-0.014134 -0.9999 0.000449429
-0.00966312 0.000586045 0.999953

  PixelContainer: 
    ImportImageContainer (0x55e14d806c80)
      RTTI typeinfo:   itk::ImportImageContainer<unsigned long, float>
      Reference Count: 1
      Modified Time: 1503
      Debug: Off
      Object Name: 
      Observers: 
        none
      Pointer: 0x7f55aa616010
      Container manages memory: true
      Size: 12582912
      Capacity: 12582912

     Moving image = Image (0x55e14d7ffbc0)
  RTTI typeinfo:   itk::Image<float, 3u>
  Reference Count: 2
  Modified Time: 1722
  Debug: Off
  Object Name: 
  Observers: 
    none
  Source: (none)
  Source output name: (none)
  Release Data: Off
  Data Released: False
  Global Release Data: Off
  PipelineMTime: 0
  UpdateMTime: 1719
  RealTimeStamp: 0 seconds 
  LargestPossibleRegion: 
    Dimension: 3
    Index: [0, 0, 0]
    Size: [192, 256, 256]
  BufferedRegion: 
    Dimension: 3
    Index: [0, 0, 0]
    Size: [192, 256, 256]
  RequestedRegion: 
    Dimension: 3
    Index: [0, 0, 0]
    Size: [192, 256, 256]
  Spacing: [1, 1, 1]
  Origin: [103.132, 80.3468, -182.437]
  Direction: 
-0.998477 -0.053144 -0.0148125
0.0507629 -0.990137 0.130582
-0.0216061 0.129631 0.991327

  IndexToPointMatrix: 
-0.998477 -0.053144 -0.0148125
0.0507629 -0.990137 0.130582
-0.0216061 0.129631 0.991327

  PointToIndexMatrix: 
-0.998477 0.0507629 -0.0216061
-0.053144 -0.990137 0.129631
-0.0148125 0.130582 0.991327

  Inverse Direction: 
-0.998477 0.0507629 -0.0216061
-0.053144 -0.990137 0.129631
-0.0148125 0.130582 0.991327

  PixelContainer: 
    ImportImageContainer (0x55e14d80b100)
      RTTI typeinfo:   itk::ImportImageContainer<unsigned long, float>
      Reference Count: 1
      Modified Time: 1716
      Debug: Off
      Object Name: 
      Observers: 
        none
      Pointer: 0x7f55a7615010
      Container manages memory: true
      Size: 12582912
      Capacity: 12582912

     Weighting = 1
     Sampling strategy = regular
     Number of bins = 32
     Radius = 4
     Sampling percentage  = 0.25
   Transform = Rigid
     Gradient step = 0.1
     Update field sigma (voxel space) = 0
     Total field sigma (voxel space) = 0
     Update field time sigma = 0
     Total field time sigma  = 0
     Number of time indices = 0
     Number of time point samples = 0
Stage 2 State
   Image metric = Mattes
     Fixed image = Image (0x55e14d817870)
  RTTI typeinfo:   itk::Image<float, 3u>
  Reference Count: 2
  Modified Time: 2149
  Debug: Off
  Object Name: 
  Observers: 
    none
  Source: (none)
  Source output name: (none)
  Release Data: Off
  Data Released: False
  Global Release Data: Off
  PipelineMTime: 0
  UpdateMTime: 1934
  RealTimeStamp: 0 seconds 
  LargestPossibleRegion: 
    Dimension: 3
    Index: [0, 0, 0]
    Size: [192, 256, 256]
  BufferedRegion: 
    Dimension: 3
    Index: [0, 0, 0]
    Size: [192, 256, 256]
  RequestedRegion: 
    Dimension: 3
    Index: [0, 0, 0]
    Size: [192, 256, 256]
  Spacing: [1, 1, 1]
  Origin: [95.0313, 100.538, -154.123]
  Direction: 
-0.999853 -0.014134 -0.00966312
0.014129 -0.9999 0.000586045
-0.00967044 0.000449429 0.999953

  IndexToPointMatrix: 
-0.999853 -0.014134 -0.00966312
0.014129 -0.9999 0.000586045
-0.00967044 0.000449429 0.999953

  PointToIndexMatrix: 
-0.999853 0.014129 -0.00967044
-0.014134 -0.9999 0.000449429
-0.00966312 0.000586045 0.999953

  Inverse Direction: 
-0.999853 0.014129 -0.00967044
-0.014134 -0.9999 0.000449429
-0.00966312 0.000586045 0.999953

  PixelContainer: 
    ImportImageContainer (0x55e14d8026d0)
      RTTI typeinfo:   itk::ImportImageContainer<unsigned long, float>
      Reference Count: 1
      Modified Time: 1931
      Debug: Off
      Object Name: 
      Observers: 
        none
      Pointer: 0x7f55a4614010
      Container manages memory: true
      Size: 12582912
      Capacity: 12582912

     Moving image = Image (0x55e14d8174c0)
  RTTI typeinfo:   itk::Image<float, 3u>
  Reference Count: 2
  Modified Time: 2150
  Debug: Off
  Object Name: 
  Observers: 
    none
  Source: (none)
  Source output name: (none)
  Release Data: Off
  Data Released: False
  Global Release Data: Off
  PipelineMTime: 0
  UpdateMTime: 2147
  RealTimeStamp: 0 seconds 
  LargestPossibleRegion: 
    Dimension: 3
    Index: [0, 0, 0]
    Size: [192, 256, 256]
  BufferedRegion: 
    Dimension: 3
    Index: [0, 0, 0]
    Size: [192, 256, 256]
  RequestedRegion: 
    Dimension: 3
    Index: [0, 0, 0]
    Size: [192, 256, 256]
  Spacing: [1, 1, 1]
  Origin: [103.132, 80.3468, -182.437]
  Direction: 
-0.998477 -0.053144 -0.0148125
0.0507629 -0.990137 0.130582
-0.0216061 0.129631 0.991327

  IndexToPointMatrix: 
-0.998477 -0.053144 -0.0148125
0.0507629 -0.990137 0.130582
-0.0216061 0.129631 0.991327

  PointToIndexMatrix: 
-0.998477 0.0507629 -0.0216061
-0.053144 -0.990137 0.129631
-0.0148125 0.130582 0.991327

  Inverse Direction: 
-0.998477 0.0507629 -0.0216061
-0.053144 -0.990137 0.129631
-0.0148125 0.130582 0.991327

  PixelContainer: 
    ImportImageContainer (0x55e14d8188c0)
      RTTI typeinfo:   itk::ImportImageContainer<unsigned long, float>
      Reference Count: 1
      Modified Time: 2144
      Debug: Off
      Object Name: 
      Observers: 
        none
      Pointer: 0x7f55a1613010
      Container manages memory: true
      Size: 12582912
      Capacity: 12582912

     Weighting = 1
     Sampling strategy = regular
     Number of bins = 32
     Radius = 4
     Sampling percentage  = 0.25
   Transform = Affine
     Gradient step = 0.1
     Update field sigma (voxel space) = 0
     Total field sigma (voxel space) = 0
     Update field time sigma = 0
     Total field time sigma  = 0
     Number of time indices = 0
     Number of time point samples = 0
Stage 3 State
   Image metric = CC
     Fixed image = Image (0x55e14d81e960)
  RTTI typeinfo:   itk::Image<float, 3u>
  Reference Count: 2
  Modified Time: 2577
  Debug: Off
  Object Name: 
  Observers: 
    none
  Source: (none)
  Source output name: (none)
  Release Data: Off
  Data Released: False
  Global Release Data: Off
  PipelineMTime: 0
  UpdateMTime: 2362
  RealTimeStamp: 0 seconds 
  LargestPossibleRegion: 
    Dimension: 3
    Index: [0, 0, 0]
    Size: [192, 256, 256]
  BufferedRegion: 
    Dimension: 3
    Index: [0, 0, 0]
    Size: [192, 256, 256]
  RequestedRegion: 
    Dimension: 3
    Index: [0, 0, 0]
    Size: [192, 256, 256]
  Spacing: [1, 1, 1]
  Origin: [95.0313, 100.538, -154.123]
  Direction: 
-0.999853 -0.014134 -0.00966312
0.014129 -0.9999 0.000586045
-0.00967044 0.000449429 0.999953

  IndexToPointMatrix: 
-0.999853 -0.014134 -0.00966312
0.014129 -0.9999 0.000586045
-0.00967044 0.000449429 0.999953

  PointToIndexMatrix: 
-0.999853 0.014129 -0.00967044
-0.014134 -0.9999 0.000449429
-0.00966312 0.000586045 0.999953

  Inverse Direction: 
-0.999853 0.014129 -0.00967044
-0.014134 -0.9999 0.000449429
-0.00966312 0.000586045 0.999953

  PixelContainer: 
    ImportImageContainer (0x55e14d7ff660)
      RTTI typeinfo:   itk::ImportImageContainer<unsigned long, float>
      Reference Count: 1
      Modified Time: 2359
      Debug: Off
      Object Name: 
      Observers: 
        none
      Pointer: 0x7f559e612010
      Container manages memory: true
      Size: 12582912
      Capacity: 12582912

     Moving image = Image (0x55e14d820840)
  RTTI typeinfo:   itk::Image<float, 3u>
  Reference Count: 2
  Modified Time: 2578
  Debug: Off
  Object Name: 
  Observers: 
    none
  Source: (none)
  Source output name: (none)
  Release Data: Off
  Data Released: False
  Global Release Data: Off
  PipelineMTime: 0
  UpdateMTime: 2575
  RealTimeStamp: 0 seconds 
  LargestPossibleRegion: 
    Dimension: 3
    Index: [0, 0, 0]
    Size: [192, 256, 256]
  BufferedRegion: 
    Dimension: 3
    Index: [0, 0, 0]
    Size: [192, 256, 256]
  RequestedRegion: 
    Dimension: 3
    Index: [0, 0, 0]
    Size: [192, 256, 256]
  Spacing: [1, 1, 1]
  Origin: [103.132, 80.3468, -182.437]
  Direction: 
-0.998477 -0.053144 -0.0148125
0.0507629 -0.990137 0.130582
-0.0216061 0.129631 0.991327

  IndexToPointMatrix: 
-0.998477 -0.053144 -0.0148125
0.0507629 -0.990137 0.130582
-0.0216061 0.129631 0.991327

  PointToIndexMatrix: 
-0.998477 0.0507629 -0.0216061
-0.053144 -0.990137 0.129631
-0.0148125 0.130582 0.991327

  Inverse Direction: 
-0.998477 0.0507629 -0.0216061
-0.053144 -0.990137 0.129631
-0.0148125 0.130582 0.991327

  PixelContainer: 
    ImportImageContainer (0x55e14d81d660)
      RTTI typeinfo:   itk::ImportImageContainer<unsigned long, float>
      Reference Count: 1
      Modified Time: 2572
      Debug: Off
      Object Name: 
      Observers: 
        none
      Pointer: 0x7f559b611010
      Container manages memory: true
      Size: 12582912
      Capacity: 12582912

     Weighting = 1
     Sampling strategy = none
     Number of bins = 32
     Radius = 4
     Sampling percentage  = 1
   Transform = SyN
     Gradient step = 0.1
     Update field sigma (voxel space) = 3
     Total field sigma (voxel space) = 0
     Update field time sigma = 0
     Total field time sigma  = 0
     Number of time indices = 0
     Number of time point samples = 0
Registration using 3 total stages.

Stage 0
  iterations = 1000x500x250x0
  convergence threshold = 1e-06
  convergence window size = 10
  number of levels = 4
  using the Mattes MI metric (number of bins = 32, weight = 1)
  preprocessing:  winsorizing the image intensities
  preprocessing:  histogram matching the images
  Shrink factors (level 1 out of 4): [6, 6, 6]
  Shrink factors (level 2 out of 4): [4, 4, 4]
  Shrink factors (level 3 out of 4): [2, 2, 2]
  Shrink factors (level 4 out of 4): [1, 1, 1]
  smoothing sigmas per level: [4, 2, 1, 0]
  regular sampling (percentage = 0.25)

*** Running Euler3DTransform registration ***

DIAGNOSTIC,Iteration,metricValue,convergenceValue,ITERATION_TIME_INDEX,SINCE_LAST
 2DIAGNOSTIC,     1, -9.663783907890e-01, inf, 6.0393e-01, 6.0392e-01, 
 2DIAGNOSTIC,     2, -9.693192839622e-01, inf, 6.1567e-01, 1.1748e-02, 
 2DIAGNOSTIC,     3, -9.734057784081e-01, inf, 6.2727e-01, 1.1599e-02, 
 2DIAGNOSTIC,     4, -9.781110286713e-01, inf, 6.3845e-01, 1.1176e-02, 
 2DIAGNOSTIC,     5, -9.826122522354e-01, inf, 6.4974e-01, 1.1294e-02, 
 2DIAGNOSTIC,     6, -9.860728383064e-01, inf, 6.6095e-01, 1.1208e-02, 
 2DIAGNOSTIC,     7, -9.903213381767e-01, inf, 6.7197e-01, 1.1017e-02, 
 2DIAGNOSTIC,     8, -9.984945058823e-01, inf, 6.8308e-01, 1.1115e-02, 
 2DIAGNOSTIC,     9, -1.003630757332e+00, inf, 6.9861e-01, 1.5529e-02, 
 2DIAGNOSTIC,    10, -1.005275845528e+00, 2.678668126464e-03, 7.0832e-01, 9.7110e-03, 
 2DIAGNOSTIC,    11, -1.006667852402e+00, 2.390222623944e-03, 7.1783e-01, 9.5022e-03, 
 2DIAGNOSTIC,    12, -1.008962154388e+00, 2.061062725261e-03, 7.3123e-01, 1.3404e-02, 
 2DIAGNOSTIC,    13, -1.009958028793e+00, 1.705102622509e-03, 7.4102e-01, 9.7899e-03, 
 2DIAGNOSTIC,    14, -1.010327696800e+00, 1.347838435322e-03, 7.5113e-01, 1.0106e-02, 
 2DIAGNOSTIC,    15, -1.010992646217e+00, 1.016203081235e-03, 7.6085e-01, 9.7258e-03, 
 2DIAGNOSTIC,    16, -1.011695742607e+00, 7.085895631462e-04, 7.7067e-01, 9.8150e-03, 
 2DIAGNOSTIC,    17, -1.012585163116e+00, 4.556822241284e-04, 7.8545e-01, 1.4783e-02, 
 2DIAGNOSTIC,    18, -1.012735605240e+00, 3.191469586454e-04, 7.9502e-01, 9.5751e-03, 
 2DIAGNOSTIC,    19, -1.012888669968e+00, 2.473337226547e-04, 8.0581e-01, 1.0787e-02, 
 2DIAGNOSTIC,    20, -1.013013720512e+00, 1.852090499597e-04, 8.1695e-01, 1.1136e-02, 
 2DIAGNOSTIC,    21, -1.013340592384e+00, 1.344030897599e-04, 8.2963e-01, 1.2678e-02, 
 2DIAGNOSTIC,    22, -1.013400077820e+00, 1.058273483068e-04, 8.3959e-01, 9.9649e-03, 
 2DIAGNOSTIC,    23, -1.013390898705e+00, 8.228438673541e-05, 8.5116e-01, 1.1570e-02, 
 2DIAGNOSTIC,    24, -1.013362646103e+00, 5.726887320634e-05, 8.6311e-01, 1.1947e-02, 
 2DIAGNOSTIC,    25, -1.013327717781e+00, 3.607874532463e-05, 8.7653e-01, 1.3426e-02, 
 2DIAGNOSTIC,    26, -1.013329505920e+00, 2.066571687465e-05, 8.8760e-01, 1.1070e-02, 
 2DIAGNOSTIC,    27, -1.013291954994e+00, 1.348882142338e-05, 8.9706e-01, 9.4531e-03, 
 2DIAGNOSTIC,    28, -1.013255119324e+00, 6.851414582343e-06, 9.0617e-01, 9.1150e-03, 
 2DIAGNOSTIC,    29, -1.013258934021e+00, 1.696533900031e-06, 9.1517e-01, 8.9982e-03, 
DIAGNOSTIC,Iteration,metricValue,convergenceValue,ITERATION_TIME_INDEX,SINCE_LAST
 2DIAGNOSTIC,     1, -7.924116253853e-01, inf, 1.4273e+00, 5.1214e-01, 
 2DIAGNOSTIC,     2, -7.926960587502e-01, inf, 1.4612e+00, 3.3896e-02, 
 2DIAGNOSTIC,     3, -7.929415106773e-01, inf, 1.4997e+00, 3.8455e-02, 
 2DIAGNOSTIC,     4, -7.931972146034e-01, inf, 1.5389e+00, 3.9259e-02, 
 2DIAGNOSTIC,     5, -7.935686707497e-01, inf, 1.5822e+00, 4.3299e-02, 
 2DIAGNOSTIC,     6, -7.936692237854e-01, inf, 1.6353e+00, 5.3039e-02, 
 2DIAGNOSTIC,     7, -7.937403917313e-01, inf, 1.6948e+00, 5.9575e-02, 
 2DIAGNOSTIC,     8, -7.937273383141e-01, inf, 1.7300e+00, 3.5146e-02, 
 2DIAGNOSTIC,     9, -7.937659025192e-01, inf, 1.7696e+00, 3.9579e-02, 
 2DIAGNOSTIC,    10, -7.937706112862e-01, 1.147923321696e-04, 1.8069e+00, 3.7373e-02, 
 2DIAGNOSTIC,    11, -7.937606573105e-01, 7.694867963437e-05, 1.8581e+00, 5.1153e-02, 
 2DIAGNOSTIC,    12, -7.937577962875e-01, 4.722644007416e-05, 1.9060e+00, 4.7897e-02, 
 2DIAGNOSTIC,    13, -7.937591075897e-01, 2.481566480128e-05, 1.9430e+00, 3.7033e-02, 
 2DIAGNOSTIC,    14, -7.937546372414e-01, 9.770157703315e-06, 1.9822e+00, 3.9210e-02, 
 2DIAGNOSTIC,    15, -7.937608957291e-01, 5.010677341488e-06, 2.0164e+00, 3.4141e-02, 
 2DIAGNOSTIC,    16, -7.937611937523e-01, 2.802740027619e-06, 2.0555e+00, 3.9104e-02, 
 2DIAGNOSTIC,    17, -7.937666773796e-01, 2.415514018139e-06, 2.0901e+00, 3.4648e-02, 
 2DIAGNOSTIC,    18, -7.937676310539e-01, 1.755316588969e-06, 2.1292e+00, 3.9046e-02, 
 2DIAGNOSTIC,    19, -7.937740087509e-01, 2.008958517763e-06, 2.1639e+00, 3.4786e-02, 
 2DIAGNOSTIC,    20, -7.937759757042e-01, 2.327518814127e-06, 2.2035e+00, 3.9573e-02, 
 2DIAGNOSTIC,    21, -7.937895655632e-01, 2.609311877677e-06, 2.2434e+00, 3.9854e-02, 
 2DIAGNOSTIC,    22, -7.937891483307e-01, 2.704297230594e-06, 2.2831e+00, 3.9764e-02, 
 2DIAGNOSTIC,    23, -7.937918305397e-01, 2.741035132203e-06, 2.3228e+00, 3.9652e-02, 
 2DIAGNOSTIC,    24, -7.937971949577e-01, 2.659810888872e-06, 2.3577e+00, 3.4870e-02, 
 2DIAGNOSTIC,    25, -7.938121557236e-01, 2.761433734122e-06, 2.3972e+00, 3.9541e-02, 
 2DIAGNOSTIC,    26, -7.938256859779e-01, 2.897467538787e-06, 2.4384e+00, 4.1225e-02, 
 2DIAGNOSTIC,    27, -7.938238978386e-01, 2.913572188845e-06, 2.4790e+00, 4.0562e-02, 
 2DIAGNOSTIC,    28, -7.938240766525e-01, 2.785189963106e-06, 2.5185e+00, 3.9468e-02, 
 2DIAGNOSTIC,    29, -7.938207387924e-01, 2.549183818701e-06, 2.5574e+00, 3.8932e-02, 
 2DIAGNOSTIC,    30, -7.938150167465e-01, 2.139564458048e-06, 2.5968e+00, 3.9379e-02, 
 2DIAGNOSTIC,    31, -7.938053011894e-01, 1.698776031844e-06, 2.6367e+00, 3.9890e-02, 
 2DIAGNOSTIC,    32, -7.938053011894e-01, 1.221238107973e-06, 2.6759e+00, 3.9293e-02, 
DIAGNOSTIC,Iteration,metricValue,convergenceValue,ITERATION_TIME_INDEX,SINCE_LAST
 2DIAGNOSTIC,     1, -7.010016441345e-01, inf, 3.6454e+00, 9.6942e-01, 
 2DIAGNOSTIC,     2, -7.012638449669e-01, inf, 3.9038e+00, 2.5840e-01, 
 2DIAGNOSTIC,     3, -7.012881636620e-01, inf, 4.1669e+00, 2.6316e-01, 
 2DIAGNOSTIC,     4, -7.012906074524e-01, inf, 4.4275e+00, 2.6059e-01, 
 2DIAGNOSTIC,     5, -7.012917399406e-01, inf, 4.6856e+00, 2.5812e-01, 
 2DIAGNOSTIC,     6, -7.012890577316e-01, inf, 4.9706e+00, 2.8495e-01, 
 2DIAGNOSTIC,     7, -7.012871503830e-01, inf, 5.2286e+00, 2.5797e-01, 
 2DIAGNOSTIC,     8, -7.012857794762e-01, inf, 5.5227e+00, 2.9410e-01, 
 2DIAGNOSTIC,     9, -7.012856006622e-01, inf, 5.7540e+00, 2.3130e-01, 
 2DIAGNOSTIC,    10, -7.012849450111e-01, 1.528193570266e-05, 6.0189e+00, 2.6491e-01, 
 2DIAGNOSTIC,    11, -7.012849450111e-01, 3.322092425151e-06, 6.2783e+00, 2.5940e-01, 
 2DIAGNOSTIC,    12, -7.012847065926e-01, 2.143796564269e-06, 6.5644e+00, 2.8618e-01, 
 2DIAGNOSTIC,    13, -7.012841701508e-01, 1.931720589710e-06, 6.8496e+00, 2.8518e-01, 
 2DIAGNOSTIC,    14, -7.012836933136e-01, 1.851576485024e-06, 7.1113e+00, 2.6170e-01, 
 2DIAGNOSTIC,    15, -7.012833952904e-01, 1.844324401645e-06, 7.3746e+00, 2.6332e-01, 
 2DIAGNOSTIC,    16, -7.012838721275e-01, 1.808288743632e-06, 7.6627e+00, 2.8809e-01, 
 2DIAGNOSTIC,    17, -7.012844085693e-01, 1.760548457241e-06, 7.8875e+00, 2.2474e-01, 
 2DIAGNOSTIC,    18, -7.012834548950e-01, 1.675874273133e-06, 8.1407e+00, 2.5318e-01, 
 2DIAGNOSTIC,    19, -7.012829780579e-01, 1.596038487151e-06, 8.3999e+00, 2.5920e-01, 
 2DIAGNOSTIC,    20, -7.012839317322e-01, 1.537578327770e-06, 8.6854e+00, 2.8550e-01, 
 2DIAGNOSTIC,    21, -7.012834548950e-01, 1.479163643126e-06, 8.9449e+00, 2.5957e-01, 
 2DIAGNOSTIC,    22, -7.012832760811e-01, 1.421973593096e-06, 9.1989e+00, 2.5400e-01, 
 2DIAGNOSTIC,    23, -7.012835144997e-01, 1.367603431390e-06, 9.4268e+00, 2.2783e-01, 
 2DIAGNOSTIC,    24, -7.012842893600e-01, 1.324487357124e-06, 9.6851e+00, 2.5839e-01, 
 2DIAGNOSTIC,    25, -7.012847065926e-01, 1.285910457227e-06, 9.9319e+00, 2.4671e-01, 
 2DIAGNOSTIC,    26, -7.012842297554e-01, 1.248591843250e-06, 1.0156e+01, 2.2415e-01, 
 2DIAGNOSTIC,    27, -7.012847065926e-01, 1.227967459272e-06, 1.0411e+01, 2.5453e-01, 
 2DIAGNOSTIC,    28, -7.012834548950e-01, 1.172177576336e-06, 1.0635e+01, 2.2443e-01, 
 2DIAGNOSTIC,    29, -7.012841701508e-01, 1.119909484260e-06, 1.0923e+01, 2.8764e-01, 
 2DIAGNOSTIC,    30, -7.012841105461e-01, 1.080752326743e-06, 1.1183e+01, 2.5997e-01, 
 2DIAGNOSTIC,    31, -7.012836337090e-01, 1.029921349982e-06, 1.1438e+01, 2.5497e-01, 
DIAGNOSTIC,Iteration,metricValue,convergenceValue,ITERATION_TIME_INDEX,SINCE_LAST
 2DIAGNOSTIC,     1, -6.365143060684e-01, inf, 1.4009e+01, 2.5710e+00, 
  Elapsed time (stage 0): 1.5259e+01


Stage 1
  iterations = 1000x500x250x0
  convergence threshold = 1.0000e-06
  convergence window size = 10
  number of levels = 4
  using the Mattes MI metric (number of bins = 32, weight = 1.0000e+00)
  preprocessing:  winsorizing the image intensities
  preprocessing:  histogram matching the images
  Shrink factors (level 1 out of 4): [6, 6, 6]
  Shrink factors (level 2 out of 4): [4, 4, 4]
  Shrink factors (level 3 out of 4): [2, 2, 2]
  Shrink factors (level 4 out of 4): [1, 1, 1]
  smoothing sigmas per level: [4, 2, 1, 0]
