
Running N4 for 3-dimensional images.

Mask not read.  Using the entire image as the mask.

Original intensity range:  [0, 784]

***********************************************************
Warning:  Your input image contains nonpositive values
which could cause failure or problematic results.  A
possible workaround would be to:
   1. rescale your image to positive values e.g., [10,100].
   2. run N4 on your rescaled image.
   3. (optional) rescale the N4 output to the original
      intensity range.
***********************************************************

Specified spline distance: 200mm
  original image size:  [192, 256, 256]
  padded image size:  [201, 401, 401]
  number of control points:  [4, 5, 5]

Current level = 1
  Iteration 1 (of 50).   Current convergence value = 0.000539402 (threshold = 1e-08)
  Iteration 2 (of 50).   Current convergence value = 0.000379285 (threshold = 1e-08)
  Iteration 3 (of 50).   Current convergence value = 0.000259472 (threshold = 1e-08)
  Iteration 4 (of 50).   Current convergence value = 0.000224408 (threshold = 1e-08)
  Iteration 5 (of 50).   Current convergence value = 0.000218634 (threshold = 1e-08)
  Iteration 6 (of 50).   Current convergence value = 0.000175239 (threshold = 1e-08)
  Iteration 7 (of 50).   Current convergence value = 0.000140252 (threshold = 1e-08)
  Iteration 8 (of 50).   Current convergence value = 0.000115163 (threshold = 1e-08)
  Iteration 9 (of 50).   Current convergence value = 9.74767e-05 (threshold = 1e-08)
  Iteration 10 (of 50).   Current convergence value = 8.49333e-05 (threshold = 1e-08)
  Iteration 11 (of 50).   Current convergence value = 7.63782e-05 (threshold = 1e-08)
  Iteration 12 (of 50).   Current convergence value = 7.04463e-05 (threshold = 1e-08)
  Iteration 13 (of 50).   Current convergence value = 6.6285e-05 (threshold = 1e-08)
  Iteration 14 (of 50).   Current convergence value = 6.31439e-05 (threshold = 1e-08)
  Iteration 15 (of 50).   Current convergence value = 6.07156e-05 (threshold = 1e-08)
  Iteration 16 (of 50).   Current convergence value = 5.86908e-05 (threshold = 1e-08)
  Iteration 17 (of 50).   Current convergence value = 5.6885e-05 (threshold = 1e-08)
  Iteration 18 (of 50).   Current convergence value = 5.50954e-05 (threshold = 1e-08)
  Iteration 19 (of 50).   Current convergence value = 5.35134e-05 (threshold = 1e-08)
  Iteration 20 (of 50).   Current convergence value = 5.19108e-05 (threshold = 1e-08)
  Iteration 21 (of 50).   Current convergence value = 5.03013e-05 (threshold = 1e-08)
  Iteration 22 (of 50).   Current convergence value = 4.86808e-05 (threshold = 1e-08)
  Iteration 23 (of 50).   Current convergence value = 4.69673e-05 (threshold = 1e-08)
  Iteration 24 (of 50).   Current convergence value = 4.53489e-05 (threshold = 1e-08)
  Iteration 25 (of 50).   Current convergence value = 4.36407e-05 (threshold = 1e-08)
  Iteration 26 (of 50).   Current convergence value = 4.20789e-05 (threshold = 1e-08)
  Iteration 27 (of 50).   Current convergence value = 4.05676e-05 (threshold = 1e-08)
  Iteration 28 (of 50).   Current convergence value = 3.92311e-05 (threshold = 1e-08)
  Iteration 29 (of 50).   Current convergence value = 3.78201e-05 (threshold = 1e-08)
  Iteration 30 (of 50).   Current convergence value = 3.65125e-05 (threshold = 1e-08)
  Iteration 31 (of 50).   Current convergence value = 3.52288e-05 (threshold = 1e-08)
  Iteration 32 (of 50).   Current convergence value = 3.40573e-05 (threshold = 1e-08)
  Iteration 33 (of 50).   Current convergence value = 3.29116e-05 (threshold = 1e-08)
  Iteration 34 (of 50).   Current convergence value = 3.18856e-05 (threshold = 1e-08)
  Iteration 35 (of 50).   Current convergence value = 3.09351e-05 (threshold = 1e-08)
  Iteration 36 (of 50).   Current convergence value = 3.00337e-05 (threshold = 1e-08)
  Iteration 37 (of 50).   Current convergence value = 2.92581e-05 (threshold = 1e-08)
  Iteration 38 (of 50).   Current convergence value = 2.85323e-05 (threshold = 1e-08)
  Iteration 39 (of 50).   Current convergence value = 2.7923e-05 (threshold = 1e-08)
  Iteration 40 (of 50).   Current convergence value = 2.73882e-05 (threshold = 1e-08)
  Iteration 41 (of 50).   Current convergence value = 2.69435e-05 (threshold = 1e-08)
  Iteration 42 (of 50).   Current convergence value = 2.65634e-05 (threshold = 1e-08)
  Iteration 43 (of 50).   Current convergence value = 2.6313e-05 (threshold = 1e-08)
  Iteration 44 (of 50).   Current convergence value = 2.61378e-05 (threshold = 1e-08)
  Iteration 45 (of 50).   Current convergence value = 2.60384e-05 (threshold = 1e-08)
  Iteration 46 (of 50).   Current convergence value = 2.59943e-05 (threshold = 1e-08)
  Iteration 47 (of 50).   Current convergence value = 2.6009e-05 (threshold = 1e-08)
  Iteration 48 (of 50).   Current convergence value = 2.59681e-05 (threshold = 1e-08)
  Iteration 49 (of 50).   Current convergence value = 2.60762e-05 (threshold = 1e-08)
  Iteration 50 (of 50).   Current convergence value = 2.6155e-05 (threshold = 1e-08)
Current level = 2
  Iteration 1 (of 50).   Current convergence value = 0.000489027 (threshold = 1e-08)
  Iteration 2 (of 50).   Current convergence value = 0.000467584 (threshold = 1e-08)
  Iteration 3 (of 50).   Current convergence value = 0.000462379 (threshold = 1e-08)
  Iteration 4 (of 50).   Current convergence value = 0.000459851 (threshold = 1e-08)
  Iteration 5 (of 50).   Current convergence value = 0.000455836 (threshold = 1e-08)
  Iteration 6 (of 50).   Current convergence value = 0.000449446 (threshold = 1e-08)
  Iteration 7 (of 50).   Current convergence value = 0.000441531 (threshold = 1e-08)
  Iteration 8 (of 50).   Current convergence value = 0.000432135 (threshold = 1e-08)
  Iteration 9 (of 50).   Current convergence value = 0.000422285 (threshold = 1e-08)
  Iteration 10 (of 50).   Current convergence value = 0.000424275 (threshold = 1e-08)
  Iteration 11 (of 50).   Current convergence value = 0.000418716 (threshold = 1e-08)
  Iteration 12 (of 50).   Current convergence value = 0.000405136 (threshold = 1e-08)
  Iteration 13 (of 50).   Current convergence value = 0.000387253 (threshold = 1e-08)
  Iteration 14 (of 50).   Current convergence value = 0.00036883 (threshold = 1e-08)
  Iteration 15 (of 50).   Current convergence value = 0.000352093 (threshold = 1e-08)
  Iteration 16 (of 50).   Current convergence value = 0.000336372 (threshold = 1e-08)
  Iteration 17 (of 50).   Current convergence value = 0.00032315 (threshold = 1e-08)
  Iteration 18 (of 50).   Current convergence value = 0.000311409 (threshold = 1e-08)
  Iteration 19 (of 50).   Current convergence value = 0.000301645 (threshold = 1e-08)
  Iteration 20 (of 50).   Current convergence value = 0.000271187 (threshold = 1e-08)
  Iteration 21 (of 50).   Current convergence value = 0.000260618 (threshold = 1e-08)
  Iteration 22 (of 50).   Current convergence value = 0.000250648 (threshold = 1e-08)
  Iteration 23 (of 50).   Current convergence value = 0.000241067 (threshold = 1e-08)
  Iteration 24 (of 50).   Current convergence value = 0.000231475 (threshold = 1e-08)
  Iteration 25 (of 50).   Current convergence value = 0.000222817 (threshold = 1e-08)
  Iteration 26 (of 50).   Current convergence value = 0.000215025 (threshold = 1e-08)
  Iteration 27 (of 50).   Current convergence value = 0.000208142 (threshold = 1e-08)
  Iteration 28 (of 50).   Current convergence value = 0.000201781 (threshold = 1e-08)
  Iteration 29 (of 50).   Current convergence value = 0.000196058 (threshold = 1e-08)
  Iteration 30 (of 50).   Current convergence value = 0.000190481 (threshold = 1e-08)
  Iteration 31 (of 50).   Current convergence value = 0.000185469 (threshold = 1e-08)
  Iteration 32 (of 50).   Current convergence value = 0.000180885 (threshold = 1e-08)
  Iteration 33 (of 50).   Current convergence value = 0.000176664 (threshold = 1e-08)
  Iteration 34 (of 50).   Current convergence value = 0.0001725 (threshold = 1e-08)
  Iteration 35 (of 50).   Current convergence value = 0.000168539 (threshold = 1e-08)
  Iteration 36 (of 50).   Current convergence value = 0.000165246 (threshold = 1e-08)
  Iteration 37 (of 50).   Current convergence value = 0.00016178 (threshold = 1e-08)
  Iteration 38 (of 50).   Current convergence value = 0.000158731 (threshold = 1e-08)
  Iteration 39 (of 50).   Current convergence value = 0.000155711 (threshold = 1e-08)
  Iteration 40 (of 50).   Current convergence value = 0.000152785 (threshold = 1e-08)
  Iteration 41 (of 50).   Current convergence value = 0.000150043 (threshold = 1e-08)
  Iteration 42 (of 50).   Current convergence value = 0.000147438 (threshold = 1e-08)
  Iteration 43 (of 50).   Current convergence value = 0.000144833 (threshold = 1e-08)
  Iteration 44 (of 50).   Current convergence value = 0.000142453 (threshold = 1e-08)
  Iteration 45 (of 50).   Current convergence value = 0.00014022 (threshold = 1e-08)
  Iteration 46 (of 50).   Current convergence value = 0.000137588 (threshold = 1e-08)
  Iteration 47 (of 50).   Current convergence value = 0.00013451 (threshold = 1e-08)
  Iteration 48 (of 50).   Current convergence value = 0.000131803 (threshold = 1e-08)
  Iteration 49 (of 50).   Current convergence value = 0.000129002 (threshold = 1e-08)
  Iteration 50 (of 50).   Current convergence value = 0.000126528 (threshold = 1e-08)
Current level = 3
  Iteration 1 (of 40).   Current convergence value = 0.00134893 (threshold = 1e-08)
  Iteration 2 (of 40).   Current convergence value = 0.00109146 (threshold = 1e-08)
  Iteration 3 (of 40).   Current convergence value = 0.0011483 (threshold = 1e-08)
  Iteration 4 (of 40).   Current convergence value = 0.00117766 (threshold = 1e-08)
  Iteration 5 (of 40).   Current convergence value = 0.00122157 (threshold = 1e-08)
  Iteration 6 (of 40).   Current convergence value = 0.00124552 (threshold = 1e-08)
  Iteration 7 (of 40).   Current convergence value = 0.00125698 (threshold = 1e-08)
  Iteration 8 (of 40).   Current convergence value = 0.00126189 (threshold = 1e-08)
  Iteration 9 (of 40).   Current convergence value = 0.00124616 (threshold = 1e-08)
  Iteration 10 (of 40).   Current convergence value = 0.00117044 (threshold = 1e-08)
  Iteration 11 (of 40).   Current convergence value = 0.00108877 (threshold = 1e-08)
  Iteration 12 (of 40).   Current convergence value = 0.0010214 (threshold = 1e-08)
  Iteration 13 (of 40).   Current convergence value = 0.000965825 (threshold = 1e-08)
  Iteration 14 (of 40).   Current convergence value = 0.000920211 (threshold = 1e-08)
  Iteration 15 (of 40).   Current convergence value = 0.000882481 (threshold = 1e-08)
  Iteration 16 (of 40).   Current convergence value = 0.000850563 (threshold = 1e-08)
  Iteration 17 (of 40).   Current convergence value = 0.000824532 (threshold = 1e-08)
  Iteration 18 (of 40).   Current convergence value = 0.000802896 (threshold = 1e-08)
  Iteration 19 (of 40).   Current convergence value = 0.000785425 (threshold = 1e-08)
  Iteration 20 (of 40).   Current convergence value = 0.000770765 (threshold = 1e-08)
  Iteration 21 (of 40).   Current convergence value = 0.000758496 (threshold = 1e-08)
  Iteration 22 (of 40).   Current convergence value = 0.000748502 (threshold = 1e-08)
  Iteration 23 (of 40).   Current convergence value = 0.000740037 (threshold = 1e-08)
  Iteration 24 (of 40).   Current convergence value = 0.000732713 (threshold = 1e-08)
  Iteration 25 (of 40).   Current convergence value = 0.000673622 (threshold = 1e-08)
  Iteration 26 (of 40).   Current convergence value = 0.000623085 (threshold = 1e-08)
  Iteration 27 (of 40).   Current convergence value = 0.000581289 (threshold = 1e-08)
  Iteration 28 (of 40).   Current convergence value = 0.000546088 (threshold = 1e-08)
  Iteration 29 (of 40).   Current convergence value = 0.000515512 (threshold = 1e-08)
  Iteration 30 (of 40).   Current convergence value = 0.000478163 (threshold = 1e-08)
  Iteration 31 (of 40).   Current convergence value = 0.000453985 (threshold = 1e-08)
  Iteration 32 (of 40).   Current convergence value = 0.000426595 (threshold = 1e-08)
  Iteration 33 (of 40).   Current convergence value = 0.000403483 (threshold = 1e-08)
  Iteration 34 (of 40).   Current convergence value = 0.000383479 (threshold = 1e-08)
  Iteration 35 (of 40).   Current convergence value = 0.000365804 (threshold = 1e-08)
  Iteration 36 (of 40).   Current convergence value = 0.00035008 (threshold = 1e-08)
  Iteration 37 (of 40).   Current convergence value = 0.000335931 (threshold = 1e-08)
  Iteration 38 (of 40).   Current convergence value = 0.000323164 (threshold = 1e-08)
  Iteration 39 (of 40).   Current convergence value = 0.000311553 (threshold = 1e-08)
  Iteration 40 (of 40).   Current convergence value = 0.000300991 (threshold = 1e-08)
Current level = 4
  Iteration 1 (of 30).   Current convergence value = 0.00185933 (threshold = 1e-08)
  Iteration 2 (of 30).   Current convergence value = 0.00172155 (threshold = 1e-08)
  Iteration 3 (of 30).   Current convergence value = 0.00164127 (threshold = 1e-08)
  Iteration 4 (of 30).   Current convergence value = 0.00157909 (threshold = 1e-08)
  Iteration 5 (of 30).   Current convergence value = 0.00153175 (threshold = 1e-08)
  Iteration 6 (of 30).   Current convergence value = 0.00148709 (threshold = 1e-08)
  Iteration 7 (of 30).   Current convergence value = 0.00143431 (threshold = 1e-08)
  Iteration 8 (of 30).   Current convergence value = 0.00138013 (threshold = 1e-08)
  Iteration 9 (of 30).   Current convergence value = 0.00132574 (threshold = 1e-08)
  Iteration 10 (of 30).   Current convergence value = 0.00127049 (threshold = 1e-08)
  Iteration 11 (of 30).   Current convergence value = 0.00121401 (threshold = 1e-08)
  Iteration 12 (of 30).   Current convergence value = 0.00116399 (threshold = 1e-08)
  Iteration 13 (of 30).   Current convergence value = 0.0011182 (threshold = 1e-08)
  Iteration 14 (of 30).   Current convergence value = 0.00107457 (threshold = 1e-08)
  Iteration 15 (of 30).   Current convergence value = 0.00102293 (threshold = 1e-08)
  Iteration 16 (of 30).   Current convergence value = 0.000984774 (threshold = 1e-08)
  Iteration 17 (of 30).   Current convergence value = 0.000948822 (threshold = 1e-08)
  Iteration 18 (of 30).   Current convergence value = 0.000914054 (threshold = 1e-08)
  Iteration 19 (of 30).   Current convergence value = 0.000881303 (threshold = 1e-08)
  Iteration 20 (of 30).   Current convergence value = 0.000850218 (threshold = 1e-08)
  Iteration 21 (of 30).   Current convergence value = 0.000820813 (threshold = 1e-08)
  Iteration 22 (of 30).   Current convergence value = 0.000793132 (threshold = 1e-08)
  Iteration 23 (of 30).   Current convergence value = 0.000766433 (threshold = 1e-08)
  Iteration 24 (of 30).   Current convergence value = 0.000741352 (threshold = 1e-08)
  Iteration 25 (of 30).   Current convergence value = 0.000717734 (threshold = 1e-08)
  Iteration 26 (of 30).   Current convergence value = 0.000695539 (threshold = 1e-08)
  Iteration 27 (of 30).   Current convergence value = 0.000674372 (threshold = 1e-08)
  Iteration 28 (of 30).   Current convergence value = 0.000654506 (threshold = 1e-08)
  Iteration 29 (of 30).   Current convergence value = 0.000635753 (threshold = 1e-08)
  Iteration 30 (of 30).   Current convergence value = 0.000618088 (threshold = 1e-08)
   N4BiasFieldCorrectionImageFilter (0x557d8c436e20)
     RTTI typeinfo:   itk::N4BiasFieldCorrectionImageFilter<itk::Image<float, 3u>, itk::Image<float, 3u>, itk::Image<float, 3u> >
     Reference Count: 1
     Modified Time: 565
     Debug: Off
     Object Name: 
     Observers: 
       IterationEvent(Command)
     Inputs: 
       ConfidenceImage: (0)
       MaskImage: (0x557d8c461630)
       Primary: (0x557d8c45cae0) *
     Indexed Inputs: 
       0: Primary (0x557d8c45cae0)
       1: MaskImage (0x557d8c461630)
       2: ConfidenceImage (0)
     Required Input Names: Primary
     NumberOfRequiredInputs: 1
     Outputs: 
       Primary: (0x557d8c446ef0)
     Indexed Outputs: 
       0: Primary (0x557d8c446ef0)
     NumberOfRequiredOutputs: 1
     Number Of Work Units: 32
     ReleaseDataFlag: Off
     ReleaseDataBeforeUpdateFlag: Off
     AbortGenerateData: Off
     Progress: 0
     Multithreader: 
       RTTI typeinfo:   itk::PoolMultiThreader
       Reference Count: 1
       Modified Time: 144
       Debug: Off
       Object Name: 
       Observers: 
         none
       Number of Work Units: 32
       Number of Threads: 8
       Global Maximum Number Of Threads: 128
       Global Default Number Of Threads: 8
       Global Default Threader Type: itk::MultiThreaderBaseEnums::Threader::Pool
       SingleMethod: 0
       SingleData: 0
     DynamicMultiThreading: On
     CoordinateTolerance: 1e-06
     DirectionTolerance: 1e-06
     Use Mask Label: 0
     Mask label: 1
     Number of histogram bins: 200
     Wiener filter noise: 0.01
     Bias field FWHM: 0.15
     Maximum number of iterations: [50, 50, 40, 30]
     Convergence threshold: 1e-08
     Spline order: 3
     Number of fitting levels: [4, 4, 4]
     Number of control points: [4, 5, 5]
     CurrentConvergenceMeasurement: 0.000618088
     CurrentLevel: 4
     ElapsedIterations: 31
     LogBiasFieldControlPointLattice: 
       Image (0x557d92f470c0)
         RTTI typeinfo:   itk::Image<itk::Vector<float, 1u>, 3u>
         Reference Count: 1
         Modified Time: 343560
         Debug: Off
         Object Name: 
         Observers: 
           none
         Source: (none)
         Source output name: (none)
         Release Data: Off
         Data Released: False
         Global Release Data: Off
         PipelineMTime: 0
         UpdateMTime: 0
         RealTimeStamp: 0 seconds 
         LargestPossibleRegion: 
           Dimension: 3
           Index: [0, 0, 0]
           Size: [11, 19, 19]
         BufferedRegion: 
           Dimension: 3
           Index: [0, 0, 0]
           Size: [11, 19, 19]
         RequestedRegion: 
           Dimension: 3
           Index: [0, 0, 0]
           Size: [11, 19, 19]
         Spacing: [24.75, 24.875, 24.875]
         Origin: [24.6714, 21.5508, -27.8743]
         Direction: 
-0.999757 0.0169924 -0.0140755
-0.018821 -0.989681 0.142044
-0.0115166 0.142274 0.98976

         IndexToPointMatrix: 
-24.744 0.422686 -0.350128
-0.465819 -24.6183 3.53335
-0.285036 3.53907 24.6203

         PointToIndexMatrix: 
-0.0403942 -0.000760444 -0.000465317
0.000683112 -0.0397862 0.00571957
-0.000565849 0.0057103 0.0397894

         Inverse Direction: 
-0.999757 -0.018821 -0.0115166
0.0169924 -0.989681 0.142274
-0.0140755 0.142044 0.98976

         PixelContainer: 
           ImportImageContainer (0x557d965ce1a0)
             RTTI typeinfo:   itk::ImportImageContainer<unsigned long, itk::Vector<float, 1u> >
             Reference Count: 1
             Modified Time: 343561
             Debug: Off
             Object Name: 
             Observers: 
               none
             Pointer: 0x557d965d0820
             Container manages memory: true
             Size: 3971
             Capacity: 3971
Elapsed time: 295.317
All_Command_lines_OK
Using single precision for computations.
=============================================================================
The composite transform comprises the following transforms (in order): 
  1. Center of mass alignment using fixed image: /home/mpib/nemecz/Projects/miniTRK/Results/01_MRI/GroupTempl/T1w/T_template0.nii.gz and moving image: /home/mpib/nemecz/Projects/miniTRK/Analysis/01_MRI/Preproc/GroupTempl/T1w/sub-572551_T1w.nii.gz (type = Euler3DTransform)
=============================================================================
  number of levels = 4
  number of levels = 4
  number of levels = 4
  fixed image: /home/mpib/nemecz/Projects/miniTRK/Results/01_MRI/GroupTempl/T1w/T_template0.nii.gz
  moving image: /home/mpib/nemecz/Projects/miniTRK/Results/01_MRI/GroupTempl/T1w/T_template0sub-572551_T1wRepaired.nii.gz
  fixed image: /home/mpib/nemecz/Projects/miniTRK/Results/01_MRI/GroupTempl/T1w/T_template0.nii.gz
  moving image: /home/mpib/nemecz/Projects/miniTRK/Results/01_MRI/GroupTempl/T1w/T_template0sub-572551_T1wRepaired.nii.gz
  fixed image: /home/mpib/nemecz/Projects/miniTRK/Results/01_MRI/GroupTempl/T1w/T_template0.nii.gz
  moving image: /home/mpib/nemecz/Projects/miniTRK/Results/01_MRI/GroupTempl/T1w/T_template0sub-572551_T1wRepaired.nii.gz
Dimension = 3
Number of stages = 3
Use Histogram Matching true
Winsorize image intensities true
Lower quantile = 0.01
Upper quantile = 0.99
Stage 1 State
   Image metric = Mattes
     Fixed image = Image (0x55aab0da1ad0)
  RTTI typeinfo:   itk::Image<float, 3u>
  Reference Count: 2
  Modified Time: 1721
  Debug: Off
  Object Name: 
  Observers: 
    none
  Source: (none)
  Source output name: (none)
  Release Data: Off
  Data Released: False
  Global Release Data: Off
  PipelineMTime: 0
  UpdateMTime: 1506
  RealTimeStamp: 0 seconds 
  LargestPossibleRegion: 
    Dimension: 3
    Index: [0, 0, 0]
    Size: [192, 256, 256]
  BufferedRegion: 
    Dimension: 3
    Index: [0, 0, 0]
    Size: [192, 256, 256]
  RequestedRegion: 
    Dimension: 3
    Index: [0, 0, 0]
    Size: [192, 256, 256]
  Spacing: [1, 1, 1]
  Origin: [95.0313, 100.538, -154.123]
  Direction: 
-0.999853 -0.014134 -0.00966312
0.014129 -0.9999 0.000586045
-0.00967044 0.000449429 0.999953

  IndexToPointMatrix: 
-0.999853 -0.014134 -0.00966312
0.014129 -0.9999 0.000586045
-0.00967044 0.000449429 0.999953

  PointToIndexMatrix: 
-0.999853 0.014129 -0.00967044
-0.014134 -0.9999 0.000449429
-0.00966312 0.000586045 0.999953

  Inverse Direction: 
-0.999853 0.014129 -0.00967044
-0.014134 -0.9999 0.000449429
-0.00966312 0.000586045 0.999953

  PixelContainer: 
    ImportImageContainer (0x55aab0da9c80)
      RTTI typeinfo:   itk::ImportImageContainer<unsigned long, float>
      Reference Count: 1
      Modified Time: 1503
      Debug: Off
      Object Name: 
      Observers: 
        none
      Pointer: 0x7f7bfc216010
      Container manages memory: true
      Size: 12582912
      Capacity: 12582912

     Moving image = Image (0x55aab0da2bc0)
  RTTI typeinfo:   itk::Image<float, 3u>
  Reference Count: 2
  Modified Time: 1722
  Debug: Off
  Object Name: 
  Observers: 
    none
  Source: (none)
  Source output name: (none)
  Release Data: Off
  Data Released: False
  Global Release Data: Off
  PipelineMTime: 0
  UpdateMTime: 1719
  RealTimeStamp: 0 seconds 
  LargestPossibleRegion: 
    Dimension: 3
    Index: [0, 0, 0]
    Size: [192, 256, 256]
  BufferedRegion: 
    Dimension: 3
    Index: [0, 0, 0]
    Size: [192, 256, 256]
  RequestedRegion: 
    Dimension: 3
    Index: [0, 0, 0]
    Size: [192, 256, 256]
  Spacing: [1, 1, 1]
  Origin: [91.4053, 86.8994, -173.757]
  Direction: 
-0.999757 0.0169924 -0.0140755
-0.018821 -0.989681 0.142044
-0.0115166 0.142274 0.98976

  IndexToPointMatrix: 
-0.999757 0.0169924 -0.0140755
-0.018821 -0.989681 0.142044
-0.0115166 0.142274 0.98976

  PointToIndexMatrix: 
-0.999757 -0.018821 -0.0115166
0.0169924 -0.989681 0.142274
-0.0140755 0.142044 0.98976

  Inverse Direction: 
-0.999757 -0.018821 -0.0115166
0.0169924 -0.989681 0.142274
-0.0140755 0.142044 0.98976

  PixelContainer: 
    ImportImageContainer (0x55aab0dae100)
      RTTI typeinfo:   itk::ImportImageContainer<unsigned long, float>
      Reference Count: 1
      Modified Time: 1716
      Debug: Off
      Object Name: 
      Observers: 
        none
      Pointer: 0x7f7bf9215010
      Container manages memory: true
      Size: 12582912
      Capacity: 12582912

     Weighting = 1
     Sampling strategy = regular
     Number of bins = 32
     Radius = 4
     Sampling percentage  = 0.25
   Transform = Rigid
     Gradient step = 0.1
     Update field sigma (voxel space) = 0
     Total field sigma (voxel space) = 0
     Update field time sigma = 0
     Total field time sigma  = 0
     Number of time indices = 0
     Number of time point samples = 0
Stage 2 State
   Image metric = Mattes
     Fixed image = Image (0x55aab0dba870)
  RTTI typeinfo:   itk::Image<float, 3u>
  Reference Count: 2
  Modified Time: 2149
  Debug: Off
  Object Name: 
  Observers: 
    none
  Source: (none)
  Source output name: (none)
  Release Data: Off
  Data Released: False
  Global Release Data: Off
  PipelineMTime: 0
  UpdateMTime: 1934
  RealTimeStamp: 0 seconds 
  LargestPossibleRegion: 
    Dimension: 3
    Index: [0, 0, 0]
    Size: [192, 256, 256]
  BufferedRegion: 
    Dimension: 3
    Index: [0, 0, 0]
    Size: [192, 256, 256]
  RequestedRegion: 
    Dimension: 3
    Index: [0, 0, 0]
    Size: [192, 256, 256]
  Spacing: [1, 1, 1]
  Origin: [95.0313, 100.538, -154.123]
  Direction: 
-0.999853 -0.014134 -0.00966312
0.014129 -0.9999 0.000586045
-0.00967044 0.000449429 0.999953

  IndexToPointMatrix: 
-0.999853 -0.014134 -0.00966312
0.014129 -0.9999 0.000586045
-0.00967044 0.000449429 0.999953

  PointToIndexMatrix: 
-0.999853 0.014129 -0.00967044
-0.014134 -0.9999 0.000449429
-0.00966312 0.000586045 0.999953

  Inverse Direction: 
-0.999853 0.014129 -0.00967044
-0.014134 -0.9999 0.000449429
-0.00966312 0.000586045 0.999953

  PixelContainer: 
    ImportImageContainer (0x55aab0da56d0)
      RTTI typeinfo:   itk::ImportImageContainer<unsigned long, float>
      Reference Count: 1
      Modified Time: 1931
      Debug: Off
      Object Name: 
      Observers: 
        none
      Pointer: 0x7f7bf6214010
      Container manages memory: true
      Size: 12582912
      Capacity: 12582912

     Moving image = Image (0x55aab0dba4c0)
  RTTI typeinfo:   itk::Image<float, 3u>
  Reference Count: 2
  Modified Time: 2150
  Debug: Off
  Object Name: 
  Observers: 
    none
  Source: (none)
  Source output name: (none)
  Release Data: Off
  Data Released: False
  Global Release Data: Off
  PipelineMTime: 0
  UpdateMTime: 2147
  RealTimeStamp: 0 seconds 
  LargestPossibleRegion: 
    Dimension: 3
    Index: [0, 0, 0]
    Size: [192, 256, 256]
  BufferedRegion: 
    Dimension: 3
    Index: [0, 0, 0]
    Size: [192, 256, 256]
  RequestedRegion: 
    Dimension: 3
    Index: [0, 0, 0]
    Size: [192, 256, 256]
  Spacing: [1, 1, 1]
  Origin: [91.4053, 86.8994, -173.757]
  Direction: 
-0.999757 0.0169924 -0.0140755
-0.018821 -0.989681 0.142044
-0.0115166 0.142274 0.98976

  IndexToPointMatrix: 
-0.999757 0.0169924 -0.0140755
-0.018821 -0.989681 0.142044
-0.0115166 0.142274 0.98976

  PointToIndexMatrix: 
-0.999757 -0.018821 -0.0115166
0.0169924 -0.989681 0.142274
-0.0140755 0.142044 0.98976

  Inverse Direction: 
-0.999757 -0.018821 -0.0115166
0.0169924 -0.989681 0.142274
-0.0140755 0.142044 0.98976

  PixelContainer: 
    ImportImageContainer (0x55aab0dbb8c0)
      RTTI typeinfo:   itk::ImportImageContainer<unsigned long, float>
      Reference Count: 1
      Modified Time: 2144
      Debug: Off
      Object Name: 
      Observers: 
        none
      Pointer: 0x7f7bf3213010
      Container manages memory: true
      Size: 12582912
      Capacity: 12582912

     Weighting = 1
     Sampling strategy = regular
     Number of bins = 32
     Radius = 4
     Sampling percentage  = 0.25
   Transform = Affine
     Gradient step = 0.1
     Update field sigma (voxel space) = 0
     Total field sigma (voxel space) = 0
     Update field time sigma = 0
     Total field time sigma  = 0
     Number of time indices = 0
     Number of time point samples = 0
Stage 3 State
   Image metric = CC
     Fixed image = Image (0x55aab0dc1960)
  RTTI typeinfo:   itk::Image<float, 3u>
  Reference Count: 2
  Modified Time: 2577
  Debug: Off
  Object Name: 
  Observers: 
    none
  Source: (none)
  Source output name: (none)
  Release Data: Off
  Data Released: False
  Global Release Data: Off
  PipelineMTime: 0
  UpdateMTime: 2362
  RealTimeStamp: 0 seconds 
  LargestPossibleRegion: 
    Dimension: 3
    Index: [0, 0, 0]
    Size: [192, 256, 256]
  BufferedRegion: 
    Dimension: 3
    Index: [0, 0, 0]
    Size: [192, 256, 256]
  RequestedRegion: 
    Dimension: 3
    Index: [0, 0, 0]
    Size: [192, 256, 256]
  Spacing: [1, 1, 1]
  Origin: [95.0313, 100.538, -154.123]
  Direction: 
-0.999853 -0.014134 -0.00966312
0.014129 -0.9999 0.000586045
-0.00967044 0.000449429 0.999953

  IndexToPointMatrix: 
-0.999853 -0.014134 -0.00966312
0.014129 -0.9999 0.000586045
-0.00967044 0.000449429 0.999953

  PointToIndexMatrix: 
-0.999853 0.014129 -0.00967044
-0.014134 -0.9999 0.000449429
-0.00966312 0.000586045 0.999953

  Inverse Direction: 
-0.999853 0.014129 -0.00967044
-0.014134 -0.9999 0.000449429
-0.00966312 0.000586045 0.999953

  PixelContainer: 
    ImportImageContainer (0x55aab0da2660)
      RTTI typeinfo:   itk::ImportImageContainer<unsigned long, float>
      Reference Count: 1
      Modified Time: 2359
      Debug: Off
      Object Name: 
      Observers: 
        none
      Pointer: 0x7f7bf0212010
      Container manages memory: true
      Size: 12582912
      Capacity: 12582912

     Moving image = Image (0x55aab0dc3840)
  RTTI typeinfo:   itk::Image<float, 3u>
  Reference Count: 2
  Modified Time: 2578
  Debug: Off
  Object Name: 
  Observers: 
    none
  Source: (none)
  Source output name: (none)
  Release Data: Off
  Data Released: False
  Global Release Data: Off
  PipelineMTime: 0
  UpdateMTime: 2575
  RealTimeStamp: 0 seconds 
  LargestPossibleRegion: 
    Dimension: 3
    Index: [0, 0, 0]
    Size: [192, 256, 256]
  BufferedRegion: 
    Dimension: 3
    Index: [0, 0, 0]
    Size: [192, 256, 256]
  RequestedRegion: 
    Dimension: 3
    Index: [0, 0, 0]
    Size: [192, 256, 256]
  Spacing: [1, 1, 1]
  Origin: [91.4053, 86.8994, -173.757]
  Direction: 
-0.999757 0.0169924 -0.0140755
-0.018821 -0.989681 0.142044
-0.0115166 0.142274 0.98976

  IndexToPointMatrix: 
-0.999757 0.0169924 -0.0140755
-0.018821 -0.989681 0.142044
-0.0115166 0.142274 0.98976

  PointToIndexMatrix: 
-0.999757 -0.018821 -0.0115166
0.0169924 -0.989681 0.142274
-0.0140755 0.142044 0.98976

  Inverse Direction: 
-0.999757 -0.018821 -0.0115166
0.0169924 -0.989681 0.142274
-0.0140755 0.142044 0.98976

  PixelContainer: 
    ImportImageContainer (0x55aab0dc0660)
      RTTI typeinfo:   itk::ImportImageContainer<unsigned long, float>
      Reference Count: 1
      Modified Time: 2572
      Debug: Off
      Object Name: 
      Observers: 
        none
      Pointer: 0x7f7bed211010
      Container manages memory: true
      Size: 12582912
      Capacity: 12582912

     Weighting = 1
     Sampling strategy = none
     Number of bins = 32
     Radius = 4
     Sampling percentage  = 1
   Transform = SyN
     Gradient step = 0.1
     Update field sigma (voxel space) = 3
     Total field sigma (voxel space) = 0
     Update field time sigma = 0
     Total field time sigma  = 0
     Number of time indices = 0
     Number of time point samples = 0
Registration using 3 total stages.

Stage 0
  iterations = 1000x500x250x0
  convergence threshold = 1e-06
  convergence window size = 10
  number of levels = 4
  using the Mattes MI metric (number of bins = 32, weight = 1)
  preprocessing:  winsorizing the image intensities
  preprocessing:  histogram matching the images
  Shrink factors (level 1 out of 4): [6, 6, 6]
  Shrink factors (level 2 out of 4): [4, 4, 4]
  Shrink factors (level 3 out of 4): [2, 2, 2]
  Shrink factors (level 4 out of 4): [1, 1, 1]
  smoothing sigmas per level: [4, 2, 1, 0]
  regular sampling (percentage = 0.25)

*** Running Euler3DTransform registration ***

DIAGNOSTIC,Iteration,metricValue,convergenceValue,ITERATION_TIME_INDEX,SINCE_LAST
 2DIAGNOSTIC,     1, -7.971983551979e-01, inf, 4.4326e-01, 4.4325e-01, 
 2DIAGNOSTIC,     2, -7.983526587486e-01, inf, 4.5088e-01, 7.6249e-03, 
 2DIAGNOSTIC,     3, -8.000490665436e-01, inf, 4.5862e-01, 7.7372e-03, 
 2DIAGNOSTIC,     4, -8.024455904961e-01, inf, 4.6621e-01, 7.5951e-03, 
 2DIAGNOSTIC,     5, -8.053405880928e-01, inf, 4.7379e-01, 7.5738e-03, 
 2DIAGNOSTIC,     6, -8.080327510834e-01, inf, 4.8148e-01, 7.6950e-03, 
 2DIAGNOSTIC,     7, -8.088253736496e-01, inf, 4.8895e-01, 7.4689e-03, 
 2DIAGNOSTIC,     8, -8.094543218613e-01, inf, 4.9971e-01, 1.0761e-02, 
 2DIAGNOSTIC,     9, -8.094978928566e-01, inf, 5.0713e-01, 7.4191e-03, 
 2DIAGNOSTIC,    10, -8.098061084747e-01, 1.146208378486e-03, 5.1602e-01, 8.8909e-03, 
 2DIAGNOSTIC,    11, -8.099819421768e-01, 8.741050842218e-04, 5.2371e-01, 7.6869e-03, 
 2DIAGNOSTIC,    12, -8.101470470428e-01, 6.083144689910e-04, 5.3127e-01, 7.5619e-03, 
 2DIAGNOSTIC,    13, -8.105120658875e-01, 3.848189662676e-04, 5.3989e-01, 8.6169e-03, 
 2DIAGNOSTIC,    14, -8.106406927109e-01, 2.210654201917e-04, 5.5271e-01, 1.2827e-02, 
 2DIAGNOSTIC,    15, -8.106347918510e-01, 1.257308031199e-04, 5.6131e-01, 8.5990e-03, 
 2DIAGNOSTIC,    16, -8.106354475021e-01, 9.005727770273e-05, 5.7133e-01, 1.0017e-02, 
 2DIAGNOSTIC,    17, -8.106665015221e-01, 6.723648402840e-05, 5.7981e-01, 8.4839e-03, 
 2DIAGNOSTIC,    18, -8.106626272202e-01, 5.309274274623e-05, 5.8733e-01, 7.5109e-03, 
 2DIAGNOSTIC,    19, -8.106624484062e-01, 3.636220208136e-05, 5.9596e-01, 8.6319e-03, 
 2DIAGNOSTIC,    20, -8.106619119644e-01, 2.355428659939e-05, 6.0357e-01, 7.6120e-03, 
 2DIAGNOSTIC,    21, -8.106502890587e-01, 1.270319262403e-05, 6.1215e-01, 8.5790e-03, 
 2DIAGNOSTIC,    22, -8.106818199158e-01, 4.794640517503e-06, 6.2096e-01, 8.8091e-03, 
 2DIAGNOSTIC,    23, -8.106802701950e-01, 2.746970267253e-06, 6.2870e-01, 7.7431e-03, 
 2DIAGNOSTIC,    24, -8.106675148010e-01, 2.454580680933e-06, 6.3759e-01, 8.8871e-03, 
 2DIAGNOSTIC,    25, -8.106975555420e-01, 2.436468776068e-06, 6.4668e-01, 9.0878e-03, 
 2DIAGNOSTIC,    26, -8.107007741928e-01, 2.337341811653e-06, 6.5767e-01, 1.0996e-02, 
 2DIAGNOSTIC,    27, -8.106848597527e-01, 2.333955080758e-06, 6.6645e-01, 8.7800e-03, 
 2DIAGNOSTIC,    28, -8.106688857079e-01, 1.982339881579e-06, 6.7523e-01, 8.7781e-03, 
 2DIAGNOSTIC,    29, -8.106508851051e-01, 1.364957711303e-06, 6.8293e-01, 7.6990e-03, 
DIAGNOSTIC,Iteration,metricValue,convergenceValue,ITERATION_TIME_INDEX,SINCE_LAST
 2DIAGNOSTIC,     1, -6.085181236267e-01, inf, 1.2212e+00, 5.3829e-01, 
 2DIAGNOSTIC,     2, -6.088672876358e-01, inf, 1.2521e+00, 3.0886e-02, 
 2DIAGNOSTIC,     3, -6.093236804008e-01, inf, 1.2827e+00, 3.0625e-02, 
 2DIAGNOSTIC,     4, -6.098149418831e-01, inf, 1.3133e+00, 3.0614e-02, 
 2DIAGNOSTIC,     5, -6.103729009628e-01, inf, 1.3440e+00, 3.0657e-02, 
 2DIAGNOSTIC,     6, -6.110079884529e-01, inf, 1.3754e+00, 3.1362e-02, 
 2DIAGNOSTIC,     7, -6.116091012955e-01, inf, 1.4105e+00, 3.5146e-02, 
 2DIAGNOSTIC,     8, -6.118717789650e-01, inf, 1.4498e+00, 3.9242e-02, 
 2DIAGNOSTIC,     9, -6.118984222412e-01, inf, 1.4804e+00, 3.0646e-02, 
 2DIAGNOSTIC,    10, -6.119447350502e-01, 4.131283203606e-04, 1.5200e+00, 3.9597e-02, 
 2DIAGNOSTIC,    11, -6.119607090950e-01, 3.263642720412e-04, 1.5554e+00, 3.5378e-02, 
 2DIAGNOSTIC,    12, -6.119687557220e-01, 2.385145198787e-04, 1.5916e+00, 3.6190e-02, 
 2DIAGNOSTIC,    13, -6.119706034660e-01, 1.592022163095e-04, 1.6270e+00, 3.5432e-02, 
 2DIAGNOSTIC,    14, -6.119726300240e-01, 9.340035467176e-05, 1.6626e+00, 3.5653e-02, 
 2DIAGNOSTIC,    15, -6.119730472565e-01, 4.514968895819e-05, 1.6992e+00, 3.6600e-02, 
 2DIAGNOSTIC,    16, -6.119689345360e-01, 1.692710065981e-05, 1.7305e+00, 3.1258e-02, 
 2DIAGNOSTIC,    17, -6.119629144669e-01, 6.756461061741e-06, 1.7660e+00, 3.5539e-02, 
 2DIAGNOSTIC,    18, -6.119722127914e-01, 4.295809048926e-06, 1.8021e+00, 3.6075e-02, 
 2DIAGNOSTIC,    19, -6.119794249535e-01, 2.653416913745e-06, 1.8376e+00, 3.5517e-02, 
 2DIAGNOSTIC,    20, -6.119776964188e-01, 2.109037268383e-06, 1.8742e+00, 3.6552e-02, 
 2DIAGNOSTIC,    21, -6.119686365128e-01, 1.726016762404e-06, 1.9238e+00, 4.9582e-02, 
 2DIAGNOSTIC,    22, -6.119617819786e-01, 1.392280182699e-06, 1.9600e+00, 3.6193e-02, 
 2DIAGNOSTIC,    23, -6.119591593742e-01, 1.072593249773e-06, 1.9997e+00, 3.9739e-02, 
DIAGNOSTIC,Iteration,metricValue,convergenceValue,ITERATION_TIME_INDEX,SINCE_LAST
 2DIAGNOSTIC,     1, -5.398520827293e-01, inf, 2.8089e+00, 8.0922e-01, 
 2DIAGNOSTIC,     2, -5.401235222816e-01, inf, 3.0115e+00, 2.0262e-01, 
 2DIAGNOSTIC,     3, -5.404533147812e-01, inf, 3.2142e+00, 2.0265e-01, 
 2DIAGNOSTIC,     4, -5.408156514168e-01, inf, 3.4167e+00, 2.0252e-01, 
 2DIAGNOSTIC,     5, -5.411528348923e-01, inf, 3.6238e+00, 2.0711e-01, 
 2DIAGNOSTIC,     6, -5.415015816689e-01, inf, 3.8394e+00, 2.1560e-01, 
 2DIAGNOSTIC,     7, -5.420742630959e-01, inf, 4.0520e+00, 2.1262e-01, 
 2DIAGNOSTIC,     8, -5.427109003067e-01, inf, 4.3210e+00, 2.6898e-01, 
 2DIAGNOSTIC,     9, -5.430928468704e-01, inf, 4.5823e+00, 2.6131e-01, 
 2DIAGNOSTIC,    10, -5.432020425797e-01, 4.322153108660e-04, 4.7923e+00, 2.0997e-01, 
 2DIAGNOSTIC,    11, -5.441014170647e-01, 4.225978918839e-04, 5.0872e+00, 2.9486e-01, 
 2DIAGNOSTIC,    12, -5.442169308662e-01, 3.925150085706e-04, 5.2966e+00, 2.0949e-01, 
 2DIAGNOSTIC,    13, -5.442815423012e-01, 3.475630655885e-04, 5.5065e+00, 2.0983e-01, 
 2DIAGNOSTIC,    14, -5.443508625031e-01, 2.942073915619e-04, 5.7173e+00, 2.1084e-01, 
 2DIAGNOSTIC,    15, -5.444628596306e-01, 2.370790316490e-04, 5.9280e+00, 2.1070e-01, 
 2DIAGNOSTIC,    16, -5.445687174797e-01, 1.798081357265e-04, 6.1977e+00, 2.6971e-01, 
 2DIAGNOSTIC,    17, -5.447088479996e-01, 1.343352923868e-04, 6.5850e+00, 3.8724e-01, 
 2DIAGNOSTIC,    18, -5.447169542313e-01, 1.005216327030e-04, 6.7968e+00, 2.1184e-01, 
 2DIAGNOSTIC,    19, -5.447329878807e-01, 7.239710248541e-05, 7.0374e+00, 2.4056e-01, 
 2DIAGNOSTIC,    20, -5.447327494621e-01, 4.274787715985e-05, 7.2781e+00, 2.4070e-01, 
 2DIAGNOSTIC,    21, -5.447307229042e-01, 3.436567931203e-05, 7.5194e+00, 2.4133e-01, 
 2DIAGNOSTIC,    22, -5.447329878807e-01, 2.644301275723e-05, 7.7638e+00, 2.4442e-01, 
 2DIAGNOSTIC,    23, -5.447329878807e-01, 1.834903559939e-05, 8.0085e+00, 2.4468e-01, 
 2DIAGNOSTIC,    24, -5.447325706482e-01, 1.084438372345e-05, 8.2811e+00, 2.7263e-01, 
 2DIAGNOSTIC,    25, -5.447312593460e-01, 5.338717073755e-06, 8.5517e+00, 2.7057e-01, 
 2DIAGNOSTIC,    26, -5.447317957878e-01, 1.943343022504e-06, 8.8797e+00, 3.2804e-01, 
 2DIAGNOSTIC,    27, -5.447319149971e-01, 1.446985265829e-06, 9.1787e+00, 2.9899e-01, 
 2DIAGNOSTIC,    28, -5.447321534157e-01, 1.107186335503e-06, 9.4198e+00, 2.4108e-01, 
 2DIAGNOSTIC,    29, -5.447318553925e-01, 1.078198920368e-06, 9.6655e+00, 2.4568e-01, 
 2DIAGNOSTIC,    30, -5.447315573692e-01, 1.045894350682e-06, 9.9131e+00, 2.4763e-01, 
DIAGNOSTIC,Iteration,metricValue,convergenceValue,ITERATION_TIME_INDEX,SINCE_LAST
 2DIAGNOSTIC,     1, -5.005387663841e-01, inf, 1.3070e+01, 3.1569e+00, 
  Elapsed time (stage 0): 1.4228e+01


Stage 1
  iterations = 1000x500x250x0
  convergence threshold = 1.0000e-06
  convergence window size = 10
  number of levels = 4
  using the Mattes MI metric (number of bins = 32, weight = 1.0000e+00)
  preprocessing:  winsorizing the image intensities
  preprocessing:  histogram matching the images
  Shrink factors (level 1 out of 4): [6, 6, 6]
  Shrink factors (level 2 out of 4): [4, 4, 4]
  Shrink factors (level 3 out of 4): [2, 2, 2]
  Shrink factors (level 4 out of 4): [1, 1, 1]
  smoothing sigmas per level: [4, 2, 1, 0]
  regular sampling (percentage = 2.5000e-01)

*** Running AffineTransform registration ***

DIAGNOSTIC,Iteration,metricValue,convergenceValue,ITERATION_TIME_INDEX,SINCE_LAST
 2DIAGNOSTIC,     1, -8.131602406502e-01, inf, 4.3320e-01, 4.3320e-01, 
 2DIAGNOSTIC,     2, -8.164405226707e-01, inf, 4.4216e-01, 8.9550e-03, 
 2DIAGNOSTIC,     3, -8.221358060837e-01, inf, 4.5066e-01, 8.5070e-03, 
 2DIAGNOSTIC,     4, -8.316482305527e-01, inf, 4.5915e-01, 8.4872e-03, 
 2DIAGNOSTIC,     5, -8.480924367905e-01, inf, 4.6766e-01, 8.5130e-03, 
 2DIAGNOSTIC,     6, -8.760574460030e-01, inf, 4.7621e-01, 8.5409e-03, 
 2DIAGNOSTIC,     7, -9.206763505936e-01, inf, 4.8524e-01, 9.0311e-03, 
 2DIAGNOSTIC,     8, -9.918412566185e-01, inf, 4.9476e-01, 9.5232e-03, 
 2DIAGNOSTIC,     9, -1.049761891365e+00, inf, 5.0598e-01, 1.1216e-02, 
