
Running N4 for 3-dimensional images.

Mask not read.  Using the entire image as the mask.

Original intensity range:  [0, 953]

***********************************************************
Warning:  Your input image contains nonpositive values
which could cause failure or problematic results.  A
possible workaround would be to:
   1. rescale your image to positive values e.g., [10,100].
   2. run N4 on your rescaled image.
   3. (optional) rescale the N4 output to the original
      intensity range.
***********************************************************

Specified spline distance: 200mm
  original image size:  [192, 256, 256]
  padded image size:  [201, 401, 401]
  number of control points:  [4, 5, 5]

Current level = 1
  Iteration 1 (of 50).   Current convergence value = 0.00033593 (threshold = 1e-08)
  Iteration 2 (of 50).   Current convergence value = 0.000229726 (threshold = 1e-08)
  Iteration 3 (of 50).   Current convergence value = 0.000162163 (threshold = 1e-08)
  Iteration 4 (of 50).   Current convergence value = 0.000124754 (threshold = 1e-08)
  Iteration 5 (of 50).   Current convergence value = 0.000108799 (threshold = 1e-08)
  Iteration 6 (of 50).   Current convergence value = 9.91148e-05 (threshold = 1e-08)
  Iteration 7 (of 50).   Current convergence value = 9.31283e-05 (threshold = 1e-08)
  Iteration 8 (of 50).   Current convergence value = 8.97546e-05 (threshold = 1e-08)
  Iteration 9 (of 50).   Current convergence value = 8.78533e-05 (threshold = 1e-08)
  Iteration 10 (of 50).   Current convergence value = 8.68052e-05 (threshold = 1e-08)
  Iteration 11 (of 50).   Current convergence value = 8.62033e-05 (threshold = 1e-08)
  Iteration 12 (of 50).   Current convergence value = 8.54592e-05 (threshold = 1e-08)
  Iteration 13 (of 50).   Current convergence value = 8.47875e-05 (threshold = 1e-08)
  Iteration 14 (of 50).   Current convergence value = 8.39214e-05 (threshold = 1e-08)
  Iteration 15 (of 50).   Current convergence value = 8.28064e-05 (threshold = 1e-08)
  Iteration 16 (of 50).   Current convergence value = 8.16947e-05 (threshold = 1e-08)
  Iteration 17 (of 50).   Current convergence value = 8.04352e-05 (threshold = 1e-08)
  Iteration 18 (of 50).   Current convergence value = 7.90608e-05 (threshold = 1e-08)
  Iteration 19 (of 50).   Current convergence value = 7.76801e-05 (threshold = 1e-08)
  Iteration 20 (of 50).   Current convergence value = 7.61648e-05 (threshold = 1e-08)
  Iteration 21 (of 50).   Current convergence value = 7.46532e-05 (threshold = 1e-08)
  Iteration 22 (of 50).   Current convergence value = 7.33609e-05 (threshold = 1e-08)
  Iteration 23 (of 50).   Current convergence value = 7.19146e-05 (threshold = 1e-08)
  Iteration 24 (of 50).   Current convergence value = 7.02865e-05 (threshold = 1e-08)
  Iteration 25 (of 50).   Current convergence value = 6.88453e-05 (threshold = 1e-08)
  Iteration 26 (of 50).   Current convergence value = 6.73974e-05 (threshold = 1e-08)
  Iteration 27 (of 50).   Current convergence value = 6.58323e-05 (threshold = 1e-08)
  Iteration 28 (of 50).   Current convergence value = 6.44059e-05 (threshold = 1e-08)
  Iteration 29 (of 50).   Current convergence value = 6.29523e-05 (threshold = 1e-08)
  Iteration 30 (of 50).   Current convergence value = 6.14846e-05 (threshold = 1e-08)
  Iteration 31 (of 50).   Current convergence value = 6.01722e-05 (threshold = 1e-08)
  Iteration 32 (of 50).   Current convergence value = 5.89279e-05 (threshold = 1e-08)
  Iteration 33 (of 50).   Current convergence value = 5.77026e-05 (threshold = 1e-08)
  Iteration 34 (of 50).   Current convergence value = 5.64673e-05 (threshold = 1e-08)
  Iteration 35 (of 50).   Current convergence value = 5.52288e-05 (threshold = 1e-08)
  Iteration 36 (of 50).   Current convergence value = 5.39491e-05 (threshold = 1e-08)
  Iteration 37 (of 50).   Current convergence value = 5.26865e-05 (threshold = 1e-08)
  Iteration 38 (of 50).   Current convergence value = 5.1514e-05 (threshold = 1e-08)
  Iteration 39 (of 50).   Current convergence value = 5.04699e-05 (threshold = 1e-08)
  Iteration 40 (of 50).   Current convergence value = 4.93248e-05 (threshold = 1e-08)
  Iteration 41 (of 50).   Current convergence value = 4.83308e-05 (threshold = 1e-08)
  Iteration 42 (of 50).   Current convergence value = 4.69551e-05 (threshold = 1e-08)
  Iteration 43 (of 50).   Current convergence value = 4.57434e-05 (threshold = 1e-08)
  Iteration 44 (of 50).   Current convergence value = 4.47097e-05 (threshold = 1e-08)
  Iteration 45 (of 50).   Current convergence value = 4.35582e-05 (threshold = 1e-08)
  Iteration 46 (of 50).   Current convergence value = 4.24108e-05 (threshold = 1e-08)
  Iteration 47 (of 50).   Current convergence value = 4.13317e-05 (threshold = 1e-08)
  Iteration 48 (of 50).   Current convergence value = 4.03522e-05 (threshold = 1e-08)
  Iteration 49 (of 50).   Current convergence value = 3.93725e-05 (threshold = 1e-08)
  Iteration 50 (of 50).   Current convergence value = 3.83601e-05 (threshold = 1e-08)
Current level = 2
  Iteration 1 (of 50).   Current convergence value = 0.000248278 (threshold = 1e-08)
  Iteration 2 (of 50).   Current convergence value = 0.000232454 (threshold = 1e-08)
  Iteration 3 (of 50).   Current convergence value = 0.000232867 (threshold = 1e-08)
  Iteration 4 (of 50).   Current convergence value = 0.000242323 (threshold = 1e-08)
  Iteration 5 (of 50).   Current convergence value = 0.000250056 (threshold = 1e-08)
  Iteration 6 (of 50).   Current convergence value = 0.000252711 (threshold = 1e-08)
  Iteration 7 (of 50).   Current convergence value = 0.000250241 (threshold = 1e-08)
  Iteration 8 (of 50).   Current convergence value = 0.000245536 (threshold = 1e-08)
  Iteration 9 (of 50).   Current convergence value = 0.000239736 (threshold = 1e-08)
  Iteration 10 (of 50).   Current convergence value = 0.000233664 (threshold = 1e-08)
  Iteration 11 (of 50).   Current convergence value = 0.000227986 (threshold = 1e-08)
  Iteration 12 (of 50).   Current convergence value = 0.000222039 (threshold = 1e-08)
  Iteration 13 (of 50).   Current convergence value = 0.000218379 (threshold = 1e-08)
  Iteration 14 (of 50).   Current convergence value = 0.000220334 (threshold = 1e-08)
  Iteration 15 (of 50).   Current convergence value = 0.000222195 (threshold = 1e-08)
  Iteration 16 (of 50).   Current convergence value = 0.000223652 (threshold = 1e-08)
  Iteration 17 (of 50).   Current convergence value = 0.000224244 (threshold = 1e-08)
  Iteration 18 (of 50).   Current convergence value = 0.000224504 (threshold = 1e-08)
  Iteration 19 (of 50).   Current convergence value = 0.000224879 (threshold = 1e-08)
  Iteration 20 (of 50).   Current convergence value = 0.000224351 (threshold = 1e-08)
  Iteration 21 (of 50).   Current convergence value = 0.000223572 (threshold = 1e-08)
  Iteration 22 (of 50).   Current convergence value = 0.000223164 (threshold = 1e-08)
  Iteration 23 (of 50).   Current convergence value = 0.000223134 (threshold = 1e-08)
  Iteration 24 (of 50).   Current convergence value = 0.000223056 (threshold = 1e-08)
  Iteration 25 (of 50).   Current convergence value = 0.000222585 (threshold = 1e-08)
  Iteration 26 (of 50).   Current convergence value = 0.000221945 (threshold = 1e-08)
  Iteration 27 (of 50).   Current convergence value = 0.000221317 (threshold = 1e-08)
  Iteration 28 (of 50).   Current convergence value = 0.000219726 (threshold = 1e-08)
  Iteration 29 (of 50).   Current convergence value = 0.000218184 (threshold = 1e-08)
  Iteration 30 (of 50).   Current convergence value = 0.000216347 (threshold = 1e-08)
  Iteration 31 (of 50).   Current convergence value = 0.000215375 (threshold = 1e-08)
  Iteration 32 (of 50).   Current convergence value = 0.000214204 (threshold = 1e-08)
  Iteration 33 (of 50).   Current convergence value = 0.000213161 (threshold = 1e-08)
  Iteration 34 (of 50).   Current convergence value = 0.000211763 (threshold = 1e-08)
  Iteration 35 (of 50).   Current convergence value = 0.000210831 (threshold = 1e-08)
  Iteration 36 (of 50).   Current convergence value = 0.000209769 (threshold = 1e-08)
  Iteration 37 (of 50).   Current convergence value = 0.000208469 (threshold = 1e-08)
  Iteration 38 (of 50).   Current convergence value = 0.000207737 (threshold = 1e-08)
  Iteration 39 (of 50).   Current convergence value = 0.000207426 (threshold = 1e-08)
  Iteration 40 (of 50).   Current convergence value = 0.000206953 (threshold = 1e-08)
  Iteration 41 (of 50).   Current convergence value = 0.000206348 (threshold = 1e-08)
  Iteration 42 (of 50).   Current convergence value = 0.000205827 (threshold = 1e-08)
  Iteration 43 (of 50).   Current convergence value = 0.00020539 (threshold = 1e-08)
  Iteration 44 (of 50).   Current convergence value = 0.000204755 (threshold = 1e-08)
  Iteration 45 (of 50).   Current convergence value = 0.000203906 (threshold = 1e-08)
  Iteration 46 (of 50).   Current convergence value = 0.000203297 (threshold = 1e-08)
  Iteration 47 (of 50).   Current convergence value = 0.000203153 (threshold = 1e-08)
  Iteration 48 (of 50).   Current convergence value = 0.000202658 (threshold = 1e-08)
  Iteration 49 (of 50).   Current convergence value = 0.000202209 (threshold = 1e-08)
  Iteration 50 (of 50).   Current convergence value = 0.000201883 (threshold = 1e-08)
Current level = 3
  Iteration 1 (of 40).   Current convergence value = 0.00118953 (threshold = 1e-08)
  Iteration 2 (of 40).   Current convergence value = 0.00112307 (threshold = 1e-08)
  Iteration 3 (of 40).   Current convergence value = 0.00110035 (threshold = 1e-08)
  Iteration 4 (of 40).   Current convergence value = 0.00110648 (threshold = 1e-08)
  Iteration 5 (of 40).   Current convergence value = 0.00112662 (threshold = 1e-08)
  Iteration 6 (of 40).   Current convergence value = 0.00115718 (threshold = 1e-08)
  Iteration 7 (of 40).   Current convergence value = 0.00118498 (threshold = 1e-08)
  Iteration 8 (of 40).   Current convergence value = 0.00118765 (threshold = 1e-08)
  Iteration 9 (of 40).   Current convergence value = 0.00118774 (threshold = 1e-08)
  Iteration 10 (of 40).   Current convergence value = 0.00117681 (threshold = 1e-08)
  Iteration 11 (of 40).   Current convergence value = 0.00116279 (threshold = 1e-08)
  Iteration 12 (of 40).   Current convergence value = 0.00114437 (threshold = 1e-08)
  Iteration 13 (of 40).   Current convergence value = 0.0011211 (threshold = 1e-08)
  Iteration 14 (of 40).   Current convergence value = 0.00110215 (threshold = 1e-08)
  Iteration 15 (of 40).   Current convergence value = 0.00108734 (threshold = 1e-08)
  Iteration 16 (of 40).   Current convergence value = 0.00107347 (threshold = 1e-08)
  Iteration 17 (of 40).   Current convergence value = 0.00106149 (threshold = 1e-08)
  Iteration 18 (of 40).   Current convergence value = 0.00105037 (threshold = 1e-08)
  Iteration 19 (of 40).   Current convergence value = 0.00104097 (threshold = 1e-08)
  Iteration 20 (of 40).   Current convergence value = 0.00103158 (threshold = 1e-08)
  Iteration 21 (of 40).   Current convergence value = 0.00101516 (threshold = 1e-08)
  Iteration 22 (of 40).   Current convergence value = 0.000999614 (threshold = 1e-08)
  Iteration 23 (of 40).   Current convergence value = 0.000984031 (threshold = 1e-08)
  Iteration 24 (of 40).   Current convergence value = 0.000957342 (threshold = 1e-08)
  Iteration 25 (of 40).   Current convergence value = 0.000909321 (threshold = 1e-08)
  Iteration 26 (of 40).   Current convergence value = 0.0008662 (threshold = 1e-08)
  Iteration 27 (of 40).   Current convergence value = 0.000828007 (threshold = 1e-08)
  Iteration 28 (of 40).   Current convergence value = 0.000794591 (threshold = 1e-08)
  Iteration 29 (of 40).   Current convergence value = 0.000764708 (threshold = 1e-08)
  Iteration 30 (of 40).   Current convergence value = 0.000738049 (threshold = 1e-08)
  Iteration 31 (of 40).   Current convergence value = 0.000714069 (threshold = 1e-08)
  Iteration 32 (of 40).   Current convergence value = 0.000692374 (threshold = 1e-08)
  Iteration 33 (of 40).   Current convergence value = 0.000672367 (threshold = 1e-08)
  Iteration 34 (of 40).   Current convergence value = 0.000654005 (threshold = 1e-08)
  Iteration 35 (of 40).   Current convergence value = 0.00063692 (threshold = 1e-08)
  Iteration 36 (of 40).   Current convergence value = 0.000620799 (threshold = 1e-08)
  Iteration 37 (of 40).   Current convergence value = 0.000605552 (threshold = 1e-08)
  Iteration 38 (of 40).   Current convergence value = 0.000591692 (threshold = 1e-08)
  Iteration 39 (of 40).   Current convergence value = 0.000578781 (threshold = 1e-08)
  Iteration 40 (of 40).   Current convergence value = 0.000566961 (threshold = 1e-08)
Current level = 4
  Iteration 1 (of 30).   Current convergence value = 0.00192787 (threshold = 1e-08)
  Iteration 2 (of 30).   Current convergence value = 0.00166574 (threshold = 1e-08)
  Iteration 3 (of 30).   Current convergence value = 0.00156488 (threshold = 1e-08)
  Iteration 4 (of 30).   Current convergence value = 0.00147409 (threshold = 1e-08)
  Iteration 5 (of 30).   Current convergence value = 0.00144101 (threshold = 1e-08)
  Iteration 6 (of 30).   Current convergence value = 0.00158421 (threshold = 1e-08)
  Iteration 7 (of 30).   Current convergence value = 0.00152668 (threshold = 1e-08)
  Iteration 8 (of 30).   Current convergence value = 0.0014348 (threshold = 1e-08)
  Iteration 9 (of 30).   Current convergence value = 0.00139484 (threshold = 1e-08)
  Iteration 10 (of 30).   Current convergence value = 0.00136637 (threshold = 1e-08)
  Iteration 11 (of 30).   Current convergence value = 0.00134164 (threshold = 1e-08)
  Iteration 12 (of 30).   Current convergence value = 0.00131902 (threshold = 1e-08)
  Iteration 13 (of 30).   Current convergence value = 0.00129734 (threshold = 1e-08)
  Iteration 14 (of 30).   Current convergence value = 0.00127386 (threshold = 1e-08)
  Iteration 15 (of 30).   Current convergence value = 0.00124742 (threshold = 1e-08)
  Iteration 16 (of 30).   Current convergence value = 0.00122778 (threshold = 1e-08)
  Iteration 17 (of 30).   Current convergence value = 0.00121232 (threshold = 1e-08)
  Iteration 18 (of 30).   Current convergence value = 0.00119859 (threshold = 1e-08)
  Iteration 19 (of 30).   Current convergence value = 0.00118254 (threshold = 1e-08)
  Iteration 20 (of 30).   Current convergence value = 0.00114448 (threshold = 1e-08)
  Iteration 21 (of 30).   Current convergence value = 0.0011176 (threshold = 1e-08)
  Iteration 22 (of 30).   Current convergence value = 0.00109419 (threshold = 1e-08)
  Iteration 23 (of 30).   Current convergence value = 0.00107079 (threshold = 1e-08)
  Iteration 24 (of 30).   Current convergence value = 0.00104614 (threshold = 1e-08)
  Iteration 25 (of 30).   Current convergence value = 0.00101955 (threshold = 1e-08)
  Iteration 26 (of 30).   Current convergence value = 0.000992431 (threshold = 1e-08)
  Iteration 27 (of 30).   Current convergence value = 0.000964697 (threshold = 1e-08)
  Iteration 28 (of 30).   Current convergence value = 0.000935245 (threshold = 1e-08)
  Iteration 29 (of 30).   Current convergence value = 0.000932257 (threshold = 1e-08)
  Iteration 30 (of 30).   Current convergence value = 0.000935972 (threshold = 1e-08)
   N4BiasFieldCorrectionImageFilter (0x55ed47eede20)
     RTTI typeinfo:   itk::N4BiasFieldCorrectionImageFilter<itk::Image<float, 3u>, itk::Image<float, 3u>, itk::Image<float, 3u> >
     Reference Count: 1
     Modified Time: 565
     Debug: Off
     Object Name: 
     Observers: 
       IterationEvent(Command)
     Inputs: 
       ConfidenceImage: (0)
       MaskImage: (0x55ed47f18620)
       Primary: (0x55ed47f13b70) *
     Indexed Inputs: 
       0: Primary (0x55ed47f13b70)
       1: MaskImage (0x55ed47f18620)
       2: ConfidenceImage (0)
     Required Input Names: Primary
     NumberOfRequiredInputs: 1
     Outputs: 
       Primary: (0x55ed47efdef0)
     Indexed Outputs: 
       0: Primary (0x55ed47efdef0)
     NumberOfRequiredOutputs: 1
     Number Of Work Units: 32
     ReleaseDataFlag: Off
     ReleaseDataBeforeUpdateFlag: Off
     AbortGenerateData: Off
     Progress: 0
     Multithreader: 
       RTTI typeinfo:   itk::PoolMultiThreader
       Reference Count: 1
       Modified Time: 144
       Debug: Off
       Object Name: 
       Observers: 
         none
       Number of Work Units: 32
       Number of Threads: 8
       Global Maximum Number Of Threads: 128
       Global Default Number Of Threads: 8
       Global Default Threader Type: itk::MultiThreaderBaseEnums::Threader::Pool
       SingleMethod: 0
       SingleData: 0
     DynamicMultiThreading: On
     CoordinateTolerance: 1e-06
     DirectionTolerance: 1e-06
     Use Mask Label: 0
     Mask label: 1
     Number of histogram bins: 200
     Wiener filter noise: 0.01
     Bias field FWHM: 0.15
     Maximum number of iterations: [50, 50, 40, 30]
     Convergence threshold: 1e-08
     Spline order: 3
     Number of fitting levels: [4, 4, 4]
     Number of control points: [4, 5, 5]
     CurrentConvergenceMeasurement: 0.000935972
     CurrentLevel: 4
     ElapsedIterations: 31
     LogBiasFieldControlPointLattice: 
       Image (0x55ed53289d00)
         RTTI typeinfo:   itk::Image<itk::Vector<float, 1u>, 3u>
         Reference Count: 1
         Modified Time: 343560
         Debug: Off
         Object Name: 
         Observers: 
           none
         Source: (none)
         Source output name: (none)
         Release Data: Off
         Data Released: False
         Global Release Data: Off
         PipelineMTime: 0
         UpdateMTime: 0
         RealTimeStamp: 0 seconds 
         LargestPossibleRegion: 
           Dimension: 3
           Index: [0, 0, 0]
           Size: [11, 19, 19]
         BufferedRegion: 
           Dimension: 3
           Index: [0, 0, 0]
           Size: [11, 19, 19]
         RequestedRegion: 
           Dimension: 3
           Index: [0, 0, 0]
           Size: [11, 19, 19]
         Spacing: [24.75, 24.875, 24.875]
         Origin: [25.6805, 18.678, -29.0127]
         Direction: 
-0.99956 -0.0279709 -0.00987286
0.02539 -0.978899 0.202762
-0.015336 0.202422 0.979178

         IndexToPointMatrix: 
-24.7391 -0.695776 -0.245587
0.628403 -24.3501 5.04371
-0.379565 5.03525 24.3571

         PointToIndexMatrix: 
-0.0403863 0.00102586 -0.000619635
-0.00112446 -0.0393527 0.00813757
-0.000396899 0.00815123 0.039364

         Inverse Direction: 
-0.99956 0.02539 -0.015336
-0.0279709 -0.978899 0.202422
-0.00987287 0.202762 0.979178

         PixelContainer: 
           ImportImageContainer (0x55ed4e9ef290)
             RTTI typeinfo:   itk::ImportImageContainer<unsigned long, itk::Vector<float, 1u> >
             Reference Count: 1
             Modified Time: 343561
             Debug: Off
             Object Name: 
             Observers: 
               none
             Pointer: 0x55ed52093e70
             Container manages memory: true
             Size: 3971
             Capacity: 3971
Elapsed time: 318.096
All_Command_lines_OK
Using single precision for computations.
=============================================================================
The composite transform comprises the following transforms (in order): 
  1. Center of mass alignment using fixed image: /home/mpib/nemecz/Projects/miniTRK/Results/01_MRI/GroupTempl/T1w/T_template0.nii.gz and moving image: /home/mpib/nemecz/Projects/miniTRK/Analysis/01_MRI/Preproc/GroupTempl/T1w/sub-698741_T1w.nii.gz (type = Euler3DTransform)
=============================================================================
  number of levels = 4
  number of levels = 4
  number of levels = 4
  fixed image: /home/mpib/nemecz/Projects/miniTRK/Results/01_MRI/GroupTempl/T1w/T_template0.nii.gz
  moving image: /home/mpib/nemecz/Projects/miniTRK/Results/01_MRI/GroupTempl/T1w/T_template0sub-698741_T1wRepaired.nii.gz
  fixed image: /home/mpib/nemecz/Projects/miniTRK/Results/01_MRI/GroupTempl/T1w/T_template0.nii.gz
  moving image: /home/mpib/nemecz/Projects/miniTRK/Results/01_MRI/GroupTempl/T1w/T_template0sub-698741_T1wRepaired.nii.gz
  fixed image: /home/mpib/nemecz/Projects/miniTRK/Results/01_MRI/GroupTempl/T1w/T_template0.nii.gz
  moving image: /home/mpib/nemecz/Projects/miniTRK/Results/01_MRI/GroupTempl/T1w/T_template0sub-698741_T1wRepaired.nii.gz
Dimension = 3
Number of stages = 3
Use Histogram Matching true
Winsorize image intensities true
Lower quantile = 0.01
Upper quantile = 0.99
Stage 1 State
   Image metric = Mattes
     Fixed image = Image (0x55cc60d23ad0)
  RTTI typeinfo:   itk::Image<float, 3u>
  Reference Count: 2
  Modified Time: 1721
  Debug: Off
  Object Name: 
  Observers: 
    none
  Source: (none)
  Source output name: (none)
  Release Data: Off
  Data Released: False
  Global Release Data: Off
  PipelineMTime: 0
  UpdateMTime: 1506
  RealTimeStamp: 0 seconds 
  LargestPossibleRegion: 
    Dimension: 3
    Index: [0, 0, 0]
    Size: [192, 256, 256]
  BufferedRegion: 
    Dimension: 3
    Index: [0, 0, 0]
    Size: [192, 256, 256]
  RequestedRegion: 
    Dimension: 3
    Index: [0, 0, 0]
    Size: [192, 256, 256]
  Spacing: [1, 1, 1]
  Origin: [95.0313, 100.538, -154.123]
  Direction: 
-0.999853 -0.014134 -0.00966312
0.014129 -0.9999 0.000586045
-0.00967044 0.000449429 0.999953

  IndexToPointMatrix: 
-0.999853 -0.014134 -0.00966312
0.014129 -0.9999 0.000586045
-0.00967044 0.000449429 0.999953

  PointToIndexMatrix: 
-0.999853 0.014129 -0.00967044
-0.014134 -0.9999 0.000449429
-0.00966312 0.000586045 0.999953

  Inverse Direction: 
-0.999853 0.014129 -0.00967044
-0.014134 -0.9999 0.000449429
-0.00966312 0.000586045 0.999953

  PixelContainer: 
    ImportImageContainer (0x55cc60d2bc80)
      RTTI typeinfo:   itk::ImportImageContainer<unsigned long, float>
      Reference Count: 1
      Modified Time: 1503
      Debug: Off
      Object Name: 
      Observers: 
        none
      Pointer: 0x7f3670816010
      Container manages memory: true
      Size: 12582912
      Capacity: 12582912

     Moving image = Image (0x55cc60d24bc0)
  RTTI typeinfo:   itk::Image<float, 3u>
  Reference Count: 2
  Modified Time: 1722
  Debug: Off
  Object Name: 
  Observers: 
    none
  Source: (none)
  Source output name: (none)
  Release Data: Off
  Data Released: False
  Global Release Data: Off
  PipelineMTime: 0
  UpdateMTime: 1719
  RealTimeStamp: 0 seconds 
  LargestPossibleRegion: 
    Dimension: 3
    Index: [0, 0, 0]
    Size: [192, 256, 256]
  BufferedRegion: 
    Dimension: 3
    Index: [0, 0, 0]
    Size: [192, 256, 256]
  RequestedRegion: 
    Dimension: 3
    Index: [0, 0, 0]
    Size: [192, 256, 256]
  Spacing: [1, 1, 1]
  Origin: [99.2641, 64.4534, -173.003]
  Direction: 
-0.99956 -0.0279709 -0.00987287
0.02539 -0.978899 0.202762
-0.015336 0.202422 0.979178

  IndexToPointMatrix: 
-0.99956 -0.0279709 -0.00987287
0.02539 -0.978899 0.202762
-0.015336 0.202422 0.979178

  PointToIndexMatrix: 
-0.99956 0.02539 -0.015336
-0.0279709 -0.978899 0.202422
-0.00987287 0.202762 0.979178

  Inverse Direction: 
-0.99956 0.02539 -0.015336
-0.0279709 -0.978899 0.202422
-0.00987287 0.202762 0.979178

  PixelContainer: 
    ImportImageContainer (0x55cc60d30100)
      RTTI typeinfo:   itk::ImportImageContainer<unsigned long, float>
      Reference Count: 1
      Modified Time: 1716
      Debug: Off
      Object Name: 
      Observers: 
        none
      Pointer: 0x7f366d815010
      Container manages memory: true
      Size: 12582912
      Capacity: 12582912

     Weighting = 1
     Sampling strategy = regular
     Number of bins = 32
     Radius = 4
     Sampling percentage  = 0.25
   Transform = Rigid
     Gradient step = 0.1
     Update field sigma (voxel space) = 0
     Total field sigma (voxel space) = 0
     Update field time sigma = 0
     Total field time sigma  = 0
     Number of time indices = 0
     Number of time point samples = 0
Stage 2 State
   Image metric = Mattes
     Fixed image = Image (0x55cc60d3c870)
  RTTI typeinfo:   itk::Image<float, 3u>
  Reference Count: 2
  Modified Time: 2149
  Debug: Off
  Object Name: 
  Observers: 
    none
  Source: (none)
  Source output name: (none)
  Release Data: Off
  Data Released: False
  Global Release Data: Off
  PipelineMTime: 0
  UpdateMTime: 1934
  RealTimeStamp: 0 seconds 
  LargestPossibleRegion: 
    Dimension: 3
    Index: [0, 0, 0]
    Size: [192, 256, 256]
  BufferedRegion: 
    Dimension: 3
    Index: [0, 0, 0]
    Size: [192, 256, 256]
  RequestedRegion: 
    Dimension: 3
    Index: [0, 0, 0]
    Size: [192, 256, 256]
  Spacing: [1, 1, 1]
  Origin: [95.0313, 100.538, -154.123]
  Direction: 
-0.999853 -0.014134 -0.00966312
0.014129 -0.9999 0.000586045
-0.00967044 0.000449429 0.999953

  IndexToPointMatrix: 
-0.999853 -0.014134 -0.00966312
0.014129 -0.9999 0.000586045
-0.00967044 0.000449429 0.999953

  PointToIndexMatrix: 
-0.999853 0.014129 -0.00967044
-0.014134 -0.9999 0.000449429
-0.00966312 0.000586045 0.999953

  Inverse Direction: 
-0.999853 0.014129 -0.00967044
-0.014134 -0.9999 0.000449429
-0.00966312 0.000586045 0.999953

  PixelContainer: 
    ImportImageContainer (0x55cc60d276d0)
      RTTI typeinfo:   itk::ImportImageContainer<unsigned long, float>
      Reference Count: 1
      Modified Time: 1931
      Debug: Off
      Object Name: 
      Observers: 
        none
      Pointer: 0x7f366a814010
      Container manages memory: true
      Size: 12582912
      Capacity: 12582912

     Moving image = Image (0x55cc60d3c4c0)
  RTTI typeinfo:   itk::Image<float, 3u>
  Reference Count: 2
  Modified Time: 2150
  Debug: Off
  Object Name: 
  Observers: 
    none
  Source: (none)
  Source output name: (none)
  Release Data: Off
  Data Released: False
  Global Release Data: Off
  PipelineMTime: 0
  UpdateMTime: 2147
  RealTimeStamp: 0 seconds 
  LargestPossibleRegion: 
    Dimension: 3
    Index: [0, 0, 0]
    Size: [192, 256, 256]
  BufferedRegion: 
    Dimension: 3
    Index: [0, 0, 0]
    Size: [192, 256, 256]
  RequestedRegion: 
    Dimension: 3
    Index: [0, 0, 0]
    Size: [192, 256, 256]
  Spacing: [1, 1, 1]
  Origin: [99.2641, 64.4534, -173.003]
  Direction: 
-0.99956 -0.0279709 -0.00987287
0.02539 -0.978899 0.202762
-0.015336 0.202422 0.979178

  IndexToPointMatrix: 
-0.99956 -0.0279709 -0.00987287
0.02539 -0.978899 0.202762
-0.015336 0.202422 0.979178

  PointToIndexMatrix: 
-0.99956 0.02539 -0.015336
-0.0279709 -0.978899 0.202422
-0.00987287 0.202762 0.979178

  Inverse Direction: 
-0.99956 0.02539 -0.015336
-0.0279709 -0.978899 0.202422
-0.00987287 0.202762 0.979178

  PixelContainer: 
    ImportImageContainer (0x55cc60d3d8c0)
      RTTI typeinfo:   itk::ImportImageContainer<unsigned long, float>
      Reference Count: 1
      Modified Time: 2144
      Debug: Off
      Object Name: 
      Observers: 
        none
      Pointer: 0x7f3667813010
      Container manages memory: true
      Size: 12582912
      Capacity: 12582912

     Weighting = 1
     Sampling strategy = regular
     Number of bins = 32
     Radius = 4
     Sampling percentage  = 0.25
   Transform = Affine
     Gradient step = 0.1
     Update field sigma (voxel space) = 0
     Total field sigma (voxel space) = 0
     Update field time sigma = 0
     Total field time sigma  = 0
     Number of time indices = 0
     Number of time point samples = 0
Stage 3 State
   Image metric = CC
     Fixed image = Image (0x55cc60d43960)
  RTTI typeinfo:   itk::Image<float, 3u>
  Reference Count: 2
  Modified Time: 2577
  Debug: Off
  Object Name: 
  Observers: 
    none
  Source: (none)
  Source output name: (none)
  Release Data: Off
  Data Released: False
  Global Release Data: Off
  PipelineMTime: 0
  UpdateMTime: 2362
  RealTimeStamp: 0 seconds 
  LargestPossibleRegion: 
    Dimension: 3
    Index: [0, 0, 0]
    Size: [192, 256, 256]
  BufferedRegion: 
    Dimension: 3
    Index: [0, 0, 0]
    Size: [192, 256, 256]
  RequestedRegion: 
    Dimension: 3
    Index: [0, 0, 0]
    Size: [192, 256, 256]
  Spacing: [1, 1, 1]
  Origin: [95.0313, 100.538, -154.123]
  Direction: 
-0.999853 -0.014134 -0.00966312
0.014129 -0.9999 0.000586045
-0.00967044 0.000449429 0.999953

  IndexToPointMatrix: 
-0.999853 -0.014134 -0.00966312
0.014129 -0.9999 0.000586045
-0.00967044 0.000449429 0.999953

  PointToIndexMatrix: 
-0.999853 0.014129 -0.00967044
-0.014134 -0.9999 0.000449429
-0.00966312 0.000586045 0.999953

  Inverse Direction: 
-0.999853 0.014129 -0.00967044
-0.014134 -0.9999 0.000449429
-0.00966312 0.000586045 0.999953

  PixelContainer: 
    ImportImageContainer (0x55cc60d24660)
      RTTI typeinfo:   itk::ImportImageContainer<unsigned long, float>
      Reference Count: 1
      Modified Time: 2359
      Debug: Off
      Object Name: 
      Observers: 
        none
      Pointer: 0x7f3664812010
      Container manages memory: true
      Size: 12582912
      Capacity: 12582912

     Moving image = Image (0x55cc60d45840)
  RTTI typeinfo:   itk::Image<float, 3u>
  Reference Count: 2
  Modified Time: 2578
  Debug: Off
  Object Name: 
  Observers: 
    none
  Source: (none)
  Source output name: (none)
  Release Data: Off
  Data Released: False
  Global Release Data: Off
  PipelineMTime: 0
  UpdateMTime: 2575
  RealTimeStamp: 0 seconds 
  LargestPossibleRegion: 
    Dimension: 3
    Index: [0, 0, 0]
    Size: [192, 256, 256]
  BufferedRegion: 
    Dimension: 3
    Index: [0, 0, 0]
    Size: [192, 256, 256]
  RequestedRegion: 
    Dimension: 3
    Index: [0, 0, 0]
    Size: [192, 256, 256]
  Spacing: [1, 1, 1]
  Origin: [99.2641, 64.4534, -173.003]
  Direction: 
-0.99956 -0.0279709 -0.00987287
0.02539 -0.978899 0.202762
-0.015336 0.202422 0.979178

  IndexToPointMatrix: 
-0.99956 -0.0279709 -0.00987287
0.02539 -0.978899 0.202762
-0.015336 0.202422 0.979178

  PointToIndexMatrix: 
-0.99956 0.02539 -0.015336
-0.0279709 -0.978899 0.202422
-0.00987287 0.202762 0.979178

  Inverse Direction: 
-0.99956 0.02539 -0.015336
-0.0279709 -0.978899 0.202422
-0.00987287 0.202762 0.979178

  PixelContainer: 
    ImportImageContainer (0x55cc60d42660)
      RTTI typeinfo:   itk::ImportImageContainer<unsigned long, float>
      Reference Count: 1
      Modified Time: 2572
      Debug: Off
      Object Name: 
      Observers: 
        none
      Pointer: 0x7f3661811010
      Container manages memory: true
      Size: 12582912
      Capacity: 12582912

     Weighting = 1
     Sampling strategy = none
     Number of bins = 32
     Radius = 4
     Sampling percentage  = 1
   Transform = SyN
     Gradient step = 0.1
     Update field sigma (voxel space) = 3
     Total field sigma (voxel space) = 0
     Update field time sigma = 0
     Total field time sigma  = 0
     Number of time indices = 0
     Number of time point samples = 0
Registration using 3 total stages.

Stage 0
  iterations = 1000x500x250x0
  convergence threshold = 1e-06
  convergence window size = 10
  number of levels = 4
  using the Mattes MI metric (number of bins = 32, weight = 1)
  preprocessing:  winsorizing the image intensities
  preprocessing:  histogram matching the images
  Shrink factors (level 1 out of 4): [6, 6, 6]
  Shrink factors (level 2 out of 4): [4, 4, 4]
  Shrink factors (level 3 out of 4): [2, 2, 2]
  Shrink factors (level 4 out of 4): [1, 1, 1]
  smoothing sigmas per level: [4, 2, 1, 0]
  regular sampling (percentage = 0.25)

*** Running Euler3DTransform registration ***

DIAGNOSTIC,Iteration,metricValue,convergenceValue,ITERATION_TIME_INDEX,SINCE_LAST
 2DIAGNOSTIC,     1, -8.563790321350e-01, inf, 7.9337e-01, 7.9337e-01, 
 2DIAGNOSTIC,     2, -8.593149185181e-01, inf, 8.0229e-01, 8.9121e-03, 
 2DIAGNOSTIC,     3, -8.639662861824e-01, inf, 8.1167e-01, 9.3808e-03, 
 2DIAGNOSTIC,     4, -8.710144162178e-01, inf, 8.2129e-01, 9.6231e-03, 
 2DIAGNOSTIC,     5, -8.814471364021e-01, inf, 8.3074e-01, 9.4540e-03, 
 2DIAGNOSTIC,     6, -8.955217599869e-01, inf, 8.4101e-01, 1.0266e-02, 
 2DIAGNOSTIC,     7, -9.096991419792e-01, inf, 8.5003e-01, 9.0230e-03, 
 2DIAGNOSTIC,     8, -9.153521656990e-01, inf, 8.5992e-01, 9.8898e-03, 
 2DIAGNOSTIC,     9, -9.193859100342e-01, inf, 8.7248e-01, 1.2561e-02, 
 2DIAGNOSTIC,    10, -9.207040667534e-01, 5.540746729821e-03, 8.8504e-01, 1.2560e-02, 
 2DIAGNOSTIC,    11, -9.211768507957e-01, 4.739633295685e-03, 8.9515e-01, 1.0112e-02, 
 2DIAGNOSTIC,    12, -9.242570996284e-01, 3.807357279584e-03, 9.0609e-01, 1.0935e-02, 
 2DIAGNOSTIC,    13, -9.251325726509e-01, 2.812922932208e-03, 9.1596e-01, 9.8679e-03, 
 2DIAGNOSTIC,    14, -9.257763624191e-01, 1.884132507257e-03, 9.2501e-01, 9.0539e-03, 
 2DIAGNOSTIC,    15, -9.268603324890e-01, 1.150335185230e-03, 9.3679e-01, 1.1774e-02, 
 2DIAGNOSTIC,    16, -9.272012710571e-01, 6.832522340119e-04, 9.4649e-01, 9.7029e-03, 
 2DIAGNOSTIC,    17, -9.277696013451e-01, 4.800497263204e-04, 9.5753e-01, 1.1040e-02, 
 2DIAGNOSTIC,    18, -9.297962188721e-01, 3.877281269524e-04, 9.7043e-01, 1.2901e-02, 
 2DIAGNOSTIC,    19, -9.298776984215e-01, 3.367829485796e-04, 9.8102e-01, 1.0593e-02, 
 2DIAGNOSTIC,    20, -9.298592209816e-01, 2.810374717228e-04, 9.9049e-01, 9.4650e-03, 
 2DIAGNOSTIC,    21, -9.298849701881e-01, 2.114793169312e-04, 1.0012e+00, 1.0696e-02, 
 2DIAGNOSTIC,    22, -9.298941493034e-01, 1.724073081277e-04, 1.0098e+00, 8.5871e-03, 
 2DIAGNOSTIC,    23, -9.298424720764e-01, 1.315043919021e-04, 1.0203e+00, 1.0533e-02, 
 2DIAGNOSTIC,    24, -9.298489689827e-01, 9.002079605125e-05, 1.0299e+00, 9.6099e-03, 
 2DIAGNOSTIC,    25, -9.298272132874e-01, 5.720112312702e-05, 1.0403e+00, 1.0398e-02, 
 2DIAGNOSTIC,    26, -9.298353195190e-01, 2.598387436592e-05, 1.0491e+00, 8.7461e-03, 
DIAGNOSTIC,Iteration,metricValue,convergenceValue,ITERATION_TIME_INDEX,SINCE_LAST
 2DIAGNOSTIC,     1, -7.150470614433e-01, inf, 1.7109e+00, 6.6189e-01, 
 2DIAGNOSTIC,     2, -7.163551449776e-01, inf, 1.7469e+00, 3.5977e-02, 
 2DIAGNOSTIC,     3, -7.175022959709e-01, inf, 1.7805e+00, 3.3537e-02, 
 2DIAGNOSTIC,     4, -7.180137634277e-01, inf, 1.8146e+00, 3.4089e-02, 
 2DIAGNOSTIC,     5, -7.182069420815e-01, inf, 1.8486e+00, 3.4031e-02, 
 2DIAGNOSTIC,     6, -7.184244990349e-01, inf, 1.8824e+00, 3.3778e-02, 
 2DIAGNOSTIC,     7, -7.188112139702e-01, inf, 1.9289e+00, 4.6499e-02, 
 2DIAGNOSTIC,     8, -7.189095616341e-01, inf, 1.9615e+00, 3.2591e-02, 
 2DIAGNOSTIC,     9, -7.190807461739e-01, inf, 2.0179e+00, 5.6417e-02, 
 2DIAGNOSTIC,    10, -7.190865278244e-01, 3.126232186332e-04, 2.0544e+00, 3.6488e-02, 
 2DIAGNOSTIC,    11, -7.192261815071e-01, 1.970556477318e-04, 2.0953e+00, 4.0909e-02, 
 2DIAGNOSTIC,    12, -7.193138003349e-01, 1.283294695895e-04, 2.1367e+00, 4.1472e-02, 
 2DIAGNOSTIC,    13, -7.193158268929e-01, 9.342097473564e-05, 2.1707e+00, 3.3951e-02, 
 2DIAGNOSTIC,    14, -7.193091511726e-01, 6.960610335227e-05, 2.2138e+00, 4.3098e-02, 
 2DIAGNOSTIC,    15, -7.193105816841e-01, 4.796760185855e-05, 2.2529e+00, 3.9074e-02, 
 2DIAGNOSTIC,    16, -7.192957401276e-01, 2.960054007417e-05, 2.2860e+00, 3.3091e-02, 
 2DIAGNOSTIC,    17, -7.193032503128e-01, 1.997353865590e-05, 2.3243e+00, 3.8323e-02, 
 2DIAGNOSTIC,    18, -7.193037867546e-01, 1.184633947560e-05, 2.3586e+00, 3.4343e-02, 
 2DIAGNOSTIC,    19, -7.193140387535e-01, 7.478529369109e-06, 2.3974e+00, 3.8735e-02, 
 2DIAGNOSTIC,    20, -7.193132042885e-01, 3.046788606298e-06, 2.4359e+00, 3.8578e-02, 
 2DIAGNOSTIC,    21, -7.193099856377e-01, 1.429462940905e-06, 2.4720e+00, 3.6036e-02, 
 2DIAGNOSTIC,    22, -7.193127274513e-01, 1.592751118551e-06, 2.5076e+00, 3.5587e-02, 
 2DIAGNOSTIC,    23, -7.193103432655e-01, 1.717933741929e-06, 2.5466e+00, 3.9058e-02, 
 2DIAGNOSTIC,    24, -7.193065881729e-01, 1.625901404623e-06, 2.5788e+00, 3.2221e-02, 
 2DIAGNOSTIC,    25, -7.193028926849e-01, 1.487357963015e-06, 2.6113e+00, 3.2456e-02, 
 2DIAGNOSTIC,    26, -7.193086147308e-01, 1.201070517709e-06, 2.6508e+00, 3.9469e-02, 
 2DIAGNOSTIC,    27, -7.193124890327e-01, 1.101985731111e-06, 2.6902e+00, 3.9478e-02, 
DIAGNOSTIC,Iteration,metricValue,convergenceValue,ITERATION_TIME_INDEX,SINCE_LAST
 2DIAGNOSTIC,     1, -6.295031905174e-01, inf, 3.8127e+00, 1.1225e+00, 
 2DIAGNOSTIC,     2, -6.301042437553e-01, inf, 4.0364e+00, 2.2368e-01, 
 2DIAGNOSTIC,     3, -6.305457353592e-01, inf, 4.2528e+00, 2.1638e-01, 
 2DIAGNOSTIC,     4, -6.309283375740e-01, inf, 4.4648e+00, 2.1200e-01, 
 2DIAGNOSTIC,     5, -6.312588453293e-01, inf, 4.7130e+00, 2.4820e-01, 
 2DIAGNOSTIC,     6, -6.313612461090e-01, inf, 4.9528e+00, 2.3980e-01, 
 2DIAGNOSTIC,     7, -6.313893795013e-01, inf, 5.2008e+00, 2.4799e-01, 
 2DIAGNOSTIC,     8, -6.314073801041e-01, inf, 5.4128e+00, 2.1201e-01, 
 2DIAGNOSTIC,     9, -6.314338445663e-01, inf, 5.6292e+00, 2.1643e-01, 
 2DIAGNOSTIC,    10, -6.314697265625e-01, 1.817962038331e-04, 5.9268e+00, 2.9757e-01, 
 2DIAGNOSTIC,    11, -6.314980387688e-01, 1.105804476538e-04, 6.1751e+00, 2.4831e-01, 
 2DIAGNOSTIC,    12, -6.315121650696e-01, 6.454427784774e-05, 6.3904e+00, 2.1527e-01, 
 2DIAGNOSTIC,    13, -6.315300464630e-01, 3.573791400413e-05, 6.6428e+00, 2.5238e-01, 
 2DIAGNOSTIC,    14, -6.315397620201e-01, 2.037824924628e-05, 6.8839e+00, 2.4110e-01, 
 2DIAGNOSTIC,    15, -6.315540075302e-01, 1.567642721056e-05, 7.1055e+00, 2.2163e-01, 
 2DIAGNOSTIC,    16, -6.315683126450e-01, 1.358111876471e-05, 7.3776e+00, 2.7210e-01, 
 2DIAGNOSTIC,    17, -6.315797567368e-01, 1.171088570118e-05, 7.6246e+00, 2.4699e-01, 
 2DIAGNOSTIC,    18, -6.315871477127e-01, 9.770388714969e-06, 7.8667e+00, 2.4207e-01, 
 2DIAGNOSTIC,    19, -6.315952539444e-01, 8.098176294880e-06, 8.1210e+00, 2.5431e-01, 
 2DIAGNOSTIC,    20, -6.316003799438e-01, 6.905254394951e-06, 8.3467e+00, 2.2567e-01, 
 2DIAGNOSTIC,    21, -6.316053867340e-01, 6.038937954145e-06, 8.6227e+00, 2.7604e-01, 
 2DIAGNOSTIC,    22, -6.316094398499e-01, 5.193181550567e-06, 8.8980e+00, 2.7534e-01, 
 2DIAGNOSTIC,    23, -6.316118240356e-01, 4.466297014005e-06, 9.1457e+00, 2.4771e-01, 
 2DIAGNOSTIC,    24, -6.316159367561e-01, 3.767241651076e-06, 9.3906e+00, 2.4484e-01, 
 2DIAGNOSTIC,    25, -6.316151618958e-01, 3.131889798169e-06, 9.6147e+00, 2.2409e-01, 
 2DIAGNOSTIC,    26, -6.316245198250e-01, 2.778308271445e-06, 9.8589e+00, 2.4419e-01, 
 2DIAGNOSTIC,    27, -6.316279172897e-01, 2.546364157752e-06, 1.0108e+01, 2.4866e-01, 
 2DIAGNOSTIC,    28, -6.316360831261e-01, 2.449570729368e-06, 1.0412e+01, 3.0404e-01, 
 2DIAGNOSTIC,    29, -6.316393613815e-01, 2.410056367808e-06, 1.0662e+01, 2.5070e-01, 
 2DIAGNOSTIC,    30, -6.316396594048e-01, 2.329941480639e-06, 1.0904e+01, 2.4141e-01, 
 2DIAGNOSTIC,    31, -6.316403746605e-01, 2.217597739218e-06, 1.1141e+01, 2.3691e-01, 
 2DIAGNOSTIC,    32, -6.316416263580e-01, 2.072376219076e-06, 1.1375e+01, 2.3393e-01, 
 2DIAGNOSTIC,    33, -6.316452622414e-01, 1.913651431096e-06, 1.1607e+01, 2.3235e-01, 
 2DIAGNOSTIC,    34, -6.316480636597e-01, 1.766019295246e-06, 1.1815e+01, 2.0845e-01, 
 2DIAGNOSTIC,    35, -6.316518187523e-01, 1.584603410265e-06, 1.2034e+01, 2.1901e-01, 
 2DIAGNOSTIC,    36, -6.316590905190e-01, 1.557237851557e-06, 1.2276e+01, 2.4119e-01, 
 2DIAGNOSTIC,    37, -6.316623091698e-01, 1.543568146190e-06, 1.2486e+01, 2.1072e-01, 
 2DIAGNOSTIC,    38, -6.316648721695e-01, 1.591431441739e-06, 1.2718e+01, 2.3170e-01, 
 2DIAGNOSTIC,    39, -6.316703557968e-01, 1.666433831815e-06, 1.3040e+01, 3.2227e-01, 
 2DIAGNOSTIC,    40, -6.316758990288e-01, 1.720938485050e-06, 1.3418e+01, 3.7785e-01, 
 2DIAGNOSTIC,    41, -6.316756010056e-01, 1.687451572252e-06, 1.3659e+01, 2.4045e-01, 
 2DIAGNOSTIC,    42, -6.316760778427e-01, 1.587752194609e-06, 1.3891e+01, 2.3261e-01, 
 2DIAGNOSTIC,    43, -6.316769719124e-01, 1.461642568756e-06, 1.4156e+01, 2.6474e-01, 
 2DIAGNOSTIC,    44, -6.316772699356e-01, 1.302812165704e-06, 1.4391e+01, 2.3490e-01, 
 2DIAGNOSTIC,    45, -6.316767334938e-01, 1.125491053244e-06, 1.4640e+01, 2.4907e-01, 
DIAGNOSTIC,Iteration,metricValue,convergenceValue,ITERATION_TIME_INDEX,SINCE_LAST
 2DIAGNOSTIC,     1, -5.770593285561e-01, inf, 1.7386e+01, 2.7463e+00, 
  Elapsed time (stage 0): 1.8584e+01


Stage 1
  iterations = 1000x500x250x0
