
Running N4 for 3-dimensional images.

Mask not read.  Using the entire image as the mask.

Original intensity range:  [0, 815]

***********************************************************
Warning:  Your input image contains nonpositive values
which could cause failure or problematic results.  A
possible workaround would be to:
   1. rescale your image to positive values e.g., [10,100].
   2. run N4 on your rescaled image.
   3. (optional) rescale the N4 output to the original
      intensity range.
***********************************************************

Specified spline distance: 200mm
  original image size:  [192, 256, 256]
  padded image size:  [201, 401, 401]
  number of control points:  [4, 5, 5]

Current level = 1
  Iteration 1 (of 50).   Current convergence value = 0.000592462 (threshold = 1e-08)
  Iteration 2 (of 50).   Current convergence value = 0.000406122 (threshold = 1e-08)
  Iteration 3 (of 50).   Current convergence value = 0.000277715 (threshold = 1e-08)
  Iteration 4 (of 50).   Current convergence value = 0.000191281 (threshold = 1e-08)
  Iteration 5 (of 50).   Current convergence value = 0.000134879 (threshold = 1e-08)
  Iteration 6 (of 50).   Current convergence value = 0.000101068 (threshold = 1e-08)
  Iteration 7 (of 50).   Current convergence value = 8.36971e-05 (threshold = 1e-08)
  Iteration 8 (of 50).   Current convergence value = 7.87911e-05 (threshold = 1e-08)
  Iteration 9 (of 50).   Current convergence value = 8.01745e-05 (threshold = 1e-08)
  Iteration 10 (of 50).   Current convergence value = 8.35489e-05 (threshold = 1e-08)
  Iteration 11 (of 50).   Current convergence value = 8.3816e-05 (threshold = 1e-08)
  Iteration 12 (of 50).   Current convergence value = 8.30886e-05 (threshold = 1e-08)
  Iteration 13 (of 50).   Current convergence value = 8.2728e-05 (threshold = 1e-08)
  Iteration 14 (of 50).   Current convergence value = 8.25013e-05 (threshold = 1e-08)
  Iteration 15 (of 50).   Current convergence value = 8.22972e-05 (threshold = 1e-08)
  Iteration 16 (of 50).   Current convergence value = 8.21574e-05 (threshold = 1e-08)
  Iteration 17 (of 50).   Current convergence value = 8.19934e-05 (threshold = 1e-08)
  Iteration 18 (of 50).   Current convergence value = 8.18609e-05 (threshold = 1e-08)
  Iteration 19 (of 50).   Current convergence value = 8.15376e-05 (threshold = 1e-08)
  Iteration 20 (of 50).   Current convergence value = 8.13002e-05 (threshold = 1e-08)
  Iteration 21 (of 50).   Current convergence value = 8.09748e-05 (threshold = 1e-08)
  Iteration 22 (of 50).   Current convergence value = 8.06396e-05 (threshold = 1e-08)
  Iteration 23 (of 50).   Current convergence value = 8.0367e-05 (threshold = 1e-08)
  Iteration 24 (of 50).   Current convergence value = 8.01033e-05 (threshold = 1e-08)
  Iteration 25 (of 50).   Current convergence value = 7.97885e-05 (threshold = 1e-08)
  Iteration 26 (of 50).   Current convergence value = 7.94689e-05 (threshold = 1e-08)
  Iteration 27 (of 50).   Current convergence value = 7.91539e-05 (threshold = 1e-08)
  Iteration 28 (of 50).   Current convergence value = 7.89103e-05 (threshold = 1e-08)
  Iteration 29 (of 50).   Current convergence value = 7.86539e-05 (threshold = 1e-08)
  Iteration 30 (of 50).   Current convergence value = 7.83196e-05 (threshold = 1e-08)
  Iteration 31 (of 50).   Current convergence value = 7.80477e-05 (threshold = 1e-08)
  Iteration 32 (of 50).   Current convergence value = 7.78193e-05 (threshold = 1e-08)
  Iteration 33 (of 50).   Current convergence value = 7.75349e-05 (threshold = 1e-08)
  Iteration 34 (of 50).   Current convergence value = 7.72828e-05 (threshold = 1e-08)
  Iteration 35 (of 50).   Current convergence value = 7.71114e-05 (threshold = 1e-08)
  Iteration 36 (of 50).   Current convergence value = 7.69033e-05 (threshold = 1e-08)
  Iteration 37 (of 50).   Current convergence value = 7.67017e-05 (threshold = 1e-08)
  Iteration 38 (of 50).   Current convergence value = 7.65136e-05 (threshold = 1e-08)
  Iteration 39 (of 50).   Current convergence value = 7.65176e-05 (threshold = 1e-08)
  Iteration 40 (of 50).   Current convergence value = 7.65201e-05 (threshold = 1e-08)
  Iteration 41 (of 50).   Current convergence value = 7.64544e-05 (threshold = 1e-08)
  Iteration 42 (of 50).   Current convergence value = 7.64121e-05 (threshold = 1e-08)
  Iteration 43 (of 50).   Current convergence value = 7.64033e-05 (threshold = 1e-08)
  Iteration 44 (of 50).   Current convergence value = 7.63972e-05 (threshold = 1e-08)
  Iteration 45 (of 50).   Current convergence value = 7.62906e-05 (threshold = 1e-08)
  Iteration 46 (of 50).   Current convergence value = 7.62316e-05 (threshold = 1e-08)
  Iteration 47 (of 50).   Current convergence value = 7.6123e-05 (threshold = 1e-08)
  Iteration 48 (of 50).   Current convergence value = 7.59658e-05 (threshold = 1e-08)
  Iteration 49 (of 50).   Current convergence value = 7.59511e-05 (threshold = 1e-08)
  Iteration 50 (of 50).   Current convergence value = 7.58974e-05 (threshold = 1e-08)
Current level = 2
  Iteration 1 (of 50).   Current convergence value = 0.000492996 (threshold = 1e-08)
  Iteration 2 (of 50).   Current convergence value = 0.00040013 (threshold = 1e-08)
  Iteration 3 (of 50).   Current convergence value = 0.000337475 (threshold = 1e-08)
  Iteration 4 (of 50).   Current convergence value = 0.000286691 (threshold = 1e-08)
  Iteration 5 (of 50).   Current convergence value = 0.000245466 (threshold = 1e-08)
  Iteration 6 (of 50).   Current convergence value = 0.00021333 (threshold = 1e-08)
  Iteration 7 (of 50).   Current convergence value = 0.000192164 (threshold = 1e-08)
  Iteration 8 (of 50).   Current convergence value = 0.000169524 (threshold = 1e-08)
  Iteration 9 (of 50).   Current convergence value = 0.000150081 (threshold = 1e-08)
  Iteration 10 (of 50).   Current convergence value = 0.000133872 (threshold = 1e-08)
  Iteration 11 (of 50).   Current convergence value = 0.000120128 (threshold = 1e-08)
  Iteration 12 (of 50).   Current convergence value = 0.000108454 (threshold = 1e-08)
  Iteration 13 (of 50).   Current convergence value = 9.86946e-05 (threshold = 1e-08)
  Iteration 14 (of 50).   Current convergence value = 9.14787e-05 (threshold = 1e-08)
  Iteration 15 (of 50).   Current convergence value = 8.8659e-05 (threshold = 1e-08)
  Iteration 16 (of 50).   Current convergence value = 8.67962e-05 (threshold = 1e-08)
  Iteration 17 (of 50).   Current convergence value = 8.59099e-05 (threshold = 1e-08)
  Iteration 18 (of 50).   Current convergence value = 8.52616e-05 (threshold = 1e-08)
  Iteration 19 (of 50).   Current convergence value = 8.48376e-05 (threshold = 1e-08)
  Iteration 20 (of 50).   Current convergence value = 8.46347e-05 (threshold = 1e-08)
  Iteration 21 (of 50).   Current convergence value = 8.43462e-05 (threshold = 1e-08)
  Iteration 22 (of 50).   Current convergence value = 8.43363e-05 (threshold = 1e-08)
  Iteration 23 (of 50).   Current convergence value = 8.41721e-05 (threshold = 1e-08)
  Iteration 24 (of 50).   Current convergence value = 8.40999e-05 (threshold = 1e-08)
  Iteration 25 (of 50).   Current convergence value = 8.39242e-05 (threshold = 1e-08)
  Iteration 26 (of 50).   Current convergence value = 8.37071e-05 (threshold = 1e-08)
  Iteration 27 (of 50).   Current convergence value = 8.35431e-05 (threshold = 1e-08)
  Iteration 28 (of 50).   Current convergence value = 8.3221e-05 (threshold = 1e-08)
  Iteration 29 (of 50).   Current convergence value = 8.27355e-05 (threshold = 1e-08)
  Iteration 30 (of 50).   Current convergence value = 8.2425e-05 (threshold = 1e-08)
  Iteration 31 (of 50).   Current convergence value = 8.1953e-05 (threshold = 1e-08)
  Iteration 32 (of 50).   Current convergence value = 8.15885e-05 (threshold = 1e-08)
  Iteration 33 (of 50).   Current convergence value = 8.11229e-05 (threshold = 1e-08)
  Iteration 34 (of 50).   Current convergence value = 8.06767e-05 (threshold = 1e-08)
  Iteration 35 (of 50).   Current convergence value = 8.01218e-05 (threshold = 1e-08)
  Iteration 36 (of 50).   Current convergence value = 7.9434e-05 (threshold = 1e-08)
  Iteration 37 (of 50).   Current convergence value = 7.89875e-05 (threshold = 1e-08)
  Iteration 38 (of 50).   Current convergence value = 7.83439e-05 (threshold = 1e-08)
  Iteration 39 (of 50).   Current convergence value = 7.78355e-05 (threshold = 1e-08)
  Iteration 40 (of 50).   Current convergence value = 7.72059e-05 (threshold = 1e-08)
  Iteration 41 (of 50).   Current convergence value = 7.65056e-05 (threshold = 1e-08)
  Iteration 42 (of 50).   Current convergence value = 7.59423e-05 (threshold = 1e-08)
  Iteration 43 (of 50).   Current convergence value = 7.53543e-05 (threshold = 1e-08)
  Iteration 44 (of 50).   Current convergence value = 7.46844e-05 (threshold = 1e-08)
  Iteration 45 (of 50).   Current convergence value = 7.40496e-05 (threshold = 1e-08)
  Iteration 46 (of 50).   Current convergence value = 7.35698e-05 (threshold = 1e-08)
  Iteration 47 (of 50).   Current convergence value = 7.28888e-05 (threshold = 1e-08)
  Iteration 48 (of 50).   Current convergence value = 7.23798e-05 (threshold = 1e-08)
  Iteration 49 (of 50).   Current convergence value = 7.16691e-05 (threshold = 1e-08)
  Iteration 50 (of 50).   Current convergence value = 7.10751e-05 (threshold = 1e-08)
Current level = 3
  Iteration 1 (of 40).   Current convergence value = 0.00150684 (threshold = 1e-08)
  Iteration 2 (of 40).   Current convergence value = 0.00111204 (threshold = 1e-08)
  Iteration 3 (of 40).   Current convergence value = 0.000885869 (threshold = 1e-08)
  Iteration 4 (of 40).   Current convergence value = 0.000743006 (threshold = 1e-08)
  Iteration 5 (of 40).   Current convergence value = 0.000640041 (threshold = 1e-08)
  Iteration 6 (of 40).   Current convergence value = 0.000571503 (threshold = 1e-08)
  Iteration 7 (of 40).   Current convergence value = 0.000526657 (threshold = 1e-08)
  Iteration 8 (of 40).   Current convergence value = 0.000489594 (threshold = 1e-08)
  Iteration 9 (of 40).   Current convergence value = 0.000460383 (threshold = 1e-08)
  Iteration 10 (of 40).   Current convergence value = 0.000437529 (threshold = 1e-08)
  Iteration 11 (of 40).   Current convergence value = 0.000419453 (threshold = 1e-08)
  Iteration 12 (of 40).   Current convergence value = 0.000404752 (threshold = 1e-08)
  Iteration 13 (of 40).   Current convergence value = 0.00039285 (threshold = 1e-08)
  Iteration 14 (of 40).   Current convergence value = 0.000382549 (threshold = 1e-08)
  Iteration 15 (of 40).   Current convergence value = 0.000373708 (threshold = 1e-08)
  Iteration 16 (of 40).   Current convergence value = 0.000365946 (threshold = 1e-08)
  Iteration 17 (of 40).   Current convergence value = 0.000358744 (threshold = 1e-08)
  Iteration 18 (of 40).   Current convergence value = 0.000351931 (threshold = 1e-08)
  Iteration 19 (of 40).   Current convergence value = 0.000345777 (threshold = 1e-08)
  Iteration 20 (of 40).   Current convergence value = 0.00034021 (threshold = 1e-08)
  Iteration 21 (of 40).   Current convergence value = 0.000335221 (threshold = 1e-08)
  Iteration 22 (of 40).   Current convergence value = 0.000330655 (threshold = 1e-08)
  Iteration 23 (of 40).   Current convergence value = 0.000326406 (threshold = 1e-08)
  Iteration 24 (of 40).   Current convergence value = 0.000322422 (threshold = 1e-08)
  Iteration 25 (of 40).   Current convergence value = 0.000318686 (threshold = 1e-08)
  Iteration 26 (of 40).   Current convergence value = 0.000315118 (threshold = 1e-08)
  Iteration 27 (of 40).   Current convergence value = 0.00031128 (threshold = 1e-08)
  Iteration 28 (of 40).   Current convergence value = 0.000307284 (threshold = 1e-08)
  Iteration 29 (of 40).   Current convergence value = 0.000303366 (threshold = 1e-08)
  Iteration 30 (of 40).   Current convergence value = 0.000299504 (threshold = 1e-08)
  Iteration 31 (of 40).   Current convergence value = 0.00029572 (threshold = 1e-08)
  Iteration 32 (of 40).   Current convergence value = 0.000291927 (threshold = 1e-08)
  Iteration 33 (of 40).   Current convergence value = 0.000288241 (threshold = 1e-08)
  Iteration 34 (of 40).   Current convergence value = 0.00028464 (threshold = 1e-08)
  Iteration 35 (of 40).   Current convergence value = 0.000281265 (threshold = 1e-08)
  Iteration 36 (of 40).   Current convergence value = 0.000277706 (threshold = 1e-08)
  Iteration 37 (of 40).   Current convergence value = 0.000274159 (threshold = 1e-08)
  Iteration 38 (of 40).   Current convergence value = 0.000270667 (threshold = 1e-08)
  Iteration 39 (of 40).   Current convergence value = 0.000267229 (threshold = 1e-08)
  Iteration 40 (of 40).   Current convergence value = 0.000263771 (threshold = 1e-08)
Current level = 4
  Iteration 1 (of 30).   Current convergence value = 0.00198144 (threshold = 1e-08)
  Iteration 2 (of 30).   Current convergence value = 0.00175278 (threshold = 1e-08)
  Iteration 3 (of 30).   Current convergence value = 0.00164536 (threshold = 1e-08)
  Iteration 4 (of 30).   Current convergence value = 0.00156817 (threshold = 1e-08)
  Iteration 5 (of 30).   Current convergence value = 0.00151764 (threshold = 1e-08)
  Iteration 6 (of 30).   Current convergence value = 0.00147682 (threshold = 1e-08)
  Iteration 7 (of 30).   Current convergence value = 0.0014392 (threshold = 1e-08)
  Iteration 8 (of 30).   Current convergence value = 0.0014041 (threshold = 1e-08)
  Iteration 9 (of 30).   Current convergence value = 0.00137234 (threshold = 1e-08)
  Iteration 10 (of 30).   Current convergence value = 0.00134297 (threshold = 1e-08)
  Iteration 11 (of 30).   Current convergence value = 0.00131499 (threshold = 1e-08)
  Iteration 12 (of 30).   Current convergence value = 0.0013147 (threshold = 1e-08)
  Iteration 13 (of 30).   Current convergence value = 0.00130497 (threshold = 1e-08)
  Iteration 14 (of 30).   Current convergence value = 0.00127799 (threshold = 1e-08)
  Iteration 15 (of 30).   Current convergence value = 0.00125573 (threshold = 1e-08)
  Iteration 16 (of 30).   Current convergence value = 0.00121491 (threshold = 1e-08)
  Iteration 17 (of 30).   Current convergence value = 0.00114891 (threshold = 1e-08)
  Iteration 18 (of 30).   Current convergence value = 0.00105343 (threshold = 1e-08)
  Iteration 19 (of 30).   Current convergence value = 0.000801451 (threshold = 1e-08)
  Iteration 20 (of 30).   Current convergence value = 0.000868615 (threshold = 1e-08)
  Iteration 21 (of 30).   Current convergence value = 0.000941009 (threshold = 1e-08)
  Iteration 22 (of 30).   Current convergence value = 0.000912348 (threshold = 1e-08)
  Iteration 23 (of 30).   Current convergence value = 0.000786335 (threshold = 1e-08)
  Iteration 24 (of 30).   Current convergence value = 0.000740251 (threshold = 1e-08)
  Iteration 25 (of 30).   Current convergence value = 0.000711086 (threshold = 1e-08)
  Iteration 26 (of 30).   Current convergence value = 0.000691263 (threshold = 1e-08)
  Iteration 27 (of 30).   Current convergence value = 0.000678203 (threshold = 1e-08)
  Iteration 28 (of 30).   Current convergence value = 0.000671392 (threshold = 1e-08)
  Iteration 29 (of 30).   Current convergence value = 0.000667153 (threshold = 1e-08)
  Iteration 30 (of 30).   Current convergence value = 0.000660754 (threshold = 1e-08)
   N4BiasFieldCorrectionImageFilter (0x556cc7e15e20)
     RTTI typeinfo:   itk::N4BiasFieldCorrectionImageFilter<itk::Image<float, 3u>, itk::Image<float, 3u>, itk::Image<float, 3u> >
     Reference Count: 1
     Modified Time: 565
     Debug: Off
     Object Name: 
     Observers: 
       IterationEvent(Command)
     Inputs: 
       ConfidenceImage: (0)
       MaskImage: (0x556cc7e40540)
       Primary: (0x556cc7e3b9f0) *
     Indexed Inputs: 
       0: Primary (0x556cc7e3b9f0)
       1: MaskImage (0x556cc7e40540)
       2: ConfidenceImage (0)
     Required Input Names: Primary
     NumberOfRequiredInputs: 1
     Outputs: 
       Primary: (0x556cc7e25ef0)
     Indexed Outputs: 
       0: Primary (0x556cc7e25ef0)
     NumberOfRequiredOutputs: 1
     Number Of Work Units: 32
     ReleaseDataFlag: Off
     ReleaseDataBeforeUpdateFlag: Off
     AbortGenerateData: Off
     Progress: 0
     Multithreader: 
       RTTI typeinfo:   itk::PoolMultiThreader
       Reference Count: 1
       Modified Time: 144
       Debug: Off
       Object Name: 
       Observers: 
         none
       Number of Work Units: 32
       Number of Threads: 8
       Global Maximum Number Of Threads: 128
       Global Default Number Of Threads: 8
       Global Default Threader Type: itk::MultiThreaderBaseEnums::Threader::Pool
       SingleMethod: 0
       SingleData: 0
     DynamicMultiThreading: On
     CoordinateTolerance: 1e-06
     DirectionTolerance: 1e-06
     Use Mask Label: 0
     Mask label: 1
     Number of histogram bins: 200
     Wiener filter noise: 0.01
     Bias field FWHM: 0.15
     Maximum number of iterations: [50, 50, 40, 30]
     Convergence threshold: 1e-08
     Spline order: 3
     Number of fitting levels: [4, 4, 4]
     Number of control points: [4, 5, 5]
     CurrentConvergenceMeasurement: 0.000660754
     CurrentLevel: 4
     ElapsedIterations: 31
     LogBiasFieldControlPointLattice: 
       Image (0x556cd503f330)
         RTTI typeinfo:   itk::Image<itk::Vector<float, 1u>, 3u>
         Reference Count: 1
         Modified Time: 343560
         Debug: Off
         Object Name: 
         Observers: 
           none
         Source: (none)
         Source output name: (none)
         Release Data: Off
         Data Released: False
         Global Release Data: Off
         PipelineMTime: 0
         UpdateMTime: 0
         RealTimeStamp: 0 seconds 
         LargestPossibleRegion: 
           Dimension: 3
           Index: [0, 0, 0]
           Size: [11, 19, 19]
         BufferedRegion: 
           Dimension: 3
           Index: [0, 0, 0]
           Size: [11, 19, 19]
         RequestedRegion: 
           Dimension: 3
           Index: [0, 0, 0]
           Size: [11, 19, 19]
         Spacing: [24.75, 24.875, 24.875]
         Origin: [24.6121, 21.3547, -28.0769]
         Direction: 
-0.999953 -0.00351781 0.00901511
0.00464797 -0.991688 0.128582
0.00848785 0.128618 0.991658

         IndexToPointMatrix: 
-24.7488 -0.0875055 0.224251
0.115037 -24.6682 3.19848
0.210074 3.19937 24.6675

         PointToIndexMatrix: 
-0.0404021 0.000187797 0.000342943
-0.00014142 -0.0398669 0.00517057
0.000362416 0.00516913 0.0398656

         Inverse Direction: 
-0.999953 0.00464797 0.00848785
-0.00351781 -0.991688 0.128618
0.00901511 0.128582 0.991658

         PixelContainer: 
           ImportImageContainer (0x556cce91bd60)
             RTTI typeinfo:   itk::ImportImageContainer<unsigned long, itk::Vector<float, 1u> >
             Reference Count: 1
             Modified Time: 343561
             Debug: Off
             Object Name: 
             Observers: 
               none
             Pointer: 0x556cd1fbd350
             Container manages memory: true
             Size: 3971
             Capacity: 3971
Elapsed time: 270.089
All_Command_lines_OK
Using single precision for computations.
=============================================================================
The composite transform comprises the following transforms (in order): 
  1. Center of mass alignment using fixed image: /home/mpib/nemecz/Projects/miniTRK/Results/01_MRI/GroupTempl/T1w/T_template0.nii.gz and moving image: /home/mpib/nemecz/Projects/miniTRK/Analysis/01_MRI/Preproc/GroupTempl/T1w/sub-553081_T1w.nii.gz (type = Euler3DTransform)
=============================================================================
  number of levels = 4
  number of levels = 4
  number of levels = 4
  fixed image: /home/mpib/nemecz/Projects/miniTRK/Results/01_MRI/GroupTempl/T1w/T_template0.nii.gz
  moving image: /home/mpib/nemecz/Projects/miniTRK/Results/01_MRI/GroupTempl/T1w/T_template0sub-553081_T1wRepaired.nii.gz
  fixed image: /home/mpib/nemecz/Projects/miniTRK/Results/01_MRI/GroupTempl/T1w/T_template0.nii.gz
  moving image: /home/mpib/nemecz/Projects/miniTRK/Results/01_MRI/GroupTempl/T1w/T_template0sub-553081_T1wRepaired.nii.gz
  fixed image: /home/mpib/nemecz/Projects/miniTRK/Results/01_MRI/GroupTempl/T1w/T_template0.nii.gz
  moving image: /home/mpib/nemecz/Projects/miniTRK/Results/01_MRI/GroupTempl/T1w/T_template0sub-553081_T1wRepaired.nii.gz
Dimension = 3
Number of stages = 3
Use Histogram Matching true
Winsorize image intensities true
Lower quantile = 0.01
Upper quantile = 0.99
Stage 1 State
   Image metric = Mattes
     Fixed image = Image (0x563a05208ad0)
  RTTI typeinfo:   itk::Image<float, 3u>
  Reference Count: 2
  Modified Time: 1721
  Debug: Off
  Object Name: 
  Observers: 
    none
  Source: (none)
  Source output name: (none)
  Release Data: Off
  Data Released: False
  Global Release Data: Off
  PipelineMTime: 0
  UpdateMTime: 1506
  RealTimeStamp: 0 seconds 
  LargestPossibleRegion: 
    Dimension: 3
    Index: [0, 0, 0]
    Size: [192, 256, 256]
  BufferedRegion: 
    Dimension: 3
    Index: [0, 0, 0]
    Size: [192, 256, 256]
  RequestedRegion: 
    Dimension: 3
    Index: [0, 0, 0]
    Size: [192, 256, 256]
  Spacing: [1, 1, 1]
  Origin: [95.0313, 100.538, -154.123]
  Direction: 
-0.999853 -0.014134 -0.00966312
0.014129 -0.9999 0.000586045
-0.00967044 0.000449429 0.999953

  IndexToPointMatrix: 
-0.999853 -0.014134 -0.00966312
0.014129 -0.9999 0.000586045
-0.00967044 0.000449429 0.999953

  PointToIndexMatrix: 
-0.999853 0.014129 -0.00967044
-0.014134 -0.9999 0.000449429
-0.00966312 0.000586045 0.999953

  Inverse Direction: 
-0.999853 0.014129 -0.00967044
-0.014134 -0.9999 0.000449429
-0.00966312 0.000586045 0.999953

  PixelContainer: 
    ImportImageContainer (0x563a05210c80)
      RTTI typeinfo:   itk::ImportImageContainer<unsigned long, float>
      Reference Count: 1
      Modified Time: 1503
      Debug: Off
      Object Name: 
      Observers: 
        none
      Pointer: 0x7f8901416010
      Container manages memory: true
      Size: 12582912
      Capacity: 12582912

     Moving image = Image (0x563a05214e40)
  RTTI typeinfo:   itk::Image<float, 3u>
  Reference Count: 2
  Modified Time: 1722
  Debug: Off
  Object Name: 
  Observers: 
    none
  Source: (none)
  Source output name: (none)
  Release Data: Off
  Data Released: False
  Global Release Data: Off
  PipelineMTime: 0
  UpdateMTime: 1719
  RealTimeStamp: 0 seconds 
  LargestPossibleRegion: 
    Dimension: 3
    Index: [0, 0, 0]
    Size: [192, 256, 256]
  BufferedRegion: 
    Dimension: 3
    Index: [0, 0, 0]
    Size: [192, 256, 256]
  RequestedRegion: 
    Dimension: 3
    Index: [0, 0, 0]
    Size: [192, 256, 256]
  Spacing: [1, 1, 1]
  Origin: [91.7228, 81.3203, -174.819]
  Direction: 
-0.999953 -0.00351781 0.00901511
0.00464797 -0.991688 0.128582
0.00848785 0.128618 0.991658

  IndexToPointMatrix: 
-0.999953 -0.00351781 0.00901511
0.00464797 -0.991688 0.128582
0.00848785 0.128618 0.991658

  PointToIndexMatrix: 
-0.999953 0.00464797 0.00848785
-0.00351781 -0.991688 0.128618
0.00901511 0.128582 0.991658

  Inverse Direction: 
-0.999953 0.00464797 0.00848785
-0.00351781 -0.991688 0.128618
0.00901511 0.128582 0.991658

  PixelContainer: 
    ImportImageContainer (0x563a0520c2d0)
      RTTI typeinfo:   itk::ImportImageContainer<unsigned long, float>
      Reference Count: 1
      Modified Time: 1716
      Debug: Off
      Object Name: 
      Observers: 
        none
      Pointer: 0x7f88fe415010
      Container manages memory: true
      Size: 12582912
      Capacity: 12582912

     Weighting = 1
     Sampling strategy = regular
     Number of bins = 32
     Radius = 4
     Sampling percentage  = 0.25
   Transform = Rigid
     Gradient step = 0.1
     Update field sigma (voxel space) = 0
     Total field sigma (voxel space) = 0
     Update field time sigma = 0
     Total field time sigma  = 0
     Number of time indices = 0
     Number of time point samples = 0
Stage 2 State
   Image metric = Mattes
     Fixed image = Image (0x563a052218d0)
  RTTI typeinfo:   itk::Image<float, 3u>
  Reference Count: 2
  Modified Time: 2149
  Debug: Off
  Object Name: 
  Observers: 
    none
  Source: (none)
  Source output name: (none)
  Release Data: Off
  Data Released: False
  Global Release Data: Off
  PipelineMTime: 0
  UpdateMTime: 1934
  RealTimeStamp: 0 seconds 
  LargestPossibleRegion: 
    Dimension: 3
    Index: [0, 0, 0]
    Size: [192, 256, 256]
  BufferedRegion: 
    Dimension: 3
    Index: [0, 0, 0]
    Size: [192, 256, 256]
  RequestedRegion: 
    Dimension: 3
    Index: [0, 0, 0]
    Size: [192, 256, 256]
  Spacing: [1, 1, 1]
  Origin: [95.0313, 100.538, -154.123]
  Direction: 
-0.999853 -0.014134 -0.00966312
0.014129 -0.9999 0.000586045
-0.00967044 0.000449429 0.999953

  IndexToPointMatrix: 
-0.999853 -0.014134 -0.00966312
0.014129 -0.9999 0.000586045
-0.00967044 0.000449429 0.999953

  PointToIndexMatrix: 
-0.999853 0.014129 -0.00967044
-0.014134 -0.9999 0.000449429
-0.00966312 0.000586045 0.999953

  Inverse Direction: 
-0.999853 0.014129 -0.00967044
-0.014134 -0.9999 0.000449429
-0.00966312 0.000586045 0.999953

  PixelContainer: 
    ImportImageContainer (0x563a052116a0)
      RTTI typeinfo:   itk::ImportImageContainer<unsigned long, float>
      Reference Count: 1
      Modified Time: 1931
      Debug: Off
      Object Name: 
      Observers: 
        none
      Pointer: 0x7f88fb414010
      Container manages memory: true
      Size: 12582912
      Capacity: 12582912

     Moving image = Image (0x563a05221530)
  RTTI typeinfo:   itk::Image<float, 3u>
  Reference Count: 2
  Modified Time: 2150
  Debug: Off
  Object Name: 
  Observers: 
    none
  Source: (none)
  Source output name: (none)
  Release Data: Off
  Data Released: False
  Global Release Data: Off
  PipelineMTime: 0
  UpdateMTime: 2147
  RealTimeStamp: 0 seconds 
  LargestPossibleRegion: 
    Dimension: 3
    Index: [0, 0, 0]
    Size: [192, 256, 256]
  BufferedRegion: 
    Dimension: 3
    Index: [0, 0, 0]
    Size: [192, 256, 256]
  RequestedRegion: 
    Dimension: 3
    Index: [0, 0, 0]
    Size: [192, 256, 256]
  Spacing: [1, 1, 1]
  Origin: [91.7228, 81.3203, -174.819]
  Direction: 
-0.999953 -0.00351781 0.00901511
0.00464797 -0.991688 0.128582
0.00848785 0.128618 0.991658

  IndexToPointMatrix: 
-0.999953 -0.00351781 0.00901511
0.00464797 -0.991688 0.128582
0.00848785 0.128618 0.991658

  PointToIndexMatrix: 
-0.999953 0.00464797 0.00848785
-0.00351781 -0.991688 0.128618
0.00901511 0.128582 0.991658

  Inverse Direction: 
-0.999953 0.00464797 0.00848785
-0.00351781 -0.991688 0.128618
0.00901511 0.128582 0.991658

  PixelContainer: 
    ImportImageContainer (0x563a052228a0)
      RTTI typeinfo:   itk::ImportImageContainer<unsigned long, float>
      Reference Count: 1
      Modified Time: 2144
      Debug: Off
      Object Name: 
      Observers: 
        none
      Pointer: 0x7f88f8413010
      Container manages memory: true
      Size: 12582912
      Capacity: 12582912

     Weighting = 1
     Sampling strategy = regular
     Number of bins = 32
     Radius = 4
     Sampling percentage  = 0.25
   Transform = Affine
     Gradient step = 0.1
     Update field sigma (voxel space) = 0
     Total field sigma (voxel space) = 0
     Update field time sigma = 0
     Total field time sigma  = 0
     Number of time indices = 0
     Number of time point samples = 0
Stage 3 State
   Image metric = CC
     Fixed image = Image (0x563a05228a00)
  RTTI typeinfo:   itk::Image<float, 3u>
  Reference Count: 2
  Modified Time: 2577
  Debug: Off
  Object Name: 
  Observers: 
    none
  Source: (none)
  Source output name: (none)
  Release Data: Off
  Data Released: False
  Global Release Data: Off
  PipelineMTime: 0
  UpdateMTime: 2362
  RealTimeStamp: 0 seconds 
  LargestPossibleRegion: 
    Dimension: 3
    Index: [0, 0, 0]
    Size: [192, 256, 256]
  BufferedRegion: 
    Dimension: 3
    Index: [0, 0, 0]
    Size: [192, 256, 256]
  RequestedRegion: 
    Dimension: 3
    Index: [0, 0, 0]
    Size: [192, 256, 256]
  Spacing: [1, 1, 1]
  Origin: [95.0313, 100.538, -154.123]
  Direction: 
-0.999853 -0.014134 -0.00966312
0.014129 -0.9999 0.000586045
-0.00967044 0.000449429 0.999953

  IndexToPointMatrix: 
-0.999853 -0.014134 -0.00966312
0.014129 -0.9999 0.000586045
-0.00967044 0.000449429 0.999953

  PointToIndexMatrix: 
-0.999853 0.014129 -0.00967044
-0.014134 -0.9999 0.000449429
-0.00966312 0.000586045 0.999953

  Inverse Direction: 
-0.999853 0.014129 -0.00967044
-0.014134 -0.9999 0.000449429
-0.00966312 0.000586045 0.999953

  PixelContainer: 
    ImportImageContainer (0x563a0520ab50)
      RTTI typeinfo:   itk::ImportImageContainer<unsigned long, float>
      Reference Count: 1
      Modified Time: 2359
      Debug: Off
      Object Name: 
      Observers: 
        none
      Pointer: 0x7f88f5412010
      Container manages memory: true
      Size: 12582912
      Capacity: 12582912

     Moving image = Image (0x563a05225d50)
  RTTI typeinfo:   itk::Image<float, 3u>
  Reference Count: 2
  Modified Time: 2578
  Debug: Off
  Object Name: 
  Observers: 
    none
  Source: (none)
  Source output name: (none)
  Release Data: Off
  Data Released: False
  Global Release Data: Off
  PipelineMTime: 0
  UpdateMTime: 2575
  RealTimeStamp: 0 seconds 
  LargestPossibleRegion: 
    Dimension: 3
    Index: [0, 0, 0]
    Size: [192, 256, 256]
  BufferedRegion: 
    Dimension: 3
    Index: [0, 0, 0]
    Size: [192, 256, 256]
  RequestedRegion: 
    Dimension: 3
    Index: [0, 0, 0]
    Size: [192, 256, 256]
  Spacing: [1, 1, 1]
  Origin: [91.7228, 81.3203, -174.819]
  Direction: 
-0.999953 -0.00351781 0.00901511
0.00464797 -0.991688 0.128582
0.00848785 0.128618 0.991658

  IndexToPointMatrix: 
-0.999953 -0.00351781 0.00901511
0.00464797 -0.991688 0.128582
0.00848785 0.128618 0.991658

  PointToIndexMatrix: 
-0.999953 0.00464797 0.00848785
-0.00351781 -0.991688 0.128618
0.00901511 0.128582 0.991658

  Inverse Direction: 
-0.999953 0.00464797 0.00848785
-0.00351781 -0.991688 0.128618
0.00901511 0.128582 0.991658

  PixelContainer: 
    ImportImageContainer (0x563a05224b00)
      RTTI typeinfo:   itk::ImportImageContainer<unsigned long, float>
      Reference Count: 1
      Modified Time: 2572
      Debug: Off
      Object Name: 
      Observers: 
        none
      Pointer: 0x7f88f2411010
      Container manages memory: true
      Size: 12582912
      Capacity: 12582912

     Weighting = 1
     Sampling strategy = none
     Number of bins = 32
     Radius = 4
     Sampling percentage  = 1
   Transform = SyN
     Gradient step = 0.1
     Update field sigma (voxel space) = 3
     Total field sigma (voxel space) = 0
     Update field time sigma = 0
     Total field time sigma  = 0
     Number of time indices = 0
     Number of time point samples = 0
Registration using 3 total stages.

Stage 0
  iterations = 1000x500x250x0
  convergence threshold = 1e-06
  convergence window size = 10
  number of levels = 4
  using the Mattes MI metric (number of bins = 32, weight = 1)
  preprocessing:  winsorizing the image intensities
  preprocessing:  histogram matching the images
  Shrink factors (level 1 out of 4): [6, 6, 6]
  Shrink factors (level 2 out of 4): [4, 4, 4]
  Shrink factors (level 3 out of 4): [2, 2, 2]
  Shrink factors (level 4 out of 4): [1, 1, 1]
  smoothing sigmas per level: [4, 2, 1, 0]
  regular sampling (percentage = 0.25)

*** Running Euler3DTransform registration ***

DIAGNOSTIC,Iteration,metricValue,convergenceValue,ITERATION_TIME_INDEX,SINCE_LAST
 2DIAGNOSTIC,     1, -9.151623249054e-01, inf, 4.8832e-01, 4.8832e-01, 
 2DIAGNOSTIC,     2, -9.168017506599e-01, inf, 4.9885e-01, 1.0533e-02, 
 2DIAGNOSTIC,     3, -9.189283251762e-01, inf, 5.0846e-01, 9.6011e-03, 
 2DIAGNOSTIC,     4, -9.215020537376e-01, inf, 5.1844e-01, 9.9838e-03, 
 2DIAGNOSTIC,     5, -9.238608479500e-01, inf, 5.2749e-01, 9.0470e-03, 
 2DIAGNOSTIC,     6, -9.255637526512e-01, inf, 5.3620e-01, 8.7130e-03, 
 2DIAGNOSTIC,     7, -9.278509020805e-01, inf, 5.4414e-01, 7.9389e-03, 
 2DIAGNOSTIC,     8, -9.303668737411e-01, inf, 5.5353e-01, 9.3880e-03, 
 2DIAGNOSTIC,     9, -9.313271641731e-01, inf, 5.6587e-01, 1.2339e-02, 
 2DIAGNOSTIC,    10, -9.319999217987e-01, 1.257792115211e-03, 5.7558e-01, 9.7120e-03, 
 2DIAGNOSTIC,    11, -9.323461651802e-01, 1.044062664732e-03, 5.8404e-01, 8.4631e-03, 
 2DIAGNOSTIC,    12, -9.329218864441e-01, 8.287314558402e-04, 5.9255e-01, 8.5092e-03, 
 2DIAGNOSTIC,    13, -9.338728785515e-01, 6.430744542740e-04, 6.0097e-01, 8.4190e-03, 
 2DIAGNOSTIC,    14, -9.350354671478e-01, 5.066224257462e-04, 6.1447e-01, 1.3503e-02, 
 2DIAGNOSTIC,    15, -9.351115226746e-01, 3.920517337974e-04, 6.2274e-01, 8.2660e-03, 
 2DIAGNOSTIC,    16, -9.352799057961e-01, 2.919370599557e-04, 6.3097e-01, 8.2352e-03, 
 2DIAGNOSTIC,    17, -9.357335567474e-01, 2.254702121718e-04, 6.4035e-01, 9.3801e-03, 
 2DIAGNOSTIC,    18, -9.358778595924e-01, 1.902339427033e-04, 6.4936e-01, 9.0029e-03, 
 2DIAGNOSTIC,    19, -9.359708428383e-01, 1.578267401783e-04, 6.5962e-01, 1.0267e-02, 
 2DIAGNOSTIC,    20, -9.365442395210e-01, 1.334184198640e-04, 6.6886e-01, 9.2320e-03, 
 2DIAGNOSTIC,    21, -9.365865588188e-01, 1.046746838256e-04, 6.7888e-01, 1.0028e-02, 
 2DIAGNOSTIC,    22, -9.366944432259e-01, 7.823778287275e-05, 6.8796e-01, 9.0718e-03, 
 2DIAGNOSTIC,    23, -9.366806745529e-01, 5.901537224418e-05, 6.9603e-01, 8.0709e-03, 
 2DIAGNOSTIC,    24, -9.365499615669e-01, 4.920178253087e-05, 7.0424e-01, 8.2130e-03, 
 2DIAGNOSTIC,    25, -9.366105198860e-01, 3.732955519808e-05, 7.1244e-01, 8.1961e-03, 
 2DIAGNOSTIC,    26, -9.366438984871e-01, 2.516000131436e-05, 7.2070e-01, 8.2641e-03, 
 2DIAGNOSTIC,    27, -9.368070960045e-01, 1.863765282906e-05, 7.2866e-01, 7.9610e-03, 
 2DIAGNOSTIC,    28, -9.370691776276e-01, 1.538692777103e-05, 7.4131e-01, 1.2651e-02, 
 2DIAGNOSTIC,    29, -9.371056556702e-01, 1.219801924890e-05, 7.4961e-01, 8.2939e-03, 
 2DIAGNOSTIC,    30, -9.371203780174e-01, 1.419261207047e-05, 7.5853e-01, 8.9281e-03, 
 2DIAGNOSTIC,    31, -9.372146129608e-01, 1.613379208720e-05, 7.6876e-01, 1.0224e-02, 
 2DIAGNOSTIC,    32, -9.372242093086e-01, 1.758435428201e-05, 7.7674e-01, 7.9870e-03, 
 2DIAGNOSTIC,    33, -9.372339844704e-01, 1.734559918987e-05, 7.8490e-01, 8.1570e-03, 
 2DIAGNOSTIC,    34, -9.372436404228e-01, 1.449070259696e-05, 7.9499e-01, 1.0089e-02, 
 2DIAGNOSTIC,    35, -9.373247623444e-01, 1.178526690637e-05, 8.0407e-01, 9.0780e-03, 
 2DIAGNOSTIC,    36, -9.373285174370e-01, 8.471983164782e-06, 8.1768e-01, 1.3608e-02, 
 2DIAGNOSTIC,    37, -9.373326301575e-01, 5.942003554082e-06, 8.2662e-01, 8.9459e-03, 
 2DIAGNOSTIC,    38, -9.373360276222e-01, 5.203565706324e-06, 8.3580e-01, 9.1741e-03, 
 2DIAGNOSTIC,    39, -9.373389482498e-01, 4.398037162900e-06, 8.4549e-01, 9.6910e-03, 
 2DIAGNOSTIC,    40, -9.373793005943e-01, 3.681852831505e-06, 8.5375e-01, 8.2638e-03, 
 2DIAGNOSTIC,    41, -9.373813867569e-01, 3.430214292166e-06, 8.6404e-01, 1.0285e-02, 
 2DIAGNOSTIC,    42, -9.373826384544e-01, 3.027267666766e-06, 8.7336e-01, 9.3269e-03, 
 2DIAGNOSTIC,    43, -9.373847246170e-01, 2.519950839996e-06, 8.8257e-01, 9.2030e-03, 
 2DIAGNOSTIC,    44, -9.373851418495e-01, 1.918728912642e-06, 8.9164e-01, 9.0749e-03, 
 2DIAGNOSTIC,    45, -9.373863935471e-01, 1.782880417522e-06, 9.0098e-01, 9.3400e-03, 
 2DIAGNOSTIC,    46, -9.374244213104e-01, 1.825258095778e-06, 9.1027e-01, 9.2871e-03, 
 2DIAGNOSTIC,    47, -9.374626874924e-01, 2.028653625530e-06, 9.1968e-01, 9.4140e-03, 
 2DIAGNOSTIC,    48, -9.374641180038e-01, 2.123527792719e-06, 9.2910e-01, 9.4168e-03, 
 2DIAGNOSTIC,    49, -9.374633431435e-01, 2.087541361107e-06, 9.3831e-01, 9.2130e-03, 
 2DIAGNOSTIC,    50, -9.374635219574e-01, 2.164945271943e-06, 9.4741e-01, 9.0959e-03, 
 2DIAGNOSTIC,    51, -9.374632239342e-01, 2.098910044879e-06, 9.5672e-01, 9.3110e-03, 
 2DIAGNOSTIC,    52, -9.374637007713e-01, 1.899376684378e-06, 9.6560e-01, 8.8780e-03, 
 2DIAGNOSTIC,    53, -9.374635219574e-01, 1.597526875230e-06, 9.7475e-01, 9.1569e-03, 
 2DIAGNOSTIC,    54, -9.374636411667e-01, 1.220335548169e-06, 9.8395e-01, 9.1939e-03, 
DIAGNOSTIC,Iteration,metricValue,convergenceValue,ITERATION_TIME_INDEX,SINCE_LAST
 2DIAGNOSTIC,     1, -7.296355962753e-01, inf, 1.5184e+00, 5.3443e-01, 
 2DIAGNOSTIC,     2, -7.309319376945e-01, inf, 1.5498e+00, 3.1458e-02, 
 2DIAGNOSTIC,     3, -7.323206663132e-01, inf, 1.5784e+00, 2.8525e-02, 
 2DIAGNOSTIC,     4, -7.335548996925e-01, inf, 1.6058e+00, 2.7465e-02, 
 2DIAGNOSTIC,     5, -7.340402007103e-01, inf, 1.6423e+00, 3.6454e-02, 
 2DIAGNOSTIC,     6, -7.341008782387e-01, inf, 1.6748e+00, 3.2476e-02, 
 2DIAGNOSTIC,     7, -7.340850234032e-01, inf, 1.7062e+00, 3.1479e-02, 
 2DIAGNOSTIC,     8, -7.341263890266e-01, inf, 1.7495e+00, 4.3228e-02, 
 2DIAGNOSTIC,     9, -7.341372370720e-01, inf, 1.7818e+00, 3.2291e-02, 
 2DIAGNOSTIC,    10, -7.341292500496e-01, 3.450834774412e-04, 1.8143e+00, 3.2517e-02, 
 2DIAGNOSTIC,    11, -7.341141104698e-01, 1.864409568952e-04, 1.8475e+00, 3.3225e-02, 
 2DIAGNOSTIC,    12, -7.341148853302e-01, 7.917204493424e-05, 1.8774e+00, 2.9858e-02, 
 2DIAGNOSTIC,    13, -7.341086864471e-01, 2.184974255215e-05, 1.9101e+00, 3.2720e-02, 
 2DIAGNOSTIC,    14, -7.341278195381e-01, 5.273852366372e-06, 1.9429e+00, 3.2815e-02, 
 2DIAGNOSTIC,    15, -7.341376543045e-01, 3.383066768947e-06, 1.9755e+00, 3.2575e-02, 
 2DIAGNOSTIC,    16, -7.341480851173e-01, 3.365845714143e-06, 2.0112e+00, 3.5788e-02, 
 2DIAGNOSTIC,    17, -7.341552376747e-01, 3.003151050507e-06, 2.0431e+00, 3.1890e-02, 
 2DIAGNOSTIC,    18, -7.341575622559e-01, 3.505069116727e-06, 2.0825e+00, 3.9328e-02, 
 2DIAGNOSTIC,    19, -7.341569066048e-01, 3.999254658993e-06, 2.1147e+00, 3.2210e-02, 
 2DIAGNOSTIC,    20, -7.341572046280e-01, 4.083548901690e-06, 2.1572e+00, 4.2516e-02, 
 2DIAGNOSTIC,    21, -7.341561317444e-01, 3.628543709056e-06, 2.1895e+00, 3.2273e-02, 
 2DIAGNOSTIC,    22, -7.341559529305e-01, 3.035631834791e-06, 2.2215e+00, 3.2048e-02, 
 2DIAGNOSTIC,    23, -7.341488599777e-01, 2.116306859534e-06, 2.2530e+00, 3.1470e-02, 
 2DIAGNOSTIC,    24, -7.341485023499e-01, 1.510358629275e-06, 2.2855e+00, 3.2551e-02, 
 2DIAGNOSTIC,    25, -7.341485619545e-01, 1.085027520276e-06, 2.3181e+00, 3.2541e-02, 
DIAGNOSTIC,Iteration,metricValue,convergenceValue,ITERATION_TIME_INDEX,SINCE_LAST
 2DIAGNOSTIC,     1, -6.356634497643e-01, inf, 3.1106e+00, 7.9254e-01, 
 2DIAGNOSTIC,     2, -6.364338397980e-01, inf, 3.3407e+00, 2.3010e-01, 
 2DIAGNOSTIC,     3, -6.370780467987e-01, inf, 3.5703e+00, 2.2956e-01, 
 2DIAGNOSTIC,     4, -6.373859047890e-01, inf, 3.7957e+00, 2.2542e-01, 
 2DIAGNOSTIC,     5, -6.374338865280e-01, inf, 4.0496e+00, 2.5387e-01, 
 2DIAGNOSTIC,     6, -6.375159025192e-01, inf, 4.4240e+00, 3.7447e-01, 
 2DIAGNOSTIC,     7, -6.375119686127e-01, inf, 4.6801e+00, 2.5611e-01, 
 2DIAGNOSTIC,     8, -6.375233530998e-01, inf, 4.9381e+00, 2.5791e-01, 
 2DIAGNOSTIC,     9, -6.375230550766e-01, inf, 5.1925e+00, 2.5443e-01, 
 2DIAGNOSTIC,    10, -6.375218033791e-01, 1.456948521081e-04, 5.4199e+00, 2.2741e-01, 
 2DIAGNOSTIC,    11, -6.375231146812e-01, 6.835188105470e-05, 5.6448e+00, 2.2487e-01, 
 2DIAGNOSTIC,    12, -6.375319361687e-01, 2.646586472110e-05, 5.9588e+00, 3.1402e-01, 
 2DIAGNOSTIC,    13, -6.375314593315e-01, 1.070949656423e-05, 6.1873e+00, 2.2853e-01, 
 2DIAGNOSTIC,    14, -6.375327706337e-01, 6.292607849900e-06, 6.4767e+00, 2.8940e-01, 
 2DIAGNOSTIC,    15, -6.375312805176e-01, 3.417864945732e-06, 6.7639e+00, 2.8720e-01, 
 2DIAGNOSTIC,    16, -6.375305056572e-01, 3.054956323467e-06, 7.1117e+00, 3.4775e-01, 
 2DIAGNOSTIC,    17, -6.375306248665e-01, 2.524034471207e-06, 7.3736e+00, 2.6190e-01, 
 2DIAGNOSTIC,    18, -6.375305652618e-01, 2.271146513522e-06, 7.6298e+00, 2.5618e-01, 
 2DIAGNOSTIC,    19, -6.375305056572e-01, 1.993872274397e-06, 7.8917e+00, 2.6199e-01, 
 2DIAGNOSTIC,    20, -6.375293135643e-01, 1.662131012381e-06, 8.1505e+00, 2.5873e-01, 
